146225347215140, 146225347227340, 12200
146225776220120, 146225776224388, 4268
146226404628088, 146226404638828, 10740
146227308428672, 146227308439220, 10548
146227725473792, 146227725484556, 10764
146228533041444, 146228533051332, 9888
146229058309176, 146229058320228, 11052
146230031913632, 146230031925264, 11632
146230291295360, 146230291307328, 11968
146231121258736, 146231121270080, 11344
146231693907228, 146231693918632, 11404
146232166797532, 146232166808492, 10960
146232741497208, 146232741509336, 12128
146233114754004, 146233114764264, 10260
146233342294136, 146233342303928, 9792
146233838688488, 146233838700032, 11544
146234289697648, 146234289708716, 11068
146235057757276, 146235057768348, 11072
146236514307196, 146236514318332, 11136
146237424057340, 146237424068432, 11092
146237719460632, 146237719471540, 10908
146238629161968, 146238629172916, 10948
146238904509384, 146238904520300, 10916
146239385326676, 146239385337256, 10580
146239858278964, 146239858289324, 10360
146240127561716, 146240127572172, 10456
146240343131316, 146240343142472, 11156
146240881829884, 146240881841508, 11624
146241400481120, 146241400492976, 11856
146241571155804, 146241571165388, 9584
146241985055144, 146241985066112, 10968
146242623534268, 146242623545852, 11584
146243262077792, 146243262089684, 11892
146243767722124, 146243767732800, 10676
146245281142212, 146245281153344, 11132
146245710082308, 146245710093924, 11616
146246224847636, 146246224859304, 11668
146225345336124, 146225345351464, 15340
146225887880828, 146225887895280, 14452
146226508360608, 146226508371740, 11132
146227172783760, 146227172795308, 11548
146227621696428, 146227621707320, 10892
146227910992304, 146227911002436, 10132
146228848755464, 146228848767844, 12380
146229279791492, 146229279800940, 9448
146230111675892, 146230111685948, 10056
146230291300320, 146230291311552, 11232
146230686381772, 146230686392272, 10500
146231713826980, 146231713838048, 11068
146232029077312, 146232029088076, 10764
146232805198848, 146232805209988, 11140
146232853047204, 146232853057708, 10504
146233557372616, 146233557384240, 11624
146234467161520, 146234467171972, 10452
146234906163768, 146234906187184, 23416
146235885777928, 146235885788592, 10664
146236448446344, 146236448457144, 10800
146236539968256, 146236539977460, 9204
146237106827696, 146237106838992, 11296
146237581718608, 146237581729740, 11132
146238016628660, 146238016638576, 9916
146238489486956, 146238489497608, 10652
146238669066644, 146238669077332, 10688
146238996302124, 146238996312732, 10608
146239185815060, 146239185826328, 11268
146240215328948, 146240215340056, 11108
146241328759172, 146241328770776, 11604
146242272369644, 146242272380772, 11128
146242617541296, 146242617551836, 10540
146243299921116, 146243299931260, 10144
146243531343040, 146243531353804, 10764
146243918422580, 146243918434304, 11724
146244596872456, 146244596883508, 11052
146245283131988, 146245283143324, 11336
146245759954168, 146245759958528, 4360
146225093853016, 146225093863880, 10864
146225925758056, 146225925769856, 11800
146226516346484, 146226516357132, 10648
146226729834356, 146226729845700, 11344
146227208690316, 146227208701536, 11220
146227422176448, 146227422188408, 11960
146227920975032, 146227920986172, 11140
146228359899360, 146228359910864, 11504
146228649470920, 146228649480600, 9680
146229357514404, 146229357525428, 11024
146229472806236, 146229472816092, 9856
146230061797524, 146230061807940, 10416
146230486777708, 146230486788024, 10316
146231195070924, 146231195082672, 11748
146231320769592, 146231320781268, 11676
146231775712584, 146231775723508, 10924
146232835114284, 146232835125964, 11680
146233103532048, 146233103541888, 9840
146233230277508, 146233230288276, 10768
146233407748652, 146233407759588, 10936
146233675324032, 146233675334104, 10072
146233988347092, 146233988357844, 10752
146234177874840, 146234177885836, 10996
146234864262980, 146234864274084, 11104
146235035638908, 146235035648984, 10076
146236783604072, 146236783614428, 10356
146237058697076, 146237058706884, 9808
146238074495416, 146238074505368, 9952
146238914572296, 146238914583744, 11448
146239718612696, 146239718624464, 11768
146240486702920, 146240486714760, 11840
146240859799036, 146240859810088, 11052
146241075264396, 146241075275332, 10936
146241981066616, 146241981078768, 12152
146242386093540, 146242386104364, 10824
146243425591464, 146243425602156, 10692
146244690628352, 146244690640024, 11672
146244961900656, 146244961911780, 11124
146245231339416, 146245231349936, 10520
146245505727908, 146245505738432, 10524
146246302666612, 146246302679348, 12736
146246613932456, 146246613948232, 15776
146225103864688, 146225103877768, 13080
146226103346392, 146226103359344, 12952
146226608131156, 146226608141732, 10576
146227146890260, 146227146901752, 11492
146227958861604, 146227958872832, 11228
146228136428704, 146228136439436, 10732
146228411701052, 146228411712400, 11348
146229421343468, 146229421353740, 10272
146230033873096, 146230033884952, 11856
146230700263380, 146230700274440, 11060
146231238960888, 146231238970940, 10052
146233286037716, 146233286048376, 10660
146234487117752, 146234487128356, 10604
146234828332840, 146234828344620, 11780
146235118025856, 146235118035776, 9920
146235494724912, 146235494736640, 11728
146235803991648, 146235804003716, 12068
146237298459964, 146237298471332, 11368
146238228205232, 146238228209612, 4380
146239157997948, 146239158007988, 10040
146239796453696, 146239796464968, 11272
146240600420844, 146240600432176, 11332
146241444363868, 146241444374400, 10532
146241939282716, 146241939292780, 10064
146243284139028, 146243284149428, 10400
146243750896636, 146243750908420, 11784
146244163803548, 146244163814424, 10876
146244804324964, 146244804336168, 11204
146245995951428, 146245995962576, 11148
