30776602151620, 30776602159364, 7744
30776661910560, 30776661919100, 8540
30780712595156, 30780712598308, 3152
30781430549768, 30781430554644, 4876
30781964887220, 30781964890500, 3280
30782378475420, 30782378485980, 10560
30783037722676, 30783037725876, 3200
30783149417976, 30783149420624, 2648
30783430606112, 30783430609180, 3068
30784539355976, 30784539358932, 2956
30784718898944, 30784718906424, 7480
30785909370648, 30785909373976, 3328
30786220431416, 30786220434196, 2780
30786896482096, 30786896488120, 6024
30787147847432, 30787147851040, 3608
30787650319804, 30787650323132, 3328
30787740663344, 30787740673496, 10152
30787901413988, 30787901422496, 8508
30788101559696, 30788101570112, 10416
30788914703780, 30788914706636, 2856
30789123372020, 30789123382484, 10464
30789350636884, 30789350645760, 8876
30789638505096, 30789638508256, 3160
30789917725516, 30789917728208, 2692
30790029407636, 30790029410620, 2984
30790354427880, 30790354432624, 4744
30790741277148, 30790741279976, 2828
30790941393040, 30790941403144, 10104
30791284466680, 30791284474400, 7720
30791985698664, 30791985701648, 2984
30792312701100, 30792312704132, 3032
30792787320340, 30792787323004, 2664
30792976778404, 30792976781372, 2968
30793088471104, 30793088473712, 2608
30793206146164, 30793206149060, 2896
30793967938584, 30793967946036, 7452
30794466435044, 30794466437824, 2780
30795220257620, 30795220260476, 2856
30795499475944, 30795499479324, 3380
30795926219384, 30795926222032, 2648
30796357426096, 30796357433900, 7804
30796813707200, 30796813709972, 2772
30796851542548, 30796851547608, 5060
30797499625652, 30797499629576, 3924
30798153725732, 30798153731248, 5516
30798887563464, 30798887566448, 2984
30799639401188, 30799639403968, 2780
30800808121432, 30800808125452, 4020
30801494662064, 30801494666100, 4036
30780672668428, 30780672671440, 3012
30781470354272, 30781470361912, 7640
30782042632516, 30782042636032, 3516
30783490394928, 30783490397832, 2904
30784000909436, 30784000912180, 2744
30784375219624, 30784375230488, 10864
30785239322028, 30785239329852, 7824
30785894686384, 30785894702336, 15952
30786326903300, 30786326913136, 9836
30786750955032, 30786750958448, 3416
30786998199096, 30786998206304, 7208
30787351185668, 30787351189164, 3496
30787726703528, 30787726712236, 8708
30787953881088, 30787953891132, 10044
30788366204228, 30788366207332, 3104
30788406071112, 30788406078804, 7692
30788958492968, 30788958496156, 3188
30789158080720, 30789158090976, 10256
30789911747024, 30789911749980, 2956
30790216799452, 30790216802692, 3240
30790448124832, 30790448130588, 5756
30791100999776, 30791101028432, 28656
30791458232584, 30791458236468, 3884
30791846089180, 30791846094972, 5792
30792589918364, 30792589922168, 3804
30793244017032, 30793244024472, 7440
30794223210336, 30794223212424, 2088
30794907150280, 30794907153100, 2820
30795421786336, 30795421789404, 3068
30795708835884, 30795708838780, 2896
30796083900712, 30796083912164, 11452
30796096768524, 30796096776164, 7640
30796205332248, 30796205333740, 1492
30796294954740, 30796294962924, 8184
30797068905656, 30797068912860, 7204
30797515567964, 30797515571272, 3308
30797729967696, 30797729978256, 10560
30797910257772, 30797910266232, 8460
30797932371944, 30797932378916, 6972
30798127773856, 30798127777012, 3156
30799424019704, 30799424023296, 3592
30799675293812, 30799675297320, 3508
30800102013704, 30800102016600, 2896
30800961535048, 30800961539052, 4004
30776610668280, 30776610676540, 8260
30780680668064, 30780680671180, 3116
30781526160604, 30781526167888, 7284
30782080521976, 30782080525968, 3992
30783436570232, 30783436573272, 3040
30784118579520, 30784118582660, 3140
30784307984544, 30784307987760, 3216
30784589259740, 30784589263604, 3864
30785002531032, 30785002539408, 8376
30785159559304, 30785159566692, 7388
30785528474456, 30785528477396, 2940
30785839587716, 30785839592524, 4808
30786254321808, 30786254324220, 2412
30787105873596, 30787105876292, 2696
30787436908428, 30787436911292, 2864
30787652267100, 30787652268848, 1748
30788344292620, 30788344297788, 5168
30788912646784, 30788912650072, 3288
30789624527032, 30789624534492, 7460
30790055315636, 30790055318464, 2828
30790545859444, 30790545862380, 2936
30790817043516, 30790817047120, 3604
30790904779408, 30790904781156, 1748
30791135799908, 30791135808780, 8872
30791225948124, 30791225954956, 6832
30791887959608, 30791887967012, 7404
30792111402284, 30792111405120, 2836
30792424360144, 30792424362720, 2576
30792725533028, 30792725535884, 2856
30793130377316, 30793130385004, 7688
30793499262868, 30793499266504, 3636
30793730500748, 30793730509320, 8572
30793743382540, 30793743390596, 8056
30794169313408, 30794169321124, 7716
30794482376948, 30794482381816, 4868
30794566131716, 30794566135744, 4028
30795912337260, 30795912340104, 2844
30796120428580, 30796120439704, 11124
30796301146952, 30796301155784, 8832
30797078858144, 30797078863136, 4992
30798281306200, 30798281310004, 3804
30799291259032, 30799291268256, 9224
30800243609240, 30800243612044, 2804
30800961625324, 30800961629468, 4144
30801394077932, 30801394082788, 4856
30801631601868, 30801631610408, 8540
30776568349104, 30776568357592, 8488
30776627837940, 30776627851768, 13828
30778670360420, 30778670365672, 5252
30778670425948, 30778670429756, 3808
30778670454808, 30778670458376, 3568
30778670491000, 30778670493968, 2968
30778670543528, 30778670546104, 2576
30778670635532, 30778670638256, 2724
30778670660924, 30778670662512, 1588
30778670726272, 30778670728956, 2684
30778670760004, 30778670762724, 2720
30778670792124, 30778670795232, 3108
30778670830912, 30778670833692, 2780
30778670924404, 30778670927080, 2676
30778670965168, 30778670967660, 2492
30778670989272, 30778670990660, 1388
30778671042904, 30778671045488, 2584
30778671086028, 30778671088788, 2760
30778671118632, 30778671121304, 2672
30778671142524, 30778671144776, 2252
30780662960824, 30780662968584, 7760
30780662984784, 30780662998240, 13456
30780663009568, 30780663026952, 17384
30780663037384, 30780663046984, 9600
30780663057956, 30780663068964, 11008
30780663079460, 30780663089484, 10024
30780663100140, 30780663110100, 9960
30781366748932, 30781366755668, 6736
30781942964956, 30781942972040, 7084
30782240020680, 30782240023388, 2708
30782357684128, 30782357687292, 3164
30782538421856, 30782538433296, 11440
30783223216164, 30783223224180, 8016
30783538254116, 30783538257304, 3188
30784191341164, 30784191350796, 9632
30784850426208, 30784850429172, 2964
30785329044632, 30785329047956, 3324
30785731928632, 30785731931488, 2856
30786218432228, 30786218434936, 2708
30787141767124, 30787141770300, 3176
30787796561300, 30787796571124, 9824
30788431999724, 30788432002668, 2944
30789006332208, 30789006335180, 2972
30789220556240, 30789220567500, 11260
30789233422564, 30789233429904, 7340
30789818118584, 30789818128884, 10300
30790743261128, 30790743264884, 3756
30791117323616, 30791117332684, 9068
30792013613540, 30792013616488, 2948
30792194521504, 30792194533012, 11508
30792207392280, 30792207399816, 7536
30792438836300, 30792438846716, 10416
30792777365288, 30792777372336, 7048
30793289885620, 30793289888328, 2708
30793561081728, 30793561089772, 8044
30793769153636, 30793769163180, 9544
30794153344388, 30794153349672, 5284
30794478390604, 30794478398216, 7612
30794667959404, 30794667962676, 3272
30794733650512, 30794733657200, 6688
30795040792908, 30795040795804, 2896
30796334810292, 30796334820716, 10424
30796815631632, 30796815635328, 3696
30797314205216, 30797314236656, 31440
30797546615956, 30797546625792, 9836
30797920951228, 30797920959272, 8044
30798586440260, 30798586445780, 5520
30798957368768, 30798957376128, 7360
30799429991160, 30799429994112, 2952
30799739103364, 30799739107000, 3636
30801172950304, 30801172954048, 3744
30801444123124, 30801444126776, 3652
30776551362752, 30776551370872, 8120
30776670377192, 30776670385780, 8588
30780680663492, 30780680666624, 3132
30781562029948, 30781562037520, 7572
30782084502164, 30782084505468, 3304
30782361666188, 30782361669940, 3752
30782736225332, 30782736236944, 11612
30782825874596, 30782825882876, 8280
30783253124836, 30783253129920, 5084
30783438539692, 30783438543296, 3604
30784196569528, 30784196580060, 10532
30784826508044, 30784826513992, 5948
30785735894488, 30785735897416, 2928
30786321585104, 30786321596028, 10924
30786549502260, 30786549506284, 4024
30787123903624, 30787123908396, 4772
30787426961220, 30787426966904, 5684
30787698134512, 30787698153900, 19388
30787931486660, 30787931491584, 4924
30788463911256, 30788463914332, 3076
30788739192812, 30788739200720, 7908
30789012307680, 30789012310460, 2780
30789386405348, 30789386414224, 8876
30790210826164, 30790210829344, 3180
30791221524672, 30791221535512, 10840
30791479265972, 30791479271060, 5088
30792589909240, 30792589912132, 2892
30793351710920, 30793351713748, 2828
30793588997664, 30793589000800, 3136
30794037800860, 30794037808216, 7356
30794392642768, 30794392650532, 7764
30794667962212, 30794667966120, 3908
30795956116604, 30795956119924, 3320
30797318269164, 30797318271140, 1976
30798275336020, 30798275338736, 2716
30798483347700, 30798483357400, 9700
30798706184344, 30798706192132, 7788
30799942521304, 30799942524196, 2892
30800373231392, 30800373234444, 3052
30800600481712, 30800600491388, 9676
30801077185292, 30801077192828, 7536
30801350404924, 30801350408444, 3520
30801769205676, 30801769214276, 8600
30776535243412, 30776535256988, 13576
30776543224668, 30776543233460, 8792
30776577057624, 30776577070684, 13060
30776644724876, 30776644733908, 9032
30776653390504, 30776653398988, 8484
30780682667636, 30780682670528, 2892
30781578119728, 30781578126532, 6804
30782389571180, 30782389575184, 4004
30783781581984, 30783781584784, 2800
30783837395912, 30783837404152, 8240
30785329053776, 30785329057184, 3408
30785424762276, 30785424770516, 8240
30786852615440, 30786852623000, 7560
30787012156656, 30787012164080, 7424
30788400086392, 30788400093700, 7308
30788599514808, 30788599522684, 7876
30789947717032, 30789947723404, 6372
30790186897692, 30790186904540, 6848
30791495111048, 30791495117756, 6708
30791774307252, 30791774313672, 6420
30793361766076, 30793361770836, 4760
30794767556764, 30794767559992, 3228
30795094614436, 30795094617272, 2836
30795393792268, 30795393795448, 3180
30796050653480, 30796050663952, 10472
30796281992388, 30796281999568, 7180
30796496270256, 30796496278216, 7960
30796614208348, 30796614211164, 2816
30797909174692, 30797909185168, 10476
30797922588600, 30797922596996, 8396
30798354513788, 30798354523788, 10000
30798785864160, 30798785867416, 3256
30799296394268, 30799296397132, 2864
30799314251352, 30799314259616, 8264
30800076139136, 30800076146540, 7404
30800489444244, 30800489454420, 10176
30800780072684, 30800780078208, 5524
30800955559356, 30800955567160, 7804
30776593714308, 30776593723048, 8740
30776636216880, 30776636225284, 8404
30776678276120, 30776678285460, 9340
30781583960228, 30781583963956, 3728
30781701636712, 30781701643368, 6656
30782226043640, 30782226046776, 3136
30782387595728, 30782387598424, 2696
30782818803320, 30782818810844, 7524
30783478507748, 30783478515292, 7544
30783757648256, 30783757653160, 4904
30783805494612, 30783805497620, 3008
30784044788040, 30784044793492, 5452
30784182330748, 30784182338464, 7716
30784589201420, 30784589204784, 3364
30784888311516, 30784888314888, 3372
30785783728396, 30785783736344, 7948
30786039016584, 30786039020108, 3524
30786150637508, 30786150640396, 2888
30786804740640, 30786804748344, 7704
30786958309140, 30786958316508, 7368
30787572519304, 30787572526740, 7436
30787650313880, 30787650316820, 2940
30788990385476, 30788990390388, 4912
30789747714248, 30789747725616, 11368
30790378337284, 30790378344292, 7008
30791136727300, 30791136755344, 28044
30791766378744, 30791766383548, 4804
30793477331780, 30793477339324, 7544
30794191214384, 30794191217648, 3264
30794767557356, 30794767560120, 2764
30795242184960, 30795242187960, 3000
30795882351288, 30795882359732, 8444
30796467508900, 30796467515572, 6672
30796853494840, 30796853500196, 5356
30797451775748, 30797451778848, 3100
30797557430992, 30797557432844, 1852
30797784463140, 30797784472720, 9580
30798261375728, 30798261381644, 5916
30798650276720, 30798650281864, 5144
30798965344788, 30798965351948, 7160
30799192404960, 30799192415052, 10092
30799296409340, 30799296413216, 3876
30799549656240, 30799549661704, 5464
30799856758100, 30799856765656, 7556
30800046243904, 30800046248876, 4972
30800460966032, 30800460969052, 3020
30800853838548, 30800853844972, 6424
30801306525620, 30801306528424, 2804
30776559893728, 30776559901304, 7576
30776585348464, 30776585358108, 9644
30776619310084, 30776619318196, 8112
30780662697728, 30780662992164, 294436
30780663008116, 30780663034624, 26508
30780663045780, 30780663054884, 9104
30780663066020, 30780663076460, 10440
30780663086224, 30780663096884, 10660
30781835364620, 30781835371432, 6812
30782060592540, 30782060599944, 7404
30782714333812, 30782714345092, 11280
30783007874068, 30783007879216, 5148
30783360818796, 30783360824904, 6108
30783893233332, 30783893236556, 3224
30784074117920, 30784074128576, 10656
30784180337452, 30784180339096, 1644
30784700953168, 30784700958112, 4944
30784888313168, 30784888327012, 13844
30785352988744, 30785352996704, 7960
30785590309012, 30785590315416, 6404
30785849538796, 30785849542476, 3680
30786138697028, 30786138699800, 2772
30787422977664, 30787422983200, 5536
30788775020928, 30788775027872, 6944
30789784798652, 30789784826000, 27348
30790647555296, 30790647558184, 2888
30790731417228, 30790731419684, 2456
30791411356932, 30791411363060, 6128
30791646688240, 30791646695464, 7224
30792924939968, 30792924942940, 2972
30794183255760, 30794183257596, 1836
30795298025664, 30795298029168, 3504
30795535360720, 30795535365700, 4980
30796887382104, 30796887387260, 5156
30797899030852, 30797899059152, 28300
30798447471856, 30798447482204, 10348
30798803784844, 30798803788520, 3676
30798987270720, 30798987273744, 3024
30799659345684, 30799659352776, 7092
30799884707288, 30799884715052, 7764
30800540270196, 30800540277576, 7380
30800629862436, 30800629870688, 8252
30800642743232, 30800642747356, 4124
30801372344764, 30801372347620, 2856
