39104750821744, 39104750858252, 36508
39104752800188, 39104752807516, 7328
39104778734524, 39104778736832, 2308
39104804675908, 39104804684984, 9076
39104830610208, 39104830612308, 2100
39104856547152, 39104856554660, 7508
39104950325404, 39104950336984, 11580
39105109958556, 39105109970100, 11544
39105125089224, 39105125096852, 7628
39105133885284, 39105133892768, 7484
39105149005212, 39105149012372, 7160
39105239031876, 39105239040720, 8844
39105290430048, 39105290437520, 7472
39105306958980, 39105306967284, 8304
39105309515820, 39105309522832, 7012
39105408315108, 39105408322528, 7420
39105840221004, 39105840232140, 11136
39106127162748, 39106127171900, 9152
39106176243764, 39106176251160, 7396
39106210498112, 39106210505576, 7464
39106215661028, 39106215668816, 7788
39106226269280, 39106226276324, 7044
39106244130876, 39106244138576, 7700
39106274542384, 39106274550704, 8320
39106291080408, 39106291087600, 7192
39106320926820, 39106320934648, 7828
39106346933504, 39106346940688, 7184
39106476639148, 39106476651364, 12216
39106486764612, 39106486772836, 8224
39106646228892, 39106646240480, 11588
39106656356404, 39106656365052, 8648
39106672159816, 39106672166776, 6960
39106674690692, 39106674697284, 6592
39106675423504, 39106675430728, 7224
39106698099520, 39106698106436, 6916
39106700631024, 39106700637560, 6536
39106712273172, 39106712280176, 7004
39106728793304, 39106728800460, 7156
39106731329864, 39106731338008, 8144
39106839769336, 39106839779984, 10648
39106903358956, 39106903367184, 8228
39106948777888, 39106948786112, 8224
39106951310004, 39106951318300, 8296
39107048533384, 39107048541312, 7928
39107082817872, 39107082826144, 8272
39107216869936, 39107216881436, 11500
39107383871376, 39107383880072, 8696
39107384465424, 39107384472176, 6752
39107399587852, 39107399595196, 7344
39107416100888, 39107416107668, 6780
39107431239020, 39107431245844, 6824
39107432351788, 39107432358336, 6548
39107447479108, 39107447486408, 7300
39107448313244, 39107448320040, 6796
39107464832980, 39107464840472, 7492
39107499109960, 39107499117332, 7372
39107559943636, 39107559951896, 8260
39107669795036, 39107669806616, 11580
39107679916864, 39107679924752, 7888
39107695051448, 39107695059748, 8300
39107792281504, 39107792290256, 8752
39107907226264, 39107907237768, 11504
39107981470800, 39107981478684, 7884
39108015759660, 39108015766908, 7248
39108034167008, 39108034175256, 8248
39108094456064, 39108094464084, 8020
39108191019528, 39108191026888, 7360
39108196074096, 39108196081308, 7212
39108202518356, 39108202525040, 6684
39108205047656, 39108205054276, 6620
39108228397616, 39108228405132, 7516
39108230930848, 39108230937592, 6744
39108399441940, 39108399450296, 8356
39108496123384, 39108496131624, 8240
39108508463528, 39108508471620, 8092
39108545662216, 39108545673460, 11244
39108561625700, 39108561636772, 11072
39108585134516, 39108585142036, 7520
39108781102232, 39108781113232, 11000
39108851644308, 39108851652844, 8536
39108901877012, 39108901884696, 7684
39108906951196, 39108906958428, 7232
39108928751528, 39108928763656, 12128
39108948705928, 39108948717292, 11364
39109144235084, 39109144246256, 11172
39109214765840, 39109214774228, 8388
39109217299540, 39109217306468, 6928
39109235148872, 39109235156028, 7156
39109395624792, 39109395635928, 11136
39109445162424, 39109445170520, 8096
39109505412784, 39109505421552, 8768
39109525271248, 39109525279224, 7976
39109684936764, 39109684948072, 11308
39109867118268, 39109867127600, 9332
39109886467956, 39109886476412, 8456
39111819809444, 39111819820204, 10760
39112481430344, 39112481438704, 8360
39112486501844, 39112486509132, 7288
39112583716184, 39112583724940, 8756
39112628691412, 39112628698872, 7460
39112725298408, 39112725306112, 7704
39112758901624, 39112758909324, 7700
39112776754024, 39112776761576, 7552
39112779290720, 39112779298632, 7912
39112793849580, 39112793856560, 6980
39112796384672, 39112796392592, 7920
39112811529528, 39112811536468, 6940
39112819352924, 39112819359792, 6868
39112821884624, 39112821891244, 6620
39112829328188, 39112829334704, 6516
39112845290428, 39112845297120, 6692
39112847819880, 39112847826348, 6468
39112848380696, 39112848386912, 6216
39112871227220, 39112871234184, 6964
39112873756796, 39112873763408, 6612
39112891181004, 39112891187820, 6816
39112897166772, 39112897173372, 6600
39112899701036, 39112899707876, 6840
39112940878064, 39112940885548, 7484
39113001165540, 39113001173940, 8400
39113012336852, 39113012343880, 7028
39113108982548, 39113108990896, 8348
39113124115676, 39113124123476, 7800
39113180212796, 39113180220708, 7912
39113279505276, 39113279512868, 7592
39113376197224, 39113376205520, 8296
39113394052228, 39113394060552, 8324
39113480790988, 39113480802932, 11944
39113490798196, 39113490806800, 8604
39113528196816, 39113528204960, 8144
39113795043664, 39113795054092, 10428
39113822830224, 39113822837836, 7612
39113846335164, 39113846342064, 6900
39113848865148, 39113848872748, 7600
39113856882208, 39113856888956, 6748
39113859410388, 39113859417096, 6708
39113968622692, 39113968634032, 11340
39114039701548, 39114039709972, 8424
39114198019964, 39114198031416, 11452
39114234992848, 39114235001312, 8464
39114254869452, 39114254877700, 8248
39114278367332, 39114278375100, 7768
39114377118524, 39114377126740, 8216
39114436834888, 39114436842136, 7248
39114733786372, 39114733794732, 8360
39114753690580, 39114753699096, 8516
39114850365140, 39114850373440, 8300
39114880229864, 39114880237912, 8048
39114899302312, 39114899309500, 7188
39114929158332, 39114929166308, 7976
39114944316328, 39114944324608, 8280
39114960848404, 39114960855612, 7208
39114990711768, 39114990719700, 7932
39114994117404, 39114994124464, 7060
39115011186052, 39115011192828, 6776
39115139775960, 39115139787640, 11680
39115306931488, 39115306941268, 9780
39115309365360, 39115309372196, 6836
39115324493772, 39115324500776, 7004
39115333309392, 39115333316224, 6832
39115792235316, 39115792238588, 3272
39116550402132, 39116550411824, 9692
39116554343468, 39116554350628, 7160
39116569480900, 39116569488440, 7540
39116666141640, 39116666149432, 7792
39116698651852, 39116698659248, 7396
39116821716080, 39116821726936, 10856
39116892198652, 39116892207040, 8388
39116894735096, 39116894742536, 7440
39116991409504, 39116991417860, 8356
39117090669348, 39117090677664, 8316
39117181700720, 39117181709036, 8316
39117184238524, 39117184245760, 7236
39117202823540, 39117202834980, 11440
39117213448492, 39117213456868, 8376
39117232795376, 39117232803708, 8332
39117267620908, 39117267629620, 8712
39117327320724, 39117327328836, 8112
39117385316800, 39117385325360, 8560
39117787428240, 39117787439156, 10916
39118019878616, 39118019886676, 8060
39118037735660, 39118037743144, 7484
39118040268552, 39118040275360, 6808
39118158530584, 39118158541816, 11232
39118216629888, 39118216638676, 8788
39118227248980, 39118227256044, 7064
39118247163320, 39118247170264, 6944
39118264229124, 39118264240108, 10984
39118283579232, 39118283587640, 8408
39118307114332, 39118307122620, 8288
39118310108460, 39118310115604, 7144
39118329439816, 39118329446972, 7156
39118344351264, 39118344359488, 8224
39118354975392, 39118354982560, 7168
39118379052796, 39118379060232, 7436
39118389673628, 39118389681592, 7964
39118395908268, 39118395916556, 8288
39118398447232, 39118398454148, 6916
39118421971404, 39118421979740, 8336
39118521243064, 39118521250736, 7672
39118533605064, 39118533613512, 8448
39118536144872, 39118536151840, 6968
39118555523416, 39118555530924, 7508
39119782620804, 39119782631352, 10548
39120746264716, 39120746275276, 10560
39121464547092, 39121464558552, 11460
39121646708372, 39121646717264, 8892
39121664554416, 39121664561680, 7264
39121694832804, 39121694840968, 8164
39121697366844, 39121697374904, 8060
39121757628692, 39121757637340, 8648
39121776972584, 39121776980980, 8396
39121779505772, 39121779512684, 6912
39121809365556, 39121809372928, 7372
39121828712880, 39121828721156, 8276
39121843868332, 39121843875452, 7120
39121863193528, 39121863201476, 7948
39121961938208, 39121961945976, 7768
39121969536316, 39121969543788, 7472
39121975321780, 39121975328388, 6608
39121977852128, 39121977858824, 6696
39122001258604, 39122001265312, 6708
39122003791292, 39122003797912, 6620
39122027202324, 39122027210332, 8008
39122046527564, 39122046535160, 7596
39122186775400, 39122186787208, 11808
39122306767480, 39122306776588, 9108
39122326092208, 39122326099376, 7168
39122355952564, 39122355960580, 8016
39122379468448, 39122379475536, 7088
39122391801804, 39122391808688, 6884
39122421649668, 39122421656556, 6888
39122445179112, 39122445187384, 8272
39122464527292, 39122464534672, 7380
39122499375776, 39122499383340, 7564
39122627716720, 39122627728224, 11504
39122705026140, 39122705034492, 8352
39122739868232, 39122739876592, 8360
39122769704856, 39122769712396, 7540
39122771368084, 39122771374812, 6728
39122801192540, 39122801199456, 6916
39122859849476, 39122859857904, 8428
39122867451360, 39122867458916, 7556
39122879795700, 39122879803144, 7444
39122883102520, 39122883109324, 6804
39122885636356, 39122885644260, 7904
39122915504028, 39122915512100, 8072
39123012735752, 39123012743948, 8196
39123025093132, 39123025101068, 7936
39123027627956, 39123027635516, 7560
39123038730904, 39123038737704, 6800
39123140496376, 39123140507864, 11488
39123421825964, 39123421837140, 11176
39123434480428, 39123434487924, 7496
39123453766896, 39123453777748, 10852
39123464384700, 39123464392344, 7644
39123479686584, 39123479693604, 7020
39123490850688, 39123490857700, 7012
39123572203800, 39123572211952, 8152
39123606505864, 39123606514104, 8240
39123627747540, 39123627755308, 7768
39123688041964, 39123688050492, 8528
39123690586340, 39123690593624, 7284
39123705743344, 39123705750612, 7268
39123713133248, 39123713140280, 7032
39123728274540, 39123728283052, 8512
39123758698284, 39123758705688, 7404
39123804143056, 39123804150968, 7912
39123831090532, 39123831098972, 8440
39123927776628, 39123927785108, 8480
39123930309960, 39123930318040, 8080
39123946571964, 39123946578920, 6956
39124505189000, 39124505199484, 10484
39104780738496, 39104780749864, 11368
39104900449660, 39104900461340, 11680
39104913091176, 39104913099304, 8128
39104929600576, 39104929608440, 7864
39104934355916, 39104934363096, 7180
39104936888524, 39104936894948, 6424
39104949990964, 39104949997912, 6948
39104960299252, 39104960307700, 8448
39104974274788, 39104974285668, 10880
39104990797492, 39104990805860, 8368
39104993340408, 39104993348984, 8576
39105012177180, 39105012184364, 7184
39105014720168, 39105014727284, 7116
39105023402140, 39105023409920, 7780
39105034595812, 39105034603944, 8132
39105036118632, 39105036125640, 7008
39105038115828, 39105038122720, 6892
39105040648948, 39105040655508, 6560
39105055192764, 39105055200372, 7608
39105064053300, 39105064061228, 7928
39105074688008, 39105074695400, 7392
39105077223620, 39105077230468, 6848
39105090003208, 39105090014000, 10792
39105183781772, 39105183785120, 3348
39105191355444, 39105191365688, 10244
39105251903912, 39105251912164, 8252
39105254442148, 39105254448968, 6820
39105269594316, 39105269601312, 6996
39105271557732, 39105271565620, 7888
39105282737012, 39105282743792, 6780
39105297886796, 39105297893448, 6652
39105308492484, 39105308499032, 6548
39105324396008, 39105324404248, 8240
39105343741208, 39105343749308, 8100
39105814283456, 39105814294252, 10796
39105854710200, 39105854719276, 9076
39105914978828, 39105914987316, 8488
39106043736288, 39106043747804, 11516
39106056382652, 39106056390548, 7896
39106074226924, 39106074235384, 8460
39106104087232, 39106104094508, 7276
39106123393516, 39106123401684, 8168
39106123523784, 39106123530596, 6812
39106179438480, 39106179449492, 11012
39106200635896, 39106200643312, 7416
39106251179884, 39106251191496, 11612
39106272949256, 39106272957600, 8344
39106278021048, 39106278029024, 7976
39106283086276, 39106283093024, 6748
39106293684880, 39106293691756, 6876
39106348878132, 39106348886408, 8276
39106351436096, 39106351443880, 7784
39106360902792, 39106360909476, 6684
39106363434784, 39106363441228, 6444
39106426704220, 39106426711520, 7300
39106456529836, 39106456536796, 6960
39106489567368, 39106489574852, 7484
39106524439752, 39106524446984, 7232
39106540978060, 39106540985288, 7228
39106601148216, 39106601155128, 6912
39106617635420, 39106617642372, 6952
39106716388252, 39106716396208, 7956
39106739896924, 39106739905412, 8488
39106774718476, 39106774725596, 7120
39106779768056, 39106779774632, 6576
39106796283288, 39106796290684, 7396
39106892828588, 39106892836628, 8040
39106909327304, 39106909335380, 8076
39106919957152, 39106919963924, 6772
39106931544872, 39106931551504, 6632
39106942141740, 39106942148052, 6312
39106957546052, 39106957554040, 7988
39106960077672, 39106960084168, 6496
39106976594116, 39106976600796, 6680
39106983919564, 39106983926160, 6596
39106986449288, 39106986457132, 7844
39107047546428, 39107047553744, 7316
39107052603632, 39107052610392, 6760
39107067763680, 39107067770504, 6824
39107070296104, 39107070304016, 7912
39107080897068, 39107080904764, 7696
39107097432972, 39107097440196, 7224
39107139048672, 39107139055636, 6964
39107155529704, 39107155536412, 6708
39107212559492, 39107212566312, 6820
39107229096544, 39107229103320, 6776
39107263364648, 39107263371260, 6612
39107280441628, 39107280449904, 8276
39107291068768, 39107291076236, 7468
39107308924832, 39107308931932, 7100
39107319523480, 39107319531160, 7680
39107335199752, 39107335206696, 6944
39107351717380, 39107351724180, 6800
39107452314360, 39107452326048, 11688
39107462435808, 39107462443696, 7888
39107477569344, 39107477575928, 6584
39107480099660, 39107480106988, 7328
39107497137220, 39107497144100, 6880
39107527955620, 39107527964368, 8748
39107528125088, 39107528131624, 6536
39107543249092, 39107543255672, 6580
39107548322484, 39107548330460, 7976
39107552066060, 39107552072676, 6616
39107567186764, 39107567193512, 6748
39107576026392, 39107576037164, 10772
39107591154736, 39107591163184, 8448
39107599955324, 39107599962092, 6768
39107615074776, 39107615081472, 6696
39107622823080, 39107622830220, 7140
39107654643820, 39107654651156, 7336
39107657819688, 39107657826408, 6720
39107668431216, 39107668438524, 7308
39107686273220, 39107686281808, 8588
39107688815216, 39107688821896, 6680
39107699426176, 39107699434340, 8164
39107709697744, 39107709704744, 7000
39107720311808, 39107720319804, 7996
39107765711260, 39107765719352, 8092
39107774600336, 39107774607312, 6976
39107789760908, 39107789769116, 8208
39107878214896, 39107878223512, 8616
39107966060392, 39107966067648, 7256
39108599521236, 39108599531976, 10740
39108928741844, 39108928749712, 7868
39108964667064, 39108964678228, 11164
39108981182364, 39108981189460, 7096
39108986238336, 39108986245512, 7176
39109018619864, 39109018626724, 6860
39109021151520, 39109021157960, 6440
39109037671500, 39109037678176, 6676
39109040203800, 39109040210732, 6932
39109058423860, 39109058430624, 6764
39109060953352, 39109060959736, 6384
39109084378148, 39109084388932, 10784
39109094972336, 39109094980364, 8028
39109193645540, 39109193654380, 8840
39109210197700, 39109210205996, 8296
39109212735280, 39109212742164, 6884
39109241990916, 39109241999008, 8092
39109266081268, 39109266089512, 8244
39109297855332, 39109297858444, 3112
39109812647436, 39109812658100, 10664
39110350762908, 39110350772112, 9204
39110363103484, 39110363111512, 8028
39110380948864, 39110380956164, 7300
39110410792348, 39110410800160, 7812
39110425128680, 39110425139448, 10768
39110449068852, 39110449072132, 3280
39110473010296, 39110473013288, 2992
39110488115632, 39110488124924, 9292
39110512175616, 39110512184236, 8620
39110514711332, 39110514718100, 6768
39110560132052, 39110560139828, 7776
39110620346512, 39110620353836, 7324
39110625419380, 39110625426360, 6980
39110648924640, 39110648932872, 8232
39110678768776, 39110678775760, 6984
39110702272912, 39110702279728, 6816
39110709879856, 39110709886760, 6904
39111809827488, 39111809838232, 10744
39111926040308, 39111926049136, 8828
39111986309052, 39111986317080, 8028
39111988843068, 39111988850876, 7808
39112101163880, 39112101175288, 11408
39112164824184, 39112164832140, 7956
39112225232976, 39112225241040, 8064
39112235847296, 39112235855356, 8060
39112238380260, 39112238388064, 7804
39112256232096, 39112256238708, 6612
39112267411540, 39112267418836, 7296
39112279743192, 39112279749836, 6644
39112290349072, 39112290355928, 6856
39112300585404, 39112300591944, 6540
39112311188420, 39112311195160, 6740
39112323516296, 39112323523000, 6704
39112383797260, 39112383805368, 8108
39112482481884, 39112482490208, 8324
39112498996868, 39112499003748, 6880
39112598338172, 39112598346036, 7864
39112709619608, 39112709631108, 11500
39112722270608, 39112722278812, 8204
39112734602392, 39112734610472, 8080
39112741537120, 39112741544056, 6936
39112744066300, 39112744072820, 6520
39112767478756, 39112767487128, 8372
39112769469556, 39112769476260, 6704
39112781806792, 39112781813560, 6768
39112911144172, 39112911156012, 11840
39113078139608, 39113078147776, 8168
39113090479376, 39113090487052, 7676
39113097009196, 39113097016144, 6948
39113131291880, 39113131299884, 8004
39113133830444, 39113133838308, 7864
39113248337564, 39113248348664, 11100
39113369973044, 39113369981740, 8696
39113372527356, 39113372533792, 6436
39113387662732, 39113387669868, 7136
39113493757348, 39113493768540, 11192
39113630357652, 39113630365528, 7876
39113668992476, 39113669000720, 8244
39113685534728, 39113685541896, 7168
39113704854468, 39113704861224, 6756
39113721380936, 39113721387832, 6896
39113740701420, 39113740709100, 7680
39113757122544, 39113757130828, 8284
39113780623088, 39113780631068, 7980
39113801032600, 39113801043664, 11064
39113818981688, 39113818993252, 11564
39113835496016, 39113835504388, 8372
39113865332056, 39113865340156, 8100
39113925551268, 39113925558996, 7728
39113930601568, 39113930608488, 6920
39113934695192, 39113934701624, 6432
39113937224216, 39113937230528, 6312
39113960635040, 39113960641532, 6492
39113963167404, 39113963173692, 6288
39113969972472, 39113969980412, 7940
39114069306528, 39114069314516, 7988
39114092825980, 39114092832808, 6828
39115191659220, 39115191670188, 10968
39115893006868, 39115893016660, 9792
39115912356700, 39115912363608, 6908
39115922965248, 39115922972740, 7492
39116127449004, 39116127460020, 11016
39116198069388, 39116198077464, 8076
39116229899480, 39116229906984, 7504
39116356847680, 39116356858808, 11128
39116366984464, 39116366992812, 8348
39116431545492, 39116431554100, 8608
39116560341260, 39116560352208, 10948
39116637635892, 39116637643600, 7708
39116721987908, 39116721991308, 3400
39116873588436, 39116873599636, 11200
39116937224192, 39116937232332, 8140
39117097062752, 39117097073996, 11244
39117130096864, 39117130105124, 8260
39117145990788, 39117145998584, 7796
39117344005152, 39117344013252, 8100
39117361852172, 39117361860292, 8120
39117394240100, 39117394248928, 8828
39117413585164, 39117413593400, 8236
39117416120352, 39117416127496, 7144
39117436267552, 39117436278908, 11356
39117446888532, 39117446896084, 7552
39117466234016, 39117466240728, 6712
39117476845856, 39117476853576, 7720
39117500907308, 39117500914632, 7324
39117518723084, 39117518731336, 8252
39117529313460, 39117529320500, 7040
39117530024972, 39117530031680, 6708
39117553507964, 39117553515036, 7072
39117564132972, 39117564140308, 7336
39117720366568, 39117720373872, 7304
39117767957908, 39117767966168, 8260
39117866758352, 39117866767204, 8852
39117887991536, 39117887999692, 8156
39117948246240, 39117948253348, 7108
39117980077964, 39117980085752, 7788
39118010522596, 39118010530384, 7788
39118027129184, 39118027136084, 6900
39118356015220, 39118356025612, 10392
39118389396608, 39118389404520, 7912
39118401736172, 39118401743932, 7760
39118439809972, 39118439821108, 11136
39118529596016, 39118529606784, 10768
39118562636372, 39118562645284, 8912
39118565171296, 39118565178848, 7552
39118663808956, 39118663817236, 8280
39118681656376, 39118681664644, 8268
39118693993424, 39118694000540, 7116
39118728292600, 39118728301504, 8904
39118748185536, 39118748192852, 7316
39118858804032, 39118858815632, 11600
39118929280528, 39118929288224, 7696
39119026483480, 39119026491592, 8112
39119044367496, 39119044375716, 8220
39119068313628, 39119068316736, 3108
39119083410928, 39119083420596, 9668
39119182148704, 39119182157364, 8660
39119201474284, 39119201482732, 8448
39119231755656, 39119231762724, 7068
39119251628508, 39119251636840, 8332
39119311892572, 39119311899792, 7220
39119402671888, 39119402679308, 7420
39119419185340, 39119419192364, 7024
39119449476704, 39119449483680, 6976
39119465998480, 39119466006424, 7944
39119476613900, 39119476621832, 7932
39119485312944, 39119485319856, 6912
39119496480540, 39119496487632, 7092
39119556762620, 39119556770344, 7724
39119662670260, 39119662677672, 7412
39119681990540, 39119681997648, 7108
39119712243584, 39119712251204, 7620
39119714766512, 39119714773508, 6996
39119729901884, 39119729909028, 7144
39119790749324, 39119790757392, 8068
39119820514896, 39119820525808, 10912
39119822506364, 39119822513316, 6952
39119833111996, 39119833118612, 6616
39119865397696, 39119865405768, 8072
39119880549512, 39119880557732, 8220
39119897076848, 39119897084064, 7216
39121815711016, 39121815721872, 10856
39123132969232, 39123132978660, 9428
39123157612780, 39123157620348, 7568
39123191884604, 39123191891580, 6976
39123204219736, 39123204227548, 7812
39123214854264, 39123214861428, 7164
39123275687908, 39123275696368, 8460
39123278239336, 39123278247312, 7976
39123406764508, 39123406772856, 8348
39123417370316, 39123417378552, 8236
39123429718016, 39123429725268, 7252
39123528966636, 39123528974388, 7752
39123550176156, 39123550183172, 7016
39123639719780, 39123639727792, 8012
39123650333616, 39123650340612, 6996
39123668171872, 39123668180016, 8144
39123812913012, 39123812924564, 11552
39123908385108, 39123908393844, 8736
39123910939404, 39123910947248, 7844
39124047512424, 39124047520004, 7580
39124048330752, 39124048337604, 6852
39124063452208, 39124063459076, 6868
39124080503040, 39124080509916, 6876
39124083033608, 39124083040624, 7016
39124143234480, 39124143241480, 7000
39124148306612, 39124148313680, 7068
39124160638820, 39124160645968, 7148
39124168044944, 39124168052188, 7244
39124180474088, 39124180481704, 7616
39124183006712, 39124183012980, 6268
39124205893868, 39124205900352, 6484
39124208425456, 39124208432188, 6732
39124212448580, 39124212455104, 6524
39124225844660, 39124225851244, 6584
39124231830676, 39124231837320, 6644
39124234362920, 39124234369612, 6692
39124241278656, 39124241285564, 6908
39124245731600, 39124245739388, 7788
39124257771616, 39124257778352, 6736
39124260301172, 39124260307552, 6380
39124283709708, 39124283716420, 6712
39124286239220, 39124286245680, 6460
39124298572340, 39124298578992, 6652
39124309646564, 39124309653164, 6600
39124312178884, 39124312185284, 6400
39124335587904, 39124335594516, 6612
39124338115888, 39124338122244, 6356
39124364904540, 39124364911632, 7092
39124367437944, 39124367444872, 6928
39124427707012, 39124427714012, 7000
39124432757768, 39124432765644, 7876
39124447906748, 39124447913584, 6836
39124450438676, 39124450445128, 6452
39124455301212, 39124455307848, 6636
39124470432628, 39124470439552, 6924
39124531271556, 39124531278520, 6964
39124622071260, 39124622079172, 7912
39124622903652, 39124622909948, 6296
39124638035256, 39124638042988, 7732
39124737406640, 39124737415100, 8460
39105070052300, 39105070065536, 13236
39105282999004, 39105283008344, 9340
39105285552076, 39105285558916, 6840
39105304866000, 39105304874364, 8364
39105320023620, 39105320031460, 7840
39105323440396, 39105323448672, 8276
39105334054732, 39105334061644, 6912
39105349369160, 39105349375744, 6584
39105359976684, 39105359983204, 6520
39105375305048, 39105375311852, 6804
39105385910556, 39105385917184, 6628
39105386195028, 39105386202096, 7068
39105405532712, 39105405539680, 6968
39105514982328, 39105514994016, 11688
39105681908960, 39105681918100, 9140
39105701246652, 39105701255184, 8532
39105731090560, 39105731098556, 7996
39105747599592, 39105747607412, 7820
39105766930800, 39105766938940, 8140
39106179416984, 39106179420296, 3312
39106328988128, 39106329000056, 11928
39106334050496, 39106334058440, 7944
39106355267880, 39106355276064, 8184
39106371781124, 39106371788272, 7148
39106480622648, 39106480634048, 11400
39106654209548, 39106654220920, 11372
39106717802384, 39106717811268, 8884
39106915587580, 39106915599072, 11492
39106925703648, 39106925711588, 7940
39106985931064, 39106985939576, 8512
39107184945520, 39107184957280, 11760
39107259148664, 39107259157104, 8440
39107319947444, 39107319955296, 7852
39107354194292, 39107354202056, 7764
39107464282160, 39107464293504, 11344
39107539044896, 39107539053468, 8572
39107637694524, 39107637702936, 8412
39107667960392, 39107667967520, 7128
39107766672544, 39107766680496, 7952
39107799037148, 39107799044840, 7692
39107816878472, 39107816886812, 8340
39107834541572, 39107834549668, 8096
39107839386272, 39107839393184, 6912
39107854515308, 39107854522708, 7400
39107863323884, 39107863330640, 6756
39107977064440, 39107977076244, 11804
39108010090936, 39108010099644, 8708
39108012625540, 39108012632320, 6780
39108029710552, 39108029717552, 7000
39108032243308, 39108032251220, 7912
39108066516516, 39108066524368, 7852
39108087747752, 39108087756112, 8360
39108100090192, 39108100096952, 6760
39108110703240, 39108110710984, 7744
39108124720616, 39108124731748, 11132
39108212454588, 39108212466180, 11592
39108245480464, 39108245488860, 8396
39108252339636, 39108252346284, 6648
39108269410068, 39108269418332, 8264
39108281744684, 39108281752584, 7900
39108314194520, 39108314201596, 7076
39108330716636, 39108330723516, 6880
39108382341092, 39108382347836, 6744
39108398862988, 39108398870540, 7552
39108416709388, 39108416717628, 8240
39108437899244, 39108437906072, 6828
39108454418632, 39108454426308, 7676
39108477932648, 39108477939948, 7300
39108482981548, 39108482989200, 7652
39108517824200, 39108517831268, 7068
39108557627420, 39108557638792, 11372
39108575455864, 39108575463380, 7516
39108603514764, 39108603526352, 11588
39108615859012, 39108615866648, 7636
39108650132124, 39108650140324, 8200
39108652666548, 39108652673676, 7128
39108669191116, 39108669198192, 7076
39108681539244, 39108681545880, 6636
39108781102800, 39108781113580, 10780
39108830638864, 39108830647100, 8236
39108890911996, 39108890919008, 7012
39108907427208, 39108907434620, 7412
39109018532200, 39109018542624, 10424
39109043201868, 39109043209724, 7856
39109061038500, 39109061045788, 7288
39109170163420, 39109170174792, 11372
39109247441568, 39109247450232, 8664
39109263985784, 39109263993756, 7972
39109269928088, 39109269935920, 7832
39109303855568, 39109303866720, 11152
39109327331780, 39109327339464, 7684
39109423879348, 39109423887780, 8432
39109481823372, 39109481831096, 7724
39109516611884, 39109516620116, 8232
39109533119984, 39109533127544, 7560
39109550957340, 39109550965360, 8020
39109570296688, 39109570303900, 7212
39109836579156, 39109836590512, 11356
39111831767772, 39111831778596, 10824
39113244227184, 39113244236000, 8816
39113261320956, 39113261329204, 8248
39113262296956, 39113262303616, 6660
39113281618632, 39113281626608, 7976
39113341897628, 39113341905396, 7768
39113363121264, 39113363129092, 7828
39113392681840, 39113392690188, 8348
39113395221340, 39113395228244, 6904
39113415949096, 39113415952412, 3316
39113435899444, 39113435911052, 11608
39113496091620, 39113496100080, 8460
39113507267396, 39113507275700, 8304
39113509822784, 39113509830772, 7988
39113519689120, 39113519695948, 6828
39113530299336, 39113530306276, 6940
39113548143120, 39113548151344, 8224
39113644625196, 39113644632664, 7468
39113661136176, 39113661144608, 8432
39113721682436, 39113721690076, 7640
39113729199304, 39113729206248, 6944
39113744327888, 39113744334908, 7020
39113753132552, 39113753139588, 7036
39113768810072, 39113768818076, 8004
39113785343180, 39113785351580, 8400
39113815196972, 39113815204868, 7896
39113913832964, 39113913840860, 7896
39113943654304, 39113943662004, 7700
39113944675844, 39113944682604, 6760
39113974499856, 39113974506836, 6980
39114070705708, 39114070713900, 8192
39114131224144, 39114131232364, 8220
39114154722904, 39114154730428, 7524
39114174020156, 39114174028280, 8124
39115822153100, 39115822163952, 10852
39116254670924, 39116254679144, 8220
39116358827036, 39116358838432, 11396
39116510456048, 39116510466448, 10400
39116535105376, 39116535112968, 7592
39116848170412, 39116848177876, 7464
39116849641112, 39116849647708, 6596
39116866151504, 39116866158540, 7036
39116911513660, 39116911525924, 12264
39116935023036, 39116935030968, 7932
39116951562528, 39116951570864, 8336
39116962177748, 39116962186212, 8464
39116992033768, 39116992041944, 8176
39117021247104, 39117021250340, 3236
39117300585280, 39117300595820, 10540
39117465035320, 39117465043240, 7920
39117536018096, 39117536029768, 11672
39117733379428, 39117733387356, 7928
39117743517424, 39117743525104, 7680
39117761909300, 39117761916484, 7184
39117764446000, 39117764453232, 7232
39117824716412, 39117824723988, 7576
39117832307204, 39117832315104, 7900
39117851260244, 39117851267168, 6924
39117853793308, 39117853799852, 6544
39117869132380, 39117869139596, 7216
39117877194116, 39117877200732, 6616
39117879724372, 39117879730976, 6604
39117988940828, 39117988952072, 11244
39117999631212, 39117999639672, 8460
39118096187912, 39118096196228, 8316
39118112703440, 39118112710704, 7264
39118136175536, 39118136182708, 7172
39118148552188, 39118148559312, 7124
39118165063216, 39118165070252, 7036
39118187087216, 39118187094016, 6800
39118234103208, 39118234110184, 6976
39118331326648, 39118331335032, 8384
39118491681696, 39118491693452, 11756
39118665264908, 39118665276168, 11260
39118728891500, 39118728900148, 8648
39118924648788, 39118924660384, 11596
39118974168364, 39118974176996, 8632
39118984799988, 39118984807216, 7228
39118992481088, 39118992487620, 6532
39119014449756, 39119014461544, 11788
39119102237652, 39119102248992, 11340
39119160182816, 39119160191232, 8416
39119242252720, 39119242261176, 8456
39119276517492, 39119276524728, 7236
39119293024896, 39119293032680, 7784
39119312351988, 39119312360484, 8496
39119457378788, 39119457390624, 11836
39119535224520, 39119535233004, 8484
39119556435180, 39119556442216, 7036
39119575773060, 39119575780900, 7840
39119599289872, 39119599298084, 8212
39119695816696, 39119695824300, 7604
39119738234864, 39119738243296, 8432
39119758126536, 39119758134588, 8052
39119856884548, 39119856893468, 8920
39119867491536, 39119867499100, 7564
39119870392076, 39119870398748, 6672
39119874381308, 39119874387792, 6484
39119884987580, 39119884995864, 8284
39119900329932, 39119900338076, 8144
39119910951208, 39119910958552, 7344
39119926269684, 39119926277760, 8076
39119930258152, 39119930265224, 7072
39119945382932, 39119945390292, 7360
39119961904900, 39119961912288, 7388
39121795768372, 39121795779364, 10992
39122457141832, 39122457151364, 9532
39123551529472, 39123551540320, 10848
39123948338872, 39123948347828, 8956
39123992865544, 39123992873116, 7572
39123995393828, 39123995401028, 7200
39124007705908, 39124007712824, 6916
39124010234716, 39124010241800, 7084
39124024384368, 39124024391084, 6716
39124026908712, 39124026915072, 6360
39124047014864, 39124047021932, 7068
39124050323296, 39124050330288, 6992
39124052854692, 39124052861368, 6676
39124164062328, 39124164074428, 12100
39124331092700, 39124331101140, 8440
39124365344556, 39124365351924, 7368
39124425871468, 39124425879528, 8060
39124438206680, 39124438214668, 7988
39124456050640, 39124456058592, 7952
39124457295732, 39124457302324, 6592
39124469623924, 39124469630968, 7044
39124504441368, 39124504449148, 7780
39124506978184, 39124506986660, 8476
39124515157200, 39124515163896, 6696
39124517153456, 39124517160000, 6544
39124519685064, 39124519691624, 6560
39124530037236, 39124530044116, 6880
39124543091384, 39124543098348, 6964
39124545621468, 39124545628136, 6668
39124623214768, 39124623222648, 7880
39124631609816, 39124631617836, 8020
39124720861284, 39124720869552, 8268
39105201737408, 39105201748736, 11328
39105650131976, 39105650141324, 9348
39105666669852, 39105666677492, 7640
39105684500964, 39105684508780, 7816
39105744753752, 39105744761956, 8204
39105844037832, 39105844046320, 8488
39105863378244, 39105863386440, 8196
39105879898516, 39105879905576, 7060
39105899233420, 39105899241080, 7660
39105933512444, 39105933520852, 8408
39105994058548, 39105994066268, 7720
39106033255596, 39106033263724, 8128
39106049799572, 39106049807088, 7516
39106079424768, 39106079433288, 8520
39106376885560, 39106376888908, 3348
39106831429908, 39106831440184, 10276
39106847932464, 39106847939812, 7348
39106878163844, 39106878171320, 7476
39106976842924, 39106976850944, 8020
39106998055348, 39106998062588, 7240
39107015897060, 39107015904048, 6988
39107027053556, 39107027060832, 7276
39107043583208, 39107043590292, 7084
39107054188668, 39107054196508, 7840
39107114424720, 39107114433108, 8388
39107121093772, 39107121100884, 7112
39107138887368, 39107138894412, 7044
39107228755860, 39107228763380, 7520
39107238884752, 39107238893040, 8288
39107242802324, 39107242809248, 6924
39107245332668, 39107245339420, 6752
39107268743460, 39107268750492, 7032
39107271833240, 39107271840020, 6780
39107343274984, 39107343282364, 7380
39107439817004, 39107439824768, 7764
39107537435496, 39107537444152, 8656
39107553818396, 39107553826092, 7696
39107646645440, 39107646653560, 8120
39107663146168, 39107663154092, 7924
39107694260660, 39107694268000, 7340
39107695727572, 39107695734408, 6836
39107712230940, 39107712238680, 7740
39107714761992, 39107714769800, 7808
39107735629048, 39107735635956, 6908
39107738158884, 39107738165456, 6572
39107757576396, 39107757583220, 6824
39107761566704, 39107761573268, 6564
39107764098112, 39107764104820, 6708
39107777192272, 39107777200168, 7896
39107787505620, 39107787512348, 6728
39107790036108, 39107790042776, 6668
39107824298088, 39107824305060, 6972
39107840810120, 39107840818212, 8092
39107865317964, 39107865324888, 6924
39107867849188, 39107867855800, 6612
39107891258292, 39107891265224, 6932
39107893787364, 39107893794088, 6724
39107903860276, 39107903867908, 7632
39107917197548, 39107917204392, 6844
39107919729556, 39107919736216, 6660
39107943134120, 39107943140952, 6832
39107945663580, 39107945670124, 6544
39107969072228, 39107969078984, 6756
39107971602352, 39107971608892, 6540
39108010241612, 39108010249592, 7980
39108032017992, 39108032025004, 7012
39108212467432, 39108212479104, 11672
39108237122184, 39108237129544, 7360
39108271936976, 39108271945400, 8424
39108274495476, 39108274503684, 8208
39108280274136, 39108280280840, 6704
39108282804940, 39108282812040, 7100
39108300646636, 39108300654488, 7852
39108360908980, 39108360916844, 7864
39108373246424, 39108373253224, 6800
39108380836716, 39108380843276, 6560
39108393177016, 39108393183884, 6868
39108395704064, 39108395710740, 6676
39108429983356, 39108429990316, 6960
39108442313528, 39108442321240, 7712
39108607500052, 39108607511664, 11612
39108706209212, 39108706216892, 7680
39108708739856, 39108708746552, 6696
39108721221328, 39108721228020, 6692
39108723747788, 39108723754584, 6796
39108747160168, 39108747166948, 6780
39108749690136, 39108749697216, 7080
39108773100024, 39108773106836, 6812
39108775630944, 39108775637644, 6700
39108799038408, 39108799045556, 7148
39108801568760, 39108801575304, 6544
39108801933700, 39108801940380, 6680
39108824978484, 39108824985284, 6800
39108827508104, 39108827514764, 6660
39108850914112, 39108850920912, 6800
39108853444520, 39108853451028, 6508
39108964662336, 39108964673964, 11628
39109035700904, 39109035709324, 8420
39109056451716, 39109056463328, 11612
39109144222812, 39109144234324, 11512
39109151798172, 39109151805776, 7604
39109168334624, 39109168341436, 6812
39109170866288, 39109170873584, 7296
39109268055628, 39109268064052, 8424
39109291880032, 39109291891652, 11620
39109315825888, 39109315837244, 11356
39109367696516, 39109367708480, 11964
39109391190032, 39109391197780, 7748
39109425445316, 39109425453288, 7972
39109437797484, 39109437804852, 7368
39109467466624, 39109467477904, 11280
39109555252760, 39109555263976, 11216
39109602222536, 39109602230612, 8076
39109717393216, 39109717400924, 7708
39109735240552, 39109735247776, 7224
39109736810056, 39109736817936, 7880
39109760294860, 39109760301912, 7052
39109798661832, 39109798670364, 8532
39109815173520, 39109815180600, 7080
39109838684084, 39109838692224, 8140
39109872956156, 39109872964820, 8664
39109875490476, 39109875498372, 7896
39109890642880, 39109890649744, 6864
39109898441768, 39109898453064, 11296
39109914402444, 39109914413428, 10984
39109992210624, 39109992222272, 11648
39110113713868, 39110113722528, 8660
39110113912100, 39110113919116, 7016
39110129034216, 39110129042176, 7960
39110227843072, 39110227851764, 8692
39110238194960, 39110238202908, 7948
39110299007044, 39110299014432, 7388
39110311334220, 39110311341940, 7720
39110316400928, 39110316409016, 8088
39110520888124, 39110520898852, 10728
39110640095832, 39110640103592, 7760
39110736683452, 39110736691372, 7920
39110797466204, 39110797474520, 8316
39110808074768, 39110808083164, 8396
39111001742404, 39111001753880, 11476
39111044711444, 39111044719124, 7680
39111078966716, 39111078974784, 8068
39111091296076, 39111091303816, 7740
39111101924068, 39111101931364, 7296
39111119764788, 39111119771700, 6912
39111130368136, 39111130374928, 6792
39111142700336, 39111142707836, 7500
39111239293620, 39111239301856, 8236
39111269704600, 39111269712592, 7992
39111329944400, 39111329952512, 8112
39111345089288, 39111345097064, 7776
39111355691572, 39111355698108, 6536
39111370808312, 39111370816004, 7692
39111383153380, 39111383161184, 7804
39111404349216, 39111404356092, 6876
39111416674068, 39111416682000, 7932
39111515961688, 39111515970120, 8432
39111537181968, 39111537189688, 7720
39111548437348, 39111548444408, 7060
39111559042052, 39111559049408, 7356
39111564400900, 39111564408964, 8064
39111594227100, 39111594235412, 8312
39111690826064, 39111690833956, 7892
39111703152328, 39111703159584, 7256
39111720989672, 39111720997784, 8112
39111750824196, 39111750832496, 8300
39111781639112, 39111781647560, 8448
39111841910848, 39111841918864, 8016
39111884326596, 39111884333688, 7092
39111902167832, 39111902175832, 8000
39112100054404, 39112100061476, 7072
39112112387588, 39112112394948, 7360
39112146663940, 39112146672184, 8244
39112149216452, 39112149223380, 6928
39112347321640, 39112347329984, 8344
39112368545792, 39112368554036, 8244
39112380885060, 39112380892912, 7852
39112383418748, 39112383425684, 6936
39113014449096, 39113014459812, 10716
39113503746448, 39113503749712, 3264
39113649388752, 39113649400596, 11844
39113769267672, 39113769276384, 8712
39113788581704, 39113788589916, 8212
39113896803164, 39113896814636, 11472
39114033476816, 39114033484988, 8172
39114051323984, 39114051332484, 8500
39114070658696, 39114070666580, 7884
39114088330940, 39114088337840, 6900
39114206002944, 39114206015008, 12064
39114219963536, 39114219970936, 7400
39114315741524, 39114315752116, 10592
39114375396032, 39114375404412, 8380
39114422403744, 39114422411364, 7620
39114440251156, 39114440258704, 7548
39114474513456, 39114474521376, 7920
39114534743796, 39114534751856, 8060
39114558258196, 39114558265424, 7228
39114559152048, 39114559158828, 6780
39114588966056, 39114588973860, 7804
39114685587116, 39114685595684, 8568
39114704925256, 39114704933036, 7780
39114722767500, 39114722775820, 8320
39114753592928, 39114753600928, 8000
39114777106928, 39114777115204, 8276
39114796433132, 39114796441040, 7908
39114826283320, 39114826290384, 7064
39114845623540, 39114845630676, 7136
39114869143356, 39114869150532, 7176
39114888476744, 39114888483964, 7220
39114921454408, 39114921461444, 7036
39114940787440, 39114940795360, 7920
39114964300676, 39114964307652, 6976
39114983613984, 39114983621664, 7680
39115006087988, 39115006095024, 7036
39115025397692, 39115025405960, 8268
39115082243100, 39115082250684, 7584
39115098748364, 39115098755888, 7524
39115158395340, 39115158403360, 8020
39115257681116, 39115257689308, 8192
39115274198444, 39115274206324, 7880
39115370760600, 39115370768828, 8228
39115387262004, 39115387269040, 7036
39115410735168, 39115410743352, 8184
39115427089624, 39115427096612, 6988
39115450571920, 39115450578688, 6768
39115533500752, 39115533508972, 8220
39115552817084, 39115552825120, 8036
39115569323912, 39115569331660, 7748
39115592827964, 39115592834820, 6856
39115691532156, 39115691540180, 8024
39115753055964, 39115753064144, 8180
39115926923744, 39115926932272, 8528
39115946254568, 39115946262540, 7972
39115964103592, 39115964111312, 7720
39115974710116, 39115974717216, 7100
39115994039248, 39115994047220, 7972
39116153090580, 39116153098528, 7948
39116213447900, 39116213455816, 7916
39116232769044, 39116232777348, 8304
39116245076756, 39116245083488, 6732
39116362815900, 39116362827644, 11744
39116508458552, 39116508468916, 10364
39116578955160, 39116578963984, 8824
39116594092484, 39116594100836, 8352
39116606450240, 39116606458700, 8460
39116608985456, 39116608992272, 6816
39116632498972, 39116632507320, 8348
39116662325588, 39116662333288, 7700
39116664082456, 39116664089564, 7108
39116680583820, 39116680591988, 8168
39116682037256, 39116682044144, 6888
39116711838868, 39116711846268, 7400
39116731160156, 39116731166936, 6780
39116748245520, 39116748253820, 8300
39116749876712, 39116749883572, 6860
39117593889700, 39117593900336, 10636
39119019247040, 39119019255920, 8880
39119020415896, 39119020422856, 6960
39119140143848, 39119140155696, 11848
39119187130072, 39119187138376, 8304
39119219443632, 39119219451956, 8324
39119235977960, 39119235986020, 8060
39119349636712, 39119349648748, 12036
39119423803496, 39119423810916, 7420
39119433432084, 39119433438864, 6780
39119444035396, 39119444041988, 6592
39119468676716, 39119468683912, 7196
39119486522324, 39119486530552, 8228
39119572701432, 39119572709836, 8404
39119589233180, 39119589241260, 8080
39119615007520, 39119615018636, 11116
39119708783424, 39119708795004, 11580
39119742364856, 39119742373568, 8712
39119757507708, 39119757514508, 6800
39119774028504, 39119774036940, 8436
39119784657408, 39119784665452, 8044
39119881243276, 39119881251476, 8200
39120073918220, 39120073929704, 11484
39120240929172, 39120240938012, 8840
39120243481296, 39120243488168, 6872
39120258608544, 39120258616932, 8388
39120288455688, 39120288462716, 7028
39120293522044, 39120293530092, 8048
39120313282072, 39120313290624, 8552
39120315272336, 39120315279124, 6788
39120317807816, 39120317814720, 6904
39120396736832, 39120396744756, 7924
39120420209828, 39120420216892, 7064
39120479842080, 39120479849812, 7732
39120498241124, 39120498249212, 8088
39120500774208, 39120500781044, 6836
39120530616724, 39120530623884, 7160
39120533166896, 39120533174360, 7464
39120548717416, 39120548724428, 7012
39120551248276, 39120551255028, 6752
39120595948464, 39120595956336, 7872
39120694672216, 39120694680080, 7864
39120718157952, 39120718164880, 6928
39120817465032, 39120817473056, 8024
39120847301568, 39120847309536, 7968
39120881577696, 39120881584648, 6952
39121009629020, 39121009639848, 10828
39121022272952, 39121022281368, 8416
39121045785280, 39121045792132, 6852
39121048312880, 39121048319856, 6976
39121082596984, 39121082604112, 7128
39121085129496, 39121085137164, 7668
39121145418092, 39121145425248, 7156
39121152988572, 39121152996724, 8152
39121182841796, 39121182850028, 8232
39121206361916, 39121206369680, 7764
39121207151060, 39121207157924, 6864
39121237550344, 39121237558660, 8316
39121240086180, 39121240093148, 6968
39121241069940, 39121241076528, 6588
39121264578288, 39121264585172, 6884
39121267125816, 39121267132568, 6752
39121274989276, 39121274996056, 6780
39121277519140, 39121277525788, 6648
39121299514684, 39121299522904, 8220
39121300929032, 39121300935768, 6736
39121303463508, 39121303470392, 6884
39121326973784, 39121326980792, 7008
39121329507284, 39121329515248, 7964
39121428149408, 39121428157776, 8368
39121488933488, 39121488941584, 8096
39121491464816, 39121491471720, 6904
39121590176612, 39121590184852, 8240
39121609507844, 39121609515304, 7460
39121643771328, 39121643779200, 7872
39121740939232, 39121740947260, 8028
39121816599180, 39121816607356, 8176
39121819132180, 39121819139556, 7376
39121819693556, 39121819700060, 6504
39121822223964, 39121822231812, 7848
39121852084964, 39121852091932, 6968
39121869612060, 39121869622188, 10128
39121967362116, 39121967374432, 12316
39122025887652, 39122025896140, 8488
39122054401680, 39122054410008, 8328
39122059474000, 39122059481020, 7020
39122077321048, 39122077329244, 8196
39122186779220, 39122186790964, 11744
39122225452164, 39122225460848, 8684
39122227986912, 39122227994032, 7120
39122234646560, 39122234653280, 6720
39122237177024, 39122237183580, 6556
39122248960108, 39122248967636, 7528
39122309225604, 39122309233948, 8344
39122498387024, 39122498394572, 7548
39122609758552, 39122609770280, 11728
39122699248512, 39122699257112, 8600
39122704321640, 39122704329568, 7928
39122902302244, 39122902310372, 8128
39122936579664, 39122936587692, 8028
39122954424592, 39122954432440, 7848
39122984821164, 39122984829276, 8112
39122992414344, 39122992421208, 6864
39122994839552, 39122994847608, 8056
39123009966580, 39123009973388, 6808
39123039816496, 39123039824088, 7592
39123158458388, 39123158469772, 11384
39123171101900, 39123171110204, 8304
39123194362248, 39123194369056, 6808
39123196893692, 39123196900452, 6760
39123269475672, 39123269483924, 8252
39123281808840, 39123281816772, 7932
39123299651888, 39123299659492, 7604
39123302204492, 39123302211280, 6788
39123324073948, 39123324086096, 12148
39123334690620, 39123334699440, 8820
39123364526320, 39123364533848, 7528
39123376853952, 39123376860908, 6956
39123398079180, 39123398086212, 7032
39123427938052, 39123427946592, 8540
39123441778292, 39123441789524, 11232
39123790963892, 39123790974788, 10896
39123877269756, 39123877278360, 8604
39123878733424, 39123878740092, 6668
39123891074008, 39123891082184, 8176
39123920924464, 39123920932824, 8360
39123936611768, 39123936623664, 11896
39124569035364, 39124569046052, 10688
