40636351423984, 40636351462792, 38808
40637201323684, 40637201333532, 9848
40637700139812, 40637700148152, 8340
40638137095440, 40638137106364, 10924
40639072806016, 40639072808728, 2712
40640449539696, 40640449550632, 10936
40641058021264, 40641058032764, 11500
40641487004020, 40641487015332, 11312
40642327000884, 40642327011160, 10276
40642829742708, 40642829751848, 9140
40643727609096, 40643727617132, 8036
40644094743092, 40644094754232, 11140
40644539690588, 40644539701904, 11316
40645433489976, 40645433500488, 10512
40645942287240, 40645942297532, 10292
40646562801216, 40646562810920, 9704
40647336906484, 40647336916760, 10276
40647795808680, 40647795817152, 8472
40648234765564, 40648234777420, 11856
40648539102008, 40648539110328, 8320
40649158507172, 40649158515320, 8148
40649697223688, 40649697233568, 9880
40650100263088, 40650100273280, 10192
40650481353716, 40650481363328, 9612
40651189612928, 40651189623400, 10472
40651588662796, 40651588673076, 10280
40652007665480, 40652007673200, 7720
40652682001828, 40652682012248, 10420
40653120956488, 40653120966716, 10228
40653459173744, 40653459184484, 10740
40654174450292, 40654174460716, 10424
40654653248132, 40654653258312, 10180
40654888697976, 40654888709316, 11340
40656295353700, 40656295364144, 10444
40657197137376, 40657197152516, 15140
40636758400516, 40636758439204, 38688
40637205309736, 40637205312208, 2472
40637779948124, 40637779956292, 8168
40638145084576, 40638145095736, 11160
40638438376612, 40638438386232, 9620
40639084785440, 40639084796824, 11384
40639250382968, 40639250394308, 11340
40640463495900, 40640463506568, 10668
40641079971432, 40641079982488, 11056
40641562823648, 40641562833588, 9940
40642297072332, 40642297083784, 11452
40643097110644, 40643097113888, 3244
40643783481324, 40643783493044, 11720
40644733154128, 40644733162352, 8224
40644916723552, 40644916734604, 11052
40645453442320, 40645453451964, 9644
40645958250476, 40645958260812, 10336
40646704406208, 40646704415740, 9532
40647135380272, 40647135390840, 10568
40647917519432, 40647917527652, 8220
40648552065876, 40648552074756, 8880
40648931045160, 40648931054060, 8900
40649998513048, 40649998523764, 10716
40650678821560, 40650678831488, 9928
40651211563724, 40651211574772, 11048
40652023625908, 40652023635628, 9720
40652570327656, 40652570337884, 10228
40653470123916, 40653470134564, 10648
40653929035032, 40653929045308, 10276
40654533595600, 40654533606336, 10736
40655086233232, 40655086244164, 10932
40656395108956, 40656395119860, 10904
40656772159708, 40656772172424, 12716
40636301550330, 40636301585868, 35538
40637321035880, 40637321043596, 7716
40638182997740, 40638183008216, 10476
40638827394260, 40638827396548, 2288
40639681362312, 40639681365384, 3072
40640535325408, 40640535328712, 3304
40641870101736, 40641870112660, 10924
40642404818640, 40642404828180, 9540
40642686092912, 40642686103336, 10424
40643653787284, 40643653790372, 3088
40644709214656, 40644709217912, 3256
40645493345352, 40645493356516, 11164
40645764701252, 40645764712328, 11076
40646820131956, 40646820140212, 8256
40648679651160, 40648679661840, 10680
40649435847336, 40649435855388, 8052
40649982544988, 40649982554720, 9732
40650361645140, 40650361655256, 10116
40651229517084, 40651229524816, 7732
40652476550232, 40652476558004, 7772
40653581856288, 40653581864552, 8264
40655156048548, 40655156056460, 7912
40655876338032, 40655876347612, 9580
40656231498352, 40656231509436, 11084
40656415250272, 40656415258404, 8132
40656985646864, 40656985654992, 8128
40657143273208, 40657143289852, 16644
40657717901592, 40657717916456, 14864
40636742463708, 40636742475528, 11820
40637512577420, 40637512585152, 7732
40637847791980, 40637847803776, 11796
40638759554948, 40638759564860, 9912
40639344171336, 40639344182004, 10668
40640006583648, 40640006593620, 9972
40640563260888, 40640563271352, 10464
40642727988144, 40642727998652, 10508
40643783475428, 40643783484164, 8736
40644723183756, 40644723194384, 10628
40645497335516, 40645497346528, 11012
40646287454544, 40646287463244, 8700
40646712388064, 40646712397912, 9848
40648711583256, 40648711594148, 10892
40649996508680, 40649996518312, 9632
40651041962644, 40651041971468, 8824
40652097450448, 40652097453716, 3268
40653152880076, 40653152883220, 3144
40654208370416, 40654208373612, 3196
40655263795116, 40655263803052, 7936
40656694332980, 40656694344108, 11128
