40636351419044, 40636351423656, 4612
40637201319012, 40637201323492, 4480
40637700136908, 40637700139612, 2704
40638137090268, 40638137095252, 4984
40639072800104, 40639072805832, 5728
40640449536396, 40640449539500, 3104
40641487001140, 40641487003840, 2700
40642326998176, 40642327000692, 2516
40642829740132, 40642829742524, 2392
40643727603132, 40643727608904, 5772
40644094736336, 40644094742896, 6560
40644539686684, 40644539690392, 3708
40645433486384, 40645433489784, 3400
40645942284100, 40645942287044, 2944
40646562798624, 40646562801024, 2400
40647336903320, 40647336906288, 2968
40647795806008, 40647795808496, 2488
40648234762392, 40648234765372, 2980
40648539092548, 40648539101816, 9268
40649158502444, 40649158506980, 4536
40649697221860, 40649697223500, 1640
40650100260012, 40650100262892, 2880
40650481350904, 40650481353524, 2620
40651189606688, 40651189612728, 6040
40651588656852, 40651588662612, 5760
40652007661256, 40652007665292, 4036
40652681997268, 40652682001632, 4364
40653120950460, 40653120956300, 5840
40653459170788, 40653459173548, 2760
40654174445720, 40654174450100, 4380
40654653242256, 40654653247944, 5688
40654888691172, 40654888697784, 6612
40656295349492, 40656295353508, 4016
40656678436332, 40656678441040, 4708
40657197133920, 40657197137044, 3124
40632215972660, 40632215990020, 17360
40636758394264, 40636758400030, 5766
40637205304016, 40637205309344, 5328
40637779945024, 40637779947736, 2712
40638145079572, 40638145084360, 4788
40638438373408, 40638438376128, 2720
40639084777544, 40639084785076, 7532
40639250376680, 40639250382628, 5948
40640463491800, 40640463495576, 3776
40641079967376, 40641079970932, 3556
40641562821176, 40641562823372, 2196
40642297068780, 40642297071840, 3060
40643097104112, 40643097110432, 6320
40643783477384, 40643783481100, 3716
40644733151248, 40644733153836, 2588
40644916720260, 40644916723336, 3076
40645453439200, 40645453442060, 2860
40645958246372, 40645958250180, 3808
40646704401640, 40646704406024, 4384
40647135373696, 40647135380000, 6304
40647917516540, 40647917519140, 2600
40648552056248, 40648552065680, 9432
40648931040304, 40648931044960, 4656
40649998509744, 40649998512776, 3032
40650678818836, 40650678821364, 2528
40651211558336, 40651211563412, 5076
40652023620140, 40652023625536, 5396
40652570322664, 40652570327444, 4780
40653470119940, 40653470123636, 3696
40653929030240, 40653929034812, 4572
40654533590496, 40654533595304, 4808
40655086229300, 40655086232928, 3628
40656395105132, 40656395108672, 3540
40656772156464, 40656772159496, 3032
40632224056372, 40632224065104, 8732
40636301545310, 40636301550010, 4700
40637321029716, 40637321035684, 5968
40638182994420, 40638182997544, 3124
40638827389740, 40638827394068, 4328
40639681357364, 40639681362124, 4760
40640535319548, 40640535325220, 5672
40641870097884, 40641870101552, 3668
40642404815388, 40642404818452, 3064
40642686089376, 40642686092720, 3344
40643653782248, 40643653787092, 4844
40644709209580, 40644709214460, 4880
40645493341736, 40645493345156, 3420
40645764693664, 40645764701064, 7400
40646820126852, 40646820131760, 4908
40648916351964, 40648916356932, 4968
40649435844576, 40649435847144, 2568
40649982540540, 40649982544796, 4256
40650361640496, 40650361644944, 4448
40651229512992, 40651229516904, 3912
40652476546012, 40652476550040, 4028
40653581853384, 40653581856092, 2708
40655156046680, 40655156048356, 1676
40655876335180, 40655876337840, 2660
40656231495408, 40656231498160, 2752
40656415240544, 40656415250076, 9532
40656985643684, 40656985646672, 2988
40657143263964, 40657143273016, 9052
40657717896536, 40657717901404, 4868
40632215990592, 40632215993264, 2672
40632232050436, 40632232059716, 9280
40632239984992, 40632239995252, 10260
40632256115580, 40632256124508, 8928
40636742433244, 40636742438904, 5660
40637512571716, 40637512577232, 5516
40637847788288, 40637847791788, 3500
40638759550432, 40638759554752, 4320
40639344168216, 40639344171148, 2932
40640006577776, 40640006583440, 5664
40640563256132, 40640563260700, 4568
40642727984376, 40642727987952, 3576
40642789886400, 40642789892032, 5632
40642852312584, 40642852316968, 4384
40643783468708, 40643783475236, 6528
40644723180380, 40644723183564, 3184
40645497331696, 40645497335320, 3624
40646287452068, 40646287454352, 2284
40646712383440, 40646712387868, 4428
40648711580228, 40648711583064, 2836
40649132838308, 40649132844104, 5796
40649996505060, 40649996508484, 3424
40651041956612, 40651041962448, 5836
40652097444208, 40652097450132, 5924
40653152873708, 40653152879716, 6008
40654208365440, 40654208370124, 4684
40655263788220, 40655263794932, 6712
40656694329492, 40656694332656, 3164
40657023677472, 40657023683124, 5652
