29345179676860, 29345179685388, 8528
29345196446104, 29345196458688, 12584
29345213096664, 29345213105276, 8612
29345229004160, 29345229011924, 7764
29347220922396, 29347220926564, 4168
29347220991408, 29347220994912, 3504
29347221046708, 29347221048536, 1828
29347221072948, 29347221076024, 3076
29347221098136, 29347221099596, 1460
29347221123552, 29347221127732, 4180
29347221149252, 29347221150660, 1408
29347221226992, 29347221229576, 2584
29347221284388, 29347221287224, 2836
29349213397628, 29349213402380, 4752
29349213420944, 29349213432084, 11140
29349243210232, 29349243216724, 6492
29349273139384, 29349273146104, 6720
29349303060992, 29349303067940, 6948
29349332903524, 29349332910148, 6624
29349362838832, 29349362845460, 6628
29349458528836, 29349458531984, 3148
29349588119464, 29349588121176, 1712
29349717768724, 29349717771636, 2912
29349733768620, 29349733774332, 5712
29350324039436, 29350324041432, 1996
29350425713472, 29350425719196, 5724
29350526887984, 29350526893476, 5492
29350627823872, 29350627829396, 5524
29350729849156, 29350729854928, 5772
29350830977864, 29350830983196, 5332
29350978112644, 29350978115324, 2680
29351153617304, 29351153620616, 3312
29351301189268, 29351301192272, 3004
29351430826476, 29351430828944, 2468
29351468730144, 29351468737036, 6892
29351761806232, 29351761808512, 2280
29351863065452, 29351863070816, 5364
29352063007332, 29352063009412, 2080
29352164955596, 29352164961112, 5516
29352364074228, 29352364076076, 1848
29352509671700, 29352509676812, 5112
29352637293852, 29352637297348, 3496
29352784994036, 29352784996740, 2704
29352958348572, 29352958351208, 2636
29353084027352, 29353084030364, 3012
29353231579820, 29353231582820, 3000
29353249536032, 29353249543288, 7256
29353345235904, 29353345238200, 2296
29353452935996, 29353452938784, 2788
29353554434052, 29353554439800, 5748
29353983331504, 29353983336736, 5232
29354010025152, 29354010030984, 5832
29354134948104, 29354134950840, 2736
29354264585136, 29354264587676, 2540
29354266789004, 29354266794324, 5320
29354268962068, 29354268965392, 3324
29354370234384, 29354370237176, 2792
29354495890516, 29354495893404, 2888
29354625560276, 29354625563364, 3088
29354664516200, 29354664521692, 5492
29354803133744, 29354803136340, 2596
29354950549760, 29354950552632, 2872
29355076382940, 29355076385508, 2568
29355106093184, 29355106100780, 7596
29355176770572, 29355176774196, 3624
29355289304248, 29355289307240, 2992
29355481056076, 29355481059148, 3072
29355496676092, 29355496682560, 6468
29355530826992, 29355530834412, 7420
29355618762800, 29355618769676, 6876
29355662469908, 29355662473084, 3176
29355710347768, 29355710356412, 8644
29355836058396, 29355836060812, 2416
29355857878028, 29355857885004, 6976
29356049362036, 29356049365072, 3036
29356079791696, 29356079800316, 8620
29356254723900, 29356254725620, 1720
29356428265944, 29356428268772, 2828
29356575836192, 29356575839244, 3052
29356615734108, 29356615749852, 15744
29356683496328, 29356683500168, 3840
29356731347220, 29356731361256, 14036
29356847044780, 29356847066456, 21676
29356912854204, 29356912856644, 2440
29356915049992, 29356915054604, 4612
29356930780584, 29356930795592, 15008
29356934887668, 29356934903476, 15808
29356960729452, 29356960745116, 15664
29356990624276, 29356990640404, 16128
29357116242028, 29357116243980, 1952
29357118429068, 29357118434576, 5508
29357121134188, 29357121137660, 3472
29357123309372, 29357123312404, 3032
29357140251528, 29357140268152, 16624
29357223946968, 29357223950032, 3064
29357359585784, 29357359600388, 14604
29357441314272, 29357441316940, 2668
29357566892804, 29357566895692, 2888
29357616770744, 29357616786596, 15852
29357714563720, 29357714578984, 15264
29357888023692, 29357888026752, 3060
29357917935036, 29357917949788, 14752
29357947807680, 29357947822544, 14864
29357977790424, 29357977804756, 14332
29358037567684, 29358037569596, 1912
29358039758996, 29358039763716, 4720
29358089376796, 29358089379920, 3124
29358219044948, 29358219047568, 2620
29358234980052, 29358235006380, 26328
29358332689020, 29358332692428, 3408
29358480295296, 29358480298452, 3156
29358605975016, 29358605977768, 2752
29358622124344, 29358622128856, 4512
29358689658540, 29358689674008, 15468
29358837224232, 29358837227040, 2808
29358966917908, 29358966921108, 3200
29358969111860, 29358969117156, 5296
29358971308868, 29358971312024, 3156
29358973483040, 29358973486008, 2968
29359038682672, 29359038687664, 4992
29359164284500, 29359164287380, 2880
29359267978692, 29359267982376, 3684
29359270179020, 29359270183532, 4512
29359272365548, 29359272368888, 3340
29359276068600, 29359276085168, 16568
29359469379880, 29359469382956, 3076
29360081648216, 29360081651408, 3192
29360121036264, 29360121041840, 5576
29360159911652, 29360159917124, 5472
29360199009796, 29360199014668, 4872
29360238017356, 29360238022604, 5248
29360276931076, 29360276936512, 5436
29360315976876, 29360315981664, 4788
29360355036248, 29360355041568, 5320
29360432591992, 29360432599716, 7724
29360492405640, 29360492408720, 3080
29360691842364, 29360691844268, 1904
29360807507488, 29360807511016, 3528
29360891307044, 29360891309040, 1996
29361090734188, 29361090735924, 1736
29361192186520, 29361192191268, 4748
29361391838184, 29361391841096, 2912
29361517416852, 29361517419736, 2884
29361655026684, 29361655029592, 2908
29361673010460, 29361673018048, 7588
29361768648024, 29361768650792, 2768
29361898382116, 29361898385340, 3224
29361900592476, 29361900597824, 5348
29361902777704, 29361902781404, 3700
29362004002316, 29362004005176, 2860
29362095824184, 29362095831560, 7376
29362251324928, 29362251327508, 2580
29362290154104, 29362290159872, 5768
29362426775176, 29362426778156, 2980
29362428961204, 29362428965904, 4700
29362431162452, 29362431165900, 3448
29362434766840, 29362434774320, 7480
29362464739040, 29362464746240, 7200
29362494660004, 29362494667520, 7516
29362532464728, 29362532467532, 2804
29362658135588, 29362658138316, 2728
29362698023240, 29362698031552, 8312
29362887519472, 29362887522264, 2792
29363035053132, 29363035055740, 2608
29363140703252, 29363140706440, 3188
29363266360608, 29363266363792, 3184
29363457774832, 29363457777572, 2740
29364153742364, 29364153745672, 3308
29364169369212, 29364169374204, 4992
29364185053528, 29364185058904, 5376
29364200760120, 29364200765872, 5752
29364216442256, 29364216446464, 4208
29364232041652, 29364232045896, 4244
29364247750456, 29364247755872, 5416
29364263407460, 29364263412568, 5108
29364279041172, 29364279046608, 5436
29364305414556, 29364305430300, 15744
29364393040584, 29364393055824, 15240
29364488773316, 29364488776732, 3416
29364574525292, 29364574528932, 3640
29364652353056, 29364652368276, 15220
29364748023736, 29364748036544, 12808
29364827891472, 29364827918328, 26856
29364937495688, 29364937510872, 15184
29365001342008, 29365001349792, 7784
29365202697696, 29365202701036, 3340
29365328350308, 29365328353088, 2780
29365451949532, 29365451952668, 3136
29365507813344, 29365507817392, 4048
29365629454936, 29365629462676, 7740
29365826664448, 29365826667740, 3292
29366467021896, 29366467025200, 3304
29366497473528, 29366497478432, 4904
29366528167164, 29366528172720, 5556
29366558720596, 29366558725740, 5144
29366589197352, 29366589202052, 4700
29366718317696, 29366718320444, 2748
29366736240092, 29366736248856, 8764
29366909757212, 29366909765728, 8516
29367029424308, 29367029427840, 3532
29367155056240, 29367155059216, 2976
29367193076652, 29367193085208, 8556
29367384396316, 29367384399240, 2924
29367400014304, 29367400019192, 4888
29367446124448, 29367446126952, 2504
29368666623024, 29368666626680, 3656
29368741594068, 29368741599172, 5104
29368816692236, 29368816697092, 4856
29368892258944, 29368892265220, 6276
29368967262812, 29368967268356, 5544
29369042346912, 29369042351888, 4976
29369118119256, 29369118125188, 5932
29369193101020, 29369193106020, 5000
29369268163352, 29369268169764, 6412
29369343443884, 29369343449592, 5708
29345164111112, 29345164119744, 8632
29349215254648, 29349215257360, 2712
29349301034852, 29349301041588, 6736
29349388784784, 29349388791656, 6872
29349444616232, 29349444620068, 3836
29349476443060, 29349476444916, 1856
29349564256592, 29349564262220, 5628
29349604091352, 29349604098972, 7620
29349793555512, 29349793558108, 2596
29349824052084, 29349824062404, 10320
29349907429444, 29349907435152, 5708
29350050852496, 29350050855092, 2596
29350198467988, 29350198470924, 2936
29350200675360, 29350200680720, 5360
29350202871772, 29350202876060, 4288
29350205077364, 29350205080444, 3080
29350230379516, 29350230385052, 5536
29350306079064, 29350306082024, 2960
29350435704588, 29350435707260, 2672
29350539383108, 29350539388516, 5408
29350619235692, 29350619240000, 4308
29350716961616, 29350716969048, 7432
29350776730268, 29350776733704, 3436
29350952278572, 29350952281608, 3036
29350954474928, 29350954480932, 6004
29350956651604, 29350956655332, 3728
29350958845756, 29350958850364, 4608
29350972141460, 29350972147084, 5624
29351161605032, 29351161607900, 2868
29351295212316, 29351295220160, 7844
29351410879696, 29351410887268, 7572
29351488611068, 29351488614112, 3044
29351526569208, 29351526576148, 6940
29351642225364, 29351642230188, 4824
29352206511584, 29352206514688, 3104
29352208714340, 29352208720212, 5872
29352210892296, 29352210895500, 3204
29352213065156, 29352213068780, 3624
29352215236380, 29352215239432, 3052
29352217425636, 29352217428556, 2920
29352219598084, 29352219601092, 3008
29352221771936, 29352221775600, 3664
29352223947488, 29352223950488, 3000
29352226119968, 29352226122888, 2920
29352228328788, 29352228334740, 5952
29352230544384, 29352230547736, 3352
29352232716264, 29352232719280, 3016
29352234904916, 29352234909960, 5044
29352237082132, 29352237085736, 3604
29352239258068, 29352239260984, 2916
29352241438488, 29352241442296, 3808
29352243614576, 29352243617384, 2808
29352245801176, 29352245804872, 3696
29352264390224, 29352264398036, 7812
29352294334928, 29352294343028, 8100
29352324198524, 29352324205172, 6648
29352348109332, 29352348112416, 3084
29352521629380, 29352521632252, 2872
29352639273156, 29352639277156, 4000
29352641485108, 29352641490168, 5060
29352653289872, 29352653297436, 7564
29352744965780, 29352744968580, 2800
29352856680896, 29352856688508, 7612
29353090001452, 29353090003632, 2180
29353289417952, 29353289421028, 3076
29353438993424, 29353438995988, 2564
29353568527416, 29353568530328, 2912
29353708306708, 29353708312948, 6240
29353897702336, 29353897709028, 6692
29354011274464, 29354011276816, 2352
29354158828080, 29354158831116, 3036
29354286487544, 29354286490432, 2888
29354402151848, 29354402154420, 2572
29354440956876, 29354440961900, 5024
29354581630136, 29354581632624, 2488
29354689373216, 29354689376528, 3312
29354838876444, 29354838880192, 3748
29354976475140, 29354976477160, 2020
29355150062352, 29355150064288, 1936
29355301269188, 29355301272920, 3732
29355479002596, 29355479005180, 2584
29355632630684, 29355632638580, 7896
29355806110556, 29355806118764, 8208
29356077321220, 29356077325152, 3932
29356103936204, 29356103941808, 5604
29356230843888, 29356230847064, 3176
29356442205320, 29356442208584, 3264
29356444395352, 29356444400824, 5472
29356446572680, 29356446576388, 3708
29356448776060, 29356448778992, 2932
29356450986528, 29356450989516, 2988
29356453162924, 29356453165780, 2856
29356455337296, 29356455340076, 2780
29356482094844, 29356482109488, 14644
29356512061348, 29356512077600, 16252
29356541957356, 29356541968284, 10928
29356571867516, 29356571881600, 14084
29356657573220, 29356657575300, 2080
29356659871728, 29356659877524, 5796
29356662097924, 29356662102428, 4504
29356691495908, 29356691511360, 15452
29356721385532, 29356721399220, 13688
29356751309284, 29356751326084, 16800
29356781248696, 29356781263432, 14736
29356811184316, 29356811199460, 15144
29356841068256, 29356841095500, 27244
29356860980128, 29356860983076, 2948
29356962684768, 29356962699920, 15152
29357112257672, 29357112260344, 2672
29357225931648, 29357225933780, 2132
29357367538848, 29357367554360, 15512
29357473180104, 29357473183236, 3132
29357541031668, 29357541046968, 15300
29357796409044, 29357796412868, 3824
29357823013932, 29357823019364, 5432
29357949790516, 29357949793496, 2980
29358095377564, 29358095380268, 2704
29358240976616, 29358240979988, 3372
29358366639332, 29358366642432, 3100
29358504212772, 29358504215748, 2976
29358633803756, 29358633806936, 3180
29358833355780, 29358833357680, 1900
29358935224824, 29358935230468, 5644
29359134395400, 29359134398184, 2784
29359144441248, 29359144456728, 15480
29359174252412, 29359174254888, 2476
29359238160032, 29359238163060, 3028
29359277965896, 29359277968416, 2520
29359375694144, 29359375715848, 21704
29359473333612, 29359473336964, 3352
29359503352612, 29359503367652, 15040
29359533206348, 29359533224672, 18324
29359563101960, 29359563103956, 1996
29359571067928, 29359571083384, 15456
29359666791172, 29359666794192, 3020
29359766675136, 29359766693316, 18180
29360223287084, 29360223290844, 3760
29360249991920, 29360249997924, 6004
29360285032136, 29360285044596, 12460
29360310967784, 29360310975156, 7372
29360340843064, 29360340905532, 62468
29360352817528, 29360352824936, 7408
29360370716024, 29360370721980, 5956
29360400676440, 29360400684312, 7872
29360430610272, 29360430618188, 7916
29360460522700, 29360460593400, 70700
29360548278536, 29360548283612, 5076
29360584132512, 29360584136620, 4108
29360743682928, 29360743690256, 7328
29360875329704, 29360875332716, 3012
29360939281036, 29360939289308, 8272
29361007000556, 29361007003592, 3036
29361154583388, 29361154586280, 2892
29361170200856, 29361170205564, 4708
29361234292100, 29361234299680, 7580
29361322052880, 29361322060736, 7856
29361369867292, 29361369870124, 2832
29361409842004, 29361409849340, 7336
29361473628820, 29361473637248, 8428
29361579208204, 29361579215148, 6944
29361684931536, 29361684938624, 7088
29361790621232, 29361790628480, 7248
29361896461384, 29361896469216, 7832
29362001984400, 29362001991976, 7576
29362107711248, 29362107718460, 7212
29362213402424, 29362213409816, 7392
29362466745404, 29362466749084, 3680
29362541576748, 29362541582500, 5752
29362716003396, 29362716006128, 2732
29362843620592, 29362843623836, 3244
29362893437340, 29362893444724, 7384
29363074952440, 29363074955344, 2904
29363232448012, 29363232478068, 30056
29363322291384, 29363322293920, 2536
29363421964484, 29363421973376, 8892
29363453791844, 29363453794952, 3108
29363697060752, 29363697063496, 2744
29363842655952, 29363842658668, 2716
29363972398988, 29363972401840, 2852
29364018120448, 29364018127548, 7100
29364111921440, 29364111924288, 2848
29364211615128, 29364211618136, 3008
29364261419660, 29364261437804, 18144
29364369192956, 29364369204120, 11164
29364614412748, 29364614415924, 3176
29364722094644, 29364722098184, 3540
29364847766964, 29364847769196, 2232
29365027236976, 29365027240284, 3308
29365043268488, 29365043276944, 8456
29365140915168, 29365140918008, 2840
29365238707312, 29365238716048, 8736
29365316484304, 29365316491184, 6880
29365433999616, 29365434007876, 8260
29365655354576, 29365655358204, 3628
29365701232492, 29365701235936, 3444
29365824895296, 29365824903168, 7872
29366468989952, 29366468992220, 2268
29366543589556, 29366543594940, 5384
29366618939396, 29366618944176, 4780
29366693820200, 29366693825124, 4924
29366827988832, 29366827992112, 3280
29366965655432, 29366965658488, 3056
29367165001860, 29367165003916, 2056
29367265833736, 29367265839560, 5824
29367442184412, 29367442187504, 3092
29367513965788, 29367513969648, 3860
29367653559308, 29367653561200, 1892
29367719438068, 29367719445440, 7372
29367793246728, 29367793249408, 2680
29367835034108, 29367835041776, 7668
29367950699208, 29367950705884, 6676
29368024524692, 29368024527616, 2924
29368066433216, 29368066440676, 7460
29368182018636, 29368182025160, 6524
29368339615688, 29368339617732, 2044
29368413422700, 29368413429324, 6624
29368529059484, 29368529066628, 7144
29368674590088, 29368674593640, 3552
29368692624796, 29368692632624, 7828
29368790404868, 29368790407524, 2656
29368876017760, 29368876025324, 7564
29368993767112, 29368993770692, 3580
29369043687412, 29369043694868, 7456
29369109367132, 29369109369884, 2752
29369294863884, 29369294871320, 7436
29349315110888, 29349315114788, 3900
29349319108180, 29349319113196, 5016
29349424678940, 29349424685996, 7056
29349530391504, 29349530398608, 7104
29349635996352, 29349636003368, 7016
29349831430828, 29349831433904, 3076
29349847003524, 29349847009592, 6068
29349963081716, 29349963084624, 2908
29350092657740, 29350092660384, 2644
29350218363888, 29350218366432, 2544
29350367881032, 29350367884288, 3256
29350457346040, 29350457352232, 6192
29350546451204, 29350546457236, 6032
29350635971204, 29350635976812, 5608
29350725042952, 29350725048708, 5756
29350814213636, 29350814219068, 5432
29350904392456, 29350904397236, 4780
29351010095060, 29351010102388, 7328
29351115770296, 29351115774816, 4520
29351221452316, 29351221457304, 4988
29351327184692, 29351327191984, 7292
29351432816984, 29351432821864, 4880
29351538459492, 29351538465212, 5720
29352387976036, 29352387979284, 3248
29352418344428, 29352418349400, 4972
29352448816676, 29352448822740, 6064
29352479266296, 29352479272132, 5836
29352510154468, 29352510160252, 5784
29352540608352, 29352540614168, 5816
29352683225452, 29352683234152, 8700
29352713102656, 29352713108636, 5980
29352743020592, 29352743028020, 7428
29352772945952, 29352772953648, 7696
29352802816248, 29352802823260, 7012
29352868672480, 29352868675008, 2528
29353018212032, 29353018215120, 3088
29353020403104, 29353020408256, 5152
29353022588588, 29353022592540, 3952
29353046182188, 29353046185420, 3232
29353123913444, 29353123916244, 2800
29353203683728, 29353203692212, 8484
29353317374552, 29353317380156, 5604
29353570622296, 29353570624968, 2672
29353744106452, 29353744109260, 2808
29353943540992, 29353943542992, 2000
29354142873796, 29354142875656, 1860
29354344390144, 29354344392136, 1992
29354446380096, 29354446385068, 4972
29354647542592, 29354647544676, 2084
29354846855148, 29354846857444, 2296
29354948234736, 29354948240976, 6240
29355149983580, 29355149986572, 2992
29355271632244, 29355271640808, 8564
29355469027452, 29355469030608, 3156
29355726238128, 29355726241136, 3008
29355856032364, 29355856034100, 1736
29355985560720, 29355985563512, 2792
29356123111104, 29356123113896, 2792
29356222857404, 29356222864816, 7412
29356444171724, 29356444175268, 3544
29356573932640, 29356573934612, 1972
29356703491908, 29356703495008, 3100
29356835109124, 29356835124904, 15780
29357100302368, 29357100305164, 2796
29357115934196, 29357115939808, 5612
29357198013364, 29357198031072, 17708
29357229911640, 29357229914456, 2816
29357285768584, 29357285782988, 14404
29357373520964, 29357373535864, 14900
29357421444336, 29357421463084, 18748
29357636699388, 29357636716124, 16736
29357672629188, 29357672631972, 2784
29357810204844, 29357810207676, 2832
29357939891868, 29357939893920, 2052
29358069459156, 29358069462276, 3120
29358203110720, 29358203127004, 16284
29358398502188, 29358398504860, 2672
29358496229280, 29358496232064, 2784
29358593934648, 29358593950048, 15400
29358685660364, 29358685676564, 16200
29358777451084, 29358777454024, 2940
29358845189896, 29358845193180, 3284
29358982823836, 29358982825784, 1948
29359044676128, 29359044693192, 17064
29359160339832, 29359160355604, 15772
29359293894728, 29359293898124, 3396
29359323954400, 29359323956096, 1696
29359353820000, 29359353834296, 14296
29359383695328, 29359383710296, 14968
29359395644488, 29359395647312, 2824
29359459399192, 29359459401844, 2652
29359575150620, 29359575154520, 3900
29359750595504, 29359750598204, 2700
29359752810896, 29359752816192, 5296
29359755001092, 29359755004412, 3320
29359757185596, 29359757188820, 3224
29359798419568, 29359798423428, 3860
29359860216448, 29359860219060, 2612
29359918064920, 29359918111804, 46884
29359962066644, 29359962082776, 16132
29360586225016, 29360586228636, 3620
29360617328956, 29360617334268, 5312
29360648068648, 29360648073656, 5008
29360678602744, 29360678607988, 5244
29360807505732, 29360807508672, 2940
29360955092912, 29360955095420, 2508
29360971041152, 29360971048916, 7764
29361022879244, 29361022882752, 3508
29361058771724, 29361058779980, 8256
29361088751428, 29361088759272, 7844
29361118596640, 29361118603400, 6760
29361154481500, 29361154484332, 2832
29361385834192, 29361385837712, 3520
29361509454328, 29361509458220, 3892
29361527377128, 29361527380136, 3008
29361726791004, 29361726794148, 3144
29361900323816, 29361900326280, 2464
29361972079260, 29361972082124, 2864
29362051897536, 29362051904440, 6904
29362129650732, 29362129653760, 3028
29362299219140, 29362299222916, 3776
29362428829456, 29362428832372, 2916
29362514516440, 29362514523716, 7276
29362630247440, 29362630254420, 6980
29362745958060, 29362745965600, 7540
29362861508772, 29362861517072, 8300
29363242492556, 29363242496496, 3940
29363343699364, 29363343706132, 6768
29363445737996, 29363445742768, 4772
29363546709956, 29363546715164, 5208
29363648387084, 29363648392584, 5500
29364215561832, 29364215564188, 2356
29364316243824, 29364316249988, 6164
29364417814136, 29364417819796, 5660
29364518650964, 29364518654904, 3940
29364620251924, 29364620257740, 5816
29364721128688, 29364721133744, 5056
29365037207320, 29365037209948, 2628
29365139024068, 29365139029916, 5848
29365240527568, 29365240532608, 5040
29365439995568, 29365439998356, 2788
29365593555300, 29365593557448, 2148
29365723160872, 29365723163144, 2272
29365868799456, 29365868807844, 8388
29365984495252, 29365984502916, 7664
29366149937176, 29366149940132, 2956
29366165575992, 29366165581260, 5268
29366279592624, 29366279595296, 2672
29366405255408, 29366405258500, 3092
29366420949064, 29366420953444, 4380
29366534842220, 29366534844964, 2744
29366573550988, 29366573555700, 4712
29366678507436, 29366678514728, 7292
29366831956856, 29366831960404, 3548
29366961705116, 29366961706764, 1648
29367091283604, 29367091286160, 2556
29367238788828, 29367238791664, 2836
29367388455808, 29367388464048, 8240
29367464104720, 29367464107432, 2712
29367551828524, 29367551836692, 8168
29367583785180, 29367583793568, 8388
29367639724168, 29367639732860, 8692
29367669500176, 29367669508148, 7972
29367699445312, 29367699452648, 7336
29367729333192, 29367729340840, 7648
29367759298148, 29367759305560, 7412
29367779312880, 29367779321040, 8160
29367976681976, 29367976684852, 2876
29368106345064, 29368106347788, 2724
29368124186276, 29368124193628, 7352
29368166093976, 29368166100664, 6688
29368253802252, 29368253809052, 6800
29368297763340, 29368297771976, 8636
29368327592748, 29368327600332, 7584
29368341567304, 29368341573796, 6492
29368421351016, 29368421354108, 3092
29368546995144, 29368546998408, 3264
29368676762484, 29368676766356, 3872
29368726461972, 29368726469728, 7756
29368814217764, 29368814220376, 2612
29368868057540, 29368868065436, 7896
29368916029684, 29368916037020, 7336
29369129273352, 29369129278136, 4784
29369165225968, 29369165233416, 7448
29345221887668, 29345221896092, 8424
29349247256724, 29349247259992, 3268
29349328960636, 29349328966488, 5852
29349456543920, 29349456546980, 3060
29349458730744, 29349458737396, 6652
29349460909132, 29349460913080, 3948
29349482497168, 29349482503556, 6388
29349512456004, 29349512463664, 7660
29349542272876, 29349542280280, 7404
29349572233720, 29349572238436, 4716
29349602075268, 29349602080620, 5352
29349632074932, 29349632081984, 7052
29349661913972, 29349661919608, 5636
29349691942712, 29349691949416, 6704
29349721777608, 29349721784884, 7276
29349765640424, 29349765643444, 3020
29349854722896, 29349854728380, 5484
29349953173464, 29349953180748, 7284
29350058822756, 29350058829796, 7040
29350164462988, 29350164469844, 6856
29350583260116, 29350583263680, 3564
29350585451856, 29350585457628, 5772
29350587641452, 29350587645324, 3872
29350589839860, 29350589842896, 3036
29350592010860, 29350592013744, 2884
29350594198248, 29350594201116, 2868
29350596374264, 29350596377164, 2900
29350598547808, 29350598550720, 2912
29350600718864, 29350600721844, 2980
29350602889604, 29350602893344, 3740
29350605174288, 29350605179240, 4952
29350607397836, 29350607401116, 3280
29350619154080, 29350619159696, 5616
29350649050480, 29350649058576, 8096
29350678981332, 29350678989116, 7784
29350708919680, 29350708921644, 1964
29350810613704, 29350810616512, 2808
29350918280364, 29350918287820, 7456
29351201454540, 29351201457692, 3152
29351276137604, 29351276143144, 5540
29351492579396, 29351492583324, 3928
29351640259396, 29351640262372, 2976
29351813693928, 29351813696068, 2140
29351989193996, 29351989196944, 2948
29352144724020, 29352144732580, 8560
29352340165632, 29352340173596, 7964
29352535567612, 29352535576340, 8728
29352872598312, 29352872601752, 3440
29352903532484, 29352903538636, 6152
29353030185380, 29353030193304, 7924
29353145852192, 29353145859836, 7644
29353251508528, 29353251511904, 3376
29353381165668, 29353381168380, 2712
29353425073712, 29353425078760, 5048
29353596533648, 29353596535244, 1596
29353612111312, 29353612116728, 5416
29353688270232, 29353688274872, 4640
29353728095860, 29353728098688, 2828
29353859765544, 29353859768556, 3012
29354007271324, 29354007274184, 2860
29354009457696, 29354009463396, 5700
29354011631400, 29354011636168, 4768
29354013824008, 29354013827740, 3732
29354029187456, 29354029194640, 7184
29354059235488, 29354059240368, 4880
29354089141220, 29354089146500, 5280
29354118977888, 29354118985056, 7168
29354216687052, 29354216689492, 2440
29354364288796, 29354364291432, 2636
29354366481256, 29354366487432, 6176
29354368657320, 29354368660724, 3404
29354388181924, 29354388187816, 5892
29354471938476, 29354471940524, 2048
29354474117948, 29354474123480, 5532
29354575739788, 29354575742520, 2732
29354591416032, 29354591420744, 4712
29354653494752, 29354653501588, 6836
29354741242312, 29354741249464, 7152
29354828926996, 29354828931880, 4884
29354906687492, 29354906690532, 3040
29354916612676, 29354916614248, 1572
29355004400748, 29355004408304, 7556
29355092148648, 29355092156164, 7516
29355130045520, 29355130048764, 3244
29355179874548, 29355179881684, 7136
29355267758416, 29355267762980, 4564
29355285577804, 29355285584504, 6700
29355463099524, 29355463101672, 2148
29355728235360, 29355728238256, 2896
29355794136564, 29355794142368, 5804
29355841971740, 29355841974588, 2848
29356043386872, 29356043389436, 2564
29356242867380, 29356242869912, 2532
29356343823456, 29356343829736, 6280
29356864985352, 29356864987964, 2612
29356966331700, 29356966337088, 5388
29357067814308, 29357067819984, 5676
29357169292496, 29357169297968, 5472
29357270058844, 29357270063924, 5080
29357371493132, 29357371498904, 5772
29357558952820, 29357558955128, 2308
29357758354924, 29357758358016, 3092
29357872029960, 29357872032852, 2892
29357874212176, 29357874217432, 5256
29357876395068, 29357876398400, 3332
29358079490536, 29358079493376, 2840
29358097363504, 29358097378368, 14864
29358127339364, 29358127355084, 15720
29358157196432, 29358157213220, 16788
29358187196972, 29358187212032, 15060
29358217096204, 29358217112032, 15828
29358250919804, 29358250923392, 3588
29358450347796, 29358450350256, 2460
29358566083708, 29358566086824, 3116
29358605068612, 29358605074236, 5624
29358697624612, 29358697639296, 14684
29358843220796, 29358843223528, 2732
29358968864448, 29358968867396, 2948
29359064563304, 29359064578772, 15468
29359254134928, 29359254150352, 15424
29359415629356, 29359415632240, 2884
29359443510112, 29359443525380, 15268
29359449493592, 29359449496712, 3120
29359610976936, 29359610979852, 2916
29359622943848, 29359622960204, 16356
29359634897556, 29359634901496, 3940
29359780502308, 29359780505204, 2896
29359812378056, 29359812381076, 3020
29359969975340, 29359969991064, 15724
29360675934168, 29360675938772, 4604
29360750829836, 29360750834712, 4876
29360825716292, 29360825721788, 5496
29360901371448, 29360901376324, 4876
29360976312384, 29360976317584, 5200
29361134566420, 29361134574820, 8400
29361268174560, 29361268177704, 3144
29361330027344, 29361330035652, 8308
29361525413632, 29361525421676, 8044
29361619109348, 29361619112368, 3020
29361720871372, 29361720879604, 8232
29362303119764, 29362303123360, 3596
29362329710932, 29362329716380, 5448
29362357011968, 29362357017168, 5200
29362484688180, 29362484690752, 2572
29362614476772, 29362614479772, 3000
29362616659504, 29362616664692, 5188
29362618836380, 29362618840084, 3704
29362621014808, 29362621018504, 3696
29362644142776, 29362644150036, 7260
29362674049776, 29362674057260, 7484
29362703981160, 29362703988904, 7744
29362733989004, 29362733996788, 7784
29362763817888, 29362763824856, 6968
29362793741812, 29362793749692, 7880
29362823722536, 29362823730040, 7504
29362921355188, 29362921357848, 2660
29363088890132, 29363088898100, 7968
29363284295360, 29363284304012, 8652
29363457801640, 29363457805448, 3808
29363479668756, 29363479676668, 7912
29363659206424, 29363659209536, 3112
29363689591384, 29363689600852, 9468
29363786833908, 29363786842216, 8308
29363870674356, 29363870682760, 8404
29363900520160, 29363900528156, 7996
29363930452736, 29363930460564, 7828
29364219535296, 29364219537488, 2192
29364221708604, 29364221712724, 4120
29364223880800, 29364223885404, 4604
29364226053488, 29364226056848, 3360
29364228232276, 29364228235296, 3020
29364230407316, 29364230410732, 3416
29364232602228, 29364232606008, 3780
29364234774556, 29364234777960, 3404
29364236954940, 29364236958572, 3632
29364239128024, 29364239132472, 4448
29364259428808, 29364259445488, 16680
29364289334092, 29364289349820, 15728
29364319258304, 29364319272380, 14076
29364349217176, 29364349233204, 16028
29364379104488, 29364379119384, 14896
29364409017872, 29364409031396, 13524
29364439042228, 29364439058424, 16196
29364468857476, 29364468859400, 1924
29364498817156, 29364498832524, 15368
29364528732412, 29364528743148, 10736
29364570565864, 29364570567708, 1844
29364588488416, 29364588503424, 15008
29364618378144, 29364618394540, 16396
29364648318128, 29364648334440, 16312
29364672343812, 29364672346824, 3012
29364827927700, 29364827939592, 11892
29364903676640, 29364903679472, 2832
29365176773060, 29365176776584, 3524
29365192391492, 29365192397076, 5584
29365270564252, 29365270571544, 7292
29365358240728, 29365358248840, 8112
29365446056112, 29365446063524, 7412
29365533730860, 29365533738632, 7772
29365621490896, 29365621498272, 7376
29365709216140, 29365709217984, 1844
29365796967532, 29365796975580, 8048
29365922710364, 29365922712624, 2260
29365972447620, 29365972455668, 8048
29366036357492, 29366036360040, 2548
29366155943132, 29366155946388, 3256
29366215756496, 29366215763348, 6852
29366295517432, 29366295520276, 2844
29366445104660, 29366445107872, 3212
29366447313832, 29366447319640, 5808
29366449497484, 29366449500848, 3364
29366451668952, 29366451672208, 3256
29366472984672, 29366472992108, 7436
29366552774948, 29366552777828, 2880
29366586663732, 29366586671460, 7728
29366666436400, 29366666439328, 2928
29366792107572, 29366792110432, 2860
29366849922936, 29366849930444, 7508
29366937665984, 29366937674128, 8144
29367067279320, 29367067281520, 2200
29367113227232, 29367113229204, 1972
29367200886472, 29367200894056, 7584
29367282662568, 29367282665416, 2848
29367372384084, 29367372391304, 7220
29367466064028, 29367466068128, 4100
29367603780864, 29367603789536, 8672
29367709406204, 29367709414020, 7816
29367815120036, 29367815127460, 7424
29367920808324, 29367920815168, 6844
29368026526036, 29368026533660, 7624
29368132258524, 29368132265912, 7388
29368694547504, 29368694550448, 2944
29368783640192, 29368783645304, 5112
29368873594128, 29368873599200, 5072
29368962825920, 29368962831960, 6040
29369051988660, 29369051993956, 5296
29369141888516, 29369141894152, 5636
29369230796572, 29369230800996, 4424
29369319851484, 29369319857552, 6068
29369409356284, 29369409361724, 5440
29369498884144, 29369498890516, 6372
29349245196292, 29349245199744, 3452
29349446675200, 29349446677912, 2712
29349560316504, 29349560323732, 7228
29349647981688, 29349647984836, 3148
29349675902820, 29349675907644, 4824
29349771583368, 29349771587492, 4124
29349815465752, 29349815468980, 3228
29349963049964, 29349963052932, 2968
29350002971328, 29350002978520, 7192
29350076823552, 29350076826316, 2764
29350138583796, 29350138590292, 6496
29350216309576, 29350216312444, 2868
29350389815988, 29350389818896, 2908
29350515451988, 29350515455084, 3096
29350581268840, 29350581275644, 6804
29350814585448, 29350814588292, 2844
29350816784480, 29350816790000, 5520
29350818970136, 29350818973384, 3248
29350828533240, 29350828541372, 8132
29350920281320, 29350920284644, 3324
29350959088152, 29350959093400, 5248
29351063872736, 29351063880164, 7428
29351307235484, 29351307239104, 3620
29351363127484, 29351363133384, 5900
29351558403056, 29351558410512, 7456
29351652139624, 29351652143544, 3920
29351749954160, 29351749961084, 6924
29351855540196, 29351855547808, 7612
29351961371560, 29351961376276, 4716
29352066949332, 29352066956548, 7216
29352172639804, 29352172645076, 5272
29352278392204, 29352278397300, 5096
29352384094644, 29352384099852, 5208
29352489700708, 29352489708088, 7380
29352595439432, 29352595443736, 4304
29352701118464, 29352701125360, 6896
29352806798296, 29352806803440, 5144
29352912555672, 29352912560484, 4812
29353018281128, 29353018286284, 5156
29353123899688, 29353123904688, 5000
29353229656292, 29353229661340, 5048
29353335283596, 29353335288872, 5276
29353441004732, 29353441010436, 5704
29353546620476, 29353546625556, 5080
29353652344976, 29353652349936, 4960
29353758003004, 29353758008024, 5020
29354830914780, 29354830916992, 2212
29354920323224, 29354920329612, 6388
29355009189924, 29355009194460, 4536
29355098238592, 29355098244368, 5776
29355187828060, 29355187832724, 4664
29355277018676, 29355277024288, 5612
29355366034104, 29355366038632, 4528
29355455949896, 29355455955188, 5292
29355544995008, 29355545000224, 5216
29355635157652, 29355635162784, 5132
29355724064740, 29355724070556, 5816
29355813080268, 29355813085644, 5376
29355902727204, 29355902732620, 5416
29355992231764, 29355992236916, 5152
29356081404048, 29356081410756, 6708
29356170858708, 29356170863764, 5056
29356260211660, 29356260217176, 5516
29356348958488, 29356348963984, 5496
29356438595652, 29356438600636, 4984
29356527604320, 29356527609212, 4892
29356617003652, 29356617009428, 5776
29356706821968, 29356706827120, 5152
29356795972324, 29356795976884, 4560
29356885440112, 29356885446028, 5916
29356974425504, 29356974430484, 4980
29357063529688, 29357063535256, 5568
29357153131416, 29357153136592, 5176
29357242143132, 29357242148420, 5288
29357330864272, 29357330869700, 5428
29357420407580, 29357420412176, 4596
29357509821812, 29357509827916, 6104
29357599085672, 29357599091344, 5672
29357688483696, 29357688490448, 6752
29357777573652, 29357777579320, 5668
29357866622060, 29357866627100, 5040
29357956388556, 29357956393692, 5136
29358045533504, 29358045538240, 4736
29358135171712, 29358135176896, 5184
29358224433236, 29358224438164, 4928
29358313492020, 29358313497856, 5836
29358403102488, 29358403107156, 4668
29358492305244, 29358492309952, 4708
29358581613484, 29358581619000, 5516
29358671169476, 29358671174068, 4592
29358760077284, 29358760082688, 5404
29358849084432, 29358849088956, 4524
29358938921760, 29358938927132, 5372
29359027847864, 29359027852532, 4668
29359117728012, 29359117733640, 5628
29359206729760, 29359206734220, 4460
29359295997888, 29359296002728, 4840
29359385867636, 29359385872644, 5008
29359474947848, 29359474953048, 5200
29359564331872, 29359564337124, 5252
29359653977684, 29359653983636, 5952
29359743422952, 29359743428500, 5548
29359832545464, 29359832551332, 5868
29359922152516, 29359922157704, 5188
29360011268448, 29360011274404, 5956
29360100433304, 29360100438088, 4784
29360344851436, 29360344854368, 2932
29360393191880, 29360393197320, 5440
29360580298552, 29360580304544, 5992
29360610087428, 29360610094596, 7168
29360640035580, 29360640042744, 7164
29360669910044, 29360669915080, 5036
29360699882988, 29360699888104, 5116
29360729721820, 29360729729068, 7248
29360759629508, 29360759634712, 5204
29360789535588, 29360789542452, 6864
29360819486988, 29360819491764, 4776
29360849398020, 29360849403088, 5068
29360879313852, 29360879321504, 7652
29360909204160, 29360909208840, 4680
29361024868164, 29361024871956, 3792
29361150513084, 29361150516520, 3436
29361178412292, 29361178417376, 5084
29361208356820, 29361208362592, 5772
29361238273572, 29361238278600, 5028
29361268173892, 29361268180312, 6420
29361298078104, 29361298085672, 7568
29361328027816, 29361328033180, 5364
29361397786432, 29361397789480, 3048
29361539311768, 29361539313644, 1876
29361738758924, 29361738760796, 1872
29361940196052, 29361940198020, 1968
29362139611504, 29362139613612, 2108
29362240734708, 29362240740096, 5388
29362440785280, 29362440787388, 2108
29362642168360, 29362642170536, 2176
29362765774828, 29362765777180, 2352
29362919367336, 29362919375596, 8260
29363092886564, 29363092895012, 8448
29363122765884, 29363122770712, 4828
29363152676948, 29363152683892, 6944
29363182670744, 29363182678308, 7564
29363212504736, 29363212511756, 7020
29363242454440, 29363242462280, 7840
29363272354476, 29363272362100, 7624
29363302240500, 29363302248120, 7620
29363332192964, 29363332200828, 7864
29363362102944, 29363362110684, 7740
29363392004324, 29363392011932, 7608
29363495635504, 29363495638372, 2868
29363675107340, 29363675113904, 6564
29363816711364, 29363816714732, 3368
29363874678944, 29363874680992, 2048
29363966322944, 29363966325548, 2604
29364097943560, 29364097945644, 2084
29364269403404, 29364269406376, 2972
29364456892912, 29364456908536, 15624
29364740044932, 29364740048000, 3068
29364742235784, 29364742241604, 5820
29364744419356, 29364744423124, 3768
29364767958224, 29364767972892, 14668
29364797866896, 29364797876656, 9760
29364943464764, 29364943468468, 3704
29364945682576, 29364945687248, 4672
29364947860616, 29364947863572, 2956
29364950031992, 29364950035604, 3612
29364977445476, 29364977453744, 8268
29365180820652, 29365180824088, 3436
29365348386680, 29365348395676, 8996
29365539694232, 29365539696864, 2632
29365739124196, 29365739125968, 1772
29365938627420, 29365938629168, 1748
29366042252960, 29366042260168, 7208
29366261700776, 29366261702932, 2156
29366389262272, 29366389270344, 8072
29367208964568, 29367208968412, 3844
29367211162980, 29367211168012, 5032
29367213340208, 29367213343380, 3172
29367215524736, 29367215527720, 2984
29367217704192, 29367217707636, 3444
29367219876996, 29367219879808, 2812
29367222048696, 29367222051564, 2868
29367224224644, 29367224227492, 2848
29367226403580, 29367226406496, 2916
29367228580504, 29367228583908, 3404
29367230818012, 29367230822836, 4824
29367233001516, 29367233004976, 3460
29367235178668, 29367235181704, 3036
29367237364500, 29367237367484, 2984
29367239553264, 29367239556272, 3008
29367241726004, 29367241728796, 2792
29367243897864, 29367243900676, 2812
29367246069196, 29367246072276, 3080
29367248240764, 29367248243636, 2872
29367250453300, 29367250458676, 5376
29367252642976, 29367252646280, 3304
29367254827720, 29367254830720, 3000
29367257007012, 29367257011940, 4928
29367259183084, 29367259186584, 3500
29367261362588, 29367261365868, 3280
29367263531728, 29367263534912, 3184
29367280691416, 29367280699284, 7868
29367310655416, 29367310663192, 7776
29367340510120, 29367340517828, 7708
29367370483172, 29367370490452, 7280
29367424334120, 29367424337180, 3060
29367589739384, 29367589747512, 8128
29367898873940, 29367898877096, 3156
29367914660540, 29367914665348, 4808
29367930421392, 29367930427016, 5624
29367946190316, 29367946195376, 5060
29368060409340, 29368060412528, 3188
29368158134856, 29368158142164, 7308
29368309687040, 29368309689804, 2764
29368347538556, 29368347546436, 7880
29368441302696, 29368441305376, 2680
29368471421368, 29368471428596, 7228
29368517170300, 29368517177672, 7372
29368537039140, 29368537047796, 8656
29368658649944, 29368658652824, 2880
29368756427152, 29368756434676, 7524
29368951883116, 29368951890536, 7420
29369183118248, 29369183121064, 2816
29369219019584, 29369219027836, 8252
29349237245492, 29349237248884, 3392
29349386778432, 29349386786156, 7724
29349564277692, 29349564280604, 2912
29349865454432, 29349865457384, 2952
29350102657476, 29350102660560, 3084
29350254233056, 29350254240976, 7920
29350369954164, 29350369961232, 7068
29350485542756, 29350485550320, 7564
29350631100488, 29350631103140, 2652
29350856467872, 29350856469848, 1976
29350982090928, 29350982093912, 2984
29351008065224, 29351008072484, 7260
29351037964732, 29351037971804, 7072
29351067867128, 29351067874236, 7108
29351097790744, 29351097793128, 2384
29351127749148, 29351127756364, 7216
29351157611816, 29351157619652, 7836
29351183519460, 29351183522708, 3248
29351321139404, 29351321142008, 2604
29351486630476, 29351486638820, 8344
29351516512820, 29351516520052, 7232
29351546527252, 29351546534104, 6852
29351576357468, 29351576364876, 7408
29351606275428, 29351606282916, 7488
29351636220144, 29351636225292, 5148
29351666102012, 29351666109368, 7356
29351703972068, 29351703975468, 3400
29351757904268, 29351757907084, 2816
29351865531476, 29351865536308, 4832
29351949400920, 29351949409504, 8584
29352055047252, 29352055054628, 7376
29352214502652, 29352214505636, 2984
29352244393876, 29352244400236, 6360
29352439845396, 29352439848596, 3200
29352442036940, 29352442041748, 4808
29352444217904, 29352444221268, 3364
29352446398092, 29352446401188, 3096
29352473760712, 29352473768380, 7668
29352503693772, 29352503701180, 7408
29352533580196, 29352533587752, 7556
29352563491988, 29352563494168, 2180
29352647273100, 29352647276068, 2968
29352686030728, 29352686036000, 5272
29352798836600, 29352798844308, 7708
29352914476076, 29352914483600, 7524
29353131847184, 29353131850284, 3100
29353134040284, 29353134045888, 5604
29353136215456, 29353136218904, 3448
29353138391932, 29353138395136, 3204
29353277421112, 29353277424304, 3192
29353415116628, 29353415118588, 1960
29353492775312, 29353492782932, 7620
29353552614544, 29353552617676, 3132
29353608510444, 29353608515600, 5156
29353724110116, 29353724117692, 7576
29353784008096, 29353784011332, 3236
29353839828392, 29353839833608, 5216
29353897694268, 29353897697392, 3124
29354027209576, 29354027212236, 2660
29354042840236, 29354042845824, 5588
29354071223880, 29354071229592, 5712
29354126959544, 29354126967392, 7848
29354156878368, 29354156881144, 2776
29354178872080, 29354178876836, 4756
29354186779384, 29354186786884, 7500
29354258676236, 29354258678972, 2736
29354302676148, 29354302684096, 7948
29354388191216, 29354388207140, 15924
29354517807748, 29354517814488, 6740
29354910743004, 29354910746832, 3828
29354941193876, 29354941198904, 5028
29354971685476, 29354971691740, 6264
29355112172712, 29355112180748, 8036
29355227799308, 29355227804344, 5036
29355275609992, 29355275613748, 3756
29355343439204, 29355343446976, 7772
29355524898924, 29355524901172, 2248
29355574715648, 29355574723316, 7668
29355762257520, 29355762260532, 3012
29355764455052, 29355764460212, 5160
29355766629956, 29355766633252, 3296
29355768824204, 29355768827228, 3024
29355869950948, 29355869953752, 2804
29355872695132, 29355872701076, 5944
29355975771684, 29355975774472, 2788
29355991383060, 29355991388152, 5092
29356105178196, 29356105181076, 2880
29356234817204, 29356234819248, 2044
29356273472340, 29356273477604, 5264
29356384391520, 29356384401964, 10444
29356878914412, 29356878918536, 4124
29356905540892, 29356905546388, 5496
29356932121068, 29356932126960, 5892
29357060432360, 29357060434532, 2172
29357225939620, 29357225955612, 15992
29357558960304, 29357558963664, 3360
29357738438836, 29357738454208, 15372
29357768309796, 29357768325828, 16032
29357806249520, 29357806252440, 2920
29357945814496, 29357945816708, 2212
29358003670716, 29358003695364, 24648
29358119389084, 29358119406512, 17428
29358284852756, 29358284856944, 4188
29358408482452, 29358408498236, 15784
29358581990864, 29358582007812, 16948
29358755601528, 29358755616716, 15188
29358785375448, 29358785391176, 15728
29358815303236, 29358815356904, 53668
29358845198204, 29358845212616, 14412
29358994759928, 29358994763320, 3392
29359010334836, 29359010340404, 5568
29359040660660, 29359040675860, 15200
29359128391524, 29359128401832, 10308
29359216185076, 29359216195300, 10224
29359303894804, 29359303916536, 21732
29359441505088, 29359441506896, 1808
29359479311752, 29359479326696, 14944
29359567155040, 29359567170568, 15528
29359654820036, 29359654835632, 15596
29359742599324, 29359742613960, 14636
29359818351172, 29359818354404, 3232
29359830355752, 29359830358712, 2960
29359977925720, 29359977929232, 3512
29360011846060, 29360011862016, 15956
29360041712316, 29360041727052, 14736
29360071624188, 29360071635172, 10984
29360101665340, 29360101681928, 16588
29360131484832, 29360131501540, 16708
29360143471048, 29360143486812, 15764
29360316911596, 29360316919096, 7500
29360490488316, 29360490496956, 8640
29360520364260, 29360520371924, 7664
29360550227700, 29360550235224, 7524
29361034833516, 29361034837268, 3752
29361037037968, 29361037042596, 4628
29361039217508, 29361039221200, 3692
29361150519492, 29361150522992, 3500
29361337972820, 29361337980596, 7776
29361527382520, 29361527389852, 7332
29361716867888, 29361716876288, 8400
29361758706112, 29361758709200, 3088
29361916291724, 29361916300016, 8292
29362097849068, 29362097852024, 2956
29362225388264, 29362225397232, 8968
29362255239272, 29362255246712, 7440
29362311103268, 29362311105524, 2256
29362315205308, 29362315213628, 8320
29362329059804, 29362329062596, 2792
29362424837064, 29362424844192, 7128
29362530499504, 29362530507516, 8012
29362636216896, 29362636223744, 6848
29362741870704, 29362741878480, 7776
29362847642788, 29362847649172, 6384
29362953300656, 29362953307764, 7108
29363059025852, 29363059032716, 6864
29363429926496, 29363429928424, 1928
29363518984796, 29363518990144, 5348
29363608460416, 29363608467184, 6768
29363697947856, 29363697954408, 6552
29363786875952, 29363786881420, 5468
29363876804360, 29363876809964, 5604
29363966004480, 29363966009660, 5180
29364055410296, 29364055416708, 6412
29364145211556, 29364145217580, 6024
29364234297824, 29364234303000, 5176
29364322954412, 29364322959476, 5064
29364412543976, 29364412549544, 5568
29364501777264, 29364501782112, 4848
29364590843076, 29364590848756, 5680
29364680382724, 29364680387908, 5184
29364769278712, 29364769283176, 4464
29364859044680, 29364859050520, 5840
29364961405236, 29364961412800, 7564
29365352292704, 29365352295180, 2476
29365441449792, 29365441454948, 5156
29365530437900, 29365530442820, 4920
29365620177740, 29365620182832, 5092
29365709196268, 29365709204508, 8240
29365798319972, 29365798324984, 5012
29365888010740, 29365888016068, 5328
29365977451976, 29365977456840, 4864
29366066284764, 29366066290160, 5396
29366155993340, 29366155998756, 5416
29366245639808, 29366245645748, 5940
29366334683868, 29366334689652, 5784
29366424290744, 29366424296228, 5484
29366513156536, 29366513160992, 4456
29366602751940, 29366602757464, 5524
29366691558088, 29366691563404, 5316
29366780663932, 29366780668868, 4936
29366870293928, 29366870298504, 4576
29366969609732, 29366969617788, 8056
29367075304464, 29367075311744, 7280
29367180949716, 29367180956872, 7156
29367286665424, 29367286673572, 8148
29367392356208, 29367392364256, 8048
29367498037788, 29367498045608, 7820
29367623606720, 29367623610124, 3404
29367825066468, 29367825069196, 2728
29367974713908, 29367974721544, 7636
29368170036844, 29368170044704, 7860
29368451262712, 29368451265724, 3012
29368453483108, 29368453489388, 6280
29368455657120, 29368455661044, 3924
29368457853200, 29368457856812, 3612
29368477222748, 29368477230320, 7572
29368507164224, 29368507171776, 7552
29368662665480, 29368662668568, 3088
29368664852636, 29368664858504, 5868
29368667031444, 29368667035192, 3748
29368669208068, 29368669211256, 3188
29368686651352, 29368686658996, 7644
29368716520040, 29368716527768, 7728
29368746398944, 29368746406876, 7932
29368776309540, 29368776317464, 7924
29368806235356, 29368806242564, 7208
29368836112016, 29368836120108, 8092
29368866061960, 29368866068708, 6748
29368896042668, 29368896050224, 7556
29368925958884, 29368925966632, 7748
29368969744140, 29368969746192, 2052
29368985878728, 29368985886068, 7340
29369015612876, 29369015620068, 7192
29369045582596, 29369045590316, 7720
29369075421244, 29369075429016, 7772
29369171184384, 29369171186220, 1836
29369173429000, 29369173433940, 4940
29369175630240, 29369175633328, 3088
29349438610212, 29349438613720, 3508
29349438629924, 29349438636404, 6480
29349592105528, 29349592113196, 7668
29349781694104, 29349781702512, 8408
29349867300312, 29349867303444, 3132
29350042873840, 29350042876088, 2248
29350190437868, 29350190443616, 5748
29350385826116, 29350385835316, 9200
29350647062524, 29350647065532, 3008
29350774722464, 29350774730936, 8472
29350948215968, 29350948222132, 6164
29351159582028, 29351159584560, 2532
29351361041812, 29351361043772, 1960
29351769768964, 29351769773100, 4136
29351873572892, 29351873577684, 4792
29351989202152, 29351989206872, 4720
29352104871592, 29352104877892, 6300
29352220485316, 29352220492100, 6784
29352336163688, 29352336168324, 4636
29352451837844, 29352451842548, 4704
29352649247360, 29352649250316, 2956
29352774894320, 29352774896296, 1976
29352900531700, 29352900534392, 2692
29352902731296, 29352902736624, 5328
29352904918136, 29352904922204, 4068
29352922449880, 29352922457344, 7464
29352926456572, 29352926462048, 5476
29353205699336, 29353205701356, 2020
29353441003856, 29353441006972, 3116
29353570538256, 29353570545684, 7428
29353759997896, 29353760005920, 8024
29353789906580, 29353789908376, 1796
29353819814640, 29353819822148, 7508
29353849788168, 29353849795576, 7408
29353879730088, 29353879737412, 7324
29353993292588, 29353993295332, 2744
29354168823804, 29354168825888, 2084
29354342406600, 29354342408740, 2140
29354516247380, 29354516249392, 2012
29354685324628, 29354685332392, 7764
29354880806628, 29354880812600, 5972
29354919617332, 29354919632196, 14864
29354996407056, 29354996415000, 7944
29355086175576, 29355086182640, 7064
29355279599444, 29355279602900, 3456
29355281787484, 29355281792728, 5244
29355283972416, 29355283976564, 4148
29355286151256, 29355286155412, 4156
29355288329052, 29355288332096, 3044
29355290509104, 29355290511992, 2888
29355315486516, 29355315493988, 7472
29355345397628, 29355345405336, 7708
29355375429888, 29355375437788, 7900
29355405242904, 29355405250812, 7908
29355435183396, 29355435234156, 50760
29355493010440, 29355493012496, 2056
29355495195564, 29355495201772, 6208
29355497374744, 29355497382880, 8136
29355524851608, 29355524857104, 5496
29355554765628, 29355554770736, 5108
29355584801492, 29355584808372, 6880
29355614638336, 29355614643088, 4752
29355644509292, 29355644515724, 6432
29355662466520, 29355662469408, 2888
29355857905692, 29355857908484, 2792
29356033400424, 29356033406336, 5912
29356105250268, 29356105252052, 1784
29356107434228, 29356107439028, 4800
29356123198524, 29356123202920, 4396
29356208991348, 29356208993112, 1764
29356211226612, 29356211232872, 6260
29356213421340, 29356213424944, 3604
29356242761564, 29356242769576, 8012
29356252761332, 29356252764108, 2776
29356444291404, 29356444307552, 16148
29356641646028, 29356641648828, 2800
29356791321452, 29356791322980, 1528
29356938755968, 29356938759080, 3112
29356980651448, 29356980667368, 15920
29357068391896, 29357068394780, 2884
29357170112196, 29357170130032, 17836
29357200001096, 29357200012608, 11512
29357230003976, 29357230020680, 16704
29357259905436, 29357259922468, 17032
29357289751044, 29357289760824, 9780
29357319655612, 29357319670132, 14520
29357349574896, 29357349590908, 16012
29357379484948, 29357379501708, 16760
29357409419876, 29357409430464, 10588
29357439322096, 29357439324144, 2048
29357469248004, 29357469261168, 13164
29357499161068, 29357499177732, 16664
29357529083416, 29357529097644, 14228
29357558976824, 29357558991256, 14432
29357588838812, 29357588855248, 16436
29357618832824, 29357618847076, 14252
29357648772476, 29357648786784, 14308
29357678590868, 29357678605872, 15004
29357708504704, 29357708520724, 16020
29357744403144, 29357744406152, 3008
29357822159700, 29357822163504, 3804
29357900042440, 29357900058260, 15820
29357927900552, 29357927916684, 16132
29357987736468, 29357987750716, 14248
29358075425096, 29358075440340, 15244
29358117312404, 29358117329836, 17432
29358284944220, 29358284948156, 3936
29358287170068, 29358287175160, 5092
29358306758308, 29358306769420, 11112
29358336674516, 29358336690472, 15956
29358366632592, 29358366648416, 15824
29358396638324, 29358396649372, 11048
29358615902496, 29358615904960, 2464
29358791371644, 29358791374076, 2432
29358966888284, 29358966891040, 2756
29358997330736, 29358997341576, 10840
29359024775280, 29359024790652, 15372
29359054703632, 29359054721304, 17672
29359084567136, 29359084576308, 9172
29359102504440, 29359102522936, 18496
29359327958960, 29359327960896, 1936
29359529304860, 29359529306956, 2096
29359630786036, 29359630791796, 5760
29359830404132, 29359830406092, 1960
29360033735124, 29360033737732, 2608
29360093654360, 29360093669424, 15064
29360181341744, 29360181344804, 3060
29360191323736, 29360191330840, 7104
29360207251976, 29360207254784, 2808
29360394771524, 29360394773232, 1708
29360483749788, 29360483754528, 4740
29360573066732, 29360573071256, 4524
29360662760596, 29360662765552, 4956
29360751667548, 29360751672812, 5264
29360840703380, 29360840708824, 5444
29360945162800, 29360945170264, 7464
29361050788832, 29361050796496, 7664
29361156478492, 29361156485580, 7088
29361262198988, 29361262206184, 7196
29361367919304, 29361367926916, 7612
29361555275320, 29361555278692, 3372
29361704951540, 29361704959024, 7484
29361784627920, 29361784630408, 2488
29361786825516, 29361786830804, 5288
29361806623764, 29361806631008, 7244
29361820533164, 29361820541028, 7864
29361986047252, 29361986050772, 3520
29361988271348, 29361988276812, 5464
29361990454648, 29361990459272, 4624
29362016045496, 29362016053144, 7648
29362045901164, 29362045909388, 8224
29362075783504, 29362075789936, 6432
29362105716080, 29362105723736, 7656
29362135615340, 29362135622692, 7352
29362165538288, 29362165545840, 7552
29362195438024, 29362195445920, 7896
29362293158356, 29362293161380, 3024
29362474730604, 29362474738332, 7728
29362664089840, 29362664097288, 7448
29362853590536, 29362853599276, 8740
29362883536564, 29362883544112, 7548
29362913376300, 29362913383644, 7344
29362943287172, 29362943295016, 7844
29362973206352, 29362973213288, 6936
29363003133876, 29363003141100, 7224
29363033020056, 29363033026656, 6600
29363063075160, 29363063082408, 7248
29363126839656, 29363126842060, 2404
29363208601488, 29363208608440, 6952
29363324231752, 29363324239864, 8112
29363467794172, 29363467796100, 1928
29363555510500, 29363555517196, 6696
29363671129136, 29363671136796, 7660
29363922453684, 29363922456760, 3076
29364048156628, 29364048159624, 2996
29364149759384, 29364149762860, 3476
29364249453660, 29364249469344, 15684
29364365142608, 29364365158416, 15808
29364494734864, 29364494737296, 2432
29364596489024, 29364596500004, 10980
29364712203076, 29364712219120, 16044
29364945453796, 29364945456692, 2896
29364984305836, 29364984311020, 5184
29365059149364, 29365059156868, 7504
29365224687296, 29365224689204, 1908
29365290473044, 29365290480868, 7824
29365406183448, 29365406190564, 7116
29365521925348, 29365521932980, 7632
29365637399272, 29365637407112, 7840
29365753082300, 29365753090012, 7712
29365982450608, 29365982454064, 3456
29366074145136, 29366074152804, 7668
29366241664068, 29366241666840, 2772
29366263681728, 29366263690448, 8720
29366293574668, 29366293582728, 8060
29366323456120, 29366323464008, 7888
29366331413408, 29366331416524, 3116
29366463004400, 29366463007832, 3432
29366588658576, 29366588661176, 2600
29366889818848, 29366889821860, 3012
29367065314676, 29367065317772, 3096
29367141104344, 29367141111836, 7492
29367302668828, 29367302671608, 2780
29367400334808, 29367400342856, 8048
29367631628532, 29367631632020, 3488
29367777236920, 29367777245404, 8484
29369188336072, 29369188339144, 3072
29369289391084, 29369289396264, 5180
29369390945156, 29369390950800, 5644
29369492160340, 29369492166932, 6592
29369593927852, 29369593934944, 7092
29369695436812, 29369695442352, 5540
29369797238972, 29369797247360, 8388
29369899457984, 29369899463620, 5636
29345171325336, 29345171333884, 8548
29345188160872, 29345188168708, 7836
29345204856088, 29345204864504, 8416
29349245197844, 29349245201184, 3340
29349444674224, 29349444678948, 4724
29349875313452, 29349875316836, 3384
29349877508100, 29349877513240, 5140
29349879684024, 29349879687392, 3368
29349901253036, 29349901258052, 5016
29349931160880, 29349931168348, 7468
29349961104212, 29349961109376, 5164
29349991003352, 29349991011008, 7656
29350020886984, 29350020894072, 7088
29350050823160, 29350050828324, 5164
29350082701104, 29350082702908, 1804
29350186506364, 29350186509380, 3016
29350202107660, 29350202113204, 5544
29350266188748, 29350266195784, 7036
29350353933252, 29350353945928, 12676
29350441741776, 29350441746644, 4868
29350529386616, 29350529393688, 7072
29350617149060, 29350617156740, 7680
29350704923600, 29350704930488, 6888
29350792634964, 29350792642652, 7688
29350880440672, 29350880448540, 7868
29350968218584, 29350968223284, 4700
29351055960200, 29351055964840, 4640
29351143637056, 29351143641988, 4932
29351199473984, 29351199476964, 2980
29351217441080, 29351217448392, 7312
29351231390712, 29351231398404, 7692
29351247414196, 29351247421024, 6828
29351277290980, 29351277297984, 7004
29351307156680, 29351307164028, 7348
29351319127060, 29351319135080, 8020
29351337108416, 29351337115972, 7556
29351366958352, 29351366965924, 7572
29351396912252, 29351396919792, 7540
29351406873116, 29351406880260, 7144
29351426836864, 29351426844140, 7276
29351456730876, 29351456751448, 20572
29351494575580, 29351494582536, 6956
29351582343688, 29351582351052, 7364
29351670181336, 29351670186120, 4784
29351757886156, 29351757888208, 2052
29351845555968, 29351845560696, 4728
29351933346292, 29351933354180, 7888
29352021075932, 29352021082548, 6616
29352108811120, 29352108818052, 6932
29352196564240, 29352196569256, 5016
29352284321196, 29352284328880, 7684
29352372056128, 29352372057784, 1656
29352459796848, 29352459803628, 6780
29352547514604, 29352547520904, 6300
29352635324176, 29352635332032, 7856
29352723069496, 29352723076276, 6780
29352810786612, 29352810793392, 6780
29352898553084, 29352898561164, 8080
29352986303636, 29352986311448, 7812
29353074131340, 29353074138740, 7400
29353161868680, 29353161876556, 7876
29353221621120, 29353221623452, 2332
29353223845748, 29353223851100, 5352
29353251519672, 29353251524820, 5148
29353281416900, 29353281423404, 6504
29353311340400, 29353311347712, 7312
29353341401460, 29353341406532, 5072
29353371167296, 29353371172560, 5264
29353401089676, 29353401094652, 4976
29353431094596, 29353431101596, 7000
29353460844472, 29353460853452, 8980
29353490769700, 29353490777344, 7644
29353520691644, 29353520696860, 5216
29353566534348, 29353566536308, 1960
29353580487664, 29353580495152, 7488
29353610403228, 29353610410692, 7464
29353640332752, 29353640338248, 5496
29353670247136, 29353670254452, 7316
29353700206616, 29353700211508, 4892
29353730085924, 29353730093192, 7268
29353971549320, 29353971552296, 2976
29354412104836, 29354412107692, 2856
29354477998352, 29354478004408, 6056
29354507854820, 29354507859732, 4912
29354537749988, 29354537752200, 2212
29354567655072, 29354567662092, 7020
29354597545924, 29354597552436, 6512
29354627549064, 29354627554292, 5228
29354657415480, 29354657420564, 5084
29354687286188, 29354687293068, 6880
29354717208000, 29354717215352, 7352
29354747135116, 29354747143144, 8028
29354777132572, 29354777137524, 4952
29354806998544, 29354807005736, 7192
29354836894472, 29354836901636, 7164
29354866789352, 29354866796056, 6704
29354924627324, 29354924629416, 2092
29354926805828, 29354926811724, 5896
29354956529452, 29354956534608, 5156
29354986450696, 29354986456032, 5336
29355016337848, 29355016344500, 6652
29355046274560, 29355046282900, 8340
29355500897356, 29355500900348, 2992
29355722281192, 29355722284276, 3084
29355959614104, 29355959616924, 2820
29355961829352, 29355961835228, 5876
29355964007480, 29355964011008, 3528
29355973580548, 29355973588016, 7468
29356003451052, 29356003456224, 5172
29356065304952, 29356065307768, 2816
29356145059260, 29356145064104, 4844
29356232819360, 29356232826752, 7392
29356320536080, 29356320550572, 14492
29356408314260, 29356408329144, 14884
29356496040420, 29356496058072, 17652
29356583794916, 29356583811224, 16308
29356671558608, 29356671560348, 1740
29356759266380, 29356759280968, 14588
29357086328848, 29357086331704, 2856
29357194053876, 29357194068052, 14176
29357309736920, 29357309754340, 17420
29357425361656, 29357425377216, 15560
29357870109452, 29357870111944, 2492
29358043556792, 29358043558744, 1952
29358320713248, 29358320716024, 2776
29358338669748, 29358338683632, 13884
29358426474076, 29358426489952, 15876
29358456441660, 29358456458096, 16436
29358486258824, 29358486274940, 16116
29358516168512, 29358516183960, 15448
29358546178128, 29358546192872, 14744
29358575997604, 29358576007852, 10248
29358605899256, 29358605916000, 16744
29358635936608, 29358635938348, 1740
29358665730228, 29358665745648, 15420
29358695625804, 29358695642728, 16924
29358725548108, 29358725563796, 15688
29358990786740, 29358990789632, 2892
29359200203344, 29359200205640, 2296
29359876257820, 29359876260960, 3140
29359878444720, 29359878449688, 4968
29359892121712, 29359892136788, 15076
29359922136228, 29359922154420, 18192
29359952076072, 29359952092116, 16044
29359981896304, 29359981909676, 13372
29360043690608, 29360043694012, 3404
29360191291712, 29360191294152, 2440
29360221178284, 29360221181536, 3252
29360251108232, 29360251115948, 7716
29360269083452, 29360269090696, 7244
29360356792920, 29360356800088, 7168
29360372953416, 29360372966352, 12936
29360444586536, 29360444593856, 7320
29360532314760, 29360532322336, 7576
29360548278044, 29360548286136, 8092
29360620125860, 29360620133420, 7560
29360663945420, 29360663952980, 7560
29360707798776, 29360707805560, 6784
29360779669980, 29360779676916, 6936
29360895247264, 29360895254572, 7308
29361030843160, 29361030845828, 2668
29361126651560, 29361126658648, 7088
29361242246140, 29361242253816, 7676
29361357916756, 29361357924920, 8164
29361387904372, 29361387911696, 7324
29361417720656, 29361417727900, 7244
29361447622276, 29361447630572, 8296
29361477495516, 29361477503264, 7748
29361507445860, 29361507453512, 7652
29361537330196, 29361537337676, 7480
29361567343152, 29361567350780, 7628
29361597155736, 29361597163548, 7812
29361627196584, 29361627203868, 7284
29361657008532, 29361657015620, 7088
29361686936496, 29361686943416, 6920
29361990046028, 29361990049376, 3348
29362005652808, 29362005657644, 4836
29362021308848, 29362021314492, 5644
29362036995260, 29362037000272, 5012
29362151634584, 29362151636492, 1908
29362199447300, 29362199454728, 7428
29362287187976, 29362287195904, 7928
29362374975636, 29362374982496, 6860
29362462686728, 29362462694880, 8152
29362550402096, 29362550409668, 7572
29362638202692, 29362638210132, 7440
29362725920688, 29362725928140, 7452
29362813667136, 29362813668796, 1660
29362901412340, 29362901419480, 7140
29362989153476, 29362989160600, 7124
29363076896816, 29363076904148, 7332
29363128756948, 29363128759520, 2572
29363164670568, 29363164677988, 7420
29363252461208, 29363252468104, 6896
29363340142800, 29363340150420, 7620
29363427908080, 29363427915904, 7824
29363709005344, 29363709008684, 3340
29363711190424, 29363711196120, 5696
29363713366300, 29363713370168, 3868
29363715538612, 29363715541920, 3308
29363717713760, 29363717717332, 3572
29363719897736, 29363719900688, 2952
29363722077720, 29363722080888, 3168
29363724266528, 29363724270796, 4268
29363726441828, 29363726444900, 3072
29363750947788, 29363750954688, 6900
29363780937912, 29363780945648, 7736
29363810767860, 29363810775624, 7764
29363840633480, 29363840641072, 7592
29364149839812, 29364149842608, 2796
29364307288872, 29364307307680, 18808
29364480808980, 29364480811428, 2448
29364568622232, 29364568637664, 15432
29364656274056, 29364656291192, 17136
29364744123004, 29364744131964, 8960
29364831807892, 29364831822764, 14872
29364919547832, 29364919563228, 15396
29365007358920, 29365007367140, 8220
29365037216240, 29365037224000, 7760
29365067130296, 29365067137952, 7656
29365097039664, 29365097041540, 1876
29365198746020, 29365198748044, 2024
29365201003668, 29365201008720, 5052
29365203185380, 29365203188804, 3424
29365216722424, 29365216729904, 7480
29365246633332, 29365246641428, 8096
29365276488036, 29365276495864, 7828
29365306430992, 29365306432680, 1688
29365336428584, 29365336435836, 7252
29365366222884, 29365366229852, 6968
29365396274916, 29365396282876, 7960
29365426222164, 29365426229784, 7620
29365455916592, 29365455921836, 5244
29365485844304, 29365485852300, 7996
29365515826652, 29365515834672, 8020
29365545756660, 29365545764472, 7812
29365575579608, 29365575586996, 7388
29365605510964, 29365605518916, 7952
29365635416020, 29365635423724, 7704
29365665319216, 29365665326504, 7288
29365715216024, 29365715217772, 1748
29365725237368, 29365725245456, 8088
29365755120612, 29365755128392, 7780
29365785002700, 29365785010104, 7404
29365814914128, 29365814921928, 7800
29365844849680, 29365844857484, 7804
29365874736956, 29365874744148, 7192
29365904805648, 29365904812204, 6556
29365934644300, 29365934652388, 8088
29365964561556, 29365964563024, 1468
29365994391188, 29365994399212, 8024
29366024308016, 29366024313612, 5596
29366054187880, 29366054195268, 7388
29366084147252, 29366084153988, 6736
29366114088444, 29366114096124, 7680
29366143959160, 29366143967060, 7900
29366173948308, 29366173955868, 7560
29366203850844, 29366203857992, 7148
29366233721716, 29366233728928, 7212
29366455149644, 29366455152304, 2660
29366642535988, 29366642544336, 8348
29366802144552, 29366802147396, 2844
29366831966752, 29366831974452, 7700
29366997472232, 29366997480792, 8560
29367258705456, 29367258708120, 2664
29367430220736, 29367430228692, 7956
29367460092604, 29367460100272, 7668
29367490083644, 29367490091268, 7624
29367520036704, 29367520044688, 7984
29367549931732, 29367549940040, 8308
29367579724744, 29367579731892, 7148
29367609659544, 29367609666844, 7300
29367789161604, 29367789164136, 2532
29367819037364, 29367819044732, 7368
29367848956420, 29367848964524, 8104
29367878982772, 29367878990320, 7548
29367908890328, 29367908897896, 7568
29367938754264, 29367938760980, 6716
29367968648152, 29367968650436, 2284
29367998556776, 29367998576900, 20124
29368028500576, 29368028508660, 8084
29368058411624, 29368058418952, 7328
29368088288304, 29368088295820, 7516
29368118225828, 29368118233384, 7556
29368148148368, 29368148155396, 7028
29368178035452, 29368178042752, 7300
29368207963396, 29368207971100, 7704
29368237926328, 29368237933100, 6772
29368267884100, 29368267891452, 7352
29368656722736, 29368656725456, 2720
29368818177552, 29368818185120, 7568
29368991677924, 29368991686136, 8212
29369107356980, 29369107364604, 7624
29369185108312, 29369185111104, 2792
29369222995048, 29369223002232, 7184
29369342670000, 29369342678236, 8236
