38948928302204, 38948928313132, 10928
38949666554308, 38949666565128, 10820
38949775015560, 38949775023860, 8300
38949791359848, 38949791367308, 7460
38949795544288, 38949795552060, 7772
38949796622748, 38949796630800, 8052
38949814204088, 38949814215408, 11320
38949818398924, 38949818406776, 7852
38949907977640, 38949907988544, 10904
38949945889200, 38949945900360, 11160
38950031676640, 38950031679724, 3084
38950056520072, 38950056529460, 9388
38950099657552, 38950099668844, 11292
38950123591976, 38950123603292, 11316
38950157370696, 38950157378680, 7984
38950158428664, 38950158435380, 6716
38950249154200, 38950249162700, 8500
38950257146332, 38950257157512, 11180
38950959413876, 38950959424560, 10684
38951158643196, 38951158651600, 8404
38951208213412, 38951208221868, 8456
38951240748784, 38951240760360, 11576
38951244948328, 38951244955844, 7516
38951318558860, 38951318570400, 11540
38951326861088, 38951326869516, 8428
38951331049916, 38951331057288, 7372
38951332106676, 38951332113168, 6492
38951343964072, 38951343972444, 8372
38951344485120, 38951344492156, 7036
38951348669700, 38951348676920, 7220
38951350472188, 38951350479144, 6956
38951351527512, 38951351533928, 6416
38951370419632, 38951370426744, 7112
38951374607088, 38951374614024, 6936
38951386457524, 38951386465908, 8384
38951398033568, 38951398040880, 7312
38951500120108, 38951500131348, 11240
38951553585528, 38951553593024, 7496
38951559682640, 38951559689432, 6792
38951586463516, 38951586471628, 8112
38951590651320, 38951590658368, 7048
38951596749024, 38951596756428, 7404
38951605862636, 38951605869808, 7172
38951632593884, 38951632601016, 7132
38951731571536, 38951731583220, 11684
38951753608812, 38951753616988, 8176
38951780334004, 38951780340932, 6928
38951791348236, 38951791355948, 7712
38951797456900, 38951797463532, 6632
38951824204268, 38951824211180, 6912
38951835225284, 38951835233404, 8120
38951982972784, 38951982983804, 11020
38952003855644, 38952003864060, 8416
38952004935656, 38952004943052, 7396
38952015955928, 38952015963680, 7752
38952144586956, 38952144596888, 9932
38952228386772, 38952228395428, 8656
38952314196244, 38952314207876, 11632
38952336255800, 38952336263608, 7808
38952483779408, 38952483789896, 10488
38952519692480, 38952519703516, 11036
38952569179844, 38952569187232, 7388
38952615413524, 38952615425380, 11856
38952649737540, 38952649745180, 7640
38952761057560, 38952761068836, 11276
38952767149028, 38952767156492, 7464
38952783483080, 38952783491100, 8020
38952904771048, 38952904778932, 7884
38952916600768, 38952916608152, 7384
38952922720812, 38952922727756, 6944
38953038398652, 38953038410348, 11696
38953118609256, 38953118617056, 7800
38953130465792, 38953130473484, 7692
38953399540908, 38953399551588, 10680
38953411730924, 38953411739580, 8656
38953500702256, 38953500709752, 7496
38953517038504, 38953517045440, 6936
38953758987568, 38953758996348, 8780
38953864433072, 38953864444372, 11300
38953898126872, 38953898134292, 7420
38953899205200, 38953899212152, 6952
38953905299436, 38953905306288, 6852
38953913591620, 38953913598944, 7324
38953929943112, 38953929949956, 6844
38953936035032, 38953936041548, 6516
38953936256184, 38953936262896, 6712
38954044007204, 38954044018440, 11236
38954319358000, 38954319369448, 11448
38954325454620, 38954325461784, 7164
38954326512000, 38954326518536, 6536
38954492934732, 38954492945968, 11236
38954696092108, 38954696100788, 8680
38954698384092, 38954698391076, 6984
38954732134952, 38954732142180, 7228
38954748265036, 38954748272212, 7176
38954798162292, 38954798173536, 11244
38954879967552, 38954879978932, 11380
38954881033564, 38954881040996, 7432
38954991690244, 38954991702164, 11920
38955121162848, 38955121171404, 8556
38955133014692, 38955133022864, 8172
38955139689380, 38955139697160, 7780
38955140746936, 38955140754388, 7452
38955255064100, 38955255075332, 11232
38955288130600, 38955288139156, 8556
38955398723968, 38955398734332, 10364
38955431768444, 38955431775896, 7452
38955444813132, 38955444820464, 7332
38955456652552, 38955456659692, 7140
38955467673296, 38955467680432, 7136
38955470545272, 38955470552228, 6956
38955483580168, 38955483587076, 6908
38955498478924, 38955498486028, 7104
38955510309940, 38955510317168, 7228
38955524425264, 38955524435852, 10588
38955537473032, 38955537481180, 8148
38955548369156, 38955548380184, 11028
38955578303536, 38955578314628, 11092
38955596266512, 38955596277636, 11124
38955604568044, 38955604575704, 7660
38955620203208, 38955620214164, 10956
38955628190016, 38955628200672, 10656
38955637043700, 38955637051448, 7748
38955660098660, 38955660105792, 7132
38955668391848, 38955668399228, 7380
38955692025028, 38955692033636, 8608
38955703050460, 38955703057336, 6876
38956200822612, 38956200833476, 10864
38956333088348, 38956333096452, 8104
38956362443232, 38956362454460, 11228
38956370743916, 38956370751484, 7568
38956440250368, 38956440262008, 11640
38956603795628, 38956603806884, 11256
38956624675216, 38956624682908, 7692
38956635711588, 38956635718432, 6844
38956639899004, 38956639905692, 6688
38956645802692, 38956645809732, 7040
38956646859744, 38956646866412, 6668
38956701573532, 38956701585100, 11568
38956795342596, 38956795353948, 11352
38956801445332, 38956801452596, 7264
38956802502924, 38956802509808, 6884
38956829263924, 38956829270832, 6908
38956835360872, 38956835368240, 7368
38956885452788, 38956885460620, 7832
38956895113524, 38956895124996, 11472
38956909076304, 38956909087872, 11568
38956935818212, 38956935825520, 7308
38956941911300, 38956941918584, 7284
38956976911440, 38956976914644, 3204
38957009307048, 38957009317712, 10664
38957585471112, 38957585481408, 10296
38957990499400, 38957990510408, 11008
38958017244608, 38958017252288, 7680
38958066788144, 38958066795876, 7732
38958134166896, 38958134170004, 3108
38958213966924, 38958213969980, 3056
38958246338512, 38958246348120, 9608
38960209155120, 38960209165828, 10708
38960564526516, 38960564535476, 8960
38960578209432, 38960578216628, 7196
38960582393816, 38960582400684, 6868
38961233718344, 38961233728976, 10632
38962417658912, 38962417668388, 9476
38962538319396, 38962538328108, 8712
38962553039372, 38962553046172, 6800
38962674343380, 38962674350736, 7356
38962690677484, 38962690684800, 7316
38962702522628, 38962702529528, 6900
38962823261104, 38962823269156, 8052
38963186547312, 38963186558048, 10736
38963303681156, 38963303692504, 11348
38963433672756, 38963433680736, 7980
38963559064640, 38963559075708, 11068
38963560127008, 38963560134036, 7028
38963576472860, 38963576480304, 7444
38963588320356, 38963588327304, 6948
38963688755412, 38963688766776, 11364
38963721821064, 38963721829152, 8088
38963771380476, 38963771388248, 7772
38963803759040, 38963803767152, 8112
38963804476496, 38963804483236, 6740
38963836857312, 38963836864644, 7332
38963936166256, 38963936177524, 11268
38963952752392, 38963952760624, 8232
38964073487096, 38964073494828, 7732
38964074567128, 38964074574360, 7232
38964080662112, 38964080669224, 7112
38964097015564, 38964097023744, 8180
38964100575960, 38964100583348, 7388
38964107749420, 38964107756316, 6896
38964108805680, 38964108811932, 6252
38964113740576, 38964113747420, 6844
38964119841432, 38964119849076, 7644
38964237456532, 38964237468376, 11844
38964889833220, 38964889843820, 10600
38965049462424, 38965049474204, 11780
38965173161608, 38965173172564, 10956
38965304848880, 38965304860004, 11124
38965406604992, 38965406613740, 8748
38965412708448, 38965412715644, 7196
38965413765156, 38965413771280, 6124
38965518338588, 38965518347828, 9240
38965539225188, 38965539232344, 7156
38965540302284, 38965540309284, 7000
38965556659444, 38965556667564, 8120
38965558240296, 38965558247128, 6832
38965562424640, 38965562431388, 6748
38965567157292, 38965567164864, 7572
38965584199980, 38965584211084, 11104
38965667988324, 38965667999144, 10820
38965694095832, 38965694103704, 7872
38965743626004, 38965743634516, 8512
38965759993300, 38965760000572, 7272
38965761050024, 38965761056836, 6812
38965871500028, 38965871510288, 10260
38966003184992, 38966003196016, 11024
38966009288620, 38966009296264, 7644
38966033661060, 38966033667964, 6904
38966039758036, 38966039765040, 7004
38966056115492, 38966056122540, 7048
38966073034768, 38966073046148, 11380
38966086988112, 38966086996136, 8024
38966158823012, 38966158834180, 11168
38966212319904, 38966212327724, 7820
38966261848188, 38966261855380, 7192
38966274888664, 38966274896988, 8324
38966388281448, 38966388292788, 11340
38966402245436, 38966402256592, 11156
38966403311476, 38966403318376, 6900
38967505552504, 38967505563140, 10636
38967706499140, 38967706507800, 8660
38967832770368, 38967832781636, 11268
38967952488548, 38967952499848, 11300
38967993892908, 38967993900772, 7864
38967999988628, 38967999995984, 7356
38968032404416, 38968032411720, 7304
38968040699224, 38968040706436, 7212
38968052550284, 38968052557696, 7412
38968056736500, 38968056743788, 7288
38968060230340, 38968060237980, 7640
38968074204320, 38968074215348, 11028
38968082185524, 38968082197068, 11544
38968100134220, 38968100141972, 7752
38968156008436, 38968156020740, 12304
38968172596352, 38968172604020, 7668
38968173965228, 38968173972632, 7404
38968189929348, 38968189940640, 11292
38968202973568, 38968202980820, 7252
38968205878380, 38968205885672, 7292
38968214171604, 38968214179856, 8252
38968229834956, 38968229838108, 3152
38968237818084, 38968237829396, 11312
38968255775348, 38968255786636, 11288
38968269741824, 38968269752936, 11112
38968281714424, 38968281725412, 10988
38968377476360, 38968377486556, 10196
38948431566104, 38948431602296, 36192
38948461497964, 38948461530412, 32448
38948509378276, 38948509382396, 4120
38948520416820, 38948520425428, 8608
38948555254036, 38948555265452, 11416
38948638993160, 38948639004468, 11308
38948808204848, 38948808213288, 8440
38948812570744, 38948812577572, 6828
38948846321336, 38948846329344, 8008
38948862459528, 38948862470428, 10900
38948898370344, 38948898381464, 11120
38948912340044, 38948912347528, 7484
38948946054588, 38948946062156, 7568
38948952240744, 38948952247528, 6784
38948965290328, 38948965297492, 7164
38949006110908, 38949006118256, 7348
38949099902460, 38949099914104, 11644
38949199653252, 38949199663780, 10528
38949337324572, 38949337335708, 11136
38949439083328, 38949439091160, 7832
38949445177732, 38949445185116, 7384
38949596711868, 38949596723400, 11532
38949638114004, 38949638122504, 8500
38949780278280, 38949780289436, 11156
38949910173844, 38949910181896, 8052
38949916258944, 38949916265984, 7040
38949917316988, 38949917323612, 6624
38949917939488, 38949917946180, 6692
38949957856468, 38949957867732, 11264
38949973821668, 38949973832956, 11288
38949975813792, 38949975824464, 10672
38950008171080, 38950008178692, 7612
38950057715420, 38950057722820, 7400
38950091533104, 38950091535180, 2076
38950197301576, 38950197312608, 11032
38950203402540, 38950203409868, 7328
38950211691476, 38950211698768, 7292
38950215230352, 38950215236920, 6568
38950221328252, 38950221336052, 7800
38952202461684, 38952202465148, 3464
38954698946060, 38954698956856, 10796
38954720346208, 38954720357688, 11480
38954752747676, 38954752755972, 8296
38954753010124, 38954753017348, 7224
38954762251552, 38954762262920, 11368
38954778199588, 38954778207684, 8096
38954836070828, 38954836073916, 3088
38954868407484, 38954868417612, 10128
38954989534512, 38954989542264, 7752
38954995625708, 38954995632980, 7272
38955007468128, 38955007475392, 7264
38955023815192, 38955023822220, 7028
38955029912576, 38955029919736, 7160
38955030971916, 38955030978348, 6432
38955173291456, 38955173343492, 52036
38955725955404, 38955725965900, 10496
38955731241516, 38955731249028, 7512
38955737343116, 38955737350532, 7416
38955749191592, 38955749199740, 8148
38955760242536, 38955760249816, 7280
38955859633088, 38955859644468, 11380
38955989684816, 38955989692772, 7956
38955995783164, 38955995790188, 7024
38956126995248, 38956127006068, 10820
38956224683788, 38956224692016, 8228
38956230806148, 38956230812880, 6732
38956332514588, 38956332526948, 12360
38956486137436, 38956486148672, 11236
38956617764468, 38956617775696, 11228
38956659755812, 38956659763756, 7944
38956665855620, 38956665863544, 7924
38956677709856, 38956677717840, 7984
38956678768884, 38956678776412, 7528
38956682958140, 38956682964716, 6576
38956691254076, 38956691260736, 6660
38956713538524, 38956713549808, 11284
38956717734156, 38956717741096, 6940
38956793348560, 38956793359704, 11144
38956861181584, 38956861192440, 10856
38956956963120, 38956956974824, 11704
38956988881796, 38956988892780, 10984
38957114577728, 38957114588744, 11016
38957344030116, 38957344041120, 11004
38957356211968, 38957356220240, 8272
38957477732772, 38957477743648, 10876
38958086278108, 38958086288720, 10612
38958145996916, 38958146005168, 8252
38958209972780, 38958209983928, 11148
38958245893624, 38958245905204, 11580
38958272640020, 38958272647300, 7280
38958323703436, 38958323714888, 11452
38958327898788, 38958327906332, 7544
38958347657980, 38958347669320, 11340
38958383566948, 38958383577552, 10604
38958389664232, 38958389671760, 7528
38958439102516, 38958439109956, 7440
38958440181040, 38958440188440, 7400
38958451390664, 38958451397744, 7080
38958457484432, 38958457491328, 6896
38958567082688, 38958567090392, 7704
38958593789964, 38958593796912, 6948
38958628907652, 38958628914776, 7124
38958655628344, 38958655635256, 6912
38958741688384, 38958741695644, 7260
38958747782276, 38958747789384, 7108
38958764102948, 38958764109656, 6708
38958885314804, 38958885322116, 7312
38958891392000, 38958891399188, 7188
38958903193396, 38958903200192, 6796
38959144968568, 38959144976692, 8124
38959156772084, 38959156779152, 7068
38959162849764, 38959162856424, 6660
38959263405080, 38959263416280, 11200
38959379131012, 38959379141788, 10776
38959412183660, 38959412191472, 7812
38959418278008, 38959418285912, 7904
38959430121996, 38959430128940, 6944
38959441156092, 38959441163428, 7336
38959442213448, 38959442220896, 7448
38959474909496, 38959474920608, 11112
38959556711468, 38959556722916, 11448
38959824079428, 38959824090744, 11316
38959863175440, 38959863183452, 8012
38959908298824, 38959908306556, 7732
38959919310616, 38959919318224, 7608
38959920387724, 38959920395232, 7508
38959926482144, 38959926490056, 7912
38959942808020, 38959942815260, 7240
38959953755884, 38959953762576, 6692
38960063500584, 38960063512084, 11500
38960096610580, 38960096619000, 8420
38960097417240, 38960097423996, 6756
38960129346292, 38960129356612, 10320
38960205170668, 38960205174048, 3380
38960225123392, 38960225126584, 3192
38960243072208, 38960243084304, 12096
38960352811420, 38960352822480, 11060
38960494475316, 38960494486292, 10976
38960500587176, 38960500594452, 7276
38960516936756, 38960516944244, 7488
38960528786700, 38960528793340, 6640
38960534880740, 38960534888556, 7816
38960547918184, 38960547925736, 7552
38960548995324, 38960549001868, 6544
38960574233024, 38960574244256, 11232
38960588189520, 38960588197060, 7540
38960601222900, 38960601230020, 7120
38960607322132, 38960607330212, 8080
38960620123424, 38960620134440, 11016
38960630099092, 38960630110132, 11040
38960642070720, 38960642081436, 10716
38960656038256, 38960656049076, 10820
38960679979284, 38960679990516, 11232
38960681970132, 38960681977292, 7160
38960688062204, 38960688069380, 7176
38960695934588, 38960695941684, 7096
38960708953700, 38960708960520, 6820
38960717429836, 38960717436560, 6724
38960727308900, 38960727315824, 6924
38960763778268, 38960763789380, 11112
38960776815400, 38960776822668, 7268
38960782915992, 38960782923036, 7044
38960783721060, 38960783728004, 6944
38960785713492, 38960785720368, 6876
38960797542244, 38960797549036, 6792
38960803673916, 38960803680620, 6704
38960915420408, 38960915431228, 10820
38960932115320, 38960932122704, 7384
38960941345144, 38960941351756, 6612
38960945526036, 38960945532476, 6440
38960948150120, 38960948157064, 6944
38960949206764, 38960949213980, 7216
38960955317924, 38960955325080, 7156
38960967283084, 38960967290188, 7104
38960971463900, 38960971470384, 6484
38960975864040, 38960975870940, 6900
38960987234064, 38960987240920, 6856
38960988289068, 38960988295464, 6396
38961026470648, 38961026477944, 7296
38961039510384, 38961039517276, 6892
38961045595976, 38961045602596, 6620
38961061924800, 38961061931700, 6900
38961073032104, 38961073038696, 6592
38961086061532, 38961086068168, 6636
38961416229052, 38961416240588, 11536
38961427249488, 38961427257664, 8176
38961439103356, 38961439111456, 8100
38961443289160, 38961443296704, 7544
38961502020816, 38961502031736, 10920
38961528780960, 38961528788680, 7720
38961545129344, 38961545137132, 7788
38961556176192, 38961556183824, 7632
38961557236884, 38961557243672, 6788
38961565862200, 38961565869036, 6836
38962174428608, 38962174439096, 10488
38962217035900, 38962217043876, 7976
38962226308044, 38962226319084, 11040
38962238278584, 38962238289560, 10976
38962264211992, 38962264215416, 3424
38962268400032, 38962268409520, 9488
38962290155380, 38962290166484, 11104
38962312105712, 38962312116356, 10644
38962401881812, 38962401892544, 10732
38962427829832, 38962427840564, 10732
38962525584296, 38962525595332, 11036
38962723052000, 38962723063052, 11052
38962729152628, 38962729161000, 8372
38962762956692, 38962762964276, 7584
38962779301092, 38962779308480, 7388
38962813043596, 38962813051928, 8332
38962828808208, 38962828819228, 11020
38962924577680, 38962924581048, 3368
38963025831492, 38963025841368, 9876
38963037177756, 38963037185232, 7476
38963162014180, 38963162025956, 11776
38963209900064, 38963209911216, 11152
38963293699376, 38963293710592, 11216
38963445339688, 38963445350468, 10780
38963577021124, 38963577032940, 11816
38963618969160, 38963618977064, 7904
38963724668748, 38963724680048, 11300
38963757786004, 38963757793508, 7504
38963758865908, 38963758872856, 6948
38963768558392, 38963768565108, 6716
38963776842008, 38963776848616, 6608
38963779004344, 38963779011196, 6852
38963785097260, 38963785105104, 7844
38963800481068, 38963800487932, 6864
38963808766144, 38963808773716, 7572
38963832421856, 38963832433008, 11152
38963852370844, 38963852381932, 11088
38963864334012, 38963864341532, 7520
38963872616208, 38963872623080, 6872
38963873069140, 38963873075828, 6688
38963876303996, 38963876311316, 7320
38963892619808, 38963892627112, 7304
38963903629460, 38963903636568, 7108
38963909736036, 38963909743220, 7184
38963958112400, 38963958120168, 7768
38964195548812, 38964195559320, 10508
38964263393784, 38964263397084, 3300
38964317263416, 38964317274876, 11460
38964329091924, 38964329099336, 7412
38964460919884, 38964460930716, 10832
38964688319500, 38964688331120, 11620
38964721351572, 38964721358936, 7364
38964725530428, 38964725538184, 7756
38964728212912, 38964728219644, 6732
38964732396216, 38964732402876, 6660
38964850368600, 38964850376688, 8088
38964883275568, 38964883282540, 6972
38965005574760, 38965005577992, 3232
38965126752876, 38965126762372, 9496
38965677974004, 38965677984312, 10308
38966079260108, 38966079268272, 8164
38966083446760, 38966083454644, 7884
38966204650780, 38966204658560, 7780
38966426190972, 38966426201388, 10416
38966559882852, 38966559890492, 7640
38966560940144, 38966560946668, 6524
38966567035304, 38966567041896, 6592
38966593789408, 38966593796304, 6896
38966693488792, 38966693499796, 11004
38966719554072, 38966719562188, 8116
38966753264684, 38966753272284, 7600
38966780008580, 38966780015756, 7176
38966813778864, 38966813785612, 6748
38966840511764, 38966840519252, 7488
38966852363012, 38966852371576, 8564
38966973509100, 38966973517156, 8056
38967176555392, 38967176563812, 8420
38967189584108, 38967189591760, 7652
38967216342080, 38967216349348, 7268
38967229375716, 38967229383400, 7684
38967329971412, 38967329982900, 11488
38967509544724, 38967509556212, 11488
38967537485708, 38967537496476, 10768
38967635248516, 38967635259664, 11148
38967660110280, 38967660118888, 8608
38967671964156, 38967671971064, 6908
38967778917584, 38967778981404, 63820
38967908884084, 38967908892180, 8096
38967914982488, 38967914990368, 7880
38968026312004, 38968026323384, 11380
38968056244488, 38968056256548, 12060
38968078197968, 38968078208824, 10856
38968086492148, 38968086499612, 7464
38968207640036, 38968207649176, 9140
38968271740244, 38968271751476, 11232
38968291686668, 38968291697816, 11148
38968383470632, 38968383481708, 11076
38968400185704, 38968400194160, 8456
38968412045872, 38968412053716, 7844
38968427625976, 38968427640308, 14332
38948439583224, 38948439593628, 10404
38948463470884, 38948463478648, 7764
38948513359852, 38948513363124, 3272
38948658951904, 38948658962908, 11004
38948692003164, 38948692011516, 8352
38948700836608, 38948700843628, 7020
38948810581684, 38948810593648, 11964
38948836657164, 38948836665136, 7972
38948848502656, 38948848510964, 8308
38948958242252, 38948958253476, 11224
38948984177652, 38948984188976, 11324
38949010115056, 38949010118220, 3164
38949073952760, 38949073955988, 3228
38949087928996, 38949087940480, 11484
38949181695352, 38949181706084, 10732
38949206521316, 38949206529180, 7864
38949212619124, 38949212626304, 7180
38949220902984, 38949220910912, 7928
38949462594208, 38949462602524, 8316
38949468692712, 38949468700520, 7808
38949476998204, 38949477005716, 7512
38949526495660, 38949526502896, 7236
38949527569840, 38949527576688, 6848
38949528868204, 38949528875236, 7032
38949534953872, 38949534960552, 6680
38949654874620, 38949654882256, 7636
38949770298876, 38949770310472, 11596
38949803417184, 38949803425144, 7960
38949950336748, 38949950347952, 11204
38950003779096, 38950003787512, 8416
38950015600504, 38950015607420, 6916
38950042335632, 38950042344116, 8484
38950073597256, 38950073609304, 12048
38950099523348, 38950099526572, 3224
38950105507892, 38950105519124, 11232
38950125451192, 38950125459300, 8108
38950145409828, 38950145421340, 11512
38950162328744, 38950162336572, 7828
38950215251840, 38950215255208, 3368
38950229217464, 38950229228924, 11460
38950255151628, 38950255163048, 11420
38950269119144, 38950269130724, 11580
38950322992756, 38950323004440, 11684
38950438711028, 38950438722372, 11344
38950554431492, 38950554443560, 12068
38950634709304, 38950634717484, 8180
38950648158204, 38950648169216, 11012
38950712014260, 38950712026076, 11816
38950745919984, 38950745931544, 11560
38950857647800, 38950857659392, 11592
38950989336644, 38950989347788, 11144
38951127009912, 38951127021348, 11436
38951207792284, 38951207800740, 8456
38951310574296, 38951310585876, 11580
38951390776920, 38951390785480, 8560
38951420175480, 38951420183192, 7712
38951426290772, 38951426298592, 7820
38951430476388, 38951430483732, 7344
38951540023268, 38951540035072, 11804
38951560907500, 38951560915296, 7796
38951561985016, 38951561993256, 8240
38951586846972, 38951586855892, 8920
38951697657044, 38951697668472, 11428
38951718527516, 38951718535480, 7964
38951730372956, 38951730380172, 7216
38951829337052, 38951829348752, 11700
38951850222764, 38951850230964, 8200
38951955041308, 38951955052680, 11372
38952086728856, 38952086740212, 11356
38952128072316, 38952128079988, 7672
38952129145948, 38952129153296, 7348
38952135230500, 38952135237664, 7164
38952147627988, 38952147635416, 7428
38952148575828, 38952148584160, 8332
38952159597288, 38952159604168, 6880
38952196457136, 38952196464588, 7452
38952207486552, 38952207493656, 7104
38952208562292, 38952208569392, 7100
38952220415104, 38952220426976, 11872
38952244363244, 38952244374500, 11256
38952252652616, 38952252660184, 7568
38952279382572, 38952279389536, 6964
38952287668764, 38952287675852, 7088
38952288747692, 38952288754832, 7140
38952308212464, 38952308223704, 11240
38952316527276, 38952316535032, 7756
38952343288692, 38952343296404, 7712
38952360084652, 38952360096004, 11352
38952372057420, 38952372069056, 11636
38952449881940, 38952449893408, 11468
38952466585264, 38952466592944, 7680
38952485780968, 38952485792428, 11460
38952577495052, 38952577506680, 11628
38952709181080, 38952709192228, 11148
38952840870408, 38952840881648, 11240
38952894900868, 38952894908480, 7612
38952895957124, 38952895963196, 6072
38952922733540, 38952922741600, 8060
38952923792008, 38952923800160, 8152
38953165641116, 38953165650172, 9056
38953176675184, 38953176682096, 6912
38953395554864, 38953395565628, 10764
38953428610788, 38953428619140, 8352
38953441451820, 38953441462912, 11092
38953539208344, 38953539220024, 11680
38953540273684, 38953540280916, 7232
38953589818872, 38953589827368, 8496
38953616565964, 38953616574112, 8148
38953628413576, 38953628421304, 7728
38953648958124, 38953648969344, 11220
38953680877596, 38953680880776, 3180
38953692849104, 38953692860768, 11664
38953742356512, 38953742364564, 8052
38953750749176, 38953750757380, 8204
38953756688000, 38953756695220, 7220
38953760879080, 38953760886440, 7360
38953782635056, 38953782646604, 11548
38954197649340, 38954197652924, 3584
38954275453100, 38954275456444, 3344
38954319356732, 38954319368320, 11588
38954335913584, 38954335921784, 8200
38954342009344, 38954342016512, 7168
38954353851244, 38954353858136, 6892
38954362146852, 38954362154184, 7332
38954419120240, 38954419131784, 11544
38954441069756, 38954441081248, 11492
38954510899856, 38954510911592, 11736
38954523441540, 38954523449308, 7768
38954546803844, 38954546811472, 7628
38954558623840, 38954558631000, 7160
38954571770336, 38954571778316, 7980
38954672452596, 38954672462992, 10396
38954678553068, 38954678560340, 7272
38954679609148, 38954679616040, 6892
38954691452848, 38954691460204, 7356
38954702489548, 38954702496924, 7376
38954752039616, 38954752047476, 7860
38954782196544, 38954782208340, 11796
38954830085528, 38954830088792, 3264
38954862009364, 38954862020632, 11268
38954868111796, 38954868119548, 7752
38954991702940, 38954991714320, 11380
38955113400336, 38955113412052, 11716
38955245094096, 38955245105232, 11136
38955284187024, 38955284195400, 8376
38955308954708, 38955308966640, 11932
38955317251008, 38955317258756, 7748
38955330269572, 38955330276860, 7288
38955340857528, 38955340864708, 7180
38955349145832, 38955349152860, 7028
38955459789640, 38955459797856, 8216
38955465886656, 38955465894264, 7608
38955482233784, 38955482241044, 7260
38955602944900, 38955602952388, 7488
38956192842040, 38956192852952, 10912
38956386377224, 38956386380664, 3440
38956399392588, 38956399402552, 9964
38956405484084, 38956405492340, 8256
38956968921608, 38956968932240, 10632
38957138746556, 38957138754892, 8336
38957140539116, 38957140550032, 10916
38957559530240, 38957559540876, 10636
38957635174668, 38957635183000, 8332
38957647303060, 38957647309968, 6908
38957651487152, 38957651494012, 6860
38957673242808, 38957673249624, 6816
38957677425312, 38957677432048, 6736
38957862798328, 38957862809800, 11472
38957928112916, 38957928121568, 8652
38957941165936, 38957941173696, 7760
38957947258736, 38957947266456, 7720
38957948588100, 38957948594924, 6824
38957961612932, 38957961620892, 7960
38957962691928, 38957962700316, 8388
38957984522932, 38957984534152, 11220
38958066313048, 38958066316360, 3312
38958078839928, 38958078849604, 9676
38958084939308, 38958084947184, 7876
38958111695076, 38958111703576, 8500
38958437427736, 38958437437680, 9944
38958490877040, 38958490885760, 8720
38958501282600, 38958501289504, 6904
38958626922364, 38958626932816, 10452
38958665990136, 38958665997828, 7692
38958672081384, 38958672088832, 7448
38958782550636, 38958782562560, 11924
38958962124248, 38958962135340, 11092
38959001206408, 38959001215244, 8836
38959025977792, 38959025989028, 11236
38959109777240, 38959109788776, 11536
38959231484880, 38959231496204, 11324
38959270559356, 38959270566836, 7480
38959271636160, 38959271643388, 7228
38959295323172, 38959295330300, 7128
38959308352564, 38959308359684, 7120
38959334204864, 38959334212556, 7692
38959340303016, 38959340311292, 8276
38959349194980, 38959349201804, 6824
38959362217912, 38959362224632, 6720
38959365206636, 38959365213528, 6892
38959366262544, 38959366270364, 7820
38959706353684, 38959706365364, 11680
38959808108824, 38959808117924, 9100
38959841146908, 38959841155492, 8584
38959852986856, 38959852994820, 7964
38959857984060, 38959857990728, 6668
38959967729756, 38959967740800, 11044
38959993793356, 38959993800828, 7472
38960093430108, 38960093441424, 11316
38960197189068, 38960197200912, 11844
38960203291036, 38960203299172, 8136
38960231108316, 38960231120236, 11920
38960342835296, 38960342846744, 11448
38960348936608, 38960348943760, 7152
38960464546536, 38960464557384, 10848
38960490614288, 38960490621716, 7428
38960491670692, 38960491676912, 6220
38960504723488, 38960504731012, 7524
38960867341068, 38960867349116, 8048
38960873995928, 38960874002716, 6788
38961092993128, 38961093005072, 11944
38961104829052, 38961104837080, 8028
38961105906236, 38961105912884, 6648
38961216697908, 38961216709312, 11404
38961269433932, 38961269445608, 11676
38961296165440, 38961296172848, 7408
38961310485152, 38961310496544, 11392
38961567872272, 38961567883768, 11496
38961646597472, 38961646605112, 7640
38961647672680, 38961647680000, 7320
38961659492132, 38961659499360, 7228
38961665621320, 38961665628336, 7016
38961678644620, 38961678651928, 7308
38961799325648, 38961799333616, 7968
38961812360288, 38961812367800, 7512
38961960928036, 38961960939212, 11176
38962092610700, 38962092622168, 11468
38962170446748, 38962170458728, 11980
38962224303440, 38962224315548, 12108
38962258232792, 38962258243892, 11100
38962271269008, 38962271276932, 7924
38962336038152, 38962336049436, 11284
38962441780652, 38962441791660, 11008
38962474798672, 38962474806440, 7768
38962575401720, 38962575413572, 11852
38962608468316, 38962608476860, 8544
38962622697144, 38962622705296, 8152
38962635274332, 38962635285616, 11284
38962727043484, 38962727055204, 11720
38962856464192, 38962856472056, 7864
38962977638064, 38962977646664, 8600
38963104144572, 38963104156700, 12128
38963105213584, 38963105220624, 7040
38963132503252, 38963132511656, 8404
38963166266236, 38963166273236, 7000
38963193001664, 38963193008964, 7300
38963194076892, 38963194084100, 7208
38963225878592, 38963225889956, 11364
38963301680028, 38963301691924, 11896
38963323727712, 38963323735708, 7996
38963335603116, 38963335611404, 8288
38963353572376, 38963353583400, 11024
38963435363016, 38963435374240, 11224
38963436428116, 38963436435320, 7204
38963551082736, 38963551094236, 11500
38963681024896, 38963681033280, 8384
38963697368292, 38963697376364, 8072
38963939143944, 38963939152188, 8244
38963940223668, 38963940231576, 7908
38963951243176, 38963951251476, 8300
38964055880488, 38964055892648, 12160
38964097286056, 38964097294700, 8644
38964119720844, 38964119727668, 6824
38964128010108, 38964128018228, 8120
38964187571480, 38964187583536, 12056
38964241446356, 38964241457912, 11556
38964265386824, 38964265398356, 11532
38964279358388, 38964279369596, 11208
38964287658068, 38964287665856, 7788
38964291844360, 38964291851928, 7568
38964292909812, 38964292917196, 7384
38964313265108, 38964313272876, 7768
38964317448620, 38964317455720, 7100
38964346654644, 38964346661804, 7160
38964365145476, 38964365155988, 10512
38964456927240, 38964456930544, 3304
38964473608864, 38964473618316, 9452
38964486625852, 38964486633596, 7744
38964487703092, 38964487711236, 8144
38964499537900, 38964499545260, 7360
38964503717408, 38964503725704, 8296
38964520059768, 38964520067164, 7396
38964520767444, 38964520774280, 6836
38964524945860, 38964524952732, 6872
38964636437068, 38964636447476, 10408
38964657295936, 38964657303224, 7288
38964670310740, 38964670317976, 7236
38964676336956, 38964676343744, 6788
38964680514844, 38964680521456, 6612
38964682322424, 38964682329000, 6576
38964695342600, 38964695349888, 7288
38964796060564, 38964796072068, 11504
38964917769816, 38964917780700, 10884
38964997909304, 38964997917196, 7892
38965049471604, 38965049483424, 11820
38965050540852, 38965050548012, 7160
38965100041660, 38965100049900, 8240
38965113311244, 38965113319844, 8600
38965126339356, 38965126346516, 7160
38965127422140, 38965127429724, 7584
38965203097772, 38965203109348, 11576
38965444924612, 38965444933504, 8892
38965466455744, 38965466462860, 7116
38965685942152, 38965685953200, 11048
38965801665012, 38965801676636, 11624
38965941334760, 38965941345940, 11180
38965962183716, 38965962191604, 7888
38966063044580, 38966063055740, 11160
38966182764884, 38966182776656, 11772
38966199480172, 38966199487656, 7484
38966200538192, 38966200545804, 7612
38966218691316, 38966218702836, 11520
38968144034376, 38968144044700, 10324
38968453291356, 38968453301304, 9948
38948531312440, 38948531326088, 13648
38948656948152, 38948656958776, 10624
38948677820540, 38948677828404, 7864
38948689656360, 38948689664348, 7988
38948690718316, 38948690725644, 7328
38948707067672, 38948707075472, 7800
38948739409360, 38948739416584, 7224
38948751235348, 38948751242752, 7404
38948762238340, 38948762245384, 7044
38948795664304, 38948795671356, 7052
38948796608804, 38948796615620, 6816
38948807624316, 38948807630996, 6680
38948823056632, 38948823064052, 7420
38948855431068, 38948855439116, 8048
38948872445708, 38948872457048, 11340
38948876427420, 38948876438188, 10768
38948909341060, 38948909349332, 8272
38948934296788, 38948934308316, 11528
38948966689228, 38948966697908, 8680
38948972396500, 38948972403740, 7240
38948992156980, 38948992168404, 11424
38949032061240, 38949032072864, 11624
38949048392704, 38949048400216, 7512
38949060245340, 38949060252604, 7264
38949073262992, 38949073270812, 7820
38949194408724, 38949194416648, 7924
38949195469968, 38949195476524, 6556
38949207300900, 38949207307868, 6968
38949223649792, 38949223657424, 7632
38949273173500, 38949273181836, 8336
38949289767836, 38949289775420, 7584
38949307400256, 38949307411444, 11188
38949329355384, 38949329366924, 11540
38949951876624, 38949951880068, 3444
38950137432136, 38950137443528, 11392
38950151021612, 38950151029480, 7868
38950183401596, 38950183408920, 7324
38950233212988, 38950233222140, 9152
38950265129492, 38950265141020, 11528
38950332960776, 38950332972576, 11800
38950444694388, 38950444705216, 10828
38950514536816, 38950514547996, 11180
38950518731868, 38950518739428, 7560
38950535061408, 38950535068888, 7480
38950540460580, 38950540467684, 7104
38950544645184, 38950544651872, 6688
38950550284272, 38950550291196, 6924
38950551361236, 38950551368364, 7128
38950582308484, 38950582320140, 11656
38950586501256, 38950586509432, 8176
38950592273564, 38950592280556, 6992
38950616236884, 38950616249112, 12228
38950627270844, 38950627278524, 7680
38950628351348, 38950628358520, 7172
38950632537128, 38950632544976, 7848
38950664120192, 38950664131632, 11440
38950676093092, 38950676103984, 10892
38950708012088, 38950708023300, 11212
38950795797980, 38950795809444, 11464
38950975367152, 38950975378256, 11104
38950976432020, 38950976439840, 7820
38950983382256, 38950983388904, 6648
38950984441588, 38950984448800, 7212
38951132993136, 38951133004620, 11484
38951166599140, 38951166607776, 8636
38951174906596, 38951174914256, 7660
38951180999644, 38951181007696, 8052
38951182058872, 38951182066428, 7556
38951190851012, 38951190857852, 6840
38951199135768, 38951199142704, 6936
38951222792176, 38951222803524, 11348
38951238748744, 38951238760304, 11560
38951254713824, 38951254725260, 11436
38951308586456, 38951308597888, 11432
38951316946240, 38951316953872, 7632
38951327965556, 38951327973832, 8276
38951336258096, 38951336265084, 6988
38951347290528, 38951347298696, 8168
38951467968972, 38951467976544, 7572
38951567957812, 38951567969408, 11596
38951699647888, 38951699658796, 10908
38951831329900, 38951831341340, 11440
38951872717416, 38951872725024, 7608
38951876901684, 38951876909636, 7952
38951904197944, 38951904205172, 7228
38951912472560, 38951912480648, 8088
38951913547780, 38951913555956, 8176
38951925102572, 38951925109616, 7044
38951933377244, 38951933384212, 6968
38951960090032, 38951960097016, 6984
38951968373488, 38951968380888, 7400
38951988950428, 38951988957456, 7028
38952015678368, 38952015686276, 7908
38952027519728, 38952027527736, 8008
38952031701312, 38952031709128, 7816
38952044831464, 38952044842952, 11488
38952052815060, 38952052826380, 11320
38952070773748, 38952070785220, 11472
38952136611152, 38952136622696, 11544
38952148185304, 38952148192940, 7636
38952197713148, 38952197721404, 8256
38952314186872, 38952314198500, 11628
38952326733944, 38952326741816, 7872
38952330137436, 38952330144332, 6896
38952334318636, 38952334325320, 6684
38952342774564, 38952342782716, 8152
38952356080108, 38952356087736, 7628
38952360266828, 38952360274120, 7292
38952449894624, 38952449905476, 10852
38952629371300, 38952629382908, 11608
38952642100360, 38952642107752, 7392
38952643157408, 38952643164872, 7464
38952751085912, 38952751097128, 11216
38952987750800, 38952987758616, 7816
38952993841936, 38952993849236, 7300
38953108232236, 38953108243884, 11648
38953141856804, 38953141864776, 7972
38953142937440, 38953142945540, 8100
38953267853076, 38953267865144, 12068
38953279692404, 38953279700748, 8344
38953296051992, 38953296059728, 7736
38953297108976, 38953297115312, 6336
38953308944956, 38953308952832, 7876
38953358420284, 38953358428396, 8112
38953385147876, 38953385155148, 7272
38953386223752, 38953386230784, 7032
38953393548528, 38953393555476, 6948
38953420289492, 38953420296488, 6996
38953457408612, 38953457420132, 11520
38953484155488, 38953484163720, 8232
38953490254000, 38953490261368, 7368
38953502098260, 38953502105660, 7400
38953535858652, 38953535866248, 7596
38953562601916, 38953562610012, 8096
38953563683752, 38953563690588, 6836
38953569779040, 38953569785960, 6920
38953644964392, 38953644975532, 11140
38953646961976, 38953646973008, 11032
38953653061840, 38953653069632, 7792
38953678884660, 38953678887860, 3200
38953744726100, 38953744738212, 12112
38953761308780, 38953761316048, 7268
38953762365496, 38953762372220, 6724
38953878400184, 38953878412156, 11972
38953905695728, 38953905704384, 8656
38954038023904, 38954038035164, 11260
38954091477028, 38954091484632, 7604
38954092553080, 38954092560640, 7560
38954104402812, 38954104409808, 6996
38954131136756, 38954131144780, 8024
38954252385968, 38954252394016, 8048
38955398733192, 38955398743564, 10372
38956206808080, 38956206817204, 9124
38956215102348, 38956215109628, 7280
38956241855844, 38956241864068, 8224
38956253706560, 38956253713892, 7332
38956303259836, 38956303267360, 7524
38956340481888, 38956340492852, 10964
38956434264052, 38956434275052, 11000
38956487714232, 38956487721956, 7724
38956499567032, 38956499574328, 7296
38956599805800, 38956599817636, 11836
38956829256464, 38956829268052, 11588
38956948977680, 38956948988628, 10948
38956951112872, 38956951121112, 8240
38956972924440, 38956972935780, 11340
38957066690340, 38957066693536, 3196
38957083379520, 38957083389804, 10284
38957411872612, 38957411882984, 10372
38957444987560, 38957444996084, 8524
38957447778364, 38957447785128, 6764
38957456067192, 38957456073968, 6776
38957591443700, 38957591455384, 11684
38957729130060, 38957729141832, 11772
38957761503812, 38957761511468, 7656
38957820903720, 38957820906784, 3064
38957833921032, 38957833930556, 9524
38957840844092, 38957840850892, 6800
38957853873752, 38957853882016, 8264
38957951532724, 38957951540884, 8160
38957966581700, 38957966588736, 7036
38958087187316, 38958087194932, 7616
38958088268908, 38958088276908, 8000
38958092452576, 38958092459352, 6776
38958108796152, 38958108803864, 7712
38958114895484, 38958114902376, 6892
38958119078680, 38958119086684, 8004
38958146381208, 38958146389628, 8420
38958182053808, 38958182065436, 11628
38958208785972, 38958208793800, 7828
38958258336264, 38958258345496, 9232
38958307753424, 38958307756696, 3272
38958443425784, 38958443436956, 11172
38958469483716, 38958469491396, 7680
38958485820900, 38958485828260, 7360
38958487306664, 38958487313300, 6636
38958598987488, 38958598999548, 12060
38958600053368, 38958600060820, 7452
38958650116184, 38958650124076, 7892
38958770578088, 38958770589696, 11608
38958792611268, 38958792619676, 8408
38958802041024, 38958802048872, 7848
38958808138020, 38958808144988, 6968
38958819173404, 38958819181160, 7756
38958934189956, 38958934201200, 11244
38959235470948, 38959235482760, 11812
38959570674024, 38959570685628, 11604
38959576773452, 38959576782048, 8596
38959686398992, 38959686409496, 10504
38959708435188, 38959708443840, 8652
38959824073676, 38959824085356, 11680
38960035576620, 38960035588152, 11532
38960069287540, 38960069295168, 7628
38960081122844, 38960081130032, 7188
38960082201372, 38960082208512, 7140
38960085447624, 38960085454588, 6964
38960135337716, 38960135349512, 11796
38960169076504, 38960169083996, 7492
38960170156268, 38960170163548, 7280
38960181993720, 38960182001124, 7404
38960185209076, 38960185216092, 7016
38960235100208, 38960235111788, 11580
38960268847876, 38960268855536, 7660
38960280686252, 38960280693452, 7200
38960293731276, 38960293738644, 7368
38960294790952, 38960294797536, 6584
38960328558592, 38960328565816, 7224
38960341611296, 38960341620076, 8780
38960352642788, 38960352650856, 8068
38960358744872, 38960358751696, 6824
38960359826356, 38960359833844, 7488
38960362786316, 38960362793516, 7200
38960384746352, 38960384757504, 11152
38960994727492, 38960994731028, 3536
38961160413760, 38961160423488, 9728
38961166501068, 38961166508196, 7128
38961177528048, 38961177535908, 7860
38961227060936, 38961227068052, 7116
38961336423744, 38961336435736, 11992
38961452138688, 38961452148732, 10044
38961553892660, 38961553901972, 9312
38961673609804, 38961673620120, 10316
38961805297172, 38961805308624, 11452
38961838423208, 38961838431716, 8508
38961851471196, 38961851479004, 7808
38961853176668, 38961853183500, 6832
38961861463112, 38961861469872, 6760
38961881123492, 38961881134904, 11412
38961894150200, 38961894158352, 8152
38961920888512, 38961920896716, 8204
38961921970908, 38961921978060, 7152
38961934985552, 38961934992456, 6904
38961948018672, 38961948025572, 6900
38961948952532, 38961948959140, 6608
38961975712060, 38961975720024, 7964
38962012804572, 38962012812192, 7620
38962021094496, 38962021101436, 6940
38962047826660, 38962047833624, 6964
38962048904552, 38962048911396, 6844
38962061375700, 38962061383504, 7804
38962076659940, 38962076671236, 11296
38962184395924, 38962184399308, 3384
38962217504572, 38962217514976, 10404
38962236283812, 38962236295108, 11296
38962268213416, 38962268216772, 3356
38962276512728, 38962276522376, 9648
38962300137536, 38962300149116, 11580
38963908241376, 38963908252112, 10736
38964217554696, 38964217563700, 9004
38964235462296, 38964235473788, 11492
38964295323868, 38964295335604, 11736
38964369144736, 38964369155064, 10328
38964393962400, 38964393969688, 7288
38964395019328, 38964395025948, 6620
38964406859424, 38964406867180, 7756
38964407036544, 38964407043136, 6592
38964415317588, 38964415325772, 8184
38964416084648, 38964416090868, 6220
38964536563804, 38964536572204, 8400
38964585494464, 38964585501752, 7288
38964586570384, 38964586577508, 7124
38964599595112, 38964599602192, 7080
38964710263936, 38964710275320, 11384
38964839648024, 38964839655844, 7820
38964850664352, 38964850671892, 7540
38964851725328, 38964851732292, 6964
38964918137576, 38964918145020, 7444
38964933742324, 38964933754836, 12512
38964944760912, 38964944768424, 7512
38965029501988, 38965029513360, 11372
38965153205280, 38965153215560, 10280
38965264942628, 38965264951436, 8808
38965402617300, 38965402628968, 11668
38965534302244, 38965534313552, 11308
38965671974724, 38965671985480, 10756
38965673037112, 38965673043996, 6884
38965679132312, 38965679139988, 7676
38965690989092, 38965690995868, 6776
38965692066588, 38965692074628, 8040
38965714108656, 38965714116088, 7432
38965817626108, 38965817637784, 11676
38965834322348, 38965834331092, 8744
38965899647996, 38965899656056, 8060
38965927379592, 38965927391032, 11440
38966047990600, 38966047998980, 8380
38966172804204, 38966172815212, 11008
38966185847136, 38966185854800, 7664
38966202196416, 38966202203820, 7404
38966208297852, 38966208306068, 8216
38966226674012, 38966226685580, 11568
38966237706100, 38966237713668, 7568
38966258580988, 38966258588448, 7460
38966264682380, 38966264689524, 7144
38966274535020, 38966274541792, 6772
38966285544188, 38966285551512, 7324
38966310476524, 38966310488160, 11636
38966323520156, 38966323528220, 8064
38966344383424, 38966344394716, 11292
38966352363000, 38966352374052, 11052
38966370311236, 38966370319132, 7896
38966434164992, 38966434176844, 11852
38966438358952, 38966438366416, 7464
38966440140484, 38966440147260, 6776
38966444322320, 38966444329404, 7084
38966460096872, 38966460107684, 10812
38966473129124, 38966473137628, 8504
38966567190800, 38966567199708, 8908
38966578232160, 38966578240052, 7892
38966697780252, 38966697787996, 7744
38966698841528, 38966698848884, 7356
38968163983656, 38968163994260, 10604
