38944338780476, 38944338793500, 13024
38944499825980, 38944499833784, 7804
38948928298852, 38948928302012, 3160
38948928318072, 38948928324684, 6612
38948936594084, 38948936598712, 4628
38948944865340, 38948944869340, 4000
38948953147220, 38948953152084, 4864
38948961428776, 38948961432316, 3540
38948969707124, 38948969711504, 4380
38948977984668, 38948977988412, 3744
38948986274712, 38948986278384, 3672
38948994554968, 38948994558576, 3608
38949002826556, 38949002830084, 3528
38949011094940, 38949011098912, 3972
38949019364832, 38949019368428, 3596
38949027629364, 38949027632444, 3080
38949035893148, 38949035896780, 3632
38949044174992, 38949044179076, 4084
38949052447116, 38949052450808, 3692
38949060716148, 38949060720016, 3868
38949068984692, 38949068988036, 3344
38949077259056, 38949077263076, 4020
38949085530580, 38949085534172, 3592
38949093807880, 38949093811076, 3196
38949666550932, 38949666554036, 3104
38949670737492, 38949670742600, 5108
38949674909732, 38949674913404, 3672
38949679080184, 38949679083176, 2992
38949683249940, 38949683253852, 3912
38949687421968, 38949687425784, 3816
38949691589616, 38949691593900, 4284
38949695759356, 38949695763120, 3764
38949699927568, 38949699931448, 3880
38949704095808, 38949704099788, 3980
38949708266980, 38949708270812, 3832
38949712456976, 38949712460124, 3148
38949716626960, 38949716630044, 3084
38949720792548, 38949720796204, 3656
38949724960120, 38949724963224, 3104
38949729133528, 38949729136564, 3036
38949733300832, 38949733303672, 2840
38949737466464, 38949737469296, 2832
38949741633804, 38949741636596, 2792
38949745801692, 38949745804464, 2772
38949749972528, 38949749975428, 2900
38949754141040, 38949754143848, 2808
38949758325836, 38949758329448, 3612
38949762495264, 38949762498312, 3048
38949766664560, 38949766667876, 3316
38949770838812, 38949770842152, 3340
38949775008740, 38949775015364, 6624
38949791353168, 38949791359648, 6480
38949795535988, 38949795544088, 8100
38949796614652, 38949796622544, 7892
38949814199144, 38949814203900, 4756
38949818385876, 38949818398712, 12836
38949907974496, 38949907977448, 2952
38949916264040, 38949916269832, 5792
38949924540888, 38949924544948, 4060
38949945884244, 38949945889008, 4764
38950031674728, 38950031676448, 1720
38950039956184, 38950039961820, 5636
38950048235136, 38950048239768, 4632
38950056512648, 38950056519872, 7224
38950099654448, 38950099657356, 2908
38950123588996, 38950123591784, 2788
38950157368892, 38950157370496, 1604
38950158422352, 38950158428456, 6104
38950249147848, 38950249154008, 6160
38950257138728, 38950257146136, 7408
38950959410164, 38950959413680, 3516
38950967702360, 38950967708212, 5852
38950975981628, 38950975986456, 4828
38950984263776, 38950984268080, 4304
38950992543360, 38950992547288, 3928
38951000814800, 38951000819096, 4296
38951009099236, 38951009102904, 3668
38951017391940, 38951017395712, 3772
38951025671012, 38951025674488, 3476
38951033939208, 38951033943668, 4460
38951042201980, 38951042205496, 3516
38951050466656, 38951050470136, 3480
38951058728132, 38951058733008, 4876
38951066995008, 38951066999504, 4496
38951075274348, 38951075278608, 4260
38951083545300, 38951083549092, 3792
38951091821260, 38951091825484, 4224
38951100093716, 38951100097192, 3476
38951108375416, 38951108379496, 4080
38951116653936, 38951116657504, 3568
38951124940060, 38951124943372, 3312
38951133238408, 38951133241592, 3184
38951141521708, 38951141525476, 3768
38951150358532, 38951150362588, 4056
38951158635992, 38951158642792, 6800
38951208206352, 38951208213204, 6852
38951212391492, 38951212395336, 3844
38951216561396, 38951216564352, 2956
38951240744112, 38951240748580, 4468
38951244935600, 38951244948120, 12520
38951318555956, 38951318558640, 2684
38951326853368, 38951326860584, 7216
38951331042124, 38951331049524, 7400
38951332100564, 38951332106480, 5916
38951343955588, 38951343963876, 8288
38951344483660, 38951344484916, 1256
38951348663608, 38951348669500, 5892
38951350470800, 38951350471996, 1196
38951351522324, 38951351527116, 4792
38951370418236, 38951370419432, 1196
38951374601576, 38951374606672, 5096
38951386449876, 38951386457028, 7152
38951398026312, 38951398033176, 6864
38951500117164, 38951500119768, 2604
38951526849844, 38951526855532, 5688
38951553578928, 38951553585328, 6400
38951559675056, 38951559682440, 7384
38951586454748, 38951586463316, 8568
38951590644028, 38951590651124, 7096
38951596742940, 38951596748824, 5884
38951605860984, 38951605862432, 1448
38951632587360, 38951632593684, 6324
38951731568488, 38951731571348, 2860
38951742584592, 38951742590292, 5700
38951753600908, 38951753608580, 7672
38951780329148, 38951780333608, 4460
38951791341000, 38951791348028, 7028
38951797450972, 38951797456532, 5560
38951824197236, 38951824203768, 6532
38951835218824, 38951835225076, 6252
38951982969828, 38951982972568, 2740
38951987157648, 38951987163100, 5452
38951991331152, 38951991335980, 4828
38951995502276, 38951995506620, 4344
38951999674704, 38951999678160, 3456
38952003848104, 38952003855264, 7160
38952004927348, 38952004935456, 8108
38952015948976, 38952015955728, 6752
38952144583924, 38952144586660, 2736
38952171326668, 38952171331428, 4760
38952198061180, 38952198065804, 4624
38952228383856, 38952228386588, 2732
38952314192596, 38952314195860, 3264
38952325221176, 38952325226704, 5528
38952336248668, 38952336255604, 6936
38952483776216, 38952483779216, 3000
38952494791496, 38952494796688, 5192
38952505817024, 38952505821164, 4140
38952519685440, 38952519692284, 6844
38952569169584, 38952569179644, 10060
38952615410664, 38952615413328, 2664
38952649728276, 38952649737336, 9060
38952761054572, 38952761057364, 2792
38952767141380, 38952767148832, 7452
38952783475532, 38952783482880, 7348
38952904764508, 38952904770844, 6336
38952916593104, 38952916600564, 7460
38952922714660, 38952922720604, 5944
38953038395520, 38953038398452, 2932
38953065127872, 38953065133072, 5200
38953091849960, 38953091854728, 4768
38953118601148, 38953118609056, 7908
38953130456480, 38953130465592, 9112
38953164803640, 38953164808736, 5096
38953198554976, 38953198559216, 4240
38953232306524, 38953232310620, 4096
38953266068996, 38953266073884, 4888
38953399537956, 38953399540720, 2764
38953405637332, 38953405642948, 5616
38953411722592, 38953411730432, 7840
38953500696372, 38953500702048, 5676
38953517031820, 38953517038304, 6484
38953638350008, 38953638354400, 4392
38953758979396, 38953758987360, 7964
38953864430524, 38953864432884, 2360
38953872723376, 38953872729228, 5852
38953881003404, 38953881007296, 3892
38953889836964, 38953889841772, 4808
38953898118684, 38953898126476, 7792
38953899197584, 38953899205000, 7416
38953905294940, 38953905299236, 4296
38953913583440, 38953913591124, 7684
38953929936244, 38953929942912, 6668
38953936028936, 38953936034548, 5612
38953936254684, 38953936255996, 1312
38954044004352, 38954044006968, 2616
38954077759360, 38954077764504, 5144
38954111539172, 38954111543868, 4696
38954145883984, 38954145887960, 3976
38954179617164, 38954179621800, 4636
38954213366004, 38954213370816, 4812
38954319354848, 38954319357804, 2956
38954325445972, 38954325454420, 8448
38954326504992, 38954326511792, 6800
38954360274240, 38954360279512, 5272
38954492932020, 38954492934528, 2508
38954526675296, 38954526680768, 5472
38954560438392, 38954560442740, 4348
38954594277544, 38954594281780, 4236
38954628024712, 38954628028760, 4048
38954662332000, 38954662336448, 4448
38954696084180, 38954696091908, 7728
38954698382368, 38954698383892, 1524
38954732127280, 38954732134744, 7464
38954748263508, 38954748264832, 1324
38954798157484, 38954798162112, 4628
38954879964792, 38954879967356, 2564
38954881022932, 38954881033364, 10432
38954991686960, 38954991690052, 3092
38955024058740, 38955024064528, 5788
38955056407292, 38955056411572, 4280
38955088773648, 38955088777908, 4260
38955121153952, 38955121162472, 8520
38955133006952, 38955133014404, 7452
38955139681780, 38955139689108, 7328
38955140740444, 38955140746588, 6144
38955255061228, 38955255063880, 2652
38955266084456, 38955266090392, 5936
38955277115792, 38955277120692, 4900
38955288123088, 38955288129888, 6800
38955398721564, 38955398723628, 2064
38955409740596, 38955409745092, 4496
38955420761828, 38955420765728, 3900
38955431761036, 38955431767952, 6916
38955444807304, 38955444812932, 5628
38955456646180, 38955456652048, 5868
38955467666272, 38955467673096, 6824
38955470543488, 38955470545076, 1588
38955483574108, 38955483579960, 5852
38955498477296, 38955498478732, 1436
38955510303220, 38955510309552, 6332
38955524418360, 38955524424764, 6404
38955537460976, 38955537472764, 11788
38955548364480, 38955548368792, 4312
38955578296096, 38955578303212, 7116
38955596261184, 38955596266296, 5112
38955604556820, 38955604567808, 10988
38955620201364, 38955620202992, 1628
38955628185428, 38955628189800, 4372
38955637032024, 38955637043432, 11408
38955660092548, 38955660098376, 5828
38955668381616, 38955668391556, 9940
38955692018652, 38955692024744, 6092
38955703040748, 38955703050264, 9516
38956200819392, 38956200822408, 3016
38956211844284, 38956211850632, 6348
38956222882092, 38956222886808, 4716
38956233894604, 38956233898892, 4288
38956244920096, 38956244924316, 4220
38956255931540, 38956255935888, 4348
38956266958252, 38956266962380, 4128
38956277970408, 38956277974264, 3856
38956288996408, 38956289000540, 4132
38956300005308, 38956300009448, 4140
38956311031732, 38956311036104, 4372
38956322050020, 38956322054224, 4204
38956333080532, 38956333088148, 7616
38956362437572, 38956362443036, 5464
38956370731696, 38956370743720, 12024
38956440247344, 38956440250172, 2828
38956472633668, 38956472638580, 4912
38956603792424, 38956603795416, 2992
38956607979128, 38956607984536, 5408
38956612153080, 38956612156484, 3404
38956616323124, 38956616326648, 3524
38956620496276, 38956620499984, 3708
38956624667016, 38956624674824, 7808
38956635709728, 38956635711388, 1660
38956639893352, 38956639898804, 5452
38956645794332, 38956645802488, 8156
38956646853052, 38956646859356, 6304
38956701568340, 38956701573312, 4972
38956795339480, 38956795342244, 2764
38956801437264, 38956801444824, 7560
38956802495804, 38956802502604, 6800
38956829257480, 38956829263600, 6120
38956835354032, 38956835360676, 6644
38956885446620, 38956885452572, 5952
38956895108788, 38956895113324, 4536
38956909073036, 38956909075804, 2768
38956935810756, 38956935818012, 7256
38956941904508, 38956941911100, 6592
38956976899508, 38956976911164, 11656
38957009283708, 38957009306772, 23064
38957585467448, 38957585470904, 3456
38957612202304, 38957612207444, 5140
38957639505348, 38957639509972, 4624
38957666242860, 38957666246908, 4048
38957692977372, 38957692981436, 4064
38957719722764, 38957719726520, 3756
38957746440500, 38957746444876, 4376
38957773185580, 38957773189660, 4080
38957799893484, 38957799898228, 4744
38957826604228, 38957826608460, 4232
38957853348620, 38957853353188, 4568
38957880636860, 38957880641052, 4192
38957907399680, 38957907404260, 4580
38957934138336, 38957934142780, 4444
38957960892640, 38957960897308, 4668
38957990488064, 38957990498920, 10856
38958017225400, 38958017244404, 19004
38958066774028, 38958066787648, 13620
38958099188216, 38958099204740, 16524
38958134153424, 38958134166700, 13276
38958213965052, 38958213966732, 1680
38958246330028, 38958246338312, 8284
38960209151924, 38960209154920, 2996
38960213334624, 38960213339812, 5188
38960217508048, 38960217511984, 3936
38960221680204, 38960221684284, 4080
38960225853248, 38960225857012, 3764
38960230020312, 38960230023592, 3280
38960234185952, 38960234189084, 3132
38960238356120, 38960238359684, 3564
38960242528848, 38960242532504, 3656
38960246700568, 38960246704040, 3472
38960250874588, 38960250877584, 2996
38960255062740, 38960255066832, 4092
38960259230824, 38960259235184, 4360
38960263404212, 38960263408520, 4308
38960267573712, 38960267577612, 3900
38960271745912, 38960271749800, 3888
38960275915716, 38960275918932, 3216
38960280085156, 38960280089132, 3976
38960284255884, 38960284259520, 3636
38960288424532, 38960288428508, 3976
38960292595204, 38960292599208, 4004
38960296764464, 38960296768440, 3976
38960300951776, 38960300955028, 3252
38960305124576, 38960305127684, 3108
38960309293032, 38960309296120, 3088
38960313461456, 38960313465392, 3936
38960317632564, 38960317636468, 3904
38960321810120, 38960321813956, 3836
38960325982232, 38960325985544, 3312
38960330155808, 38960330159760, 3952
38960334328108, 38960334331304, 3196
38960338499500, 38960338503940, 4440
38960342675228, 38960342679944, 4716
38960346867948, 38960346872292, 4344
38960351043420, 38960351047772, 4352
38960355217036, 38960355221292, 4256
38960359391128, 38960359394876, 3748
38960363566380, 38960363570740, 4360
38960367740028, 38960367743416, 3388
38960372471248, 38960372474852, 3604
38960376643848, 38960376647556, 3708
38960380829920, 38960380833248, 3328
38960384999012, 38960385003216, 4204
38960389171504, 38960389175408, 3904
38960393340220, 38960393343364, 3144
38960397507184, 38960397510728, 3544
38960401678664, 38960401681576, 2912
38960405844292, 38960405847072, 2780
38960410009112, 38960410012496, 3384
38960414173452, 38960414176496, 3044
38960418336436, 38960418339976, 3540
38960422502528, 38960422505560, 3032
38960426680668, 38960426684152, 3484
38960430845164, 38960430848156, 2992
38960435010668, 38960435013956, 3288
38960439175388, 38960439178656, 3268
38960443344352, 38960443348220, 3868
38960447510864, 38960447513968, 3104
38960451682312, 38960451686216, 3904
38960455851388, 38960455854500, 3112
38960460019040, 38960460022072, 3032
38960464189684, 38960464192816, 3132
38960468356972, 38960468360088, 3116
38960472542840, 38960472546552, 3712
38960476713988, 38960476717980, 3992
38960480886612, 38960480891092, 4480
38960485066524, 38960485069860, 3336
38960489239592, 38960489242820, 3228
38960493410396, 38960493414468, 4072
38960497586488, 38960497589868, 3380
38960501762352, 38960501766184, 3832
38960505935364, 38960505939468, 4104
38960510109792, 38960510113180, 3388
38960514282748, 38960514286680, 3932
38960518475520, 38960518479264, 3744
38960522651980, 38960522655348, 3368
38960526823912, 38960526827192, 3280
38960530995728, 38960530999964, 4236
38960535169204, 38960535173028, 3824
38960539339848, 38960539344148, 4300
38960543516708, 38960543520020, 3312
38960547689912, 38960547693220, 3308
38960551860796, 38960551864816, 4020
38960556150844, 38960556154080, 3236
38960560343024, 38960560346980, 3956
38960564519540, 38960564526316, 6776
38960578207900, 38960578209236, 1336
38960582388416, 38960582393620, 5204
38961233714904, 38961233718148, 3244
38961267492960, 38961267497692, 4732
38961301261092, 38961301265516, 4424
38961335019684, 38961335023816, 4132
38961368770160, 38961368774496, 4336
38961403080436, 38961403084840, 4404
38961436833940, 38961436838520, 4580
38961470594016, 38961470597428, 3412
38961504356160, 38961504360160, 4000
38961538112900, 38961538117360, 4460
38961571884428, 38961571888620, 4192
38961605623060, 38961605626752, 3692
38961639943624, 38961639948296, 4672
38961673683756, 38961673688304, 4548
38961707416472, 38961707419864, 3392
38961741152868, 38961741157880, 5012
38961774895520, 38961774900204, 4684
38961808668956, 38961808673320, 4364
38961842438224, 38961842442600, 4376
38961876742828, 38961876746156, 3328
38961910487512, 38961910492020, 4508
38961944246720, 38961944251304, 4584
38961978021960, 38961978025956, 3996
38962011773908, 38962011777880, 3972
38962045519396, 38962045523988, 4592
38962079279288, 38962079283304, 4016
38962113018984, 38962113023088, 4104
38962147319784, 38962147323444, 3660
38962181056872, 38962181061328, 4456
38962214822840, 38962214827076, 4236
38962248539288, 38962248542796, 3508
38962282266904, 38962282270748, 3844
38962315995012, 38962315998968, 3956
38962349717968, 38962349721372, 3404
38962383969280, 38962383973064, 3784
38962417651088, 38962417658704, 7616
38962538312348, 38962538319188, 6840
38962553034132, 38962553039176, 5044
38962674336192, 38962674343180, 6988
38962690670672, 38962690677280, 6608
38962702516888, 38962702522432, 5544
38962823254164, 38962823260896, 6732
38963186543676, 38963186547116, 3440
38963192646972, 38963192652268, 5296
38963198734620, 38963198738268, 3648
38963204815556, 38963204818688, 3132
38963210891988, 38963210895808, 3820
38963303677464, 38963303680960, 3496
38963336067880, 38963336072568, 4688
38963368998612, 38963369001964, 3352
38963401329460, 38963401333292, 3832
38963433664592, 38963433672268, 7676
38963446703036, 38963446707128, 4092
38963559061780, 38963559064444, 2664
38963560119944, 38963560126804, 6860
38963576465728, 38963576472668, 6940
38963588313808, 38963588320156, 6348
38963688752448, 38963688755220, 2772
38963699778444, 38963699783908, 5464
38963710804148, 38963710807764, 3616
38963721813388, 38963721820860, 7472
38963771374092, 38963771380276, 6184
38963803751296, 38963803758836, 7540
38963804474892, 38963804476296, 1404
38963836849652, 38963836857108, 7456
38963936163428, 38963936166060, 2632
38963944462172, 38963944467852, 5680
38963952744408, 38963952751908, 7500
38964073478720, 38964073486828, 8108
38964074560368, 38964074566868, 6500
38964080654728, 38964080661816, 7088
38964097007524, 38964097015196, 7672
38964100567932, 38964100575600, 7668
38964107747816, 38964107749032, 1216
38964108799408, 38964108805316, 5908
38964113738748, 38964113740080, 1332
38964119835152, 38964119841236, 6084
38964237448736, 38964237456316, 7580
38964889829708, 38964889832920, 3212
38964895930392, 38964895936156, 5764
38964902014460, 38964902019148, 4688
38964908097660, 38964908102032, 4372
38964914183860, 38964914188356, 4496
38964920270536, 38964920274736, 4200
38964926353964, 38964926357328, 3364
38965049459232, 38965049462240, 3008
38965053651140, 38965053655872, 4732
38965057826664, 38965057831024, 4360
38965061998776, 38965062003204, 4428
38965066171844, 38965066176236, 4392
38965070347432, 38965070351028, 3596
38965173158404, 38965173161412, 3008
38965184161796, 38965184166896, 5100
38965195179520, 38965195183452, 3932
38965304845984, 38965304848684, 2700
38965305904124, 38965305910096, 5972
38965406602416, 38965406604800, 2384
38965412702796, 38965412708200, 5404
38965413758828, 38965413764768, 5940
38965518336128, 38965518338384, 2256
38965522523088, 38965522528292, 5204
38965526697284, 38965526701940, 4656
38965530870532, 38965530874180, 3648
38965535044748, 38965535049380, 4632
38965539219112, 38965539224828, 5716
38965540296040, 38965540302084, 6044
38965556650960, 38965556659096, 8136
38965558238876, 38965558240096, 1220
38965562418312, 38965562424440, 6128
38965567150768, 38965567157068, 6300
38965584183196, 38965584199776, 16580
38965667984488, 38965667987960, 3472
38965681040404, 38965681046208, 5804
38965694088900, 38965694095632, 6732
38965743619408, 38965743625804, 6396
38965759987040, 38965759993100, 6060
38965761043852, 38965761049828, 5976
38965871497288, 38965871499832, 2544
38965882519128, 38965882523752, 4624
38965893544260, 38965893548832, 4572
38966003181812, 38966003184796, 2984
38966009281484, 38966009288424, 6940
38966021104784, 38966021113156, 8372
38966025307776, 38966025311880, 4104
38966029482248, 38966029486528, 4280
38966033654312, 38966033660860, 6548
38966039750324, 38966039757828, 7504
38966056108732, 38966056115292, 6560
38966073020364, 38966073034572, 14208
38966086978136, 38966086987924, 9788
38966158819932, 38966158822816, 2884
38966185562288, 38966185567944, 5656
38966212312476, 38966212319508, 7032
38966261841588, 38966261847920, 6332
38966274880900, 38966274888384, 7484
38966388273052, 38966388281028, 7976
38966402237408, 38966402245112, 7704
38966403300544, 38966403311260, 10716
38967505548516, 38967505552032, 3516
38967509733072, 38967509738080, 5008
38967513908044, 38967513912280, 4236
38967518082824, 38967518087568, 4744
38967522258012, 38967522262732, 4720
38967526434076, 38967526438496, 4420
38967530607504, 38967530612036, 4532
38967534779124, 38967534782632, 3508
38967538951872, 38967538955936, 4064
38967543126056, 38967543129304, 3248
38967547300488, 38967547304508, 4020
38967551489600, 38967551492984, 3384
38967555661632, 38967555665188, 3556
38967559832872, 38967559836752, 3880
38967564002836, 38967564005876, 3040
38967568178108, 38967568182828, 4720
38967572350972, 38967572354356, 3384
38967576521456, 38967576525116, 3660
38967580693152, 38967580696336, 3184
38967584868436, 38967584871796, 3360
38967589037424, 38967589040732, 3308
38967593208024, 38967593212816, 4792
38967597399740, 38967597403080, 3340
38967601570784, 38967601575268, 4484
38967606299320, 38967606303288, 3968
38967610471120, 38967610475300, 4180
38967614643272, 38967614646400, 3128
38967618815004, 38967618819112, 4108
38967622989356, 38967622993072, 3716
38967627164988, 38967627168912, 3924
38967631355844, 38967631359724, 3880
38967635528152, 38967635531660, 3508
38967639699704, 38967639703100, 3396
38967643872356, 38967643876484, 4128
38967648049740, 38967648053944, 4204
38967652225208, 38967652229176, 3968
38967656397888, 38967656402020, 4132
38967660570292, 38967660574164, 3872
38967664744756, 38967664749072, 4316
38967668917112, 38967668921440, 4328
38967673090992, 38967673095020, 4028
38967677282388, 38967677285976, 3588
38967681453040, 38967681457264, 4224
38967685632364, 38967685635756, 3392
38967689802776, 38967689806644, 3868
38967693973056, 38967693976208, 3152
38967698144008, 38967698148020, 4012
38967702315364, 38967702319708, 4344
38967706491200, 38967706498936, 7736
38967832767544, 38967832770172, 2628
38967836955984, 38967836961280, 5296
38967841128884, 38967841132952, 4068
38967845304284, 38967845308392, 4108
38967849478324, 38967849481644, 3320
38967952485772, 38967952488356, 2584
38967960777232, 38967960782104, 4872
38967969053420, 38967969057436, 4016
38967977330176, 38967977334244, 4068
38967985610768, 38967985614284, 3516
38967993885748, 38967993892708, 6960
38967999981896, 38967999988428, 6532
38968032399132, 38968032404208, 5076
38968040691820, 38968040699024, 7204
38968052542912, 38968052550084, 7172
38968056729040, 38968056736304, 7264
38968060224524, 38968060230148, 5624
38968074197152, 38968074204128, 6976
38968082178288, 38968082185328, 7040
38968100128532, 38968100134024, 5492
38968156005492, 38968156008240, 2748
38968164304508, 38968164310552, 6044
38968172588700, 38968172595844, 7144
38968173960792, 38968173965032, 4240
38968189926272, 38968189929136, 2864
38968202966972, 38968202973364, 6392
38968205876956, 38968205878184, 1228
38968214164800, 38968214171404, 6604
38968229827664, 38968229834756, 7092
38968237810452, 38968237817592, 7140
38968255770704, 38968255775132, 4428
38968269737460, 38968269741608, 4148
38968281712436, 38968281714176, 1740
38968377473048, 38968377476132, 3084
38968409876100, 38968409881644, 5544
38944331659032, 38944331667888, 8856
38944346813424, 38944346821776, 8352
38944354762220, 38944354772768, 10548
38948431560984, 38948431565756, 4772
38948461490870, 38948461497656, 6786
38948509371030, 38948509377956, 6926
38948520404444, 38948520416628, 12184
38948555251088, 38948555253840, 2752
38948638990220, 38948638992964, 2744
38948673307624, 38948673314964, 7340
38948707049056, 38948707052936, 3880
38948740759572, 38948740764384, 4812
38948774454280, 38948774458848, 4568
38948808196780, 38948808204652, 7872
38948812568980, 38948812570552, 1572
38948846313168, 38948846321144, 7976
38948862453096, 38948862459332, 6236
38948898364460, 38948898370148, 5688
38948912335696, 38948912339848, 4152
38948946043012, 38948946054400, 11388
38948952235136, 38948952240548, 5412
38948965278740, 38948965290136, 11396
38949006104344, 38949006110728, 6384
38949099899400, 38949099902268, 2868
38949199650052, 38949199653056, 3004
38949212672676, 38949212678116, 5440
38949225706884, 38949225711236, 4352
38949337321604, 38949337324372, 2768
38949338380012, 38949338385472, 5460
38949439080616, 38949439083136, 2520
38949445170456, 38949445177544, 7088
38949471900780, 38949471905624, 4844
38949596708956, 38949596711672, 2716
38949604996148, 38949605001244, 5096
38949613274184, 38949613278608, 4424
38949621551816, 38949621556084, 4268
38949629830248, 38949629834508, 4260
38949638106560, 38949638113804, 7244
38949780275264, 38949780278080, 2816
38949812637096, 38949812641856, 4760
38949844988020, 38949844992340, 4320
38949877280408, 38949877283892, 3484
38949910164868, 38949910173652, 8784
38949916252376, 38949916258744, 6368
38949917309364, 38949917316796, 7432
38949917937848, 38949917939296, 1448
38949957849120, 38949957856280, 7160
38949973817012, 38949973821476, 4464
38949975806792, 38949975813604, 6812
38950008158548, 38950008170900, 12352
38950057704960, 38950057715224, 10264
38950091528384, 38950091532908, 4524
38950197298476, 38950197301380, 2904
38950203393312, 38950203402344, 9032
38950211684200, 38950211691284, 7084
38950215228784, 38950215230168, 1384
38950221320668, 38950221328060, 7392
38952202459304, 38952202461472, 2168
38952234839860, 38952234844784, 4924
38952267178040, 38952267182372, 4332
38952299527500, 38952299531332, 3832
38952331891996, 38952331896432, 4436
38952364285916, 38952364289768, 3852
38952397198608, 38952397202608, 4000
38952429509104, 38952429513144, 4040
38952461844092, 38952461849168, 5076
38952494204632, 38952494208216, 3584
38952526566828, 38952526570876, 4048
38952558885872, 38952558889100, 3228
38952591307496, 38952591311976, 4480
38952623616180, 38952623620012, 3832
38952656520484, 38952656525128, 4644
38952688826672, 38952688830328, 3656
38952721164064, 38952721167984, 3920
38952753471560, 38952753475680, 4120
38952785789588, 38952785793432, 3844
38952818129388, 38952818132700, 3312
38952850470124, 38952850474672, 4548
38952882857072, 38952882861612, 4540
38952915791576, 38952915796424, 4848
38952948155816, 38952948159848, 4032
38952980486336, 38952980490220, 3884
38953012835280, 38953012839172, 3892
38953045161984, 38953045165764, 3780
38953077496688, 38953077500868, 4180
38953109842556, 38953109846848, 4292
38953142792804, 38953142797168, 4364
38953175165744, 38953175169904, 4160
38953207516176, 38953207520032, 3856
38953239858424, 38953239863016, 4592
38953272240740, 38953272245392, 4652
38953304612736, 38953304617352, 4616
38953336928972, 38953336933292, 4320
38953369245644, 38953369250244, 4600
38953402169976, 38953402174408, 4432
38953434534432, 38953434538140, 3708
38953466875344, 38953466879324, 3980
38953499238156, 38953499242680, 4524
38953531599244, 38953531603660, 4416
38953563968824, 38953563973296, 4472
38953596346624, 38953596350880, 4256
38953628720700, 38953628724732, 4032
38953661632248, 38953661635744, 3496
38953693919376, 38953693923112, 3736
38953726254560, 38953726258948, 4388
38953758621396, 38953758625916, 4520
38953790973944, 38953790977152, 3208
38953823275552, 38953823279464, 3912
38953855596768, 38953855601244, 4476
38953888533860, 38953888538488, 4628
38953920897224, 38953920901912, 4688
38953953250180, 38953953253760, 3580
38953985549756, 38953985554040, 4284
38954017878420, 38954017882316, 3896
38954050218204, 38954050222492, 4288
38954082587004, 38954082591124, 4120
38954114966172, 38954114970660, 4488
38954147909144, 38954147912852, 3708
38954180264456, 38954180268880, 4424
38954212620848, 38954212625416, 4568
38954244982464, 38954244986588, 4124
38954277329636, 38954277333652, 4016
38954309646688, 38954309651240, 4552
38954341978004, 38954341982784, 4780
38954374351096, 38954374355604, 4508
38954407268188, 38954407272412, 4224
38954439561192, 38954439565200, 4008
38954471848472, 38954471852216, 3744
38954504154076, 38954504158460, 4384
38954536507836, 38954536511808, 3972
38954568972100, 38954568976344, 4244
38954601323672, 38954601327964, 4292
38954633663492, 38954633667248, 3756
38954666579752, 38954666583908, 4156
38954698938004, 38954698945868, 7864
38954720341408, 38954720346016, 4608
38954752735324, 38954752747484, 12160
38954752999744, 38954753009932, 10188
38954762248320, 38954762251360, 3040
38954778195360, 38954778199388, 4028
38954836066268, 38954836070632, 4364
38954868395340, 38954868407288, 11948
38954989522728, 38954989534324, 11596
38954995615816, 38954995625520, 9704
38955007456628, 38955007467936, 11308
38955023805664, 38955023814992, 9328
38955029901608, 38955029912384, 10776
38955030963024, 38955030971724, 8700
38955173280524, 38955173291144, 10620
38955725952252, 38955725955208, 2956
38955727009972, 38955727016228, 6256
38955728077436, 38955728081680, 4244
38955729123880, 38955729126588, 2708
38955730188612, 38955730192500, 3888
38955731234712, 38955731241324, 6612
38955737335756, 38955737342924, 7168
38955749184796, 38955749191396, 6600
38955760235360, 38955760242352, 6992
38955859630324, 38955859632904, 2580
38955892558732, 38955892564520, 5788
38955924923768, 38955924928404, 4636
38955957292404, 38955957296844, 4440
38955989676644, 38955989684624, 7980
38955995777464, 38955995782968, 5504
38956126992948, 38956126995052, 2104
38956159926768, 38956159932540, 5772
38956192300636, 38956192305084, 4448
38956224675452, 38956224683600, 8148
38956230799672, 38956230805960, 6288
38956332511656, 38956332514392, 2736
38956359247420, 38956359252264, 4844
38956486134576, 38956486137240, 2664
38956494429444, 38956494435156, 5712
38956502721012, 38956502724584, 3572
38956510995184, 38956510999236, 4052
38956617762084, 38956617764272, 2188
38956626053168, 38956626058848, 5680
38956634890796, 38956634895084, 4288
38956643166284, 38956643170692, 4408
38956651450372, 38956651454636, 4264
38956659747056, 38956659755620, 8564
38956665847188, 38956665855356, 8168
38956677702492, 38956677709664, 7172
38956678761292, 38956678768688, 7396
38956682951912, 38956682957948, 6036
38956691247628, 38956691253880, 6252
38956713532428, 38956713538328, 5900
38956717722484, 38956717733960, 11476
38956793345680, 38956793348364, 2684
38956825722084, 38956825728256, 6172
38956861175516, 38956861181372, 5856
38956956960316, 38956956962924, 2608
38956961150612, 38956961156184, 5572
38956988878436, 38956988881604, 3168
38957114574668, 38957114577532, 2864
38957147501196, 38957147506104, 4908
38957179816704, 38957179820424, 3720
38957212137196, 38957212141624, 4428
38957344027044, 38957344029928, 2884
38957350124496, 38957350129400, 4904
38957356203804, 38957356211772, 7968
38957477715272, 38957477732576, 17304
38958086274272, 38958086277912, 3640
38958098107424, 38958098113268, 5844
38958109945672, 38958109950220, 4548
38958121780260, 38958121785060, 4800
38958134175172, 38958134179808, 4636
38958145990804, 38958145996724, 5920
38958209969512, 38958209972584, 3072
38958223003024, 38958223008164, 5140
38958245890720, 38958245893428, 2708
38958272634248, 38958272639828, 5580
38958323699920, 38958323703236, 3316
38958327890428, 38958327898600, 8172
38958347644464, 38958347657788, 13324
38958383563892, 38958383566768, 2876
38958389655992, 38958389664040, 8048
38958439095956, 38958439102316, 6360
38958440174304, 38958440180848, 6544
38958451388892, 38958451390468, 1576
38958457478688, 38958457484240, 5552
38958567076516, 38958567082492, 5976
38958593783988, 38958593789768, 5780
38958628906188, 38958628907460, 1272
38958655622536, 38958655628156, 5620
38958741682804, 38958741688188, 5384
38958747775728, 38958747782088, 6360
38958764096632, 38958764102700, 6068
38958885309452, 38958885314608, 5156
38958891386336, 38958891391808, 5472
38958903188536, 38958903193212, 4676
38959023777424, 38959023781264, 3840
38959144962660, 38959144968372, 5712
38959156766124, 38959156771888, 5764
38959162844108, 38959162849580, 5472
38959263402120, 38959263404884, 2764
38959379127908, 38959379130816, 2908
38959390145408, 38959390150568, 5160
38959401171488, 38959401175764, 4276
38959412175728, 38959412183464, 7736
38959418270576, 38959418277816, 7240
38959430116144, 38959430121800, 5656
38959441148288, 38959441155892, 7604
38959442206952, 38959442213256, 6304
38959474901984, 38959474909304, 7320
38959556708516, 38959556711272, 2756
38959590456744, 38959590462200, 5456
38959624767356, 38959624772428, 5072
38959658493632, 38959658498240, 4608
38959692199052, 38959692203344, 4292
38959824070048, 38959824079232, 9184
38959837109668, 38959837115540, 5872
38959850147236, 38959850151632, 4396
38959863167304, 38959863175248, 7944
38959908291848, 38959908298628, 6780
38959919303364, 38959919310420, 7056
38959920380900, 38959920387528, 6628
38959926474324, 38959926481952, 7628
38959942801108, 38959942807832, 6724
38959953754296, 38959953755692, 1396
38960063497332, 38960063500384, 3052
38960071787456, 38960071793188, 5732
38960080057764, 38960080061240, 3476
38960088326488, 38960088331152, 4664
38960096603016, 38960096610388, 7372
38960097415728, 38960097417048, 1320
38960129338576, 38960129346100, 7524
38960205168592, 38960205170472, 1880
38960213449656, 38960213455208, 5552
38960225114500, 38960225123200, 8700
38960243068752, 38960243072012, 3260
38960352809144, 38960352811220, 2076
38960361101996, 38960361107392, 5396
38960369387128, 38960369391076, 3948
38960378222652, 38960378226452, 3800
38960386496428, 38960386500788, 4360
38960494472484, 38960494475120, 2636
38960500578380, 38960500586984, 8604
38960516930268, 38960516936540, 6272
38960528780020, 38960528786508, 6488
38960534874540, 38960534880540, 6000
38960547909876, 38960547917988, 8112
38960548989352, 38960548995132, 5780
38960574225428, 38960574232828, 7400
38960588184108, 38960588189324, 5216
38960601212832, 38960601222704, 9872
38960607310124, 38960607321940, 11816
38960620115888, 38960620123232, 7344
38960630092016, 38960630098904, 6888
38960642063452, 38960642070532, 7080
38960656031244, 38960656038072, 6828
38960679971776, 38960679979088, 7312
38960681964112, 38960681969940, 5828
38960688052264, 38960688062016, 9752
38960695928980, 38960695934392, 5412
38960708944148, 38960708953516, 9368
38960717420980, 38960717429644, 8664
38960727299168, 38960727308708, 9540
38960763776464, 38960763778072, 1608
38960776808980, 38960776815204, 6224
38960782908524, 38960782915792, 7268
38960783719620, 38960783720876, 1256
38960785712132, 38960785713300, 1168
38960797535940, 38960797542056, 6116
38960803672616, 38960803673724, 1108
38960915417492, 38960915420212, 2720
38960919598020, 38960919603536, 5516
38960923771904, 38960923775264, 3360
38960927941208, 38960927945456, 4248
38960932109436, 38960932115140, 5704
38960941343688, 38960941344948, 1260
38960945520716, 38960945525844, 5128
38960948142928, 38960948149920, 6992
38960949200152, 38960949206564, 6412
38960955310896, 38960955317724, 6828
38960967281764, 38960967282896, 1132
38960971458636, 38960971463708, 5072
38960975857508, 38960975863844, 6336
38960987232688, 38960987233876, 1188
38960988284044, 38960988288876, 4832
38961026464856, 38961026470460, 5604
38961039503816, 38961039510188, 6372
38961045590908, 38961045595784, 4876
38961061918584, 38961061924604, 6020
38961073030824, 38961073031916, 1092
38961086055644, 38961086061336, 5692
38961196205016, 38961196209536, 4520
38961416225716, 38961416228856, 3140
38961427241620, 38961427249288, 7668
38961439095712, 38961439103096, 7384
38961443281288, 38961443288968, 7680
38961502015604, 38961502020624, 5020
38961528768732, 38961528780772, 12040
38961545117888, 38961545129152, 11264
38961556164296, 38961556176004, 11708
38961557227192, 38961557236688, 9496
38961565856708, 38961565862008, 5300
38962174424624, 38962174428416, 3792
38962180526828, 38962180532572, 5744
38962186615092, 38962186619968, 4876
38962192699720, 38962192704180, 4460
38962198785820, 38962198789284, 3464
38962204868164, 38962204872652, 4488
38962210947116, 38962210951512, 4396
38962217027684, 38962217035712, 8028
38962226294264, 38962226307860, 13596
38962238265236, 38962238278388, 13152
38962264202116, 38962264211796, 9680
38962268384756, 38962268399748, 14992
38962290141848, 38962290155184, 13336
38962312091644, 38962312105512, 13868
38962401878752, 38962401881616, 2864
38962410158496, 38962410164448, 5952
38962418426512, 38962418430652, 4140
38962427816044, 38962427829640, 13596
38962525581264, 38962525584100, 2836
38962558055504, 38962558060948, 5444
38962590432808, 38962590437808, 5000
38962723049224, 38962723051804, 2580
38962729143272, 38962729152444, 9172
38962762952812, 38962762956504, 3692
38962779294548, 38962779300892, 6344
38962813035576, 38962813043408, 7832
38962828800560, 38962828808020, 7460
38962924575516, 38962924577480, 1964
38962958310988, 38962958316056, 5068
38962992069984, 38962992074172, 4188
38963025823316, 38963025831296, 7980
38963037170220, 38963037177560, 7340
38963162010920, 38963162013924, 3004
38963173033168, 38963173038952, 5784
38963184059396, 38963184063504, 4108
38963209892628, 38963209899864, 7236
38963293696544, 38963293699172, 2628
38963320432460, 38963320437756, 5296
38963445336688, 38963445339496, 2808
38963456352596, 38963456357492, 4896
38963467353384, 38963467356844, 3460
38963577018368, 38963577020932, 2564
38963585308964, 38963585314432, 5468
38963593587772, 38963593591692, 3920
38963601855648, 38963601859480, 3832
38963610116636, 38963610120396, 3760
38963618962680, 38963618968964, 6284
38963724666728, 38963724668564, 1836
38963732953064, 38963732957964, 4900
38963741231736, 38963741235744, 4008
38963749508516, 38963749512016, 3500
38963757778084, 38963757785812, 7728
38963758859420, 38963758865720, 6300
38963768556672, 38963768558200, 1528
38963776836212, 38963776841820, 5608
38963778998308, 38963779004152, 5844
38963785090716, 38963785097064, 6348
38963800479532, 38963800480880, 1348
38963808759808, 38963808765960, 6152
38963832414300, 38963832421664, 7364
38963852363756, 38963852370652, 6896
38963864327744, 38963864333820, 6076
38963872606504, 38963872616020, 9516
38963873060352, 38963873068952, 8600
38963876298316, 38963876303804, 5488
38963892610580, 38963892619608, 9028
38963903619888, 38963903629268, 9380
38963909726224, 38963909735836, 9612
38963958106196, 38963958112204, 6008
38964195545620, 38964195548628, 3008
38964206561308, 38964206566220, 4912
38964217584548, 38964217589000, 4452
38964228583272, 38964228587596, 4324
38964239597376, 38964239601588, 4212
38964250598804, 38964250602796, 3992
38964263386976, 38964263393604, 6628
38964317259904, 38964317263216, 3312
38964329083428, 38964329091736, 8308
38964460917784, 38964460919688, 1904
38964493271712, 38964493277100, 5388
38964525642892, 38964525647640, 4748
38964558110572, 38964558114956, 4384
38964688316452, 38964688319304, 2852
38964699331048, 38964699336356, 5308
38964710342536, 38964710346724, 4188
38964721344404, 38964721351392, 6988
38964725523924, 38964725530240, 6316
38964728211428, 38964728212728, 1300
38964732390732, 38964732396024, 5292
38964850360704, 38964850368416, 7712
38964883269260, 38964883275384, 6124
38965005561464, 38965005574544, 13080
38965126736876, 38965126752684, 15808
38965677970208, 38965677973808, 3600
38965704717196, 38965704721892, 4696
38965731428400, 38965731432228, 3828
38965758156360, 38965758161060, 4700
38965784856696, 38965784860496, 3800
38965811556144, 38965811560604, 4460
38965838285756, 38965838289944, 4188
38965865561060, 38965865565852, 4792
38965892277196, 38965892281556, 4360
38965918977940, 38965918981504, 3564
38965945686396, 38965945691112, 4716
38965972366948, 38965972371024, 4076
38965999056672, 38965999061132, 4460
38966025783648, 38966025787984, 4336
38966052515040, 38966052519472, 4432
38966079251692, 38966079259916, 8224
38966083440536, 38966083446568, 6032
38966204643280, 38966204650584, 7304
38966426186848, 38966426190776, 3928
38966452933848, 38966452939120, 5272
38966479642492, 38966479646564, 4072
38966506351116, 38966506355352, 4236
38966533051728, 38966533056132, 4404
38966559876744, 38966559882660, 5916
38966560933620, 38966560939952, 6332
38966567029024, 38966567035112, 6088
38966593783552, 38966593789216, 5664
38966693485772, 38966693488596, 2824
38966706521528, 38966706526852, 5324
38966719545428, 38966719553876, 8448
38966753258028, 38966753264492, 6464
38966780001268, 38966780008392, 7124
38966813772576, 38966813778676, 6100
38966840504836, 38966840511568, 6732
38966852355672, 38966852362820, 7148
38966973502068, 38966973508912, 6844
38967007273252, 38967007277664, 4412
38967041025356, 38967041029736, 4380
38967074795008, 38967074799252, 4244
38967109082340, 38967109086564, 4224
38967142800320, 38967142805072, 4752
38967176548944, 38967176555184, 6240
38967189575752, 38967189583920, 8168
38967216335212, 38967216341896, 6684
38967229368608, 38967229375516, 6908
38967329969464, 38967329971208, 1744
38967357256912, 38967357262184, 5272
38967383990504, 38967383995384, 4880
38967509541788, 38967509544528, 2740
38967522580328, 38967522585964, 5636
38967537478076, 38967537485516, 7440
38967635245276, 38967635248316, 3040
38967643537260, 38967643542976, 5716
38967651823696, 38967651828436, 4740
38967660102204, 38967660110088, 7884
38967671956632, 38967671963964, 7332
38967778912570, 38967778917264, 4694
38967811280088, 38967811286108, 6020
38967843612752, 38967843617104, 4352
38967876519908, 38967876524148, 4240
38967908875912, 38967908883892, 7980
38967914975424, 38967914982292, 6868
38968026309196, 38968026311740, 2544
38968030492092, 38968030497960, 5868
38968034665604, 38968034670460, 4856
38968038840388, 38968038844124, 3736
38968056241100, 38968056244292, 3192
38968078190432, 38968078197780, 7348
38968086480520, 38968086491948, 11428
38968207632152, 38968207639840, 7688
38968271736752, 38968271740048, 3296
38968291679580, 38968291686464, 6884
38968383467644, 38968383470436, 2792
38968387651596, 38968387657008, 5412
38968391824496, 38968391828828, 4332
38968395996740, 38968396001012, 4272
38968400181144, 38968400185516, 4372
38968412042684, 38968412045684, 3000
38968427621764, 38968427625744, 3980
38944362753748, 38944362767236, 13488
38944499815304, 38944499823752, 8448
38948439542464, 38948439582944, 40480
38948463466652, 38948463470684, 4032
38948513355496, 38948513359660, 4164
38948658948636, 38948658951708, 3072
38948669967156, 38948669973952, 6796
38948680986452, 38948680991548, 5096
38948691994196, 38948692002968, 8772
38948700834704, 38948700836408, 1704
38948810578608, 38948810581488, 2880
38948823615160, 38948823620968, 5808
38948836649368, 38948836656964, 7596
38948848495004, 38948848502456, 7452
38948958239200, 38948958242048, 2848
38948962424912, 38948962449008, 24096
38948966617336, 38948966622068, 4732
38948970794884, 38948970799012, 4128
38948984172452, 38948984177448, 4996
38949010110360, 38949010114856, 4496
38949073950160, 38949073952556, 2396
38949078123376, 38949078128584, 5208
38949087924280, 38949087928800, 4520
38949181691920, 38949181695148, 3228
38949189971532, 38949189977024, 5492
38949198246364, 38949198250552, 4188
38949206512884, 38949206521128, 8244
38949212613056, 38949212618912, 5856
38949220895180, 38949220902792, 7612
38949341584660, 38949341589404, 4744
38949462586216, 38949462594012, 7796
38949468685416, 38949468692524, 7108
38949476990960, 38949476998008, 7048
38949526488300, 38949526495468, 7168
38949527564448, 38949527569652, 5204
38949528866276, 38949528868004, 1728
38949534948676, 38949534953680, 5004
38949654868152, 38949654874412, 6260
38949770295528, 38949770298672, 3144
38949778587880, 38949778592576, 4696
38949786859132, 38949786863616, 4484
38949795137120, 38949795141796, 4676
38949803411004, 38949803416992, 5988
38949950332696, 38949950336544, 3848
38949977058748, 38949977063960, 5212
38950003771108, 38950003778912, 7804
38950015594216, 38950015600316, 6100
38950042327968, 38950042335440, 7472
38950073591236, 38950073597060, 5824
38950099518696, 38950099523148, 4452
38950105503352, 38950105507692, 4340
38950125445016, 38950125451000, 5984
38950145402540, 38950145409632, 7092
38950162318420, 38950162328548, 10128
38950215249592, 38950215251636, 2044
38950219428724, 38950219434708, 5984
38950229215416, 38950229217260, 1844
38950255146864, 38950255151424, 4560
38950269114540, 38950269118952, 4412
38950322989888, 38950322992552, 2664
38950331272272, 38950331277456, 5184
38950438708008, 38950438710824, 2816
38950442895588, 38950442901304, 5716
38950447070924, 38950447074900, 3976
38950451240196, 38950451243796, 3600
38950554428144, 38950554431288, 3144
38950581243796, 38950581249184, 5388
38950607964192, 38950607968396, 4204
38950634700936, 38950634709112, 8176
38950648153508, 38950648157940, 4432
38950712008592, 38950712014060, 5468
38950745917124, 38950745919780, 2656
38950857645400, 38950857647604, 2204
38950868654160, 38950868658808, 4648
38950879658068, 38950879661972, 3904
38950989333588, 38950989336444, 2856
38951002354816, 38951002360124, 5308
38951015391904, 38951015395664, 3760
38951127007068, 38951127009708, 2640
38951154301372, 38951154307240, 5868
38951181046880, 38951181052104, 5224
38951207785156, 38951207792092, 6936
38951310572164, 38951310574092, 1928
38951337314704, 38951337320352, 5648
38951364038380, 38951364042496, 4116
38951390769408, 38951390776728, 7320
38951420169868, 38951420175292, 5424
38951430469440, 38951430476196, 6756
38951540021272, 38951540023068, 1796
38951544213380, 38951544218652, 5272
38951548386392, 38951548391288, 4896
38951552558804, 38951552562132, 3328
38951556729968, 38951556734608, 4640
38951560900380, 38951560907308, 6928
38951561977632, 38951561984816, 7184
38951570268948, 38951570272932, 3984
38951578553316, 38951578557000, 3684
38951586839700, 38951586846776, 7076
38951697654176, 38951697656844, 2668
38951701837204, 38951701842672, 5468
38951706012820, 38951706016316, 3496
38951710182208, 38951710186472, 4264
38951714351924, 38951714355396, 3472
38951718521304, 38951718527320, 6016
38951730365836, 38951730372764, 6928
38951829334852, 38951829336848, 1996
38951833521340, 38951833526648, 5308
38951837695152, 38951837699636, 4484
38951841863328, 38951841867520, 4192
38951846038384, 38951846043308, 4924
38951850214272, 38951850222572, 8300
38951955038400, 38951955041104, 2704
38951966053872, 38951966059428, 5556
38951977077604, 38951977081948, 4344
38952086725872, 38952086728664, 2792
38952095005116, 38952095010156, 5040
38952103269276, 38952103273316, 4040
38952111532660, 38952111535984, 3324
38952119796520, 38952119800236, 3716
38952128064244, 38952128072124, 7880
38952129139152, 38952129145760, 6608
38952135224512, 38952135230308, 5796
38952147621088, 38952147627792, 6704
38952148573420, 38952148575640, 2220
38952159590560, 38952159597092, 6532
38952196455624, 38952196456940, 1316
38952207480156, 38952207486336, 6180
38952208557156, 38952208562100, 4944
38952220410252, 38952220414904, 4652
38952244355048, 38952244363048, 8000
38952252640520, 38952252652416, 11896
38952279372456, 38952279382376, 9920
38952287659680, 38952287668568, 8888
38952288737636, 38952288747496, 9860
38952308207592, 38952308212264, 4672
38952316515196, 38952316527084, 11888
38952343265720, 38952343288496, 22776
38952360079900, 38952360084456, 4556
38952372052812, 38952372057220, 4408
38952449878104, 38952449881744, 3640
38952454062452, 38952454068412, 5960
38952458235524, 38952458239048, 3524
38952462408656, 38952462413196, 4540
38952466577760, 38952466585068, 7308
38952485773304, 38952485780764, 7460
38952577491856, 38952577494852, 2996
38952585776432, 38952585781664, 5232
38952594046004, 38952594050584, 4580
38952602312240, 38952602316076, 3836
38952709178524, 38952709180884, 2360
38952717462312, 38952717467452, 5140
38952725732284, 38952725736640, 4356
38952734002420, 38952734006544, 4124
38952840867104, 38952840870208, 3104
38952867597580, 38952867603100, 5520
38952894894868, 38952894900688, 5820
38952895951628, 38952895956928, 5300
38952922726072, 38952922733352, 7280
38952923784608, 38952923791820, 7212
38953044419696, 38953044423568, 3872
38953165632580, 38953165640924, 8344
38953176670312, 38953176674988, 4676
38953395551772, 38953395554664, 2892
38953406573460, 38953406578976, 5516
38953417592196, 38953417596904, 4708
38953428602120, 38953428610600, 8480
38953441447104, 38953441451616, 4512
38953539205472, 38953539208144, 2672
38953540264276, 38953540273492, 9216
38953589812340, 38953589818684, 6344
38953616556940, 38953616565768, 8828
38953628405892, 38953628413384, 7492
38953648949884, 38953648957920, 8036
38953680870444, 38953680877404, 6960
38953692842100, 38953692848912, 6812
38953742345852, 38953742356316, 10464
38953746542228, 38953746551976, 9748
38953750738648, 38953750748984, 10336
38953756682148, 38953756687804, 5656
38953760867824, 38953760878884, 11060
38953782627708, 38953782634848, 7140
38954197647108, 38954197649136, 2028
38954201821872, 38954201827668, 5796
38954205996212, 38954206001100, 4888
38954210165324, 38954210169788, 4464
38954214342136, 38954214347228, 5092
38954218519924, 38954218524172, 4248
38954222693844, 38954222697288, 3444
38954226863084, 38954226866804, 3720
38954231034748, 38954231039052, 4304
38954235206052, 38954235210100, 4048
38954239378112, 38954239381684, 3572
38954243567464, 38954243571240, 3776
38954247738732, 38954247743276, 4544
38954251908936, 38954251912520, 3584
38954256075948, 38954256080128, 4180
38954260251564, 38954260255776, 4212
38954264419916, 38954264423132, 3216
38954268588720, 38954268592508, 3788
38954275446240, 38954275452896, 6656
38954319353012, 38954319356528, 3516
38954327634776, 38954327640176, 5400
38954335906548, 38954335913392, 6844
38954342001248, 38954342009156, 7908
38954353844892, 38954353851044, 6152
38954362138932, 38954362146660, 7728
38954419112996, 38954419120040, 7044
38954441062556, 38954441069560, 7004
38954510896924, 38954510899656, 2732
38954515083048, 38954515088660, 5612
38954519259260, 38954519264268, 5008
38954523434684, 38954523441344, 6660
38954546802088, 38954546803652, 1564
38954558616788, 38954558623648, 6860
38954571762272, 38954571770140, 7868
38954672449828, 38954672452388, 2560
38954678547712, 38954678552868, 5156
38954679603484, 38954679608948, 5464
38954691447360, 38954691452652, 5292
38954702482588, 38954702489360, 6772
38954752033628, 38954752039432, 5804
38954782189316, 38954782196352, 7036
38954830080928, 38954830085332, 4404
38954862006404, 38954862009160, 2756
38954868103228, 38954868111604, 8376
38954879926536, 38954879937444, 10908
38954991691416, 38954991702720, 11304
38955002715188, 38955002720340, 5152
38955113398176, 38955113400140, 1964
38955124423776, 38955124429512, 5736
38955136006608, 38955136011244, 4636
38955245090784, 38955245093892, 3108
38955258122628, 38955258128288, 5660
38955271160280, 38955271165204, 4924
38955284178464, 38955284186832, 8368
38955308949048, 38955308954512, 5464
38955317240856, 38955317250812, 9956
38955330260084, 38955330269380, 9296
38955340851364, 38955340857328, 5964
38955349135436, 38955349145648, 10212
38955459776400, 38955459789444, 13044
38955465875664, 38955465886468, 10804
38955482223012, 38955482233592, 10580
38955602933944, 38955602944700, 10756
38956192838776, 38956192841844, 3068
38956205871032, 38956205876636, 5604
38956218920604, 38956218925328, 4724
38956231940668, 38956231944900, 4232
38956244974804, 38956244979304, 4500
38956257998088, 38956258002044, 3956
38956271028744, 38956271032516, 3772
38956284049064, 38956284053552, 4488
38956297086316, 38956297090420, 4104
38956310103208, 38956310107804, 4596
38956323148480, 38956323152392, 3912
38956336164500, 38956336168104, 3604
38956349193944, 38956349198096, 4152
38956362204308, 38956362208316, 4008
38956386372088, 38956386377028, 4940
38956399380156, 38956399392396, 12240
38956405472620, 38956405483888, 11268
38956968918864, 38956968921404, 2540
38956981935624, 38956981940620, 4996
38956994969616, 38956994973468, 3852
38957007982152, 38957007986464, 4312
38957021011816, 38957021016004, 4188
38957034014564, 38957034018588, 4024
38957047023292, 38957047027744, 4452
38957060022636, 38957060026732, 4096
38957073048812, 38957073053556, 4744
38957086057476, 38957086061928, 4452
38957099093100, 38957099097712, 4612
38957112126212, 38957112130396, 4184
38957125150936, 38957125154708, 3772
38957138739132, 38957138746364, 7232
38957140531624, 38957140538920, 7296
38957559526412, 38957559530044, 3632
38957563708596, 38957563713408, 4812
38957567875280, 38957567879408, 4128
38957572047144, 38957572050864, 3720
38957576217152, 38957576220920, 3768
38957580386104, 38957580389412, 3308
38957584553572, 38957584556968, 3396
38957588725620, 38957588728652, 3032
38957592890552, 38957592894932, 4380
38957597056252, 38957597059876, 3624
38957601226680, 38957601230500, 3820
38957605413020, 38957605416632, 3612
38957609587860, 38957609591452, 3592
38957613756980, 38957613761096, 4116
38957617928416, 38957617931924, 3508
38957622103308, 38957622106428, 3120
38957626274708, 38957626278512, 3804
38957630995876, 38957630999192, 3316
38957635167512, 38957635174476, 6964
38957647301472, 38957647302868, 1396
38957651481780, 38957651486956, 5176
38957673241400, 38957673242616, 1216
38957677419692, 38957677425120, 5428
38957862795196, 38957862798124, 2928
38957895729672, 38957895735208, 5536
38957928106660, 38957928112724, 6064
38957941157768, 38957941165744, 7976
38957947251932, 38957947258544, 6612
38957948586768, 38957948587912, 1144
38957961605944, 38957961612748, 6804
38957962684496, 38957962691736, 7240
38957984508600, 38957984522728, 14128
38958066311008, 38958066312844, 1836
38958070489312, 38958070495076, 5764
38958074662412, 38958074666040, 3628
38958078832656, 38958078839736, 7080
38958084932716, 38958084939120, 6404
38958111687372, 38958111694880, 7508
38958335664872, 38958335671232, 6360
38958336732468, 38958336738152, 5684
38958437424956, 38958437427532, 2576
38958464142692, 38958464147460, 4768
38958490869264, 38958490876860, 7596
38958501280272, 38958501282412, 2140
38958626919236, 38958626922160, 2924
38958639945820, 38958639951396, 5576
38958652973260, 38958652977492, 4232
38958665982824, 38958665989936, 7112
38958672075348, 38958672081192, 5844
38958782547704, 38958782550444, 2740
38958809288448, 38958809294120, 5672
38958836010588, 38958836014148, 3560
38958962121348, 38958962124052, 2704
38958975148824, 38958975154600, 5776
38958988186108, 38958988190260, 4152
38959001198748, 38959001206216, 7468
38959025970144, 38959025977596, 7452
38959109774536, 38959109777036, 2500
38959120786916, 38959120792072, 5156
38959231481704, 38959231484688, 2984
38959244509056, 38959244514580, 5524
38959257536720, 38959257540940, 4220
38959270551588, 38959270559164, 7576
38959271629484, 38959271635968, 6484
38959295321456, 38959295322984, 1528
38959308345924, 38959308352368, 6444
38959334197856, 38959334204680, 6824
38959340295752, 38959340302820, 7068
38959349193576, 38959349194788, 1212
38959362212884, 38959362217720, 4836
38959365199800, 38959365206440, 6640
38959366256544, 38959366262356, 5812
38959487471980, 38959487475860, 3880
38959706350676, 38959706353420, 2744
38959707409668, 38959707416296, 6628
38959808106300, 38959808108624, 2324
38959819120724, 38959819125684, 4960
38959830138520, 38959830143304, 4784
38959841138852, 38959841146712, 7860
38959852979148, 38959852986660, 7512
38959857982336, 38959857983868, 1532
38959967726856, 38959967729552, 2696
38959980753148, 38959980758136, 4988
38959993785992, 38959993793164, 7172
38960093428148, 38960093429908, 1760
38960106457500, 38960106462412, 4912
38960119480344, 38960119484424, 4080
38960197185976, 38960197188864, 2888
38960203283000, 38960203290844, 7844
38960231105404, 38960231108116, 2712
38960342833240, 38960342835096, 1856
38960348930312, 38960348936420, 6108
38960464543076, 38960464546332, 3256
38960477568700, 38960477574312, 5612
38960490607872, 38960490614096, 6224
38960491664936, 38960491670508, 5572
38960504715752, 38960504723292, 7540
38960626119064, 38960626122760, 3696
38960746707596, 38960746711864, 4268
38960867335432, 38960867340872, 5440
38960873990220, 38960873995736, 5516
38961092989880, 38961092992928, 3048
38961104821876, 38961104828860, 6984
38961105899408, 38961105906040, 6632
38961216694936, 38961216697708, 2772
38961220884432, 38961220889980, 5548
38961225056968, 38961225061628, 4660
38961229226896, 38961229231060, 4164
38961233398696, 38961233402204, 3508
38961269429928, 38961269433736, 3808
38961296156632, 38961296165248, 8616
38961310480136, 38961310484948, 4812
38961567868468, 38961567872072, 3604
38961580903524, 38961580908800, 5276
38961593945876, 38961593949740, 3864
38961606964120, 38961606967756, 3636
38961620548164, 38961620551636, 3472
38961633565220, 38961633569284, 4064
38961646589868, 38961646597284, 7416
38961647665988, 38961647672496, 6508
38961659485288, 38961659491940, 6652
38961665619768, 38961665621124, 1356
38961678637120, 38961678644404, 7284
38961799319116, 38961799325456, 6340
38961812352860, 38961812360092, 7232
38961960925020, 38961960927824, 2804
38961969217620, 38961969223340, 5720
38961977498680, 38961977502292, 3612
38961985772780, 38961985776660, 3880
38962092607568, 38962092610496, 2928
38962103622392, 38962103627984, 5592
38962114639752, 38962114644116, 4364
38962170443648, 38962170446544, 2896
38962224300480, 38962224303236, 2756
38962258218888, 38962258232592, 13704
38962271248000, 38962271268816, 20816
38962336035152, 38962336037948, 2796
38962441777684, 38962441780456, 2772
38962452787428, 38962452792420, 4992
38962463799828, 38962463803692, 3864
38962474792476, 38962474798484, 6008
38962575399724, 38962575401520, 1796
38962586422900, 38962586428696, 5796
38962597451188, 38962597455608, 4420
38962608460980, 38962608468124, 7144
38962622689420, 38962622696948, 7528
38962635260244, 38962635274128, 13884
38962727040740, 38962727043280, 2540
38962759434552, 38962759439356, 4804
38962791789528, 38962791793684, 4156
38962824135468, 38962824139616, 4148
38962856456924, 38962856464004, 7080
38962977630092, 38962977637868, 7776
38963104141860, 38963104144372, 2512
38963105201136, 38963105213388, 12252
38963132495936, 38963132503068, 7132
38963166259344, 38963166266040, 6696
38963192994924, 38963193001476, 6552
38963194070376, 38963194076696, 6320
38963225870928, 38963225878392, 7464
38963301677200, 38963301679824, 2624
38963312691164, 38963312696320, 5156
38963323718960, 38963323727516, 8556
38963335592892, 38963335602924, 10032
38963353564284, 38963353572172, 7888
38963435360020, 38963435362816, 2796
38963436418424, 38963436427908, 9484
38963551079888, 38963551082536, 2648
38963583448492, 38963583454128, 5636
38963616349940, 38963616354964, 5024
38963648676648, 38963648680520, 3872
38963681017448, 38963681024704, 7256
38963697361132, 38963697368096, 6964
38963818011704, 38963818015688, 3984
38963939137448, 38963939143748, 6300
38963940216432, 38963940223472, 7040
38963951234692, 38963951242984, 8292
38964055877308, 38964055880284, 2976
38964064168288, 38964064173972, 5684
38964072444048, 38964072448504, 4456
38964080722604, 38964080727428, 4824
38964089000488, 38964089004884, 4396
38964097277960, 38964097285872, 7912
38964119719120, 38964119720656, 1536
38964128003008, 38964128009908, 6900
38964187568312, 38964187571276, 2964
38964241443728, 38964241446152, 2424
38964249728292, 38964249733412, 5120
38964265383972, 38964265386620, 2648
38964279353568, 38964279358188, 4620
38964287647960, 38964287657872, 9912
38964291833540, 38964291844164, 10624
38964292899100, 38964292909612, 10512
38964313258640, 38964313264928, 6288
38964317438736, 38964317448428, 9692
38964346645564, 38964346654452, 8888
38964365139268, 38964365145284, 6016
38964456925100, 38964456927044, 1944
38964461097992, 38964461103180, 5188
38964465269228, 38964465272620, 3392
38964469434796, 38964469438308, 3512
38964473602540, 38964473608664, 6124
38964486618496, 38964486625668, 7172
38964487695456, 38964487702908, 7452
38964499532096, 38964499537704, 5608
38964503711860, 38964503717212, 5352
38964520053176, 38964520059572, 6396
38964520765928, 38964520767260, 1332
38964524940428, 38964524945676, 5248
38964636434608, 38964636436864, 2256
38964640617972, 38964640622992, 5020
38964644783092, 38964644786684, 3592
38964648952028, 38964648956184, 4156
38964653121420, 38964653124712, 3292
38964657289480, 38964657295744, 6264
38964670304776, 38964670310548, 5772
38964676335320, 38964676336768, 1448
38964680509028, 38964680514652, 5624
38964682320956, 38964682322228, 1272
38964695335688, 38964695342336, 6648
38964796057288, 38964796060368, 3080
38964807877792, 38964807883492, 5700
38964917766748, 38964917769508, 2760
38964944497092, 38964944502292, 5200
38964971190056, 38964971194496, 4440
38964997901744, 38964997909112, 7368
38965049467748, 38965049471292, 3544
38965050531124, 38965050540660, 9536
38965100035912, 38965100041468, 5556
38965113297620, 38965113310836, 13216
38965126322380, 38965126339160, 16780
38965127406944, 38965127421956, 15012
38965203094772, 38965203097576, 2804
38965323712852, 38965323717320, 4468
38965444916896, 38965444924416, 7520
38965466453976, 38965466455548, 1572
38965685938800, 38965685941952, 3152
38965690125816, 38965690131548, 5732
38965694297392, 38965694301784, 4392
38965698469048, 38965698472812, 3764
38965801662216, 38965801664812, 2596
38965814683372, 38965814688424, 5052
38965827714020, 38965827718564, 4544
38965941332028, 38965941334560, 2532
38965945512096, 38965945517280, 5184
38965949678796, 38965949683192, 4396
38965953848688, 38965953852056, 3368
38965958014968, 38965958018596, 3628
38965962177108, 38965962183524, 6416
38966063041812, 38966063044376, 2564
38966076063956, 38966076068816, 4860
38966089101352, 38966089105636, 4284
38966182761808, 38966182764684, 2876
38966186950388, 38966186956332, 5944
38966191126836, 38966191131216, 4380
38966195299500, 38966195304240, 4740
38966199472156, 38966199479864, 7708
38966200530908, 38966200537880, 6972
38966218673612, 38966218691112, 17500
38968144030660, 38968144034180, 3520
38968160351632, 38968160357276, 5644
38968176681844, 38968176686768, 4924
38968193014548, 38968193019556, 5008
38968209346500, 38968209351096, 4596
38968225667580, 38968225671744, 4164
38968241998212, 38968242002352, 4140
38968258317012, 38968258321332, 4320
38968274640236, 38968274644200, 3964
38968290959072, 38968290962720, 3648
38968307277956, 38968307281956, 4000
38968323597780, 38968323602464, 4684
38968339911392, 38968339915480, 4088
38968356778916, 38968356783664, 4748
38968373101832, 38968373105976, 4144
38968389444988, 38968389449348, 4360
38968405771044, 38968405775680, 4636
38968422099844, 38968422103652, 3808
38968453288780, 38968453291160, 2380
38944498480380, 38944498489140, 8760
38948531309056, 38948531312160, 3104
38948531331348, 38948531339388, 8040
38948544353764, 38948544359364, 5600
38948656944680, 38948656947932, 3252
38948661126712, 38948661132844, 6132
38948665303828, 38948665308416, 4588
38948669471996, 38948669475768, 3772
38948673641848, 38948673646204, 4356
38948677812740, 38948677820344, 7604
38948689648492, 38948689655988, 7496
38948690710896, 38948690718116, 7220
38948707059272, 38948707067384, 8112
38948739403048, 38948739409168, 6120
38948751228640, 38948751235156, 6516
38948762232812, 38948762238148, 5336
38948794581804, 38948794587068, 5264
38948795658928, 38948795664108, 5180
38948796606936, 38948796608528, 1592
38948807617948, 38948807624040, 6092
38948823051176, 38948823056436, 5260
38948855423512, 38948855430564, 7052
38948859610108, 38948859614012, 3904
38948872440948, 38948872445516, 4568
38948876422500, 38948876427224, 4724
38948909330132, 38948909340864, 10732
38948934292464, 38948934296592, 4128
38948966675796, 38948966688976, 13180
38948972385488, 38948972396304, 10816
38948992154652, 38948992156788, 2136
38949032053980, 38949032061048, 7068
38949048381048, 38949048392516, 11468
38949060235504, 38949060245148, 9644
38949073251636, 38949073262796, 11160
38949194397388, 38949194408524, 11136
38949195459920, 38949195469776, 9856
38949207290340, 38949207300704, 10364
38949223638944, 38949223649588, 10644
38949273162096, 38949273173304, 11208
38949281471084, 38949281479572, 8488
38949289754792, 38949289767640, 12848
38949307394964, 38949307400044, 5080
38949329350800, 38949329355168, 4368
38949951873800, 38949951876332, 2532
38949964886944, 38949964892084, 5140
38949977907212, 38949977912000, 4788
38949990913124, 38949990916756, 3632
38950003925316, 38950003930092, 4776
38950016935000, 38950016939204, 4204
38950029966704, 38950029970988, 4284
38950042976396, 38950042980824, 4428
38950056011068, 38950056015448, 4380
38950069027508, 38950069031276, 3768
38950082043072, 38950082047164, 4092
38950095039136, 38950095042820, 3684
38950108057084, 38950108060924, 3840
38950121059596, 38950121063080, 3484
38950137424456, 38950137431944, 7488
38950151008624, 38950151021416, 12792
38950183389868, 38950183401400, 11532
38950233210260, 38950233212796, 2536
38950265122288, 38950265129296, 7008
38950332957180, 38950332960580, 3400
38950337142524, 38950337147812, 5288
38950341322308, 38950341326772, 4464
38950444691372, 38950444694196, 2824
38950457717072, 38950457722652, 5580
38950470737768, 38950470741336, 3568
38950514528900, 38950514536620, 7720
38950518720248, 38950518731680, 11432
38950535051104, 38950535061216, 10112
38950540454936, 38950540460384, 5448
38950544635524, 38950544644996, 9472
38950550273344, 38950550284084, 10740
38950551351928, 38950551361048, 9120
38950582306612, 38950582308288, 1676
38950586492176, 38950586501064, 8888
38950592272144, 38950592273376, 1232
38950616228296, 38950616236696, 8400
38950627259060, 38950627270640, 11580
38950628340832, 38950628351156, 10324
38950632526244, 38950632536940, 10696
38950646122020, 38950646134360, 12340
38950664115228, 38950664120000, 4772
38950676088740, 38950676092900, 4160
38950708004700, 38950708011892, 7192
38950795794732, 38950795797788, 3056
38950822518112, 38950822522784, 4672
38950849227336, 38950849231844, 4508
38950975363972, 38950975366956, 2984
38950976422496, 38950976431836, 9340
38950983376328, 38950983382056, 5728
38950984434820, 38950984441388, 6568
38951132990132, 38951132992948, 2816
38951144564132, 38951144569632, 5500
38951155591552, 38951155596404, 4852
38951166590444, 38951166598944, 8500
38951174899800, 38951174906408, 6608
38951180992532, 38951180999452, 6920
38951182051164, 38951182058676, 7512
38951190849344, 38951190850828, 1484
38951199130052, 38951199135576, 5524
38951222787428, 38951222791988, 4560
38951238741712, 38951238748556, 6844
38951254709380, 38951254713632, 4252
38951308583512, 38951308586264, 2752
38951312766348, 38951312772496, 6148
38951316940060, 38951316945896, 5836
38951327958156, 38951327965364, 7208
38951336252828, 38951336257912, 5084
38951347282672, 38951347290336, 7664
38951467962012, 38951467968756, 6744
38951567954728, 38951567957596, 2868
38951578974116, 38951578980200, 6084
38951590001028, 38951590006228, 5200
38951699645048, 38951699647676, 2628
38951707933560, 38951707938860, 5300
38951716208232, 38951716213144, 4912
38951724484316, 38951724488392, 4076
38951831327672, 38951831329696, 2024
38951839617196, 38951839622944, 5748
38951847891408, 38951847896408, 5000
38951856166004, 38951856170488, 4484
38951864438856, 38951864442848, 3992
38951872709680, 38951872717228, 7548
38951876894820, 38951876901488, 6668
38951904191328, 38951904197752, 6424
38951912466892, 38951912472368, 5476
38951913540756, 38951913547580, 6824
38951925100940, 38951925102384, 1444
38951933371244, 38951933377052, 5808
38951960084612, 38951960089840, 5228
38951968367620, 38951968373300, 5680
38951988948880, 38951988950240, 1360
38952015670992, 38952015678168, 7176
38952027512948, 38952027519536, 6588
38952031693476, 38952031701124, 7648
38952044824152, 38952044831272, 7120
38952052807140, 38952052814864, 7724
38952070768876, 38952070773556, 4680
38952136609292, 38952136610960, 1668
38952148177648, 38952148185104, 7456
38952197705668, 38952197712948, 7280
38952205997616, 38952206002576, 4960
38952214279944, 38952214284400, 4456
38952314178408, 38952314186676, 8268
38952318364684, 38952318369980, 5296
38952322544224, 38952322548380, 4156
38952326725812, 38952326733748, 7936
38952330136128, 38952330137248, 1120
38952334312464, 38952334318440, 5976
38952342767572, 38952342774368, 6796
38952356074668, 38952356079920, 5252
38952360255252, 38952360266636, 11384
38952449878248, 38952449894428, 16180
38952476619812, 38952476625048, 5236
38952503329800, 38952503334012, 4212
38952629368048, 38952629371112, 3064
38952635458272, 38952635463768, 5496
38952642092424, 38952642099980, 7556
38952643151080, 38952643157220, 6140
38952751082908, 38952751085712, 2804
38952784781816, 38952784786704, 4888
38952818498328, 38952818502572, 4244
38952852225836, 38952852230108, 4272
38952885971836, 38952885976936, 5100
38952920290540, 38952920295400, 4860
38952954029036, 38952954033376, 4340
38952987743580, 38952987750420, 6840
38952993834580, 38952993841744, 7164
38953108229052, 38953108231900, 2848
38953119260568, 38953119265880, 5312
38953130288296, 38953130292200, 3904
38953141848568, 38953141856412, 7844
38953142929604, 38953142937244, 7640
38953267850012, 38953267852872, 2860
38953279685016, 38953279692204, 7188
38953296044240, 38953296051796, 7556
38953297103164, 38953297108472, 5308
38953308936792, 38953308944596, 7804
38953358413520, 38953358420028, 6508
38953385141072, 38953385147588, 6516
38953386217820, 38953386223552, 5732
38953393546748, 38953393548256, 1508
38953420283120, 38953420289212, 6092
38953457401216, 38953457408404, 7188
38953484142804, 38953484155296, 12492
38953490243432, 38953490253808, 10376
38953502087752, 38953502098064, 10312
38953535846948, 38953535858452, 11504
38953562590416, 38953562601712, 11296
38953563672840, 38953563683556, 10716
38953569768556, 38953569778832, 10276
38953603552316, 38953603562212, 9896
38953644957332, 38953644964204, 6872
38953646957204, 38953646961780, 4576
38953653051284, 38953653061644, 10360
38953678880308, 38953678884468, 4160
38953744723096, 38953744725908, 2812
38953753021196, 38953753027204, 6008
38953761301364, 38953761308412, 7048
38953762359236, 38953762365304, 6068
38953878397196, 38953878399968, 2772
38953905688496, 38953905695532, 7036
38954038020820, 38954038023560, 2740
38954064749712, 38954064755248, 5536
38954091468752, 38954091476832, 8080
38954092547068, 38954092552884, 5816
38954104395684, 38954104402612, 6928
38954131129404, 38954131136564, 7160
38954252379652, 38954252385776, 6124
38955398729820, 38955398732996, 3176
38955425451864, 38955425457536, 5672
38955452160068, 38955452164492, 4424
38955478896388, 38955478900824, 4436
38955505624728, 38955505629296, 4568
38955532357692, 38955532361972, 4280
38955559112856, 38955559116916, 4060
38955585814064, 38955585818148, 4084
38955612527024, 38955612531012, 3988
38955639775692, 38955639780112, 4420
38955666490720, 38955666495124, 4404
38955693211552, 38955693216084, 4532
38955719925220, 38955719932008, 6788
38955746666720, 38955746671424, 4704
38955773401528, 38955773405088, 3560
38955800079192, 38955800082608, 3416
38955826734416, 38955826737776, 3360
38955853409956, 38955853413628, 3672
38955880139980, 38955880144436, 4456
38955907409456, 38955907413992, 4536
38955934143628, 38955934147896, 4268
38955960857808, 38955960862396, 4588
38955987591140, 38955987595708, 4568
38956014311916, 38956014316324, 4408
38956041007672, 38956041011988, 4316
38956067722924, 38956067726712, 3788
38956094410860, 38956094414192, 3332
38956121673524, 38956121677160, 3636
38956148959068, 38956148963964, 4896
38956175671892, 38956175676420, 4528
38956206805252, 38956206807888, 2636
38956215094300, 38956215102156, 7856
38956241848164, 38956241855580, 7416
38956253699380, 38956253706324, 6944
38956303253260, 38956303259484, 6224
38956340476616, 38956340481584, 4968
38956434261148, 38956434263836, 2688
38956460978240, 38956460983936, 5696
38956487706016, 38956487714040, 8024
38956499559232, 38956499566836, 7604
38956599802688, 38956599805612, 2924
38956632731020, 38956632736792, 5772
38956665085588, 38956665090220, 4632
38956697453768, 38956697457736, 3968
38956829253344, 38956829256008, 2664
38956833443064, 38956833448380, 5316
38956837616772, 38956837620984, 4212
38956841785396, 38956841789796, 4400
38956845956332, 38956845959824, 3492
38956948974000, 38956948977320, 3320
38956950036312, 38956950042232, 5920
38956951105308, 38956951112680, 7372
38956972921624, 38956972924244, 2620
38957066688256, 38957066690156, 1900
38957070862952, 38957070867680, 4728
38957075036228, 38957075040652, 4424
38957079205988, 38957079210508, 4520
38957083371800, 38957083379016, 7216
38957191669352, 38957191673584, 4232
38957411869536, 38957411872424, 2888
38957420158560, 38957420164256, 5696
38957428435316, 38957428439744, 4428
38957436710084, 38957436714116, 4032
38957444979172, 38957444987056, 7884
38957447777076, 38957447778172, 1096
38957456061940, 38957456066996, 5056
38957591440736, 38957591443488, 2752
38957623809356, 38957623814112, 4756
38957656726144, 38957656730508, 4364
38957689084544, 38957689088708, 4164
38957729115884, 38957729129864, 13980
38957761484160, 38957761503632, 19472
38957820901696, 38957820903524, 1828
38957833911860, 38957833920840, 8980
38957840842716, 38957840843896, 1180
38957853866360, 38957853873560, 7200
38957951526900, 38957951532528, 5628
38957966574656, 38957966581504, 6848
38958087179856, 38958087187100, 7244
38958088262152, 38958088268724, 6572
38958092446316, 38958092452376, 6060
38958108788820, 38958108795960, 7140
38958114889540, 38958114895284, 5744
38958119071764, 38958119078488, 6724
38958146373384, 38958146381012, 7628
38958182039468, 38958182053612, 14144
38958208778760, 38958208785772, 7012
38958258327700, 38958258336072, 8372
38958307739500, 38958307753232, 13732
38958443421896, 38958443425592, 3696
38958456445708, 38958456451276, 5568
38958469475960, 38958469483504, 7544
38958485813028, 38958485820524, 7496
38958487305340, 38958487306476, 1136
38958598984552, 38958598987268, 2716
38958600043956, 38958600053168, 9212
38958650109224, 38958650115768, 6544
38958661140412, 38958661145056, 4644
38958770575616, 38958770577896, 2280
38958781591244, 38958781596680, 5436
38958792603552, 38958792610788, 7236
38958802033112, 38958802040632, 7520
38958808132032, 38958808137820, 5788
38958819165044, 38958819173024, 7980
38958934186864, 38958934189744, 2880
38958967899952, 38958967905528, 5576
38959001641940, 38959001646376, 4436
38959035384212, 38959035388452, 4240
38959069105304, 38959069109556, 4252
38959102812576, 38959102815796, 3220
38959235468656, 38959235470752, 2096
38959269217140, 38959269222936, 5796
38959302955160, 38959302959360, 4200
38959336700448, 38959336704752, 4304
38959370446028, 38959370450132, 4104
38959404746696, 38959404751484, 4788
38959438486288, 38959438490924, 4636
38959570670980, 38959570673828, 2848
38959576765736, 38959576773260, 7524
38959686396576, 38959686398796, 2220
38959697405124, 38959697410648, 5524
38959708426264, 38959708434808, 8544
38959824069448, 38959824073460, 4012
38959857810508, 38959857815892, 5384
38959892121272, 38959892125740, 4468
38959925851640, 38959925855908, 4268
38959959554532, 38959959558544, 4012
38959993295544, 38959993299964, 4420
38960035568808, 38960035576432, 7624
38960069275652, 38960069287344, 11692
38960081111480, 38960081122644, 11164
38960082190632, 38960082201176, 10544
38960085442208, 38960085447436, 5228
38960135330072, 38960135337520, 7448
38960169064796, 38960169076304, 11508
38960170147016, 38960170156072, 9056
38960181982508, 38960181993524, 11016
38960185203992, 38960185208880, 4888
38960235092512, 38960235100016, 7504
38960268836504, 38960268847676, 11172
38960280674480, 38960280686056, 11576
38960293720892, 38960293731080, 10188
38960294781996, 38960294790764, 8768
38960328547664, 38960328558376, 10712
38960341599224, 38960341611104, 11880
38960352630488, 38960352642592, 12104
38960358733820, 38960358744676, 10856
38960359815544, 38960359826164, 10620
38960362780884, 38960362786120, 5236
38960384739172, 38960384746164, 6992
38960994724756, 38960994727296, 2540
38961005744416, 38961005749912, 5496
38961016742360, 38961016747192, 4832
38961027760344, 38961027764576, 4232
38961038749184, 38961038752896, 3712
38961049760636, 38961049764788, 4152
38961060759572, 38961060763504, 3932
38961071773372, 38961071777516, 4144
38961082780424, 38961082784616, 4192
38961093799984, 38961093804104, 4120
38961104805604, 38961104809732, 4128
38961115827476, 38961115831348, 3872
38961127406480, 38961127411208, 4728
38961138401520, 38961138404836, 3316
38961149410496, 38961149414700, 4204
38961160407976, 38961160413568, 5592
38961166494788, 38961166500876, 6088
38961177521456, 38961177527852, 6396
38961227055188, 38961227060744, 5556
38961336419908, 38961336423548, 3640
38961340612008, 38961340616672, 4664
38961344781924, 38961344785840, 3916
38961348946840, 38961348950528, 3688
38961452135472, 38961452138312, 2840
38961453192924, 38961453198180, 5256
38961553890200, 38961553892464, 2264
38961558075128, 38961558080080, 4952
38961562248320, 38961562252112, 3792
38961566421032, 38961566425516, 4484
38961570593348, 38961570597344, 3996
38961673606996, 38961673609616, 2620
38961684624008, 38961684628864, 4856
38961695639472, 38961695643644, 4172
38961805294216, 38961805296976, 2760
38961813586136, 38961813591884, 5748
38961821864104, 38961821868148, 4044
38961830137980, 38961830142588, 4608
38961838414788, 38961838423016, 8228
38961851463068, 38961851471004, 7936
38961853174680, 38961853176184, 1504
38961861457944, 38961861462904, 4960
38961881116200, 38961881123276, 7076
38961894138372, 38961894150016, 11644
38961920877308, 38961920888304, 10996
38961921959644, 38961921970712, 11068
38961934979496, 38961934985320, 5824
38961948008292, 38961948018284, 9992
38961948947028, 38961948952336, 5308
38961975699448, 38961975711864, 12416
38962012798040, 38962012804376, 6336
38962021083508, 38962021094296, 10788
38962047816416, 38962047826184, 9768
38962048895036, 38962048904164, 9128
38962061363876, 38962061375508, 11632
38962076651888, 38962076659724, 7836
38962184393732, 38962184395708, 1976
38962192679504, 38962192684924, 5420
38962200957116, 38962200961404, 4288
38962209226876, 38962209231212, 4336
38962217496656, 38962217504376, 7720
38962236269840, 38962236283624, 13784
38962268199460, 38962268213132, 13672
38962276491888, 38962276512536, 20648
38962300120276, 38962300137340, 17064
38963908237848, 38963908241180, 3332
38963912424332, 38963912429692, 5360
38963916594188, 38963916597552, 3364
38963920759472, 38963920762652, 3180
38963924922728, 38963924926300, 3572
38963929088700, 38963929093072, 4372
38963933260012, 38963933263220, 3208
38963937426740, 38963937430264, 3524
38963941599672, 38963941604180, 4508
38963945768332, 38963945772800, 4468
38963949940640, 38963949943944, 3304
38963954131360, 38963954135236, 3876
38963958303908, 38963958307848, 3940
38963962476128, 38963962479872, 3744
38963966646072, 38963966649104, 3032
38963970819524, 38963970823372, 3848
38963974991624, 38963974995048, 3424
38963979158372, 38963979161836, 3464
38963983327008, 38963983330052, 3044
38963987496260, 38963987499344, 3084
38963991663312, 38963991666996, 3684
38963995831704, 38963995834756, 3052
38964000016088, 38964000019676, 3588
38964004184160, 38964004187256, 3096
38964008351580, 38964008354724, 3144
38964012516904, 38964012519920, 3016
38964016685044, 38964016688280, 3236
38964020855524, 38964020859636, 4112
38964025023772, 38964025026916, 3144
38964029195176, 38964029198448, 3272
38964033367112, 38964033370240, 3128
38964037537064, 38964037540132, 3068
38964041708796, 38964041712000, 3204
38964045895224, 38964045898396, 3172
38964050066732, 38964050069724, 2992
38964054237648, 38964054241400, 3752
38964058406220, 38964058409648, 3428
38964062576436, 38964062579772, 3336
38964066749484, 38964066753808, 4324
38964070921656, 38964070924888, 3232
38964075095164, 38964075099232, 4068
38964079266632, 38964079270012, 3380
38964083437892, 38964083442220, 4328
38964087611080, 38964087615416, 4336
38964091800224, 38964091804300, 4076
38964095974700, 38964095978616, 3916
38964100147480, 38964100151332, 3852
38964104319764, 38964104323356, 3592
38964108492116, 38964108496268, 4152
38964113217988, 38964113221624, 3636
38964117384196, 38964117388504, 4308
38964121553660, 38964121557620, 3960
38964125742836, 38964125746744, 3908
38964129914516, 38964129918492, 3976
38964134089216, 38964134092444, 3228
38964138260712, 38964138263840, 3128
38964142433324, 38964142436508, 3184
38964146602980, 38964146606472, 3492
38964150777460, 38964150780520, 3060
38964154952576, 38964154956820, 4244
38964159124228, 38964159127472, 3244
38964163294388, 38964163298204, 3816
38964167464940, 38964167468232, 3292
38964171650556, 38964171654112, 3556
38964175822064, 38964175825372, 3308
38964179996960, 38964180000240, 3280
38964184166384, 38964184170476, 4092
38964188334984, 38964188338348, 3364
38964192507804, 38964192511716, 3912
38964196683704, 38964196687040, 3336
38964200852052, 38964200856084, 4032
38964205023204, 38964205027008, 3804
38964209193200, 38964209196676, 3476
38964213363496, 38964213367336, 3840
38964217546636, 38964217554500, 7864
38964235454284, 38964235461972, 7688
38964295321084, 38964295323576, 2492
38964369140776, 38964369144404, 3628
38964377422732, 38964377427636, 4904
38964385685328, 38964385690224, 4896
38964393954856, 38964393962048, 7192
38964395013004, 38964395019060, 6056
38964406851804, 38964406859160, 7356
38964407034896, 38964407036280, 1384
38964415310412, 38964415317324, 6912
38964416079236, 38964416084452, 5216
38964536556036, 38964536563608, 7572
38964585487396, 38964585494224, 6828
38964586563328, 38964586570180, 6852
38964599587268, 38964599594696, 7428
38964710260664, 38964710263672, 3008
38964742619424, 38964742624844, 5420
38964774974428, 38964774978548, 4120
38964807317436, 38964807320908, 3472
38964839640944, 38964839647832, 6888
38964850657328, 38964850664152, 6824
38964851719444, 38964851725136, 5692
38964901772792, 38964901781580, 8788
38964918129612, 38964918137380, 7768
38964933733776, 38964933742128, 8352
38964944749664, 38964944760716, 11052
38965029499912, 38965029501800, 1888
38965040507328, 38965040512300, 4972
38965153201900, 38965153204968, 3068
38965159281252, 38965159286224, 4972
38965264940004, 38965264942440, 2436
38965277960848, 38965277965952, 5104
38965290989304, 38965290993536, 4232
38965402614148, 38965402617112, 2964
38965413637564, 38965413643128, 5564
38965424661532, 38965424665564, 4032
38965534299352, 38965534302048, 2696
38965547332024, 38965547337860, 5836
38965560369348, 38965560373956, 4608
38965671971544, 38965671974536, 2992
38965673029736, 38965673036916, 7180
38965679124440, 38965679132116, 7676
38965690982348, 38965690988896, 6548
38965692058412, 38965692066396, 7984
38965703077844, 38965703082000, 4156
38965714101328, 38965714108464, 7136
38965817623980, 38965817625876, 1896
38965821808752, 38965821814468, 5716
38965825980768, 38965825984152, 3384
38965830148888, 38965830153580, 4692
38965834315600, 38965834322152, 6552
38965899640340, 38965899647796, 7456
38965927365656, 38965927379400, 13744
38966047969696, 38966047990404, 20708
38966049046152, 38966049068248, 22096
38966172801188, 38966172804004, 2816
38966185836940, 38966185846940, 10000
38966202188412, 38966202196220, 7808
38966208290032, 38966208297652, 7620
38966226658604, 38966226673816, 15212
38966237686128, 38966237705912, 19784
38966258569108, 38966258580796, 11688
38966264666760, 38966264682188, 15428
38966274528968, 38966274534836, 5868
38966285533528, 38966285543996, 10468
38966310473464, 38966310476332, 2868
38966323512404, 38966323519964, 7560
38966344375600, 38966344383232, 7632
38966352355752, 38966352362804, 7052
38966370305188, 38966370311040, 5852
38966434162236, 38966434164792, 2556
38966438349604, 38966438358748, 9144
38966440139104, 38966440140292, 1188
38966444315636, 38966444322128, 6492
38966460089296, 38966460096684, 7388
38966473116756, 38966473128928, 12172
38966567179288, 38966567190608, 11320
38966578219944, 38966578231964, 12020
38966697768828, 38966697780060, 11232
38966698831304, 38966698841332, 10028
38968175007244, 38968175012716, 5472
38968186031700, 38968186035936, 4236
38968197036424, 38968197041208, 4784
38968208067332, 38968208071804, 4472
38968219068328, 38968219072040, 3712
38968230084852, 38968230088988, 4136
38968241085152, 38968241089136, 3984
38968252108392, 38968252112208, 3816
38968263110360, 38968263114288, 3928
38968274131472, 38968274135408, 3936
38968285136032, 38968285139816, 3784
38968296152192, 38968296155908, 3716
38968307149456, 38968307153408, 3952
38968318155616, 38968318160404, 4788
38968329154704, 38968329159532, 4828
38968340164916, 38968340169332, 4416
38968351161544, 38968351165324, 3780
38968362736280, 38968362740908, 4628
38968373753804, 38968373758032, 4228
38968384757740, 38968384762080, 4340
38968395779288, 38968395783540, 4252
38968406787020, 38968406791516, 4496
38968417810900, 38968417815756, 4856
38968428845732, 38968428850156, 4424
38968439899636, 38968439903724, 4088
38968450908636, 38968450912948, 4312
38968461938120, 38968461941900, 3780
38968472944064, 38968472948188, 4124
38968483967348, 38968483971800, 4452
38968495034980, 38968495039396, 4416
38968506111300, 38968506115576, 4276
38968517182112, 38968517186036, 3924
38968528178768, 38968528182472, 3704
38968539293800, 38968539297476, 3676
38968550284240, 38968550287772, 3532
