146097301233184, 146097301245072, 11888
146101645302124, 146101645305572, 3448
146102281840264, 146102281847116, 6852
146102792490428, 146102792493752, 3324
146103217501820, 146103217509808, 7988
146104153210788, 146104153217888, 7100
146105484029340, 146105484032892, 3552
146106701100952, 146106701104284, 3332
146107541070512, 146107541073552, 3040
146108275287036, 146108275290496, 3460
146108905768684, 146108905771876, 3192
146109242979332, 146109242982600, 3268
146109801638088, 146109801641388, 3300
146110480010040, 146110480018188, 8148
146110845107268, 146110845112812, 5544
146112399344324, 146112399348032, 3708
146112660737200, 146112660740192, 2992
146112997946928, 146112997950064, 3136
146113815939096, 146113815946492, 7396
146115539784988, 146115539788200, 3212
146115881280348, 146115881286484, 6136
146116555333620, 146116555337704, 4084
146117104030832, 146117104038396, 7564
146118291174300, 146118291176956, 2656
146118536572876, 146118536580884, 8008
146119201010504, 146119201016980, 6476
146119969149436, 146119969156212, 6776
146120663450716, 146120663453680, 2964
146121347920012, 146121347922740, 2728
146121727052056, 146121727056916, 4860
146122251612100, 146122251615100, 3000
146123592420796, 146123592423828, 3032
146097267843332, 146097267851296, 7964
146097284016096, 146097284025120, 9024
146097326236448, 146097326245164, 8716
146097334370012, 146097334378552, 8540
146097342802528, 146097342814972, 12444
146101387958428, 146101387961516, 3088
146102285790472, 146102285795400, 4928
146102846364480, 146102846367556, 3076
146103225484368, 146103225489604, 5236
146103638560552, 146103638563712, 3160
146104330785916, 146104330792384, 6468
146105486003516, 146105486007428, 3912
146105823207156, 146105823225440, 18284
146106994371856, 146106994374840, 2984
146107724620588, 146107724623412, 2824
146108734184728, 146108734192092, 7364
146109624063448, 146109624066312, 2864
146110378208356, 146110378211492, 3136
146110857056016, 146110857062980, 6964
146111321958968, 146111321965368, 6400
146112437255240, 146112437258392, 3152
146112696286332, 146112696297092, 10760
146112858250420, 146112858253392, 2972
146113299353980, 146113299356856, 2876
146114015465740, 146114015468780, 3040
146114777636728, 146114777644280, 7552
146115607623328, 146115607626232, 2904
146116270060632, 146116270067976, 7344
146116669071788, 146116669078980, 7192
146117373369164, 146117373372152, 2988
146117762553308, 146117762558108, 4800
146118201362968, 146118201369940, 6972
146118819948836, 146118819951800, 2964
146119254928112, 146119254935000, 6888
146119733691248, 146119733698540, 7292
146120051031812, 146120051037928, 6116
146120747320704, 146120747327660, 6956
146121266094864, 146121266101188, 6324
146121984265012, 146121984268100, 3088
146122614787404, 146122614790204, 2800
146097309447768, 146097309456828, 9060
146097351531780, 146097351540476, 8696
146099351761152, 146099351766668, 5516
146099351800628, 146099351802584, 1956
146099351830712, 146099351833368, 2656
146099351857484, 146099351860920, 3436
146099351935180, 146099351938360, 3180
146099351965788, 146099351968128, 2340
146099351990184, 146099351991576, 1392
146099352042564, 146099352045248, 2684
146099352074580, 146099352077404, 2824
146099352255976, 146099352258380, 2404
146099352291748, 146099352294552, 2804
146099352334184, 146099352336560, 2376
146101346344352, 146101346349108, 4756
146101346366176, 146101346378784, 12608
146101346390380, 146101346399436, 9056
146101346410348, 146101346418764, 8416
146101346430084, 146101346438524, 8440
146102200000792, 146102200006168, 5376
146102878288872, 146102878295944, 7072
146104203082992, 146104203086040, 3048
146104410590160, 146104410597792, 7632
146105104940144, 146105104946804, 6660
146105942903336, 146105942911496, 8160
146107323588332, 146107323591372, 3040
146108807986084, 146108807993568, 7484
146110300403384, 146110300408296, 4912
146111792870680, 146111792876856, 6176
146113604455240, 146113604458516, 3276
146113989446504, 146113989452612, 6108
146114857464152, 146114857467604, 3452
146115382183232, 146115382188304, 5072
146116317893244, 146116317898248, 5004
146117253629556, 146117253635512, 5956
146118189413272, 146118189419808, 6536
146119125168484, 146119125175372, 6888
146120060890024, 146120060895168, 5144
146120940761844, 146120940764984, 3140
146121497443844, 146121497446856, 3012
146122223766864, 146122223774820, 7956
146101419929248, 146101419932568, 3320
146102401439452, 146102401446956, 7504
146103622527040, 146103622530392, 3352
146104268528328, 146104268533988, 5660
146104914215056, 146104914222260, 7204
146105615709900, 146105615716856, 6956
146106469718944, 146106469725776, 6832
146107323591912, 146107323596976, 5064
146108177542144, 146108177547188, 5044
146108831948084, 146108831951480, 3396
146109767731892, 146109767737136, 5244
146110703453780, 146110703458944, 5164
146111639222888, 146111639229584, 6696
146113596461688, 146113596464980, 3292
146113781482620, 146113781488632, 6012
146114953191600, 146114953194588, 2988
146115491992884, 146115491996028, 3144
146115711378676, 146115711381672, 2996
146116291986824, 146116291992096, 5272
146117004270272, 146117004277312, 7040
146117650713212, 146117650720580, 7368
146118309187244, 146118309194192, 6948
146119009425484, 146119009432268, 6784
146119614059796, 146119614065168, 5372
146120998625672, 146120998628968, 3296
146121080444344, 146121080452388, 8044
146122020159552, 146122020167108, 7556
