147894512224172, 147894512233460, 9288
147894536209112, 147894536218452, 9340
147894586216656, 147894586225696, 9040
147898749323404, 147898749326840, 3436
147898749343168, 147898749349388, 6220
147898753088956, 147898753092208, 3252
147898756838760, 147898756843448, 4688
147898858960960, 147898858964408, 3448
147899018515684, 147899018518948, 3264
147899022255072, 147899022261188, 6116
147899025981720, 147899025989464, 7744
147899034410772, 147899034412176, 1404
147899038179500, 147899038184600, 5100
147899134922956, 147899134932236, 9280
147899138726660, 147899138736920, 10260
147899146086160, 147899146087572, 1412
147899149804064, 147899149809644, 5580
147899203364984, 147899203375064, 10080
147899309663876, 147899309667100, 3224
147899337562924, 147899337568536, 5612
147899387876176, 147899387883476, 7300
147899431280132, 147899431283060, 2928
147899493112036, 147899493114992, 2956
147899528553400, 147899528561824, 8424
147899688546024, 147899688549356, 3332
147899692262716, 147899692267724, 5008
147899794275512, 147899794277624, 2112
147899798051848, 147899798057984, 6136
147899801780772, 147899801788008, 7236
147899852333388, 147899852343576, 10188
147899951812520, 147899951821536, 9016
147899983695752, 147899983700880, 5128
147901313828816, 147901313831412, 2596
147901349222796, 147901349228628, 5832
147901384657272, 147901384662292, 5020
147901420132320, 147901420137940, 5620
147901455606388, 147901455611584, 5196
147901491616904, 147901491621400, 4496
147901527231912, 147901527236672, 4760
147901562928680, 147901562934412, 5732
147901598556132, 147901598560848, 4716
147901634026876, 147901634032560, 5684
147901669579616, 147901669584760, 5144
147901705195076, 147901705200340, 5264
147901741418368, 147901741423596, 5228
147901777006632, 147901777011980, 5348
147901812430956, 147901812436588, 5632
147901848125144, 147901848130352, 5208
147901884363060, 147901884368612, 5552
147901920110156, 147901920115724, 5568
147901955679288, 147901955685320, 6032
147901991760964, 147901991766656, 5692
147902027568740, 147902027576688, 7948
147902053063236, 147902053073280, 10044
147902105513668, 147902105516412, 2744
147902229131440, 147902229134784, 3344
147902237144888, 147902237149948, 5060
147902330841980, 147902330844888, 2908
147902356064284, 147902356069156, 4872
147902480440516, 147902480443456, 2940
147902484168340, 147902484174748, 6408
147902487906344, 147902487913764, 7420
147902592280996, 147902592286376, 5380
147902697117212, 147902697126260, 9048
147902758350256, 147902758358756, 8500
147902783696488, 147902783705980, 9492
147902787456620, 147902787462684, 6064
147902892336708, 147902892344200, 7492
147902953440996, 147902953450168, 9172
147903056793436, 147903056796500, 3064
147903141904428, 147903141909932, 5504
147903227651608, 147903227657364, 5756
147903411790300, 147903411793184, 2884
147903437006004, 147903437010876, 4872
147903493452712, 147903493460028, 7316
147903518740580, 147903518755040, 14460
147904099280092, 147904099283932, 3840
147904101900876, 147904101906216, 5340
147904104479932, 147904104483860, 3928
147904107066556, 147904107069612, 3056
147904109722524, 147904109726584, 4060
147904112358524, 147904112361564, 3040
147904114934700, 147904114938096, 3396
147904117514540, 147904117518828, 4288
147904120230164, 147904120235828, 5664
147904141831344, 147904141834508, 3164
147904177549800, 147904177559004, 9204
147904238915012, 147904238922196, 7184
147904274476236, 147904274483320, 7084
147904335447880, 147904335454716, 6836
147905266324596, 147905266327436, 2840
147905270068272, 147905270073936, 5664
147905273805064, 147905273809040, 3976
147905277531840, 147905277535940, 4100
147905281267272, 147905281271756, 4484
147905284997232, 147905285000664, 3432
147905288775292, 147905288781228, 5936
147905292525148, 147905292528620, 3472
147905296243740, 147905296248228, 4488
147905299957676, 147905299961196, 3520
147905303697352, 147905303702040, 4688
147905307464988, 147905307470840, 5852
147905311215616, 147905311220452, 4836
147905314952364, 147905314956388, 4024
147905318678804, 147905318682996, 4192
147905322409844, 147905322414044, 4200
147905338084812, 147905338087580, 2768
147905425836524, 147905425839508, 2984
147905455967276, 147905455972224, 4948
147905486617356, 147905486627508, 10152
147905529244424, 147905529252100, 7676
147905579861456, 147905579870012, 8556
147905782840372, 147905782843332, 2960
147905813018488, 147905813024400, 5912
147905843193716, 147905843204372, 10656
147905858130752, 147905858137408, 6656
147905888391924, 147905888400844, 8920
147905974687324, 147905974696852, 9528
147906035941408, 147906035951340, 9932
147906059293016, 147906059301648, 8632
147906164101456, 147906164109816, 8360
147906323250576, 147906323253624, 3048
147906348492940, 147906348502320, 9380
147906355092972, 147906355094340, 1368
147906380420232, 147906380428756, 8524
147906502739844, 147906502743072, 3228
147906532968760, 147906532974524, 5764
147906662344696, 147906662346716, 2020
147906692483780, 147906692489008, 5228
147906724145852, 147906724150968, 5116
147906821795900, 147906821798820, 2920
147906845124672, 147906845133808, 9136
147906875226392, 147906875233812, 7420
147906883580748, 147906883582560, 1812
147906913754256, 147906913762176, 7920
147907055154052, 147907055156104, 2052
147907085301988, 147907085307912, 5924
147907115505272, 147907115514984, 9712
147907176010396, 147907176018620, 8224
147907199386964, 147907199395828, 8864
147907260882204, 147907260890780, 8576
147907321307812, 147907321316800, 8988
147907351354288, 147907351361052, 6764
147907535743188, 147907535746104, 2916
147907538332700, 147907538337760, 5060
147907540913408, 147907540920468, 7060
147907601333664, 147907601342600, 8936
147907651941328, 147907651950144, 8816
147907675229440, 147907675237704, 8264
147907834933560, 147907834936424, 2864
147907837529520, 147907837538800, 9280
147907941956956, 147907941964784, 7828
147908044206592, 147908044209700, 3108
147908108022888, 147908108030780, 7892
147908168804812, 147908168819924, 15112
147908564719432, 147908564722340, 2908
147908625098044, 147908625103836, 5792
147908685674256, 147908685680388, 6132
147908746777748, 147908746786492, 8744
147908797231744, 147908797240868, 9124
147908901887500, 147908901895412, 7912
147908953091020, 147908953098952, 7932
147909013908640, 147909013916288, 7648
147909118648408, 147909118656936, 8528
147909154341124, 147909154349036, 7912
147909215481600, 147909215490000, 8400
147909219233784, 147909219240480, 6696
147909323741188, 147909323750172, 8984
147909370125216, 147909370134292, 9076
147909450122532, 147909450125420, 2888
147909485562908, 147909485571972, 9064
147909635588580, 147909635591396, 2816
147909639316780, 147909639323396, 6616
147909842969016, 147909842972176, 3160
147909873132600, 147909873138452, 5852
147909903361776, 147909903371420, 9644
147909914727076, 147909914728300, 1224
147910020519908, 147910020522884, 2976
147910045785944, 147910045791868, 5924
147910088349124, 147910088351844, 2720
147910190056344, 147910190059388, 3044
147910349597236, 147910349600004, 2768
147910352231644, 147910352236472, 4828
147910354815468, 147910354823144, 7676
147910515057208, 147910515060500, 3292
147910518792864, 147910518797680, 4816
147910537008424, 147910537014312, 5888
147910620808516, 147910620811288, 2772
147910623413252, 147910623418816, 5564
147910626002736, 147910626010120, 7384
147910649467608, 147910649477312, 9704
147910784252964, 147910784255824, 2860
147910799101532, 147910799106628, 5096
147910814008836, 147910814014464, 5628
147910828996208, 147910829001940, 5732
147910843913272, 147910843921568, 8296
147910977705624, 147910977708932, 3308
147910980316712, 147910980322180, 5468
147910982898148, 147910982905544, 7396
147911033401568, 147911033410124, 8556
147911205125392, 147911205128528, 3136
147911240617616, 147911240622908, 5292
147911316691692, 147911316694504, 2812
147911331528172, 147911331533608, 5436
147911374548940, 147911374551604, 2664
147911397819452, 147911397827604, 8152
147911571933656, 147911571937100, 3444
147911574527652, 147911574533600, 5948
147911601866516, 147911601869132, 2616
147911687608152, 147911687611008, 2856
147911690201884, 147911690206680, 4796
147911703677776, 147911703680440, 2664
147911791413604, 147911791416340, 2736
147911814694080, 147911814702936, 8856
147911875178636, 147911875187676, 9040
147911877778016, 147911877785488, 7472
147911982687416, 147911982695060, 7644
147912186183400, 147912186186508, 3108
147912253973800, 147912253981204, 7404
147912314815760, 147912314830976, 15216
147913041664052, 147913041667380, 3328
147913045381124, 147913045386136, 5012
147913049120412, 147913049124104, 3692
147913052859336, 147913052863708, 4372
147913056588644, 147913056592236, 3592
147913060313444, 147913060317896, 4452
147913064072020, 147913064077772, 5752
147913067799080, 147913067803768, 4688
147913071504264, 147913071508268, 4004
147913075229336, 147913075233048, 3712
147913078964364, 147913078968976, 4612
147913082721156, 147913082727052, 5896
147913086455072, 147913086459784, 4712
147913090182800, 147913090190212, 7412
147913239094956, 147913239097864, 2908
147913264316560, 147913264321888, 5328
147913289540468, 147913289550004, 9536
147913304910600, 147913304915584, 4984
147913330148524, 147913330157404, 8880
147913386635840, 147913386637620, 1780
147913411967584, 147913411977084, 9500
147913426833628, 147913426838440, 4812
147913454469672, 147913454474680, 5008
147913845327812, 147913845330856, 3044
147913847925244, 147913847931140, 5896
147913850504060, 147913850508084, 4024
147913853081976, 147913853085868, 3892
147913855680508, 147913855685392, 4884
147913858261136, 147913858264524, 3388
147913860846564, 147913860850736, 4172
147913963002504, 147913963005308, 2804
147913988299056, 147913988304876, 5820
147914112565692, 147914112568800, 3108
147914115173148, 147914115178288, 5140
147914216323628, 147914216326260, 2632
147914241522072, 147914241526924, 4852
147914266858260, 147914266865604, 7344
147914427632448, 147914427635496, 3048
147914577374924, 147914577378068, 3144
147914579968260, 147914579974600, 6340
147914582561096, 147914582567844, 6748
147914633104936, 147914633112060, 7124
147914635715804, 147914635722832, 7028
147914738783188, 147914738786108, 2920
147914774347440, 147914774353744, 6304
147914908451664, 147914908454340, 2676
147914911126312, 147914911135040, 8728
147914920165036, 147914920166420, 1384
147914922751672, 147914922758900, 7228
147914974069960, 147914974079288, 9328
147915079280316, 147915079289544, 9228
147915140346012, 147915140354132, 8120
147915243337412, 147915243340832, 3420
147915278896616, 147915278902372, 5756
147915314337044, 147915314345440, 8396
147915422880648, 147915422884192, 3544
147915425474352, 147915425479192, 4840
147915524481444, 147915524484292, 2848
147915547725312, 147915547733052, 7740
147915693945104, 147915693948256, 3152
147915809605820, 147915809608900, 3080
147915830539624, 147915830541576, 1952
147915833149124, 147915833157700, 8576
147915877400884, 147915877405876, 4992
147915913418536, 147915913423644, 5108
147916011024032, 147916011027128, 3096
147916014744772, 147916014750216, 5444
147916018474704, 147916018483256, 8552
147916078878244, 147916078886144, 7900
147916200480724, 147916200483564, 2840
147916235941840, 147916235948548, 6708
147916271430860, 147916271439976, 9116
147916296158380, 147916296160000, 1620
147916331765520, 147916331773892, 8372
147916355133856, 147916355142448, 8592
147916460513532, 147916460524208, 10676
147916521397676, 147916521407004, 9328
147916582093432, 147916582101712, 8280
147916687609380, 147916687617852, 8472
147916691350312, 147916691355956, 5644
147916741845116, 147916741854588, 9472
147916745594544, 147916745602324, 7780
147916770890492, 147916770895880, 5388
147916790719160, 147916790724776, 5616
147916794547936, 147916794561004, 13068
147916868522048, 147916868524208, 2160
147916872263388, 147916872272036, 8648
147917032060952, 147917032064256, 3304
147917046937336, 147917046942764, 5428
147917061785116, 147917061790252, 5136
147917076681608, 147917076691336, 9728
147917112232684, 147917112242772, 10088
147917233555432, 147917233558484, 3052
147917248391144, 147917248395952, 4808
147917263254172, 147917263259232, 5060
147917278096972, 147917278101580, 4608
147917299294476, 147917299297348, 2872
147917307290700, 147917307295320, 4620
147917391003628, 147917391005464, 1836
147917405826044, 147917405831120, 5076
147917518660448, 147917518662440, 1992
147917533511700, 147917533517360, 5660
147917548462920, 147917548468136, 5216
147917563461056, 147917563467084, 6028
147917578343640, 147917578351184, 7544
147917600373276, 147917600375032, 1756
147917615206268, 147917615212944, 6676
147917797824552, 147917797827404, 2852
147917833438028, 147917833443424, 5396
147917868947220, 147917868955156, 7936
147917983385440, 147917983388516, 3076
147918013486652, 147918013492152, 5500
147918051088136, 147918051095896, 7760
147918589526224, 147918589529692, 3468
147918650326584, 147918650332360, 5776
147918711854992, 147918711861464, 6472
147918772752328, 147918772757892, 5564
147894569601100, 147894569608844, 7744
147898637627976, 147898637631420, 3444
147898647670260, 147898647677416, 7156
147898707421736, 147898707426384, 4648
147898837110452, 147898837113504, 3052
147898851989088, 147898851996144, 7056
147898866942760, 147898866949532, 6772
147898881857436, 147898881864800, 7364
147898896687112, 147898896696032, 8920
147898922935884, 147898922941332, 5448
147899016553988, 147899016556008, 2020
147899138325228, 147899138327976, 2748
147899173877416, 147899173883168, 5752
147899209487788, 147899209495248, 7460
147899315059720, 147899315068472, 8752
147899375427580, 147899375437312, 9732
147899532992100, 147899532995012, 2912
147899535581000, 147899535586412, 5412
147899548939512, 147899548941956, 2444
147899551530952, 147899551540204, 9252
147899604789348, 147899604796772, 7424
147899636710612, 147899636713740, 3128
147899664744752, 147899664747716, 2964
147899760479872, 147899760482940, 3068
147899785740976, 147899785750040, 9064
147899809104348, 147899809113092, 8744
147899814148964, 147899814150256, 1292
147899839390264, 147899839399504, 9240
147899843196952, 147899843205732, 8780
147899904163872, 147899904172276, 8404
147899929400020, 147899929409236, 9216
147899969810276, 147899969815252, 4976
147900031399308, 147900031412292, 12984
147900087382480, 147900087387536, 5056
147900181193544, 147900181196496, 2952
147900306839752, 147900306842228, 2476
147900310554852, 147900310560224, 5372
147900318693428, 147900318701636, 8208
147900414469140, 147900414471736, 2596
147900417195992, 147900417201704, 5712
147900419787424, 147900419794632, 7208
147900524766728, 147900524776120, 9392
147900581934728, 147900581941692, 6964
147900653785988, 147900653789088, 3100
147900656388756, 147900656398976, 10220
147900679690644, 147900679698988, 8344
147900811285068, 147900811287800, 2732
147900836530272, 147900836535812, 5540
147900877172916, 147900877180504, 7588
147900902485708, 147900902500724, 15016
147901325773200, 147901325775648, 2448
147901348972036, 147901348977720, 5684
147901372176992, 147901372181720, 4728
147901395394104, 147901395401784, 7680
147901573144572, 147901573148336, 3764
147901576871240, 147901576876312, 5072
147901580660812, 147901580669640, 8828
147901784459628, 147901784462364, 2736
147901809623684, 147901809628888, 5204
147901858259004, 147901858267644, 8640
147901934024712, 147901934027448, 2736
147901948852780, 147901948857964, 5184
147902061635300, 147902061638596, 3296
147902146628524, 147902146633704, 5180
147902364737176, 147902364740084, 2908
147902450026472, 147902450032064, 5592
147902535732984, 147902535738944, 5960
147902620633156, 147902620638136, 4980
147902706110952, 147902706119820, 8868
147902730017684, 147902730025872, 8188
147902913166452, 147902913169724, 3272
147902916880804, 147902916886568, 5764
147902920618848, 147902920626388, 7540
147903070742596, 147903070745436, 2840
147903096016484, 147903096022552, 6068
147903121331660, 147903121338884, 7224
147903270118580, 147903270121408, 2828
147903309979004, 147903309986936, 7932
147903333256008, 147903333270368, 14360
147903437711004, 147903437718028, 7024
147903521473248, 147903521476192, 2944
147903670992348, 147903670995176, 2828
147903775903176, 147903775910076, 6900
147903806003664, 147903806011308, 7644
147904009982204, 147904009985272, 3068
147904040085612, 147904040091016, 5404
147904153779452, 147904153783364, 3912
147904168683344, 147904168688488, 5144
147904183596344, 147904183602500, 6156
147904198502516, 147904198511112, 8596
147904199370176, 147904199371492, 1316
147904214746416, 147904214755684, 9268
147904265126404, 147904265134008, 7604
147904268870880, 147904268878012, 7132
147904283817088, 147904283822120, 5032
147904325055780, 147904325064072, 8292
147904366945320, 147904366953180, 7860
147905330208964, 147905330211904, 2940
147905355342560, 147905355347548, 4988
147905380596184, 147905380601040, 4856
147905405797416, 147905405802924, 5508
147905431042804, 147905431048528, 5724
147905456268856, 147905456274528, 5672
147905481969536, 147905481974896, 5360
147905507132616, 147905507137240, 4624
147905532462072, 147905532466760, 4688
147905557708984, 147905557714208, 5224
147905582986368, 147905582991608, 5240
147905608325816, 147905608330640, 4824
147905633568584, 147905633573812, 5228
147905658753804, 147905658758996, 5192
147905683976396, 147905683981608, 5212
147905709746208, 147905709752308, 6100
147905735019232, 147905735024624, 5392
147906861667720, 147906861670768, 3048
147906897081068, 147906897086864, 5796
147906932625664, 147906932631308, 5644
147906968827064, 147906968832744, 5680
147907004641228, 147907004646460, 5232
147907040215844, 147907040220948, 5104
147907075909608, 147907075914916, 5308
147907111446136, 147907111452544, 6408
147907146964252, 147907146969432, 5180
147907182527692, 147907182534240, 6548
147907218654536, 147907218660220, 5684
147907254189464, 147907254194956, 5492
147907289793600, 147907289799040, 5440
147907325261280, 147907325267236, 5956
147907360638832, 147907360643136, 4304
147907396015040, 147907396020136, 5096
147907431397880, 147907431402352, 4472
147907467451040, 147907467456000, 4960
147907503061788, 147907503066720, 4932
147907538784680, 147907538792792, 8112
147908203748512, 147908203751448, 2936
147908207463816, 147908207468880, 5064
147908211212432, 147908211216556, 4124
147908214934840, 147908214939072, 4232
147908218680212, 147908218683896, 3684
147908222401116, 147908222405304, 4188
147908226226592, 147908226231104, 4512
147908229960880, 147908229964196, 3316
147908233679196, 147908233683044, 3848
147908237407564, 147908237411316, 3752
147908241143244, 147908241146608, 3364
147908244917904, 147908244923260, 5356
147908248676504, 147908248679856, 3352
147908351320244, 147908351323308, 3064
147908386867760, 147908386873236, 5476
147908422421204, 147908422429700, 8496
147908447027224, 147908447034264, 7040
147908483109376, 147908483121804, 12428
147908542804900, 147908542812820, 7920
147908578315884, 147908578329576, 13692
147908683106300, 147908683120124, 13824
147908719310888, 147908719325416, 14528
147908742629684, 147908742643896, 14212
147908803499560, 147908803513872, 14312
147908826918872, 147908826933132, 14260
147908830674852, 147908830687252, 12400
147908875803736, 147908875810616, 6880
147908936723176, 147908936737756, 14580
147909318485672, 147909318488220, 2548
147909333299800, 147909333305016, 5216
147909348159240, 147909348164412, 5172
147909363037208, 147909363042476, 5268
147909377855192, 147909377859916, 4724
147909392758184, 147909392763304, 5120
147909407621360, 147909407626648, 5288
147909422524824, 147909422530076, 5252
147909437326544, 147909437331080, 4536
147909452738552, 147909452743340, 4788
147909467586972, 147909467592552, 5580
147909482498156, 147909482503832, 5676
147909497349236, 147909497353552, 4316
147909517935020, 147909517941912, 6892
147910044379888, 147910044383140, 3252
147910046973704, 147910046979168, 5464
147910049557760, 147910049561400, 3640
147910052138072, 147910052141352, 3280
147910054740040, 147910054744648, 4608
147910057323224, 147910057326608, 3384
147910059904464, 147910059907952, 3488
147910062508152, 147910062511736, 3584
147910065113044, 147910065119508, 6464
147910067696964, 147910067702948, 5984
147910191941508, 147910191944732, 3224
147910194533776, 147910194539092, 5316
147910197643468, 147910197650972, 7504
147910401442848, 147910401445672, 2824
147910405172724, 147910405177920, 5196
147910509088824, 147910509091608, 2784
147910570042852, 147910570049128, 6276
147910631189028, 147910631197692, 8664
147910782263812, 147910782266788, 2976
147910785978012, 147910785983388, 5376
147910789727772, 147910789735044, 7272
147910993755304, 147910993758032, 2728
147910997480192, 147910997485340, 5148
147911099362504, 147911099365516, 3012
147911101952288, 147911101957528, 5240
147911104535216, 147911104541532, 6316
147911226974824, 147911226976668, 1844
147911229590168, 147911229595800, 5632
147911232169024, 147911232176636, 7612
147911235911820, 147911235920096, 8276
147911250826896, 147911250837776, 10880
147911262816768, 147911262818220, 1452
147911266538568, 147911266544032, 5464
147911270794060, 147911270796144, 2084
147911273395016, 147911273401824, 6808
147911318694884, 147911318700068, 5184
147911330641044, 147911330646256, 5212
147911378513832, 147911378516640, 2808
147911393351384, 147911393358752, 7368
147911395946016, 147911395953280, 7264
147911450277728, 147911450282976, 5248
147911546031160, 147911546033660, 2500
147911560861384, 147911560871056, 9672
147911584129412, 147911584137952, 8540
147911789352420, 147911789355348, 2928
147911814602860, 147911814612712, 9852
147911865152352, 147911865161080, 8728
147911896984496, 147911896991284, 6788
147911947925572, 147911947938092, 12520
147911950529492, 147911950540536, 11044
147912010888196, 147912010902932, 14736
147912084469272, 147912084476220, 6948
147912120140056, 147912120153156, 13100
147912180819112, 147912180830960, 11848
147912206671028, 147912206684164, 13136
147912311227716, 147912311241564, 13848
147913055616344, 147913055619620, 3276
147913085657496, 147913085662668, 5172
147913115767060, 147913115772276, 5216
147913145935660, 147913145940708, 5048
147913176086184, 147913176092544, 6360
147913206774180, 147913206780420, 6240
147913236947536, 147913236953580, 6044
147913267026340, 147913267032188, 5848
147913297095356, 147913297099896, 4540
147913327229108, 147913327233924, 4816
147913357470584, 147913357475360, 4776
147913387651908, 147913387657876, 5968
147913417752300, 147913417757660, 5360
147913448307016, 147913448312056, 5040
147915289139428, 147915289141852, 2424
147915303958232, 147915303963824, 5592
147915318769020, 147915318773812, 4792
147915333647716, 147915333652804, 5088
147915348461828, 147915348466920, 5092
147915363350872, 147915363356492, 5620
147915378203208, 147915378208148, 4940
147915393162788, 147915393168676, 5888
147915408017148, 147915408021940, 4792
147915422985056, 147915422990072, 5016
147915438435852, 147915438441268, 5416
147915453317992, 147915453323012, 5020
147915468177788, 147915468182784, 4996
147915483045584, 147915483051220, 5636
147915497986632, 147915497991308, 4676
147915512884912, 147915512889720, 4808
147915527713768, 147915527718348, 4580
147915542554308, 147915542559116, 4808
147915557377012, 147915557380856, 3844
147915572199128, 147915572203560, 4432
147915587033240, 147915587038184, 4944
147915601875384, 147915601879340, 3956
147915616772772, 147915616777556, 4784
147915631668132, 147915631672476, 4344
147915646489860, 147915646495036, 5176
147915661351720, 147915661357300, 5580
147915676220860, 147915676226272, 5412
147915691609644, 147915691615144, 5500
147915706432576, 147915706437096, 4520
147915721334776, 147915721339612, 4836
147915736185196, 147915736190520, 5324
147915751064500, 147915751069536, 5036
147915765924952, 147915765929028, 4076
147915780875432, 147915780880280, 4848
147915795798772, 147915795804356, 5584
147915810653444, 147915810659108, 5664
147915825463068, 147915825468692, 5624
147915840395572, 147915840401040, 5468
147915855223192, 147915855227944, 4752
147915870103436, 147915870108264, 4828
147915884974336, 147915884978352, 4016
147915899922740, 147915899927884, 5144
147915914896928, 147915914902016, 5088
147915929781016, 147915929785776, 4760
147915945153324, 147915945160472, 7148
147915959998052, 147915960002812, 4760
147915974928796, 147915974934556, 5760
147915989828004, 147915989833696, 5692
147916004659004, 147916004663872, 4868
147916019625600, 147916019630944, 5344
147916034492016, 147916034497012, 4996
147916049442364, 147916049448016, 5652
147916064253504, 147916064257956, 4452
147916079119140, 147916079123900, 4760
147916093993408, 147916093998700, 5292
147916109043740, 147916109048576, 4836
147916123903448, 147916123907148, 3700
147916138861428, 147916138866460, 5032
147916153829864, 147916153835156, 5292
147916168721976, 147916168726920, 4944
147916184190380, 147916184195464, 5084
147916199090980, 147916199096404, 5424
147916213951924, 147916213957740, 5816
147916228845712, 147916228851868, 6156
147916243689384, 147916243694396, 5012
147916258541920, 147916258546908, 4988
147916273444132, 147916273449496, 5364
147917267359820, 147917267362464, 2644
147917297389900, 147917297394832, 4932
147917327581516, 147917327587720, 6204
147917357741612, 147917357746904, 5292
147917387894272, 147917387900596, 6324
147917417933340, 147917417937536, 4196
147917448587252, 147917448593344, 6092
147917478766904, 147917478771992, 5088
147917508872180, 147917508877776, 5596
147917538963492, 147917538968712, 5220
147917569183840, 147917569189320, 5480
147917599262964, 147917599267808, 4844
147917629533496, 147917629539496, 6000
147917659602632, 147917659607576, 4944
147917690329288, 147917690334056, 4768
147917720489324, 147917720494632, 5308
147917751004816, 147917751010856, 6040
147917781323512, 147917781328420, 4908
147917811613368, 147917811619016, 5648
147917841814144, 147917841819376, 5232
147917871996648, 147917872005460, 8812
147917977003780, 147917977010936, 7156
147918027514604, 147918027523632, 9028
147918038466308, 147918038473620, 7312
147918041085980, 147918041093644, 7664
147918061149472, 147918061156028, 6556
147918082984384, 147918082995952, 11568
147918102914932, 147918102929192, 14260
147918117766672, 147918117782180, 15508
147918254484764, 147918254487928, 3164
147918258197908, 147918258204004, 6096
147918261931764, 147918261940140, 8376
147918298342144, 147918298359892, 17748
147918386149528, 147918386152376, 2848
147918421637292, 147918421642748, 5456
147918555727000, 147918555729744, 2744
147918559451888, 147918559456760, 4872
147918661310192, 147918661312788, 2596
147894552858756, 147894552866988, 8232
147894561272156, 147894561280440, 8284
147898635666188, 147898635669356, 3168
147898667679336, 147898667684360, 5024
147898747317972, 147898747322712, 4740
147898837105172, 147898837108204, 3032
147898872679752, 147898872689552, 9800
147898874874124, 147898874875528, 1404
147899008582204, 147899008585320, 3116
147899011197096, 147899011203132, 6036
147899013781088, 147899013788764, 7676
147899074453824, 147899074465916, 12092
147899135702688, 147899135712616, 9928
147899159030972, 147899159039296, 8324
147899201925364, 147899201928336, 2972
147899205656996, 147899205663852, 6856
147899257768332, 147899257771380, 3048
147899339552316, 147899339555452, 3136
147899353515012, 147899353522300, 7288
147899388893696, 147899388907500, 13804
147899493814956, 147899493829372, 14416
147899517118632, 147899517133520, 14888
147899531968044, 147899531980912, 12868
147899584868324, 147899584875640, 7316
147899824164700, 147899824168140, 3440
147899854237544, 147899854242552, 5008
147899884464860, 147899884470272, 5412
147900013602620, 147900013605832, 3212
147900017321964, 147900017327576, 5612
147900021059452, 147900021067448, 7996
147900039476028, 147900039477704, 1676
147900043197384, 147900043203772, 6388
147900048147300, 147900048154860, 7560
147900095354464, 147900095360452, 5988
147900103326916, 147900103334896, 7980
147900133475236, 147900133487196, 11960
147900151151184, 147900151158508, 7324
147900154934272, 147900154945376, 11104
147900198289020, 147900198301264, 12244
147900229082184, 147900229095788, 13604
147900262893692, 147900262899976, 6284
147900265484752, 147900265495840, 11088
147900295663428, 147900295676804, 13376
147900962823860, 147900962827528, 3668
147900966560268, 147900966565748, 5480
147900970872656, 147900970877268, 4612
147900974574156, 147900974578484, 4328
147900978302152, 147900978305604, 3452
147900982026028, 147900982030628, 4600
147900985845836, 147900985851052, 5216
147900989569124, 147900989573708, 4584
147900993293084, 147900993297088, 4004
147900997018416, 147900997021784, 3368
147901000733516, 147901000737156, 3640
147901004508920, 147901004514516, 5596
147901108412944, 147901108416684, 3740
147901193671256, 147901193678576, 7320
147901196293748, 147901196300844, 7096
147901282143500, 147901282151072, 7572
147901362647808, 147901362656092, 8284
147901365242428, 147901365249468, 7040
147901425912212, 147901425920792, 8580
147901449169364, 147901449178292, 8928
147901523234440, 147901523241976, 7536
147901571105672, 147901571110652, 4980
147901631401312, 147901631414936, 13624
147901661546356, 147901661560248, 13892
147901665311504, 147901665322460, 10956
147901698734320, 147901698741836, 7516
147901746595100, 147901746600504, 5404
147901807051532, 147901807066320, 14788
147901941957616, 147901941961000, 3384
147901967833460, 147901967838532, 5072
147902091556148, 147902091559052, 2904
147902095277072, 147902095281900, 4828
147902107571716, 147902107575092, 3376
147902197251880, 147902197254812, 2932
147902200975636, 147902200984528, 8892
147902217135756, 147902217137084, 1328
147902220960756, 147902220967668, 6912
147902326882716, 147902326884744, 2028
147902330636160, 147902330641588, 5428
147902334372948, 147902334381340, 8392
147902337003396, 147902337011636, 8240
147902468458344, 147902468461332, 2988
147902493650128, 147902493659932, 9804
147902554603596, 147902554612248, 8652
147902558338904, 147902558345680, 6776
147902583549900, 147902583559032, 9132
147902613835884, 147902613844584, 8700
147902715849184, 147902715852144, 2960
147902741204160, 147902741213524, 9364
147902802202728, 147902802211964, 9236
147902925153428, 147902925156108, 2680
147902950485324, 147902950491124, 5800
147903070792108, 147903070795352, 3244
147903074513084, 147903074518152, 5068
147903078247120, 147903078254676, 7556
147903101607184, 147903101615840, 8656
147903110545612, 147903110546900, 1288
147903114349132, 147903114356860, 7728
147903166447828, 147903166452784, 4956
147903170167756, 147903170179756, 12000
147903195401244, 147903195414036, 12792
147903248251628, 147903248258164, 6536
147903273677600, 147903273691104, 13504
147903282371864, 147903282383628, 11764
147903286120716, 147903286128820, 8104
147903289875208, 147903289889276, 14068
147903340219992, 147903340228176, 8184
147903347884264, 147903347891360, 7096
147903408665824, 147903408678396, 12572
147903445616996, 147903445622212, 5216
147903517408988, 147903517411860, 2872
147903602252820, 147903602257724, 4904
147903687551408, 147903687560232, 8824
147903748832440, 147903748841736, 9296
147903772100824, 147903772107964, 7140
147903855777244, 147903855787072, 9828
147903885988104, 147903885995432, 7328
147903948219340, 147903948224496, 5156
147903972161752, 147903972175584, 13832
147904169511864, 147904169515224, 3360
147904199705800, 147904199711364, 5564
147904230399272, 147904230409208, 9936
147904376927908, 147904376930928, 3020
147904380656056, 147904380660408, 4352
147904394894760, 147904394903180, 8420
147904482663280, 147904482666284, 3004
147904518250876, 147904518260076, 9200
147904548536396, 147904548545000, 8604
147904599025292, 147904599032260, 6968
147904684328544, 147904684336032, 7488
147904699231632, 147904699236128, 4496
147904714695760, 147904714701436, 5676
147904827738516, 147904827740444, 1928
147904842625620, 147904842630668, 5048
147904857554188, 147904857559448, 5260
147904872467436, 147904872472872, 5436
147904887369736, 147904887377352, 7616
147904948230096, 147904948238700, 8604
147904978993660, 147904978998852, 5192
147905009237976, 147905009246380, 8404
147905044877368, 147905044884872, 7504
147905048939196, 147905048940832, 1636
147905079083216, 147905079091348, 8132
147905116217180, 147905116224948, 7768
147905151984404, 147905151993400, 8996
147905202748540, 147905202755176, 6636
147905264528736, 147905264535732, 6996
147905294706640, 147905294712348, 5708
147905336100400, 147905336107736, 7336
147905344047824, 147905344054296, 6472
147905347766000, 147905347776924, 10924
147905390245032, 147905390258600, 13568
147905399884400, 147905399891112, 6712
147905403608392, 147905403618104, 9712
147905455725952, 147905455733220, 7268
147905460054076, 147905460067920, 13844
147905502538592, 147905502552356, 13764
147905563551016, 147905563565504, 14488
147905578442360, 147905578456220, 13860
147905614044964, 147905614058536, 13572
147905674428212, 147905674440832, 12620
147905736007508, 147905736021704, 14196
147905782773316, 147905782781420, 8104
147905808012604, 147905808026136, 13532
147905811877616, 147905811889364, 11748
147907316325920, 147907316329052, 3132
147907331148300, 147907331153740, 5440
147907345963128, 147907345967672, 4544
147907360796232, 147907360800648, 4416
147907375605360, 147907375609904, 4544
147907390444916, 147907390449612, 4696
147907405250672, 147907405255096, 4424
147907420083788, 147907420088096, 4308
147907434890564, 147907434894712, 4148
147907449746568, 147907449751288, 4720
147907465218980, 147907465224476, 5496
147907480175980, 147907480181020, 5040
147907495052236, 147907495057096, 4860
147907510002216, 147907510007936, 5720
147907524941584, 147907524946972, 5388
147907539852916, 147907539858860, 5944
147907554664324, 147907554669540, 5216
147907569535588, 147907569540736, 5148
147907584517720, 147907584522940, 5220
147907599492852, 147907599498636, 5784
147907614325452, 147907614330144, 4692
147907629242392, 147907629247364, 4972
147907644206876, 147907644212280, 5404
147907659110244, 147907659116108, 5864
147907673976776, 147907673980608, 3832
147907688870004, 147907688874896, 4892
147907704286224, 147907704291204, 4980
147907719262708, 147907719268204, 5496
147907734130660, 147907734134732, 4072
147907749184092, 147907749188964, 4872
147907764197240, 147907764202736, 5496
147907779233380, 147907779239428, 6048
147907794160988, 147907794164876, 3888
147907809134972, 147907809140888, 5916
147907824068716, 147907824073604, 4888
147907839022840, 147907839027896, 5056
147907853930984, 147907853935924, 4940
147907868806524, 147907868811940, 5416
147907883710508, 147907883715576, 5068
147907898597720, 147907898602680, 4960
147907913404148, 147907913408728, 4580
147907928341448, 147907928346444, 4996
147907943223116, 147907943228636, 5520
147907958826540, 147907958831628, 5088
147907973666200, 147907973670300, 4100
147907988601860, 147907988607700, 5840
147908003565304, 147908003570920, 5616
147908018589800, 147908018595704, 5904
147908033467560, 147908033471712, 4152
147908048412308, 147908048417496, 5188
147908063253896, 147908063258524, 4628
147908078104408, 147908078110408, 6000
147908092912976, 147908092918208, 5232
147908107773252, 147908107778520, 5268
147908135954152, 147908135960740, 6588
147908546751428, 147908546754776, 3348
147908549341656, 147908549346732, 5076
147908551925364, 147908551928664, 3300
147908554511888, 147908554515844, 3956
147908557120996, 147908557125640, 4644
147908559699140, 147908559703720, 4580
147908562276884, 147908562280764, 3880
147908564895204, 147908564903232, 8028
147908588231500, 147908588241024, 9524
147908690455976, 147908690458948, 2972
147908705849324, 147908705854948, 5624
147908720771888, 147908720777004, 5116
147908735678956, 147908735684624, 5668
147908750622508, 147908750631492, 8984
147908853868832, 147908853870764, 1932
147908868725488, 147908868730444, 4956
147908883612972, 147908883618172, 5200
147908898562468, 147908898568052, 5584
147909011424304, 147909011427348, 3044
147909046916792, 147909046921464, 4672
147909082531120, 147909082538660, 7540
147909143683148, 147909143692168, 9020
147909194329604, 147909194338408, 8804
147909272682424, 147909272690808, 8384
147909323076380, 147909323099624, 23244
147909358574548, 147909358583104, 8556
147909563801432, 147909563804020, 2588
147909624444928, 147909624453432, 8504
147909647726048, 147909647736136, 10088
147909651480360, 147909651487668, 7308
147909712732252, 147909712740992, 8740
147909835077420, 147909835080236, 2816
147909838803792, 147909838812860, 9068
147909862241860, 147909862250504, 8644
147909866865368, 147909866866624, 1256
147909870602652, 147909870607972, 5320
147909946667168, 147909946675120, 7952
147909969991136, 147909970004684, 13548
147910074623160, 147910074635744, 12584
147910199924160, 147910199927108, 2948
147910225091048, 147910225096824, 5776
147910351581556, 147910351583312, 1756
147910376850640, 147910376855964, 5324
147910402112368, 147910402121552, 9184
147910554921768, 147910554925096, 3328
147910590389704, 147910590394832, 5128
147910626038176, 147910626047560, 9384
147910629775540, 147910629781932, 6392
147910648677364, 147910648685180, 7816
147910663584680, 147910663597788, 13108
147910744431348, 147910744434148, 2800
147910747022268, 147910747027968, 5700
147910749600096, 147910749607536, 7440
147910785364624, 147910785374780, 10156
147910846377176, 147910846385816, 8640
147910850132824, 147910850138328, 5504
147910871950424, 147910871952196, 1772
147910875694580, 147910875701680, 7100
147910877338316, 147910877344188, 5872
147910938781044, 147910938788624, 7580
147910975072064, 147910975079316, 7252
147910998486064, 147910998494464, 8400
147911031488008, 147911031489888, 1880
147911067329552, 147911067337860, 8308
147911071076868, 147911071081884, 5016
147911095301432, 147911095303316, 1884
147911099034300, 147911099040752, 6452
147911151203124, 147911151210372, 7248
147911154957028, 147911154969336, 12308
147911206234448, 147911206247736, 13288
147911221211864, 147911221225376, 13512
147911398444812, 147911398448208, 3396
147911433813048, 147911433819080, 6032
147911569963628, 147911569966220, 2592
147911573679388, 147911573684712, 5324
147911577406632, 147911577414844, 8212
147911580020364, 147911580027060, 6696
147911630373952, 147911630384864, 10912
147911653644884, 147911653654504, 9620
147911668507452, 147911668512060, 4608
147911683357112, 147911683365276, 8164
147911817239676, 147911817243100, 3424
147911819836416, 147911819841124, 4708
147911822421872, 147911822427740, 5868
147911883228004, 147911883236832, 8828
147911988724468, 147911988727620, 3152
147912013924676, 147912013930024, 5348
147912078486568, 147912078494348, 7780
147912138341656, 147912138344284, 2628
147912240011300, 147912240014032, 2732
147912270175076, 147912270180560, 5484
147912300383052, 147912300393456, 10404
147912302998720, 147912303006144, 7424
147912307762404, 147912307763752, 1348
147912337940020, 147912337948816, 8796
147912347685640, 147912347691852, 6212
147912350292464, 147912350303172, 10708
147913280983928, 147913280986704, 2776
147913283579004, 147913283583760, 4756
147913286162480, 147913286165984, 3504
147913288741616, 147913288746112, 4496
147913291342460, 147913291346352, 3892
147913293922616, 147913293926192, 3576
147913296499332, 147913296503236, 3904
147913299105928, 147913299110120, 4192
147913301712752, 147913301718152, 5400
147913304299768, 147913304304576, 4808
147913306898404, 147913306902908, 4504
147913309485728, 147913309489864, 4136
147913312063716, 147913312067420, 3704
147913314641088, 147913314644152, 3064
147913317242808, 147913317245648, 2840
147913402629860, 147913402638780, 8920
147913438565840, 147913438571108, 5268
147913574124316, 147913574128552, 4236
147913604273860, 147913604279648, 5788
147913733686088, 147913733689052, 2964
147913855302160, 147913855304272, 2112
147913976949172, 147913976952524, 3352
147913980663976, 147913980669276, 5300
147913984414864, 147913984421956, 7092
147913998850748, 147913998852464, 1716
147914002585836, 147914002591708, 5872
147914038690712, 147914038701436, 10724
147914200352344, 147914200355156, 2812
147914204063876, 147914204072352, 8476
147914206698184, 147914206703596, 5412
147914222277656, 147914222279456, 1800
147914226003620, 147914226009624, 6004
147914278106080, 147914278113172, 7092
147914371814536, 147914371817792, 3256
147914397114316, 147914397120320, 6004
147914422449256, 147914422458600, 9344
147914426187768, 147914426195412, 7644
147914450139848, 147914450146524, 6676
147914577360964, 147914577364092, 3128
147914612943444, 147914612951512, 8068
147914718385444, 147914718395984, 10540
147914779626464, 147914779635104, 8640
147914938249216, 147914938252480, 3264
147914973759748, 147914973765672, 5924
147915107668336, 147915107670872, 2536
147915143243684, 147915143252380, 8696
147915248978460, 147915248987036, 8576
147915272397620, 147915272406364, 8744
147915322673612, 147915322680756, 7144
147915338998556, 147915339004324, 5768
147915342717264, 147915342728268, 11004
147915526542996, 147915526546664, 3668
147915530262148, 147915530267032, 4884
147915533984568, 147915533992448, 7880
147915569370636, 147915569378968, 8332
147915592600564, 147915592606896, 6332
147915618299860, 147915618304596, 4736
147915626147628, 147915626155164, 7536
147915674104676, 147915674112092, 7416
147915677826720, 147915677839160, 12440
147915721884040, 147915721889676, 5636
147915801641148, 147915801643104, 1956
147915826818748, 147915826827968, 9220
147915949187252, 147915949190220, 2968
147916050901052, 147916050904104, 3052
147916184548084, 147916184550632, 2548
147916245297512, 147916245307428, 9916
147916374051860, 147916374054552, 2692
147916377764476, 147916377769864, 5388
147916479659096, 147916479662300, 3204
147916515200108, 147916515205592, 5484
147916649259532, 147916649262644, 3112
147916664081856, 147916664087580, 5724
147916678949772, 147916678953748, 3976
147916694400636, 147916694405932, 5296
147916709362412, 147916709372168, 9756
147916868622756, 147916868625688, 2932
147916904138928, 147916904144140, 5212
147917038043340, 147917038045968, 2628
147917061305796, 147917061314980, 9184
147917223525884, 147917223528548, 2664
147917227240400, 147917227245420, 5020
147917230977208, 147917230983652, 6444
147917321210948, 147917321215832, 4884
147917382061192, 147917382077196, 16004
147917384680068, 147917384691612, 11544
147917489426884, 147917489441284, 14400
147917512827136, 147917512839624, 12488
147917573640304, 147917573654192, 13888
147917624063048, 147917624076016, 12968
147917647359660, 147917647373836, 14176
147917997237788, 147917997240552, 2764
147917999833416, 147917999838632, 5216
147918002418076, 147918002421676, 3600
147918004999428, 147918005002792, 3364
147918007594880, 147918007599468, 4588
147918010172112, 147918010175396, 3284
147918012752344, 147918012759324, 6980
147918117040196, 147918117048072, 7876
147918140372236, 147918140378924, 6688
147918245698412, 147918245705620, 7208
147918281243768, 147918281253496, 9728
147918283842356, 147918283848284, 5928
147918680173900, 147918680177492, 3592
147918695094168, 147918695100132, 5964
147918710047564, 147918710053836, 6272
147918725003108, 147918725008588, 5480
147918739847488, 147918739851208, 3720
147918754722812, 147918754727652, 4840
147894544628532, 147894544636680, 8148
147894594864464, 147894594872320, 7856
147899331576204, 147899331578920, 2716
147899331593596, 147899331598024, 4428
147899356817004, 147899356821904, 4900
147899381999116, 147899382003776, 4660
147899407157544, 147899407162464, 4920
147899432362388, 147899432367368, 4980
147899457588132, 147899457593012, 4880
147899483411412, 147899483417092, 5680
147899508671504, 147899508677344, 5840
147899533940480, 147899533945980, 5500
147899559085712, 147899559089856, 4144
147899584258552, 147899584263540, 4988
147899609556136, 147899609560688, 4552
147900055456304, 147900055460400, 4096
147900115810472, 147900115816272, 5800
147900176564392, 147900176570192, 5800
147900237642092, 147900237646764, 4672
147900298074640, 147900298082768, 8128
147900348551452, 147900348559104, 7652
147900409241540, 147900409249128, 7588
147900434576860, 147900434585876, 9016
147900593945936, 147900593948752, 2816
147900596563236, 147900596568680, 5444
147900599143336, 147900599151136, 7800
147900803331912, 147900803335060, 3148
147900805971480, 147900805977128, 5648
147900907008908, 147900907012168, 3260
147900937125524, 147900937133252, 7728
147900982249252, 147900982257380, 8128
147901087247216, 147901087257400, 10184
147901137904172, 147901137911760, 7588
147901141677448, 147901141684428, 6980
147901202412252, 147901202420112, 7860
147901263993964, 147901264002096, 8132
147901324421140, 147901324428556, 7416
147901328177636, 147901328182408, 4772
147901331900112, 147901331906976, 6864
147901382120856, 147901382127740, 6884
147902111475096, 147902111477932, 2836
147902172358912, 147902172364604, 5692
147902233925612, 147902233930764, 5152
147902295058500, 147902295064132, 5632
147902356039100, 147902356044572, 5472
147902417143908, 147902417149276, 5368
147902479034404, 147902479040856, 6452
147902502324000, 147902502334388, 10388
147902506065016, 147902506072032, 7016
147902566416464, 147902566424740, 8276
147902616940212, 147902616949604, 9392
147903074691516, 147903074695160, 3644
147903104867276, 147903104872720, 5444
147903135009528, 147903135015632, 6104
147903165108384, 147903165113796, 5412
147903195343528, 147903195349420, 5892
147903226021720, 147903226027568, 5848
147903256321136, 147903256326336, 5200
147903286438464, 147903286443872, 5408
147903316582128, 147903316587168, 5040
147903393755556, 147903393757964, 2408
147903523378048, 147903523379968, 1920
147903553427996, 147903553433508, 5512
147903682916228, 147903682918252, 2024
147903713525988, 147903713532036, 6048
147903743627152, 147903743637448, 10296
147903768931900, 147903768940388, 8488
147903819302556, 147903819312360, 9804
147904004086096, 147904004089040, 2944
147904018930500, 147904018935704, 5204
147904033897776, 147904033903348, 5572
147904048755448, 147904048761008, 5560
147904063577492, 147904063585852, 8360
147904197416272, 147904197419092, 2820
147904201133232, 147904201141660, 8428
147904406827840, 147904406830916, 3076
147904437163900, 147904437169864, 5964
147904468026796, 147904468037468, 10672
147904528623556, 147904528632348, 8792
147904589638216, 147904589645564, 7348
147904604502676, 147904604509396, 6720
147904664949612, 147904664957112, 7500
147904695314988, 147904695322344, 7356
147904746385284, 147904746394716, 9432
147904776732664, 147904776741704, 9040
147904837738960, 147904837747768, 8808
147904867950420, 147904867957808, 7388
147904918511892, 147904918521204, 9312
147904933469736, 147904933479168, 9432
147904953180724, 147904953182376, 1652
147904968655564, 147904968663560, 7996
147905029196828, 147905029205628, 8800
147905044029276, 147905044033832, 4556
147905058953156, 147905058962028, 8872
147905078862764, 147905078864336, 1572
147905093759268, 147905093766776, 7508
147905252382452, 147905252384896, 2444
147905337249048, 147905337254344, 5296
147905422118124, 147905422123572, 5448
147907306373660, 147907306376244, 2584
147907310101116, 147907310105920, 4804
147907313822300, 147907313826744, 4444
147907317546808, 147907317551276, 4468
147907321273768, 147907321278032, 4264
147907324998140, 147907325002436, 4296
147907328735368, 147907328739916, 4548
147907332459024, 147907332463308, 4284
147907336164700, 147907336168948, 4248
147907339887788, 147907339892160, 4372
147907343612720, 147907343617172, 4452
147907347347912, 147907347352528, 4616
147907351078112, 147907351081720, 3608
147907354803092, 147907354807060, 3968
147907358528156, 147907358531620, 3464
147907362248060, 147907362252936, 4876
147907365956680, 147907365959928, 3248
147907369692584, 147907369696872, 4288
147907373418084, 147907373421464, 3380
147907377146384, 147907377150736, 4352
147907380873092, 147907380876404, 3312
147907384596820, 147907384601184, 4364
147907388334456, 147907388338920, 4464
147907392040280, 147907392044296, 4016
147907395761896, 147907395765824, 3928
147907399483612, 147907399487544, 3932
147907403207960, 147907403212156, 4196
147907406948416, 147907406952748, 4332
147907410675776, 147907410679256, 3480
147907414403732, 147907414407768, 4036
147907418123884, 147907418127952, 4068
147907421829708, 147907421833724, 4016
147907425555576, 147907425558872, 3296
147907429289944, 147907429293296, 3352
147907433016088, 147907433019944, 3856
147907535736776, 147907535741092, 4316
147907565781300, 147907565786300, 5000
147907596118236, 147907596128708, 10472
147907800998312, 147907801001480, 3168
147907861556136, 147907861566832, 10696
147907864169824, 147907864177436, 7612
147907894312844, 147907894319504, 6660
147908054185612, 147908054188480, 2868
147908056779196, 147908056784128, 4932
147908064142124, 147908064148476, 6352
147908099528388, 147908099539308, 10920
147908100015636, 147908100020828, 5192
147908102658536, 147908102671008, 12472
147908162648664, 147908162662472, 13808
147908185915940, 147908185930436, 14496
147908219795052, 147908219800292, 5240
147908239644288, 147908239650008, 5720
147908269749892, 147908269763460, 13568
147908319374292, 147908319381448, 7156
147908349708716, 147908349722196, 13480
147908361019596, 147908361033572, 13976
147908384440960, 147908384453960, 13000
147909302551180, 147909302554180, 3000
147909327690260, 147909327695328, 5068
147909352889740, 147909352894748, 5008
147909378047548, 147909378052480, 4932
147909403310200, 147909403315060, 4860
147909428553752, 147909428558244, 4492
147909454308752, 147909454314592, 5840
147909479487524, 147909479493056, 5532
147909504767428, 147909504772208, 4780
147909530012536, 147909530017108, 4572
147909555267076, 147909555271952, 4876
147909580635792, 147909580641236, 5444
147909606033932, 147909606039064, 5132
147909631266552, 147909631271832, 5280
147909656543748, 147909656552960, 9212
147910024430328, 147910024433768, 3440
147910039275284, 147910039280668, 5384
147910054151404, 147910054157396, 5992
147910069025304, 147910069029900, 4596
147910083869920, 147910083874132, 4212
147910098724748, 147910098729456, 4708
147910113628964, 147910113633976, 5012
147910128741320, 147910128746608, 5288
147910143673688, 147910143677792, 4104
147910158627516, 147910158633048, 5532
147910173592428, 147910173597820, 5392
147910188492452, 147910188498044, 5592
147910203847364, 147910203855880, 8516
147910227135012, 147910227144820, 9808
147910230892416, 147910230899448, 7032
147910257831884, 147910257839964, 8080
147911234938396, 147911234941688, 3292
147911320026296, 147911320031516, 5220
147911404906376, 147911404911344, 4968
147911490212292, 147911490217468, 5176
147911575128976, 147911575134600, 5624
147911659960680, 147911659965972, 5292
147911745505432, 147911745511232, 5800
147911830931332, 147911830937596, 6264
147911916046920, 147911916051872, 4952
147912001547972, 147912001553292, 5320
147912086886376, 147912086891436, 5060
147912172354632, 147912172361120, 6488
147912258224968, 147912258230352, 5384
147912343247664, 147912343252824, 5160
147912428425540, 147912428430900, 5360
147912514261504, 147912514267312, 5808
147912599861124, 147912599866920, 5796
147912685359508, 147912685365004, 5496
147912770776496, 147912770782096, 5600
147912855691536, 147912855697024, 5488
147912941177152, 147912941182368, 5216
147913026368876, 147913026374840, 5964
147913111172244, 147913111176740, 4496
147913196853972, 147913196859692, 5720
147913281805784, 147913281810944, 5160
147913366797908, 147913366803080, 5172
147913452168916, 147913452173760, 4844
147913537685892, 147913537696180, 10288
147913561044924, 147913561052764, 7840
147915277171872, 147915277174256, 2384
147915361942508, 147915361948684, 6176
147915447508252, 147915447513300, 5048
147915532637988, 147915532643460, 5472
147915617352312, 147915617357848, 5536
147915702799020, 147915702804052, 5032
147915787807504, 147915787812616, 5112
147915872676228, 147915872681164, 4936
147915958430204, 147915958434704, 4500
147916043362620, 147916043368388, 5768
147916128230256, 147916128234920, 4664
147916214009796, 147916214015264, 5468
147916299017488, 147916299022804, 5316
147916384310176, 147916384315408, 5232
147916470379048, 147916470384940, 5892
147916555427300, 147916555432408, 5108
147916641188892, 147916641194648, 5756
147916726624800, 147916726630320, 5520
147916811848872, 147916811854164, 5292
147916897174672, 147916897180720, 6048
147916983039380, 147916983044944, 5564
147917068414716, 147917068420256, 5540
147917153341548, 147917153347344, 5796
147917238966896, 147917238972748, 5852
147917323867776, 147917323872388, 4612
147917408802848, 147917408808320, 5472
147917494315504, 147917494320552, 5048
147917579454608, 147917579459520, 4912
147917664293088, 147917664298352, 5264
147917750164204, 147917750170376, 6172
147917835416876, 147917835422588, 5712
147917920471212, 147917920476660, 5448
147918006107916, 147918006113276, 5360
147918091040676, 147918091045964, 5288
147918175986320, 147918175991684, 5364
147918261775068, 147918261780796, 5728
147918346790392, 147918346795496, 5104
147918433004072, 147918433009896, 5824
147918518532608, 147918518538504, 5896
147918603564444, 147918603569236, 4792
147918689006328, 147918689012016, 5688
