148332279274568, 148332279285344, 10776
148332347148576, 148332347161408, 12832
148332416884076, 148332416895256, 11180
148332478698920, 148332478710440, 11520
148332541561168, 148332541570264, 9096
148332609823208, 148332609835252, 12044
148332629230864, 148332629240612, 9748
148332692466920, 148332692475932, 9012
148332833234096, 148332833243208, 9112
148332852742052, 148332852751444, 9392
148332886237744, 148332886245856, 8112
148332960985200, 148332960993940, 8740
148332982828736, 148332982837180, 8444
148333012984524, 148333012992860, 8336
148333043749856, 148333043758972, 9116
148333049099924, 148333049106796, 6872
148333070946416, 148333070953956, 7540
148333081627812, 148333081636512, 8700
148333083955748, 148333083963004, 7256
148333114111564, 148333114120684, 9120
148333119470284, 148333119478952, 8668
148333132727316, 148333132734344, 7028
148333138067292, 148333138074992, 7700
148333140391744, 148333140399768, 8024
148333186378580, 148333186387588, 9008
148333212366116, 148333212376400, 10284
148333257851928, 148333257860944, 9016
148333280303212, 148333280311908, 8696
148333282628512, 148333282635516, 7004
148333283267916, 148333283275484, 7568
148333286280868, 148333286287792, 6924
148333331658880, 148333331666480, 7600
148333351033544, 148333351042276, 8732
148333443514728, 148333443524620, 9892
148333488923436, 148333488932452, 9016
148333499615140, 148333499623516, 8376
148333518978376, 148333518986512, 8136
148333549133924, 148333549142216, 8292
148333572226448, 148333572234796, 8348
148333639076344, 148333639086544, 10200
148333702410216, 148333702419372, 9156
148333724312404, 148333724322904, 10500
148333747440392, 148333747450100, 9708
148333773481816, 148333773510936, 29120
148333792919564, 148333792929460, 9896
148333811309164, 148333811318584, 9420
148333873699624, 148333873709036, 9412
148333879120740, 148333879131272, 10532
148333902298760, 148333902308372, 9612
148333907653880, 148333907661904, 8024
148333910471500, 148333910478640, 7140
148333915796608, 148333915803340, 6732
148333922437468, 148333922447120, 9652
148333991214960, 148333991224732, 9772
148333996567920, 148333996575492, 7572
148334137128752, 148334137139180, 10428
148334212535684, 148334212544236, 8552
148334627646280, 148334627656000, 9720
148334657788028, 148334657797524, 9496
148334733228752, 148334733238272, 9520
148334763386784, 148334763395456, 8672
148334774074736, 148334774082376, 7640
148334797194684, 148334797203956, 9272
148334938743484, 148334938753744, 10260
148334941070556, 148334941078908, 8352
148334946419260, 148334946427284, 8024
148334947443544, 148334947450356, 6812
148334952772640, 148334952780816, 8176
148334975843488, 148334975851848, 8360
148335001771980, 148335001780792, 8812
148335047157560, 148335047165364, 7804
148335052488528, 148335052495348, 6820
148335083310488, 148335083320612, 10124
148335113512176, 148335113521704, 9528
148336054277572, 148336054289088, 11516
148336086760428, 148336086770900, 10472
148336154933528, 148336154942932, 9404
148336185653440, 148336185662908, 9468
148336231132480, 148336231142904, 10424
148336261350888, 148336261360492, 9604
148336306818216, 148336306828044, 9828
148336309150360, 148336309158468, 8108
148336384179992, 148336384188212, 8220
148336525340908, 148336525350516, 9608
148336593513628, 148336593522828, 9200
148336619524216, 148336619533892, 9676
148336641392444, 148336641401808, 9364
148336667375980, 148336667385796, 9816
148336736099800, 148336736109152, 9352
148336738448192, 148336738456344, 8152
148336771943076, 148336771953208, 10132
148336791332676, 148336791341944, 9268
148336836836688, 148336836846428, 9740
148336837960836, 148336837969332, 8496
148336871547704, 148336871557224, 9520
148336917059288, 148336917068044, 8756
148336939486516, 148336939495348, 8832
148337002113568, 148337002123412, 9844
148337070276004, 148337070285792, 9788
148337103810944, 148337103820588, 9644
148337196260052, 148337196269268, 9216
148337253276772, 148337253286380, 9608
148337298711048, 148337298719796, 8748
148337330528728, 148337330537604, 8876
148337376228892, 148337376238352, 9460
148337439534560, 148337439545280, 10720
148337485008008, 148337485016700, 8692
148337541967824, 148337541977180, 9356
148337610109876, 148337610119092, 9216
148337629492664, 148337629502344, 9680
148337698227864, 148337698236592, 8728
148337743702172, 148337743711668, 9496
148337774519712, 148337774528932, 9220
148337842715600, 148337842724472, 8872
148337862117828, 148337862127984, 10156
148337885226696, 148337885236280, 9584
148337942704296, 148337942713460, 9164
148338005318692, 148338005328672, 9980
148338010715280, 148338010724712, 9432
148338102596580, 148338102606496, 9916
148338107932220, 148338107939880, 7660
148338129790404, 148338129797684, 7280
148338135141504, 148338135149656, 8152
148338181102028, 148338181110260, 8232
148338255314624, 148338255322708, 8084
148338281273412, 148338281282016, 8604
148338286626888, 148338286634316, 7428
148338332078380, 148338332086872, 8492
148338334403920, 148338334411644, 7724
148338356252816, 148338356260040, 7224
148338382216376, 148338382224292, 7916
148338384541492, 148338384549800, 8308
148338389904436, 148338389912864, 8428
148338412980576, 148338412988172, 7596
148338435297076, 148338435305524, 8448
148338445940328, 148338445948508, 8180
148338449314780, 148338449322152, 7372
148338451629640, 148338451636384, 6744
148338478322368, 148338478330240, 7872
148338483652128, 148338483660088, 7960
148338497130836, 148338497139092, 8256
148338542559948, 148338542568408, 8460
148338547911292, 148338547919368, 8076
148338868323524, 148338868333196, 9672
148338937116424, 148338937125500, 9076
148338959037452, 148338959047488, 10036
148338961367896, 148338961376016, 8120
148338992255848, 148338992264964, 9116
148339060569524, 148339060580388, 10864
148339123365420, 148339123375108, 9688
148339156990704, 148339157000564, 9860
148339317706424, 148339317715796, 9372
148339320029808, 148339320037736, 7928
148339350909416, 148339350919352, 9936
148339374058496, 148339374067768, 9272
148339534682836, 148339534691660, 8824
148339609157556, 148339609167008, 9452
148339628621996, 148339628630436, 8440
148339697447948, 148339697457316, 9368
148339772140820, 148339772150136, 9316
148339794068744, 148339794078544, 9800
148339827639112, 148339827648508, 9396
148339847052632, 148339847061760, 9128
148339849456528, 148339849464892, 8364
148339894972240, 148339894981504, 9264
148339918669540, 148339918679992, 10452
148339981359396, 148339981368500, 9104
148340072571952, 148340072581708, 9756
148340095736372, 148340095745904, 9532
148340117665748, 148340117675972, 10224
148340143707556, 148340143716780, 9224
148340146040296, 148340146048508, 8212
148340192270324, 148340192280584, 10260
148340194606964, 148340194615232, 8268
148340216475776, 148340216486016, 10240
148340242425328, 148340242434468, 9140
148340265547336, 148340265557584, 10248
148340267879168, 148340267887172, 8004
148340428744884, 148340428754232, 9348
148340451968500, 148340451977392, 8892
148340477984416, 148340477993936, 9520
148340535076544, 148340535086232, 9688
148340598003244, 148340598012604, 9360
148340628924060, 148340628933988, 9928
148340631264124, 148340631272140, 8016
148340657293792, 148340657303392, 9600
148340732156124, 148340732165436, 9312
148340794778348, 148340794788556, 10208
148340797103312, 148340797111884, 8572
148340827912956, 148340827922924, 9968
148340830243248, 148340830250660, 7412
148340898405988, 148340898414052, 8064
148341039343648, 148341039351940, 8292
148341101860152, 148341101869172, 9020
148341135319792, 148341135328492, 8700
148341166606024, 148341166614272, 8248
148341241513476, 148341241521500, 8024
148341309568204, 148341309576928, 8724
148341311891796, 148341311899864, 8068
148341345348000, 148341345356696, 8696
148341390718348, 148341390726888, 8540
148341409994248, 148341410001620, 7372
148341485284728, 148341485293544, 8816
148341553330748, 148341553339332, 8584
148341558677676, 148341558684724, 7048
148341578013548, 148341578021396, 7848
148341652901392, 148341652909820, 8428
148341658243060, 148341658250860, 7800
148341721278740, 148341721287284, 8544
148341726639812, 148341726648228, 8416
148341757370452, 148341757377992, 7540
148341832256584, 148341832264888, 8304
148341848259868, 148341848267928, 8060
148341874197696, 148341874206272, 8576
148341879540588, 148341879548424, 7836
148341913570432, 148341913578480, 8048
148341976064740, 148341976073448, 8708
148341999131848, 148341999140012, 8164
148342067167096, 148342067175424, 8328
148342069487464, 148342069494184, 6720
148342137529300, 148342137538084, 8784
148342142879224, 148342142887584, 8360
148342173575864, 148342173583936, 8072
148342236079472, 148342236088048, 8576
148342241426848, 148342241434780, 7932
148342263271008, 148342263279800, 8792
148342423416444, 148342423424608, 8164
148342453538564, 148342453546400, 7836
148342472887320, 148342472895468, 8148
148342503627800, 148342503636188, 8388
148342505965344, 148342505973672, 8328
148342511297860, 148342511305792, 7932
148342544774448, 148342544782804, 8356
148342607222488, 148342607231044, 8556
148342612538188, 148342612545732, 7544
148342772537304, 148342772545792, 8488
148342774881140, 148342774888212, 7072
148342935076364, 148342935084668, 8304
148342958155676, 148342958163900, 8224
148342977503216, 148342977511188, 7972
148342979826560, 148342979834924, 8364
148342990521808, 148342990529836, 8028
148343021243960, 148343021252460, 8500
148343095416264, 148343095423816, 7552
148343114780184, 148343114788212, 8028
148343183396708, 148343183405008, 8300
148343240361856, 148343240371508, 9652
148343408957904, 148343408968344, 10440
148343434907192, 148343434915764, 8572
148343465677492, 148343465686588, 9096
148343537101812, 148343537110392, 8580
148343556470552, 148343556477848, 7296
148343582418704, 148343582426724, 8020
148343713952756, 148343713962672, 9916
148343718596128, 148343718603732, 7604
148343873500292, 148343873511436, 11144
148343903776120, 148343903785508, 9388
148343927458776, 148343927468356, 9580
148343929795032, 148343929803420, 8388
148343960065336, 148343960074704, 9368
148343981992180, 148343982002428, 10248
148344142095236, 148344142104532, 9296
148344144432840, 148344144440556, 7716
148344220065720, 148344220074940, 9220
148344277066496, 148344277076224, 9728
148344351458336, 148344351468336, 10000
148344381695416, 148344381705408, 9992
148344450473800, 148344450483180, 9380
148344480710788, 148344480720412, 9624
148344526235300, 148344526244176, 8876
148344548148604, 148344548158120, 9516
148344578993352, 148344579002584, 9232
148344609203116, 148344609211208, 8092
148344666823752, 148344666833804, 10052
148344741408100, 148344741418272, 10172
148344786918168, 148344786928416, 10248
148344855367812, 148344855375888, 8076
148344996908268, 148344996916668, 8400
148345079981668, 148345079989784, 8116
148345221263908, 148345221272304, 8396
148345243175432, 148345243185160, 9728
148345383746608, 148345383755852, 9244
148345458658124, 148345458667768, 9644
148345481775756, 148345481786028, 10272
148345512586636, 148345512595736, 9100
148345534459900, 148345534469072, 9172
148345597035592, 148345597044536, 8944
148345671880088, 148345671890064, 9976
148345674227716, 148345674236220, 8504
148345704402056, 148345704410108, 8052
148345749840900, 148345749850276, 9376
148345752212124, 148345752221524, 9400
148345771547496, 148345771555216, 7720
148345912700640, 148345912708748, 8108
148345934526244, 148345934536736, 10492
148345957570460, 148345957579852, 9392
148345976900140, 148345976909648, 9508
148346258270640, 148346258280320, 9680
148346350014156, 148346350022788, 8632
148346472642812, 148346472652204, 9392
148346547529740, 148346547537220, 7480
148346566888460, 148346566896856, 8396
148346600376408, 148346600384648, 8240
148346741342580, 148346741351652, 9072
148346772078348, 148346772086508, 8160
148346802223548, 148346802231880, 8332
148346847710144, 148346847718984, 8840
148346853067992, 148346853076008, 8016
148346886520480, 148346886527592, 7112
148346897217760, 148346897226212, 8452
148347057115584, 148347057124264, 8680
148347083067092, 148347083075420, 8328
148347128465128, 148347128473524, 8396
148347133804524, 148347133811920, 7396
148347160314880, 148347160321884, 7004
148347251096056, 148347251104320, 8264
148347281242220, 148347281250524, 8304
148347283581556, 148347283589896, 8340
148347288913748, 148347288922120, 8372
148347322359384, 148347322368044, 8660
148347379700268, 148347379708836, 8568
148347442724920, 148347442732856, 7936
148347472885180, 148347472893576, 8396
148347478237176, 148347478245132, 7956
148347501317908, 148347501325840, 7932
148347506649480, 148347506657432, 7952
148347580881468, 148347580889940, 8472
148348221020764, 148348221028532, 7768
148348266403472, 148348266411664, 8192
148348285765428, 148348285774344, 8916
148348296443696, 148348296452248, 8552
148348327207640, 148348327215912, 8272
148348403005912, 148348403015444, 9532
148348495122540, 148348495132192, 9652
148348500478040, 148348500486056, 8016
148348531277940, 148348531287280, 9340
148348846832652, 148348846843436, 10784
148348892249380, 148348892257992, 8612
148348955330040, 148348955338848, 8808
148348960680964, 148348960689148, 8184
148348991425292, 148348991433964, 8672
148348996779872, 148348996787592, 7720
148349082331080, 148349082341236, 10156
148349112536084, 148349112545560, 9476
148349114861264, 148349114868932, 7668
148349137954488, 148349137963976, 9488
148349160422696, 148349160431800, 9104
148349162796192, 148349162806296, 10104
148349217965668, 148349217976888, 11220
148349307668200, 148349307678900, 10700
148349444824632, 148349444833752, 9120
148349519374184, 148349519383764, 9580
148349582127952, 148349582138048, 10096
148349584454500, 148349584462948, 8448
148349725884192, 148349725892768, 8576
148349751915976, 148349751925636, 9660
148349785488848, 148349785498268, 9420
148349790870680, 148349790880508, 9828
148349836368496, 148349836377680, 9184
148349866561948, 148349866571972, 10024
148349871928264, 148349871937936, 9672
148349947504884, 148349947514164, 9280
148350041555040, 148350041566492, 11452
148350043885396, 148350043893572, 8176
148350074065620, 148350074075296, 9676
148350136612256, 148350136622300, 10044
148350212050056, 148350212058920, 8864
148350352427924, 148350352436844, 8920
148350375540912, 148350375551292, 10380
148350406404084, 148350406413524, 9440
148350451962748, 148350451972860, 10112
148350482726976, 148350482735832, 8856
148350512879624, 148350512887688, 8064
148350673044936, 148350673054044, 9108
148350696121320, 148350696129800, 8480
148350726864292, 148350726873264, 8972
148350737557928, 148350737566208, 8280
148350804950084, 148350804959768, 9684
148350826895848, 148350826905032, 9184
148350829249028, 148350829256656, 7628
148350855236020, 148350855244612, 8592
148350912628544, 148350912638856, 10312
148350924938660, 148350924948300, 9640
148350950826124, 148350950834528, 8404
148350953155116, 148350953163016, 7900
148350978272560, 148350978281348, 8788
148351110402140, 148351110412324, 10184
148351115044196, 148351115052320, 8124
148351189768896, 148351189776976, 8080
148351192101376, 148351192109552, 8176
148351311818368, 148351311829280, 10912
148351349130736, 148351349139496, 8760
148351429503316, 148351429513544, 10228
148351451356228, 148351451366544, 10316
148351525802472, 148351525812368, 9896
148351714651260, 148351714662060, 10800
148351751988440, 148351751996760, 8320
148351876214960, 148351876225772, 10812
148351914230936, 148351914241376, 10440
148351916602512, 148351916612112, 9600
148351918156588, 148351918165304, 8716
148351923493808, 148351923500660, 6852
148351997026512, 148351997036056, 9544
148352027231324, 148352027240080, 8756
148352084149892, 148352084159264, 9372
148352089480312, 148352089488440, 8128
148352097542240, 148352097552200, 9960
148352102883952, 148352102892028, 8076
148352171588156, 148352171595972, 7816
148352176931676, 148352176939908, 8232
148352177301888, 148352177308536, 6648
148352182628416, 148352182635124, 6708
148352208247816, 148352208256564, 8748
148352479934752, 148352479946936, 12184
148332303311096, 148332303321912, 10816
148332353077912, 148332353090364, 12452
148332504614444, 148332504624916, 10472
148332509267376, 148332509276560, 9184
148332583195880, 148332583205856, 9976
148332585554936, 148332585565204, 10268
148332607461656, 148332607470844, 9188
148332682638796, 148332682648352, 9556
148332706374988, 148332706383748, 8760
148332708701928, 148332708709896, 7968
148332783150572, 148332783161148, 10576
148332785509140, 148332785519216, 10076
148332853766776, 148332853776964, 10188
148332876818992, 148332876827584, 8592
148332879145116, 148332879153156, 8040
148332905087132, 148332905095472, 8340
148332950978108, 148332950986324, 8216
148333013429308, 148333013438068, 8760
148333018760280, 148333018768624, 8344
148333086790308, 148333086798776, 8468
148333143590808, 148333143598716, 7908
148333219040312, 148333219050316, 10004
148333224404640, 148333224414672, 10032
148333226754316, 148333226763052, 8736
148333232436864, 148333232444044, 7180
148333237774340, 148333237782056, 7716
148333252381060, 148333252391600, 10540
148333257713044, 148333257720900, 7856
148333314583228, 148333314593704, 10476
148333416230504, 148333416240616, 10112
148333439856068, 148333439863636, 7568
148333470581540, 148333470589332, 7792
148333545440512, 148333545449404, 8892
148333567491932, 148333567502624, 10692
148333569828016, 148333569836384, 8368
148333571461408, 148333571469448, 8040
148333576793688, 148333576801476, 7788
148333663237500, 148333663248644, 11144
148333689819384, 148333689829596, 10212
148333781868828, 148333781878012, 9184
148333838868492, 148333838877728, 9236
148333973928448, 148333973938620, 10172
148333979299044, 148333979306968, 7924
148334299118360, 148334299128256, 9896
148334329277348, 148334329285816, 8468
148334351087484, 148334351095860, 8376
148334384550460, 148334384558848, 8388
148334415317020, 148334415326608, 9588
148334446044152, 148334446052872, 8720
148334448368044, 148334448376364, 8320
148334584478668, 148334584489128, 10460
148334610383708, 148334610392680, 8972
148334714155920, 148334714166436, 10516
148334766019188, 148334766027764, 8576
148334899601824, 148334899611528, 9704
148334990861080, 148334990870044, 8964
148334996203624, 148334996211588, 7964
148335058633148, 148335058641700, 8552
148335133607672, 148335133616336, 8664
148335153032768, 148335153042368, 9600
148335199028168, 148335199036988, 8820
148335273290760, 148335273300104, 9344
148335283960336, 148335283968480, 8144
148335317460136, 148335317470004, 9868
148335336838844, 148335336848284, 9440
148335429395244, 148335429404684, 9440
148335459695356, 148335459704236, 8880
148335551656736, 148335551666196, 9460
148335626068004, 148335626077044, 9040
148335671540752, 148335671550820, 10068
148335702354824, 148335702364832, 10008
148335747797084, 148335747805944, 8860
148335822058680, 148335822068296, 9616
148335879047236, 148335879056124, 8888
148336020262440, 148336020271468, 9028
148336046293040, 148336046302688, 9648
148336103209756, 148336103218944, 9188
148336148620232, 148336148629480, 9248
148336224104480, 148336224113896, 9416
148336250059972, 148336250069804, 9832
148336252388940, 148336252396660, 7720
148336314938228, 148336314948000, 9772
148336406853228, 148336406861620, 8392
148336438135736, 148336438173804, 38068
148336506245204, 148336506254596, 9392
148336581252132, 148336581261436, 9304
148336611421468, 148336611430576, 9108
148336630801996, 148336630811416, 9420
148336660988372, 148336660997584, 9212
148336663319776, 148336663326936, 7160
148336755725832, 148336755734988, 9156
148336781715208, 148336781723612, 8404
148336925418744, 148336925428460, 9716
148337085251336, 148337085260920, 9584
148337087578584, 148337087586532, 7948
148337117780996, 148337117790916, 9920
148337140861852, 148337140871016, 9164
148337162705312, 148337162714280, 8968
148337194018840, 148337194028340, 9500
148337224212164, 148337224220860, 8696
148337316057908, 148337316066508, 8600
148337457636024, 148337457644448, 8424
148337479508828, 148337479517516, 8688
148337553773600, 148337553784356, 10756
148337579790308, 148337579798112, 7804
148337625221152, 148337625230156, 9004
148337658727236, 148337658737096, 9860
148337733550552, 148337733559396, 8844
148337755417600, 148337755426652, 9052
148337847319472, 148337847328580, 9108
148337880821984, 148337880831436, 9452
148337902702996, 148337902713016, 10020
148337934009792, 148337934018824, 9032
148337979476500, 148337979484724, 8224
148338005443612, 148338005452440, 8828
148338079588184, 148338079597616, 9432
148338110274596, 148338110283356, 8760
148338202617020, 148338202625168, 8148
148338221965860, 148338221975104, 9244
148338227296488, 148338227303196, 6708
148338503208712, 148338503216684, 7972
148338536658992, 148338536667356, 8364
148338559722972, 148338559731636, 8664
148338565073532, 148338565081388, 7856
148338576894388, 148338576901552, 7164
148338582217356, 148338582223920, 6564
148338645270796, 148338645279772, 8976
148338671783236, 148338671792428, 9192
148338674110284, 148338674117932, 7648
148338695942620, 148338695950112, 7492
148338722498716, 148338722509240, 10524
148338796779156, 148338796787404, 8248
148338823479264, 148338823488384, 9120
148338846675136, 148338846684296, 9160
148338903757020, 148338903766644, 9624
148338906120756, 148338906129044, 8288
148339066864064, 148339066872744, 8680
148339088756900, 148339088766276, 9376
148339119345608, 148339119354968, 9360
148339121670004, 148339121677900, 7896
148339167223672, 148339167233360, 9688
148339170112612, 148339170120228, 7616
148339189546932, 148339189556172, 9240
148339197073380, 148339197081544, 8164
148339242745492, 148339242754508, 9016
148339268769896, 148339268779404, 9508
148339302478424, 148339302487592, 9168
148339348062272, 148339348072204, 9932
148339381629092, 148339381637908, 8816
148339444969432, 148339444978436, 9004
148339501869936, 148339501879844, 9908
148339535398388, 148339535408100, 9712
148339603723688, 148339603732616, 8928
148339764443648, 148339764453440, 9792
148339790465060, 148339790475300, 10240
148339792796028, 148339792804312, 8284
148339838337692, 148339838346980, 9288
148339864434124, 148339864443000, 8876
148339921966720, 148339921976560, 9840
148339990250516, 148339990259040, 8524
148340016260608, 148340016269592, 8984
148340177037396, 148340177046752, 9356
148340245541644, 148340245551272, 9628
148340319936936, 148340319945292, 8356
148340395156636, 148340395166332, 9696
148340426672052, 148340426681628, 9576
148340460278332, 148340460287936, 9604
148340505975888, 148340505984900, 9012
148340666910400, 148340666919700, 9300
148340669235644, 148340669243644, 8000
148340726245336, 148340726254552, 9216
148340752221968, 148340752230120, 8152
148340797653980, 148340797663228, 9248
148340872640660, 148340872650068, 9408
148340908412696, 148340908420548, 7852
148340930758000, 148340930766608, 8608
148340953795120, 148340953802756, 7636
148340973124808, 148340973132660, 7852
148341047955412, 148341047962716, 7304
148341069769272, 148341069777936, 8664
148341072092036, 148341072099884, 7848
148341140085268, 148341140092776, 7508
148341142418760, 148341142426560, 7800
148341161752564, 148341161760588, 8024
148341207661748, 148341207669796, 8048
148341241083020, 148341241090900, 7880
148341267000580, 148341267008320, 7740
148341269339924, 148341269346688, 6764
148341314668580, 148341314675400, 6820
148341340576920, 148341340584756, 7836
148341408391300, 148341408399444, 8144
148341483059056, 148341483067888, 8832
148341510198000, 148341510206896, 8896
148341512540900, 148341512548720, 7820
148341545986820, 148341545994688, 7868
148341576109904, 148341576118396, 8492
148341599157912, 148341599165580, 7668
148341601486520, 148341601493748, 7228
148341623310360, 148341623318696, 8336
148341679860568, 148341679867852, 7284
148341701683596, 148341701691872, 8276
148341704021732, 148341704029704, 7972
148341737455984, 148341737464060, 8076
148341742815092, 148341742823240, 8148
148341762162228, 148341762169812, 7584
148341764482164, 148341764489852, 7688
148341809857296, 148341809865256, 7960
148341866671728, 148341866679736, 8008
148341872013008, 148341872021172, 8164
148341902732244, 148341902740612, 8368
148342062772972, 148342062781504, 8532
148342078752636, 148342078759936, 7300
148342238749712, 148342238758452, 8740
148342272213928, 148342272222060, 8132
148342291545704, 148342291554528, 8824
148342296890480, 148342296898140, 7660
148342327608776, 148342327616684, 7908
148342372958028, 148342372966044, 8016
148342383624896, 148342383633480, 8584
148342452037372, 148342452045904, 8532
148342526097548, 148342526105640, 8092
148342531438920, 148342531446548, 7628
148342557367460, 148342557374796, 7336
148342562705964, 148342562714080, 8116
148342565284780, 148342565291396, 6616
148342570612816, 148342570619672, 6856
148342644699800, 148342644707000, 7200
148342671168360, 148342671176640, 8280
148342733585140, 148342733593088, 7948
148342764297056, 148342764305348, 8292
148342774970672, 148342774978864, 8192
148342794302328, 148342794309756, 7428
148342799657256, 148342799665048, 7792
148342804591308, 148342804598052, 6744
148342809917436, 148342809925344, 7908
148342946497004, 148342946505368, 8364
148342951825900, 148342951833716, 7816
148343014275216, 148343014283416, 8200
148343019610264, 148343019618076, 7812
148343049693820, 148343049701604, 7784
148343052028308, 148343052036456, 8148
148343057354860, 148343057361816, 6956
148343119815240, 148343119822316, 7076
148343122135972, 148343122143556, 7584
148343148053084, 148343148061276, 8192
148343179321300, 148343179330312, 9012
148343187457944, 148343187465256, 7312
148343189775760, 148343189782344, 6584
148343204715008, 148343204723596, 8588
148343249980420, 148343249991400, 10980
148343319126840, 148343319137124, 10284
148343364662220, 148343364672640, 10420
148343370044532, 148343370053056, 8524
148343511220568, 148343511230816, 10248
148343534335468, 148343534345804, 10336
148343536698380, 148343536706788, 8408
148343599180952, 148343599190864, 9912
148343609840580, 148343609848852, 8272
148343630173104, 148343630181908, 8804
148343676129216, 148343676138400, 9184
148343706282932, 148343706292380, 9448
148343873586968, 148343873597572, 10604
148343875915540, 148343875922892, 7352
148343907251352, 148343907260284, 8932
148343981694452, 148343981704284, 9832
148344049843148, 148344049852396, 9248
148344112517900, 148344112526536, 8636
148344134394360, 148344134403416, 9056
148344180345960, 148344180354392, 8432
148344210522216, 148344210532368, 10152
148344370549920, 148344370558588, 8668
148344401342748, 148344401352468, 9720
148344423789516, 148344423799040, 9524
148344426130240, 148344426138412, 8172
148344449291028, 148344449300084, 9056
148344468693320, 148344468702840, 9520
148344471048432, 148344471057512, 9080
148344545398096, 148344545407428, 9332
148344608077076, 148344608086312, 9236
148344631247348, 148344631262508, 15160
148344791840888, 148344791848928, 8040
148344822002708, 148344822012636, 9928
148344867597184, 148344867607012, 9828
148345028104224, 148345028113560, 9336
148345090807012, 148345090816156, 9144
148345113962848, 148345113972508, 9660
148345274436104, 148345274445240, 9136
148345297517396, 148345297526260, 8864
148345365534264, 148345365542676, 8412
148345387334196, 148345387343992, 9796
148345455994672, 148345456004308, 9636
148345481948516, 148345481957992, 9476
148345556908072, 148345556917036, 8964
148345582851540, 148345582860724, 9184
148345585173480, 148345585181112, 7632
148345630636488, 148345630646124, 9636
148345688067860, 148345688077140, 9280
148345756203588, 148345756213188, 9600
148345801614208, 148345801622628, 8420
148345831827796, 148345831837336, 9540
148345899957816, 148345899967132, 9316
148345975371976, 148345975381224, 9248
148345977693536, 148345977701664, 8128
148346008417896, 148346008426948, 9052
148346070949016, 148346070958096, 9080
148346116333244, 148346116341424, 8180
148346147073144, 148346147081916, 8772
148346166958076, 148346166966292, 8216
148346234958388, 148346234966312, 7924
148346265079896, 148346265087448, 7552
148346295779700, 148346295787788, 8088
148346576657528, 148346576666252, 8724
148346578978376, 148346578986168, 7792
148346609696228, 148346609704040, 7812
148346684365776, 148346684374720, 8944
148346717820444, 148346717828536, 8092
148346720141536, 148346720149380, 7844
148346782577704, 148346782584852, 7148
148346856814512, 148346856822520, 8008
148346886930896, 148346886938772, 7876
148346918198300, 148346918206452, 8152
148346986146468, 148346986155400, 8932
148347060907540, 148347060916228, 8688
148347066249816, 148347066257760, 7944
148347226277804, 148347226286480, 8676
148347236937744, 148347236944664, 6920
148347396722344, 148347396731260, 8916
148347399583488, 148347399590248, 6760
148347559056968, 148347559066036, 9068
148347580872280, 148347580880532, 8252
148347614316444, 148347614324352, 7908
148347640243368, 148347640251784, 8416
148347714916640, 148347714925204, 8564
148347717244220, 148347717252552, 8332
148347722592700, 148347722600988, 8288
148347730240116, 148347730247108, 6992
148347735563496, 148347735571544, 8048
148347803563920, 148347803572196, 8276
148347829505280, 148347829512224, 6944
148347898061788, 148347898069980, 8192
148347909726272, 148347909735116, 8844
148347915051160, 148347915057932, 6772
148347940948308, 148347940955984, 7676
148347946278700, 148347946286628, 7928
148348037942260, 148348037950332, 8072
148348043274188, 148348043281396, 7208
148348111410968, 148348111420512, 9544
148348224844092, 148348224854340, 10248
148348262165864, 148348262174032, 8168
148348319054104, 148348319062104, 8000
148348324382436, 148348324390196, 7760
148348446302172, 148348446313028, 10856
148348513325660, 148348513335968, 10308
148348518692888, 148348518701352, 8464
148348541783856, 148348541792948, 9092
148348609972324, 148348609982640, 10316
148348655939412, 148348655948288, 8876
148348678984332, 148348678992656, 8324
148348684334120, 148348684341636, 7516
148348685470396, 148348685477124, 6728
148348730837992, 148348730846632, 8640
148348763246172, 148348763255796, 9624
148348796817360, 148348796828604, 11244
148348818825148, 148348818833856, 8708
148348849569808, 148348849577352, 7544
148348872616180, 148348872625112, 8932
148348906625312, 148348906632704, 7392
148348980761660, 148348980769940, 8280
148349037648952, 148349037658376, 9424
148349178813088, 148349178824200, 11112
148349790268384, 148349790278940, 10556
148351907652044, 148351907661504, 9460
148351982084228, 148351982093328, 9100
148352005179636, 148352005188312, 8676
148352010581896, 148352010592548, 10652
148352194793648, 148352194802824, 9176
148352240163104, 148352240171736, 8632
148352245521356, 148352245529800, 8444
148352247855136, 148352247862808, 7672
148352269692936, 148352269701484, 8548
148352292739536, 148352292748048, 8512
148352318679836, 148352318688624, 8788
148352404641132, 148352404650736, 9604
148332520664528, 148332520677740, 13212
148332587752156, 148332587762176, 10020
148332633291828, 148332633301388, 9560
148332656386880, 148332656396112, 9232
148332664108148, 148332664117840, 9692
148332710192924, 148332710202096, 9172
148332732110080, 148332732119052, 8972
148332789127704, 148332789136728, 9024
148332949453952, 148332949463128, 9176
148333006282736, 148333006291420, 8684
148333008606760, 148333008613972, 7212
148333488750036, 148333488759444, 9408
148333551253580, 148333551265828, 12248
148333663245440, 148333663256488, 11048
148333694040092, 148333694049288, 9196
148333762262124, 148333762271760, 9636
148333778293464, 148333778302540, 9076
148333790818984, 148333790829192, 10208
148333796158744, 148333796166628, 7884
148333798482288, 148333798490120, 7832
148333804808264, 148333804817928, 9664
148333810758484, 148333810766940, 8456
148333816102836, 148333816110488, 7652
148333838032316, 148333838042416, 10100
148333843371800, 148333843378740, 6940
148333850645288, 148333850655084, 9796
148333855991556, 148333855999860, 8304
148333858315628, 148333858322504, 6876
148333877205140, 148333877214456, 9316
148333952127164, 148333952137248, 10084
148333957486160, 148333957494052, 7892
148333987704216, 148333987712708, 8492
148334050385304, 148334050394556, 9252
148334073436236, 148334073444504, 8268
148334075766176, 148334075774392, 8216
148334081104640, 148334081112092, 7452
148334107039564, 148334107046816, 7252
148334117702236, 148334117709832, 7596
148334148444944, 148334148452392, 7448
148334150770924, 148334150778896, 7972
148334156120904, 148334156129060, 8156
148334213479652, 148334213488688, 9036
148334243635412, 148334243643224, 7812
148334265475100, 148334265482820, 7720
148334296180184, 148334296187852, 7668
148334364206400, 148334364214968, 8568
148334374871100, 148334374879260, 8160
148334449652704, 148334449661808, 9104
148334471515740, 148334471524928, 9188
148334505012920, 148334505023552, 10632
148334579208556, 148334579217272, 8716
148334581532212, 148334581540472, 8260
148334586872508, 148334586879844, 7336
148334588521392, 148334588528168, 6776
148334593829976, 148334593836584, 6608
148334611478908, 148334611486456, 7548
148334633273720, 148334633283156, 9436
148334648332248, 148334648340776, 8528
148334653665232, 148334653671824, 6592
148334707271608, 148334707280300, 8692
148334879706688, 148334879718756, 12068
148334917090964, 148334917099912, 8948
148334992555364, 148334992564492, 9128
148335158855956, 148335158866404, 10448
148335196759212, 148335196768628, 9416
148335222751068, 148335222760444, 9376
148335242772104, 148335242785312, 13208
148335299677928, 148335299686948, 9020
148335359536680, 148335359545996, 9316
148335381491384, 148335381499912, 8528
148335412308940, 148335412318352, 9412
148335458328776, 148335458338548, 9772
148335521111196, 148335521119828, 8632
148335661897916, 148335661907460, 9544
148335793354352, 148335793363840, 9488
148335838909548, 148335838918748, 9200
148335931360052, 148335931369032, 8980
148335962177248, 148335962186772, 9524
148335995706800, 148335995716440, 9640
148336063938616, 148336063948676, 10060
148336097476816, 148336097486600, 9784
148336160094792, 148336160104316, 9524
148336186611728, 148336186620904, 9176
148336346483036, 148336346492440, 9404
148336376646244, 148336376655736, 9492
148336434117700, 148336434127616, 9916
148336618036008, 148336618045212, 9204
148336692866328, 148336692875984, 9656
148336715957048, 148336715966812, 9764
148336746765988, 148336746775880, 9892
148336821069060, 148336821079168, 10108
148336844246600, 148336844255988, 9388
148336985343564, 148336985353076, 9512
148337015512976, 148337015522648, 9672
148337017871348, 148337017880684, 9336
148337158328388, 148337158337952, 9564
148337160652248, 148337160659996, 7748
148337180584592, 148337180594192, 9600
148337255551740, 148337255561296, 9556
148337289065852, 148337289075444, 9592
148337291396184, 148337291403984, 7800
148337313228368, 148337313235888, 7520
148337315548356, 148337315556556, 8200
148337428252416, 148337428263788, 11372
148337461799228, 148337461808516, 9288
148337492009728, 148337492018476, 8748
148337566970924, 148337566979676, 8752
148337588867104, 148337588876240, 9136
148337749218024, 148337749227416, 9392
148337782711584, 148337782720396, 8812
148337845316756, 148337845325656, 8900
148337919590508, 148337919599340, 8832
148337995106448, 148337995115936, 9488
148338040520192, 148338040528036, 7844
148338045853420, 148338045861128, 7708
148338071824180, 148338071833876, 9696
148338077173848, 148338077182152, 8304
148338107307496, 148338107315936, 8440
148338182757440, 148338182766244, 8804
148338185083500, 148338185091656, 8156
148338215807572, 148338215815360, 7788
148338237637128, 148338237645312, 8184
148338271115504, 148338271123920, 8416
148338294199704, 148338294207148, 7444
148338327691764, 148338327699580, 7816
148338343690968, 148338343698068, 7100
148338374421216, 148338374429508, 8292
148338534460260, 148338534468684, 8424
148338564592792, 148338564600524, 7732
148338638597052, 148338638607420, 10368
148340738641232, 148340738652504, 11272
148341433444204, 148341433454156, 9952
148341466894000, 148341466902368, 8368
148341607243380, 148341607252304, 8924
148341617916076, 148341617923136, 7060
148342321056724, 148342321066148, 9424
148342383528764, 148342383537824, 9060
148342406586612, 148342406594536, 7924
148342426685560, 148342426694680, 9120
148342586186460, 148342586195140, 8680
148342591529048, 148342591537036, 7988
148342659504668, 148342659512680, 8012
148342670706508, 148342670714568, 8060
148342692523872, 148342692532108, 8236
148342725979368, 148342725987384, 8016
148342731326412, 148342731334436, 8024
148342822047744, 148342822056080, 8336
148342852249996, 148342852258060, 8064
148342909570084, 148342909577280, 7196
148343000312432, 148343000320356, 7924
148343026159916, 148343026168268, 8352
148343031474212, 148343031481412, 7200
148343053232696, 148343053240484, 7788
148343076289688, 148343076298016, 8328
148343081611032, 148343081618940, 7908
148343083757960, 148343083764616, 6656
148343089085732, 148343089093312, 7580
148343134455216, 148343134462484, 7268
148343150453972, 148343150462112, 8140
148343163531064, 148343163538144, 7080
148343168859972, 148343168866672, 6700
148343230583024, 148343230592396, 9372
148343235963556, 148343235973832, 10276
148343266092852, 148343266100288, 7436
148343296807064, 148343296815092, 8028
148343408961852, 148343408972620, 10768
148343439103416, 148343439111452, 8036
148343442724716, 148343442731456, 6740
148343472909544, 148343472918356, 8812
148343632498496, 148343632507596, 9100
148343642929008, 148343642936848, 7840
148343666530420, 148343666539656, 9236
148343692485064, 148343692494308, 9244
148343861559860, 148343861570544, 10684
148343863897960, 148343863905904, 7944
148343885802792, 148343885811072, 8280
148343949064600, 148343949074120, 9520
148344024200860, 148344024210188, 9328
148344026527132, 148344026535044, 7912
148344057353308, 148344057362776, 9468
148344102846152, 148344102855520, 9368
148344133071252, 148344133079876, 8624
148344274336084, 148344274346004, 9920
148344276675572, 148344276683708, 8136
148344344911708, 148344344921656, 9948
148344347250024, 148344347257844, 7820
148344373239996, 148344373248188, 8192
148344448880340, 148344448889568, 9228
148344608900248, 148344608908276, 8028
148344684582156, 148344684590884, 8728
148344706498020, 148344706507216, 9196
148344732470412, 148344732478320, 7908
148344795190184, 148344795198348, 8164
148344870334764, 148344870343716, 8952
148344933547668, 148344933555888, 8220
148344956708100, 148344956717540, 9440
148344987590672, 148344987600160, 9488
148344989917888, 148344989925824, 7936
148345011826500, 148345011836324, 9824
148345014171060, 148345014179336, 8276
148345082473236, 148345082482784, 9548
148345112717988, 148345112727860, 9872
148345143556432, 148345143565948, 9516
148345191961904, 148345191969952, 8048
148345254679320, 148345254687732, 8412
148345329654864, 148345329664280, 9416
148345489919200, 148345489928104, 8904
148345492250356, 148345492258368, 8012
148345537667696, 148345537677216, 9520
148345557051284, 148345557060488, 9204
148345587241808, 148345587251504, 9696
148345610324192, 148345610333964, 9772
148345751395288, 148345751404520, 9232
148345911689712, 148345911698616, 8904
148345937579548, 148345937589040, 9492
148346097167696, 148346097176932, 9236
148346120216256, 148346120224320, 8064
148346150346056, 148346150354184, 8128
148346196253376, 148346196261904, 8528
148346229716652, 148346229723844, 7192
148346252776108, 148346252784352, 8244
148346255101948, 148346255110068, 8120
148346329906264, 148346329914316, 8052
148346489994776, 148346490003524, 8748
148346581752692, 148346581760664, 7972
148346627100196, 148346627107892, 7696
148346702479792, 148346702487904, 8112
148346770501920, 148346770509924, 8004
148346796424732, 148346796433192, 8460
148346798759888, 148346798766896, 7008
148346873681596, 148346873689448, 7852
148346931038712, 148346931047228, 8516
148346954070004, 148346954077468, 7464
148346979958280, 148346979967152, 8872
148347001222640, 148347001230232, 7592
148347057911620, 148347057919812, 8192
148347132109112, 148347132117192, 8080
148347207491232, 148347207499360, 8128
148347229321656, 148347229329976, 8320
148347413707120, 148347413715492, 8372
148347419044008, 148347419050804, 6796
148347510774608, 148347510782820, 8212
148347573243680, 148347573251848, 8168
148347578584856, 148347578593044, 8188
148347609318808, 148347609326936, 8128
148347639462632, 148347639470864, 8232
148347644808348, 148347644815952, 7604
148347650471696, 148347650478576, 6880
148347655798716, 148347655805640, 6924
148347707508868, 148347707516196, 7328
148347738240448, 148347738248028, 7580
148347800690092, 148347800697656, 7564
148347830821188, 148347830828864, 7676
148347876185240, 148347876192384, 7144
148347939201900, 148347939210212, 8312
148347972552468, 148347972560868, 8400
148347977893124, 148347977901112, 7988
148347999659172, 148347999667560, 8388
148348040694264, 148348040704368, 10104
148348074195024, 148348074204076, 9052
148348076523260, 148348076531252, 7992
148348081915912, 148348081925880, 9968
148348089200104, 148348089207356, 7252
148348094530516, 148348094537248, 6732
148348101164016, 148348101173588, 9572
148348109141196, 148348109149812, 8616
148348114466504, 148348114473352, 6848
148348158042836, 148348158052708, 9872
148348184005792, 148348184015212, 9420
148348252146368, 148348252156104, 9736
148348278101572, 148348278109480, 7908
148348631646752, 148348631657104, 10352
148348640910384, 148348640918592, 8208
148348643591180, 148348643597824, 6644
148348646455380, 148348646461984, 6604
148348711880436, 148348711888956, 8520
148348717210904, 148348717218968, 8064
148348807141272, 148348807152056, 10784
148348809469572, 148348809476620, 7048
148348839770176, 148348839778056, 7880
148348865718676, 148348865726716, 8040
148349006672124, 148349006680956, 8832
148349082326128, 148349082330744, 4616
148349103664256, 148349103673772, 9516
148349106228624, 148349106235820, 7196
148349111558944, 148349111566984, 8040
148349303787512, 148349303797924, 10412
148349345663208, 148349345673752, 10544
148349439294400, 148349439304816, 10416
148349443935736, 148349443943608, 7872
148349467015564, 148349467025096, 9532
148349570904208, 148349570914844, 10636
148349622905568, 148349622915032, 9464
148349668958088, 148349668967348, 9260
148349828943152, 148349828951756, 8604
148349854938720, 148349854948364, 9644
148349900950504, 148349900959468, 8964
148349911651044, 148349911660004, 8960
148349945157848, 148349945167956, 10108
148349971152432, 148349971161880, 9448
148350033907408, 148350033916756, 9348
148350059888640, 148350059897500, 8860
148350090663352, 148350090673116, 9764
148350136101088, 148350136110820, 9732
148350210888900, 148350210898040, 9140
148350233983588, 148350233991412, 7824
148350253354912, 148350253362812, 7900
148350320097140, 148350320104308, 7168
148350454479076, 148350454489464, 10388
148350459115152, 148350459122992, 7840
148350533299220, 148350533307312, 8092
148350566769008, 148350566777208, 8200
148350612132732, 148350612140292, 7560
148350669502836, 148350669511592, 8756
148350690846992, 148350690854912, 7920
148350710211388, 148350710219320, 7932
148350736158504, 148350736166132, 7628
148350869102272, 148350869112336, 10064
148350896301464, 148350896309732, 8268
148350901000240, 148350901007172, 6932
148350906325864, 148350906332424, 6560
148350921001992, 148350921010168, 8176
148350995157832, 148350995165724, 7892
148351057697992, 148351057706756, 8764
148351083672260, 148351083681228, 8968
148351503286320, 148351503297196, 10876
148351526365904, 148351526374296, 8392
148351528693488, 148351528700904, 7416
148351548061120, 148351548068796, 7676
148351569905908, 148351569913684, 7776
148351706420480, 148351706429408, 8928
148351763246328, 148351763254032, 7704
148351886189476, 148351886199564, 10088
148352023240032, 148352023250016, 9984
148352028626116, 148352028635276, 9160
148352050495456, 148352050505904, 10448
148352055843904, 148352055851672, 7768
148352057644884, 148352057651584, 6700
148352062974624, 148352062981244, 6620
148352106663272, 148352106673132, 9860
148352108997412, 148352109005328, 7916
148352172087204, 148352172096340, 9136
148352174412720, 148352174419924, 7204
148352231236800, 148352231245040, 8240
148352261948636, 148352261956136, 7500
148352324422056, 148352324430276, 8220
148352343777540, 148352343785632, 8092
148352365633024, 148352365641640, 8616
148330281674960, 148330281685808, 10848
148330281732316, 148330281739228, 6912
148330281807864, 148330281814796, 6932
148330281832116, 148330281838840, 6724
148330281865440, 148330281872688, 7248
148330281890696, 148330281897664, 6968
148330281938088, 148330281944988, 6900
148330281983996, 148330281991184, 7188
148330282026332, 148330282033228, 6896
148330282059712, 148330282066620, 6908
148330282084816, 148330282091604, 6788
148330282118632, 148330282125264, 6632
148330282144532, 148330282150908, 6376
148330282176192, 148330282183144, 6952
148330282220132, 148330282227696, 7564
148330282277232, 148330282284364, 7132
148330282302260, 148330282308920, 6660
148330282335204, 148330282342356, 7152
148332275465736, 148332275482048, 16312
148332275500632, 148332275509100, 8468
148332275524368, 148332275531488, 7120
148332275543828, 148332275551080, 7252
148332275563940, 148332275571068, 7128
148332275583860, 148332275590856, 6996
148332275603352, 148332275610400, 7048
148332275622700, 148332275629612, 6912
148332275641936, 148332275648832, 6896
148332275661920, 148332275668952, 7032
148332275681276, 148332275688092, 6816
148332295380776, 148332295393956, 13180
148332315236948, 148332315242148, 5200
148332335366916, 148332335371700, 4784
148332355143012, 148332355148248, 5236
148332375023712, 148332375028852, 5140
148332395066320, 148332395071428, 5108
148332402928288, 148332402939852, 11564
148332430874900, 148332430886348, 11448
148332477134020, 148332477144248, 10228
148332508044480, 148332508054356, 9876
148332508562204, 148332508570584, 8380
148332554199588, 148332554210224, 10636
148332611259720, 148332611269756, 10036
148332771949712, 148332771958788, 9076
148332846900412, 148332846910676, 10264
148332892438860, 148332892448452, 9592
148332984678936, 148332984686828, 7892
148333059519416, 148333059527564, 8148
148333085448272, 148333085456368, 8096
148333147910456, 148333147918876, 8420
148333266456476, 148333266466812, 10336
148333326728328, 148333326737260, 8932
148333401004716, 148333401014388, 9672
148333431201032, 148333431211224, 10192
148333434085864, 148333434093808, 7944
148333490927880, 148333490936536, 8656
148333495676136, 148333495683168, 7032
148333497997312, 148333498003972, 6660
148333653231668, 148333653241532, 9864
148333655570896, 148333655578780, 7884
148333796910264, 148333796918924, 8660
148333859695912, 148333859704984, 9072
148333889970380, 148333889979036, 8656
148333965679368, 148333965688012, 8644
148333987562176, 148333987571824, 9648
148334006976552, 148334006985992, 9440
148334009299448, 148334009306600, 7152
148334083576196, 148334083586028, 9832
148334113730820, 148334113738908, 8088
148334135575080, 148334135583708, 8628
148334140919932, 148334140927748, 7816
148334160281960, 148334160290648, 8688
148334228877544, 148334228886056, 8512
148334231204556, 148334231212344, 7788
148334236548612, 148334236556080, 7468
148334259632680, 148334259641072, 8392
148334322130968, 148334322139180, 8212
148334343483952, 148334343492372, 8420
148334503548520, 148334503557980, 9460
148334505884656, 148334505892072, 7416
148334665414268, 148334665423660, 9392
148334699462280, 148334699471256, 8976
148334704842352, 148334704851952, 9600
148334765656668, 148334765665172, 8504
148334879734260, 148334879745788, 11528
148334905718192, 148334905726880, 8688
148334980452532, 148334980461600, 9068
148335002253900, 148335002261780, 7880
148335283772408, 148335283781008, 8600
148335306876288, 148335306885432, 9144
148335312209480, 148335312217144, 7664
148335453479548, 148335453489696, 10148
148335476600196, 148335476610028, 9832
148335522124704, 148335522133960, 9256
148335548174948, 148335548185180, 10232
148335593662292, 148335593671504, 9212
148335686240844, 148335686248944, 8100
148335826858276, 148335826867696, 9420
148335860401208, 148335860410620, 9412
148335905890252, 148335905899720, 9468
148335932430860, 148335932440580, 9720
148335955532764, 148335955542804, 10040
148336001009124, 148336001018564, 9440
148336160838264, 148336160847044, 8780
148336194865340, 148336194875120, 9780
148336214246232, 148336214255340, 9108
148336282392656, 148336282402268, 9612
148336327342780, 148336327351936, 9156
148336372792440, 148336372801892, 9452
148336406324988, 148336406334316, 9328
148336429932292, 148336429941028, 8736
148336451805124, 148336451813680, 8556
148336477781288, 148336477790428, 9140
148336511310248, 148336511320356, 10108
148336513642768, 148336513650416, 7648
148336576219524, 148336576229376, 9852
148336599362224, 148336599371320, 9096
148336601686836, 148336601694684, 7848
148336921872076, 148336921881160, 9084
148336996680100, 148336996689812, 9712
148337088599180, 148337088608676, 9496
148337162831572, 148337162840440, 8868
148337303871252, 148337303881100, 9848
148337434226488, 148337434238000, 11512
148337526112212, 148337526121368, 9156
148337549217120, 148337549226868, 9748
148337690365468, 148337690375548, 10080
148337713488272, 148337713497668, 9396
148337788461904, 148337788471268, 9364
148337948799884, 148337948809008, 9124
148338230186224, 148338230195848, 9624
148338366239992, 148338366249136, 9144
148338371592296, 148338371600476, 8180
148338428948644, 148338428957008, 8364
148338496362760, 148338496371012, 8252
148338515724944, 148338515733396, 8452
148338526387032, 148338526394996, 7964
148338528713900, 148338528722040, 8140
148338596714964, 148338596723624, 8660
148338599047720, 148338599055896, 8176
148338604363128, 148338604371324, 8196
148338637814900, 148338637824680, 9780
148338706409096, 148338706419520, 10424
148338739962508, 148338739971976, 9468
148338742288644, 148338742296952, 8308
148338746404120, 148338746412164, 8044
148338814606160, 148338814615052, 8892
148340636940508, 148340636951652, 11144
148346252059260, 148346252068268, 9008
148346277994736, 148346278003208, 8472
148346352100312, 148346352109352, 9040
148346371441320, 148346371449892, 8572
148346394510528, 148346394518652, 8124
148346463172172, 148346463181116, 8944
148346465494744, 148346465501496, 6752
148346491434932, 148346491441924, 6992
148346559473984, 148346559481068, 7084
148346585409696, 148346585418200, 8504
148346677737540, 148346677746076, 8536
148346723121176, 148346723129508, 8332
148346742479788, 148346742486604, 6816
148346787863968, 148346787872476, 8508
148346809699088, 148346809707460, 8372
148346832862956, 148346832871764, 8808
148346843521612, 148346843529308, 7696
148346845846040, 148346845853812, 7772
148346908898048, 148346908905896, 7848
148347752945392, 148347752954776, 9384
148347758295288, 148347758302664, 7376
148347781354128, 148347781361616, 7488
148347786700360, 148347786707956, 7596
148347790068196, 148347790075632, 7436
148347795398676, 148347795405156, 6480
148347848915596, 148347848924112, 8516
148347859593424, 148347859602216, 8792
148347861938792, 148347861946896, 8104
148347869836120, 148347869843796, 7676
148347875166052, 148347875173836, 7784
148347897005820, 148347897014048, 8228
148347916975060, 148347916984128, 9068
148347947056720, 148347947065096, 8376
148348113147244, 148348113157864, 10620
148348174036216, 148348174044236, 8020
148348265882516, 148348265891860, 9344
148348299344028, 148348299352352, 8324
148348348494832, 148348348506456, 11624
148348444204772, 148348444215648, 10876
148348504579084, 148348504588792, 9708
148348561498400, 148348561507260, 8860
148348595059936, 148348595069688, 9752
148348625282120, 148348625292072, 9952
148348647694792, 148348647703376, 8584
148348653026904, 148348653035216, 8312
148348683765144, 148348683773392, 8248
148348811127736, 148348811138000, 10264
148349087611184, 148349087621480, 10296
148349121085120, 148349121093348, 8228
148350021612008, 148350021622296, 10288
148351181314784, 148351181324652, 9868
148351186664744, 148351186672788, 8044
148351218113064, 148351218122044, 8980
148351286209660, 148351286220532, 10872
148351316399580, 148351316409160, 9580
148351349908856, 148351349917496, 8640
148351355693444, 148351355701100, 7656
148351389741944, 148351389750576, 8632
148351399576444, 148351399581588, 5144
148351517234436, 148351517239032, 4596
148351554536244, 148351554545476, 9232
148351559093080, 148351559100664, 7584
148351564422820, 148351564429804, 6984
148351597914988, 148351597923828, 8840
148351628089444, 148351628099456, 10012
148351666781152, 148351666790736, 9584
148351700274728, 148351700284236, 9508
148351706667236, 148351706675460, 8224
148351736816580, 148351736825388, 8808
148351739155372, 148351739163212, 7840
148351900142592, 148351900154440, 11848
148351902474892, 148351902482792, 7900
148351924350056, 148351924358872, 8816
148352084281188, 148352084290604, 9416
148352110249864, 148352110258980, 9116
148352156255268, 148352156264180, 8912
148352175628916, 148352175637452, 8536
148352205763332, 148352205771952, 8620
148352211088140, 148352211095924, 7784
148352217183432, 148352217190444, 7012
148352222524592, 148352222531832, 7240
148352290598500, 148352290606684, 8184
