148332279271564, 148332279274376, 2812
148332347143220, 148332347148384, 5164
148332416880124, 148332416883884, 3760
148332478695580, 148332478698708, 3128
148332541551208, 148332541560972, 9764
148332609811272, 148332609822984, 11712
148332629222216, 148332629230668, 8452
148332692457524, 148332692466712, 9188
148332833226944, 148332833233788, 6844
148332852732684, 148332852741840, 9156
148332886230304, 148332886237548, 7244
148332960978628, 148332960984980, 6352
148332982819292, 148332982828544, 9252
148333012976200, 148333012984328, 8128
148333043741464, 148333043749656, 8192
148333049094484, 148333049099724, 5240
148333070941028, 148333070946220, 5192
148333076270188, 148333076275112, 4924
148333081619636, 148333081627616, 7980
148333083949088, 148333083955560, 6472
148333114104524, 148333114111372, 6848
148333119462604, 148333119470100, 7496
148333132725796, 148333132727128, 1332
148333138061472, 148333138067104, 5632
148333140384708, 148333140391552, 6844
148333186370344, 148333186378368, 8024
148333212356864, 148333212365920, 9056
148333257841976, 148333257851732, 9756
148333280300804, 148333280303016, 2212
148333282622156, 148333282628288, 6132
148333283261612, 148333283267720, 6108
148333286279620, 148333286280676, 1056
148333331652464, 148333331658684, 6220
148333351026700, 148333351033340, 6640
148333443506420, 148333443514536, 8116
148333488916580, 148333488923244, 6664
148333494271984, 148333494276664, 4680
148333499608260, 148333499614948, 6688
148333518972444, 148333518978184, 5740
148333549125656, 148333549133728, 8072
148333572217572, 148333572226252, 8680
148333639066640, 148333639076084, 9444
148333702400300, 148333702410028, 9728
148333724303140, 148333724312208, 9068
148333747431256, 148333747440196, 8940
148333773474244, 148333773481620, 7376
148333792911096, 148333792919372, 8276
148333811299704, 148333811308972, 9268
148333873690556, 148333873699416, 8860
148333879112536, 148333879120508, 7972
148333902290192, 148333902298568, 8376
148333907647140, 148333907653680, 6540
148333910469944, 148333910471304, 1360
148333915791488, 148333915796412, 4924
148333922435428, 148333922437276, 1848
148333991205516, 148333991214768, 9252
148333996560164, 148333996567720, 7556
148334137121268, 148334137128560, 7292
148334212526636, 148334212535488, 8852
148334346188680, 148334346193840, 5160
148334487230448, 148334487236592, 6144
148334627639140, 148334627646088, 6948
148334657778952, 148334657787836, 8884
148334733222224, 148334733228556, 6332
148334763378644, 148334763386588, 7944
148334768734204, 148334768738928, 4724
148334774068996, 148334774074548, 5552
148334797184576, 148334797194492, 9916
148334938735200, 148334938743288, 8088
148334941062696, 148334941070356, 7660
148334946411388, 148334946419076, 7688
148334947442100, 148334947443348, 1248
148334952766680, 148334952772448, 5768
148334975836572, 148334975843292, 6720
148335001764324, 148335001771784, 7460
148335047121516, 148335047128460, 6944
148335047154616, 148335047157368, 2752
148335052482756, 148335052488332, 5576
148335083300588, 148335083310304, 9716
148335113505244, 148335113511984, 6740
148336054274544, 148336054277380, 2836
148336056604672, 148336056610644, 5972
148336058919148, 148336058923288, 4140
148336061233888, 148336061237712, 3824
148336063543288, 148336063547000, 3712
148336065855360, 148336065859972, 4612
148336068168916, 148336068174728, 5812
148336070500264, 148336070503988, 3724
148336072815864, 148336072819932, 4068
148336075155592, 148336075162188, 6596
148336077479312, 148336077483580, 4268
148336079789752, 148336079794384, 4632
148336082103724, 148336082108440, 4716
148336084435904, 148336084440624, 4720
148336086752396, 148336086760244, 7848
148336154923360, 148336154933332, 9972
148336185645500, 148336185653248, 7748
148336231123180, 148336231132284, 9104
148336261343484, 148336261350696, 7212
148336306809496, 148336306818024, 8528
148336309143136, 148336309150164, 7028
148336384173260, 148336384179804, 6544
148336525333840, 148336525340716, 6876
148336593504176, 148336593513436, 9260
148336619516288, 148336619524020, 7732
148336641384856, 148336641392252, 7396
148336667368896, 148336667375788, 6892
148336736090504, 148336736099600, 9096
148336738440544, 148336738447992, 7448
148336771933472, 148336771942880, 9408
148336791323192, 148336791332424, 9232
148336836827520, 148336836836496, 8976
148336837959468, 148336837960644, 1176
148336871540228, 148336871547508, 7280
148336917051508, 148336917059092, 7584
148336939477492, 148336939486320, 8828
148337002105216, 148337002113372, 8156
148337070267080, 148337070275804, 8724
148337103801988, 148337103810748, 8760
148337196252460, 148337196259856, 7396
148337253267024, 148337253276572, 9548
148337298702364, 148337298710864, 8500
148337330523980, 148337330528424, 4444
148337376214508, 148337376228684, 14176
148337439521104, 148337439534376, 13272
148337484994676, 148337485007720, 13044
148337541955420, 148337541967612, 12192
148337610096996, 148337610109680, 12684
148337629478380, 148337629492472, 14092
148337698215196, 148337698227652, 12456
148337743688748, 148337743701964, 13216
148337774507772, 148337774519520, 11748
148337842703860, 148337842715396, 11536
148337862104600, 148337862117620, 13020
148337885214316, 148337885226500, 12184
148337942692336, 148337942704088, 11752
148338005306848, 148338005318484, 11636
148338010700036, 148338010715072, 15036
148338102589224, 148338102596388, 7164
148338107923172, 148338107932028, 8856
148338129783180, 148338129790208, 7028
148338135133608, 148338135141308, 7700
148338181094684, 148338181101832, 7148
148338255307588, 148338255314428, 6840
148338281265612, 148338281273220, 7608
148338286618968, 148338286626704, 7736
148338332071156, 148338332078188, 7032
148338334395456, 148338334403724, 8268
148338356245632, 148338356252620, 6988
148338382210496, 148338382216188, 5692
148338384534500, 148338384541296, 6796
148338389897472, 148338389904240, 6768
148338412973152, 148338412980384, 7232
148338435286520, 148338435296880, 10360
148338440618036, 148338440622808, 4772
148338445934096, 148338445940132, 6036
148338449313364, 148338449314588, 1224
148338451624364, 148338451629448, 5084
148338478315700, 148338478322172, 6472
148338483645324, 148338483651932, 6608
148338497128492, 148338497130640, 2148
148338542552396, 148338542559752, 7356
148338547904132, 148338547911100, 6968
148338708325404, 148338708331580, 6176
148338868315012, 148338868323336, 8324
148338937106900, 148338937116232, 9332
148338959028360, 148338959037256, 8896
148338961360368, 148338961367704, 7336
148338992248080, 148338992255648, 7568
148339060560148, 148339060569324, 9176
148339123355396, 148339123365220, 9824
148339156982148, 148339156990516, 8368
148339317698944, 148339317706232, 7288
148339320022320, 148339320029592, 7272
148339350900412, 148339350909224, 8812
148339374050396, 148339374058280, 7884
148339534675884, 148339534682652, 6768
148339609149596, 148339609157364, 7768
148339628611684, 148339628621796, 10112
148339697441616, 148339697447760, 6144
148339772133036, 148339772140608, 7572
148339794059104, 148339794068548, 9444
148339827630576, 148339827638924, 8348
148339847044164, 148339847052440, 8276
148339849447616, 148339849456336, 8720
148339894962768, 148339894972048, 9280
148339918662460, 148339918669344, 6884
148339981352924, 148339981359204, 6280
148340026900720, 148340026906356, 5636
148340072565072, 148340072571764, 6692
148340095729716, 148340095736152, 6436
148340117658284, 148340117665556, 7272
148340143700344, 148340143707344, 7000
148340146035420, 148340146040076, 4656
148340192263904, 148340192270120, 6216
148340194602068, 148340194606764, 4696
148340216469248, 148340216475584, 6336
148340242419352, 148340242425136, 5784
148340265540800, 148340265547140, 6340
148340267873332, 148340267878972, 5640
148340428737784, 148340428744688, 6904
148340451961508, 148340451968308, 6800
148340477977880, 148340477984228, 6348
148340535069128, 148340535076328, 7200
148340597997212, 148340598003024, 5812
148340628915952, 148340628923844, 7892
148340631259260, 148340631263932, 4672
148340657286052, 148340657293608, 7556
148340732148976, 148340732155932, 6956
148340794770488, 148340794778160, 7672
148340797097848, 148340797103116, 5268
148340827905860, 148340827912764, 6904
148340830236784, 148340830243048, 6264
148340898398764, 148340898405796, 7032
148341039337020, 148341039343456, 6436
148341101853036, 148341101859964, 6928
148341135313384, 148341135319604, 6220
148341166599796, 148341166605828, 6032
148341241506808, 148341241513276, 6468
148341309561588, 148341309568016, 6428
148341311885216, 148341311891604, 6388
148341345341584, 148341345347808, 6224
148341390711736, 148341390718156, 6420
148341409988860, 148341409994056, 5196
148341485278000, 148341485284532, 6532
148341553323916, 148341553330556, 6640
148341558671964, 148341558677476, 5512
148341578008136, 148341578013352, 5216
148341652894536, 148341652901196, 6660
148341658237912, 148341658242864, 4952
148341721271848, 148341721278548, 6700
148341726634336, 148341726639620, 5284
148341757364416, 148341757370256, 5840
148341832250276, 148341832256396, 6120
148341837591556, 148341837596380, 4824
148341842907624, 148341842913376, 5752
148341848254152, 148341848259672, 5520
148341874190796, 148341874197500, 6704
148341879535156, 148341879540400, 5244
148341913563304, 148341913570220, 6916
148341976058108, 148341976064548, 6440
148341999126580, 148341999131648, 5068
148342067161100, 148342067166896, 5796
148342069482244, 148342069487268, 5024
148342137522252, 148342137529104, 6852
148342142872360, 148342142879028, 6668
148342173569052, 148342173575668, 6616
148342236072388, 148342236079276, 6888
148342241419656, 148342241426656, 7000
148342263264188, 148342263270816, 6628
148342423409856, 148342423416252, 6396
148342453532000, 148342453538368, 6368
148342472881296, 148342472887128, 5832
148342503621068, 148342503627604, 6536
148342505957188, 148342505965144, 7956
148342511289296, 148342511297664, 8368
148342544768564, 148342544774264, 5700
148342607216056, 148342607222288, 6232
148342612530360, 148342612538004, 7644
148342772530544, 148342772537108, 6564
148342774873616, 148342774880940, 7324
148342935070120, 148342935076176, 6056
148342958147300, 148342958155492, 8192
148342977494964, 148342977503020, 8056
148342979820500, 148342979826360, 5860
148342985179956, 148342985184156, 4200
148342990514240, 148342990521624, 7384
148343021235316, 148343021243760, 8444
148343095410612, 148343095416072, 5460
148343114773116, 148343114779984, 6868
148343183388780, 148343183396512, 7732
148343240353272, 148343240361644, 8372
148343408953992, 148343408957704, 3712
148343434899992, 148343434907000, 7008
148343465668944, 148343465677296, 8352
148343537093128, 148343537101592, 8464
148343556462420, 148343556470336, 7916
148343582411556, 148343582418488, 6932
148343713949704, 148343713952564, 2860
148343716276516, 148343716281824, 5308
148343718589140, 148343718595940, 6800
148343873497124, 148343873500092, 2968
148343903768388, 148343903775928, 7540
148343927450136, 148343927458580, 8444
148343929788480, 148343929794840, 6360
148343960055932, 148343960065136, 9204
148343981982496, 148343981991984, 9488
148344142087960, 148344142095052, 7092
148344144425312, 148344144432644, 7332
148344220058560, 148344220065524, 6964
148344277058972, 148344277066308, 7336
148344351450352, 148344351458144, 7792
148344381687708, 148344381695220, 7512
148344450467640, 148344450473604, 5964
148344480703520, 148344480710600, 7080
148344526229228, 148344526235100, 5872
148344548141256, 148344548148348, 7092
148344578987336, 148344578993156, 5820
148344609196648, 148344609202920, 6272
148344666816004, 148344666823544, 7540
148344741400620, 148344741407904, 7284
148344786910524, 148344786917972, 7448
148344855361516, 148344855367620, 6104
148344996900732, 148344996908076, 7344
148345053991144, 148345053998964, 7820
148345079976368, 148345079981476, 5108
148345221258288, 148345221263712, 5424
148345243169084, 148345243175236, 6152
148345383738928, 148345383746416, 7488
148345458650168, 148345458657932, 7764
148345481768552, 148345481775564, 7012
148345512579148, 148345512586444, 7296
148345534452728, 148345534459708, 6980
148345597029260, 148345597035400, 6140
148345671872080, 148345671879896, 7816
148345704395148, 148345704401860, 6712
148345749835216, 148345749840708, 5492
148345752204792, 148345752211928, 7136
148345771541124, 148345771547312, 6188
148345912694216, 148345912700444, 6228
148345934518560, 148345934526052, 7492
148345957564432, 148345957570264, 5832
148345976894068, 148345976899956, 5888
148346117341364, 148346117347204, 5840
148346258263840, 148346258270444, 6604
148346350007164, 148346350013960, 6796
148346380143748, 148346380149212, 5464
148346472635768, 148346472642620, 6852
148346547523676, 148346547529544, 5868
148346566881500, 148346566888268, 6768
148346600369616, 148346600376220, 6604
148346741336464, 148346741342384, 5920
148346772071336, 148346772078156, 6820
148346802217056, 148346802223352, 6296
148346847703200, 148346847709952, 6752
148346853062420, 148346853067796, 5376
148346886515268, 148346886520284, 5016
148346891874012, 148346891879672, 5660
148346897211912, 148346897217568, 5656
148347057108444, 148347057115400, 6956
148347083060684, 148347083066896, 6212
148347128458688, 148347128464932, 6244
148347133798624, 148347133804328, 5704
148347160309108, 148347160314684, 5576
148347205683044, 148347205688444, 5400
148347251088980, 148347251095860, 6880
148347281235180, 148347281242028, 6848
148347283575344, 148347283581360, 6016
148347288904740, 148347288913552, 8812
148347322352940, 148347322359192, 6252
148347379693688, 148347379700072, 6384
148347442718544, 148347442724728, 6184
148347472877784, 148347472884984, 7200
148347478228988, 148347478236976, 7988
148347501310780, 148347501317712, 6932
148347506642780, 148347506649284, 6504
148347580872436, 148347580881268, 8832
148347741019780, 148347741025396, 5616
148347901181716, 148347901186204, 4488
148348060679904, 148348060684908, 5004
148348221013688, 148348221020568, 6880
148348266396472, 148348266403272, 6800
148348285757900, 148348285765172, 7272
148348291119864, 148348291124304, 4440
148348296436072, 148348296443504, 7432
148348327200828, 148348327207444, 6616
148348402996764, 148348403005720, 8956
148348495113028, 148348495122328, 9300
148348500469480, 148348500477844, 8364
148348531268956, 148348531277752, 8796
148348686630572, 148348686636364, 5792
148348846825308, 148348846832464, 7156
148348892241484, 148348892249188, 7704
148348955321924, 148348955329844, 7920
148348960672100, 148348960680768, 8668
148348991418144, 148348991425104, 6960
148348996770980, 148348996779684, 8704
148349082327404, 148349082330868, 3464
148349112526512, 148349112535864, 9352
148349114853840, 148349114861076, 7236
148349137946092, 148349137954280, 8188
148349160416500, 148349160422500, 6000
148349162785628, 148349162796000, 10372
148349217948192, 148349217965464, 17272
148349307666060, 148349307668004, 1944
148349353157592, 148349353163104, 5512
148349399240588, 148349399246700, 6112
148349444816096, 148349444824444, 8348
148349519364684, 148349519373988, 9304
148349582120020, 148349582127752, 7732
148349584445680, 148349584454304, 8624
148349725876964, 148349725884000, 7036
148349751907092, 148349751915696, 8604
148349785480612, 148349785488644, 8032
148349790861064, 148349790870488, 9424
148349836360388, 148349836368300, 7912
148349866553428, 148349866561752, 8324
148349871920504, 148349871928056, 7552
148349947497912, 148349947504696, 6784
148350041552152, 148350041554848, 2696
148350043874552, 148350043885200, 10648
148350074057924, 148350074065428, 7504
148350136605536, 148350136612040, 6504
148350212042752, 148350212049868, 7116
148350352421140, 148350352427732, 6592
148350375530808, 148350375540688, 9880
148350406393780, 148350406403880, 10100
148350451954456, 148350451962560, 8104
148350482719296, 148350482726784, 7488
148350512871836, 148350512879428, 7592
148350673038396, 148350673044744, 6348
148350696114184, 148350696121124, 6940
148350726856588, 148350726864100, 7512
148350732207824, 148350732212800, 4976
148350737550240, 148350737557740, 7500
148350804941104, 148350804949892, 8788
148350826886400, 148350826895636, 9236
148350829241724, 148350829248832, 7108
148350855227056, 148350855235824, 8768
148350912620540, 148350912628264, 7724
148350924936780, 148350924938476, 1696
148350950819632, 148350950825928, 6296
148350953147404, 148350953154920, 7516
148350978265680, 148350978272364, 6684
148351110400036, 148351110401948, 1912
148351112723420, 148351112728364, 4944
148351115036588, 148351115044004, 7416
148351189760744, 148351189768704, 7960
148351192094736, 148351192101180, 6444
148351311815408, 148351311818168, 2760
148351317139436, 148351317144752, 5316
148351322473104, 148351322477544, 4440
148351327807100, 148351327810884, 3784
148351333139552, 148351333144208, 4656
148351338474316, 148351338478324, 4008
148351343804508, 148351343808240, 3732
148351349123864, 148351349130540, 6676
148351429500068, 148351429503104, 3036
148351451345768, 148351451356032, 10264
148351525794488, 148351525802252, 7764
148351571203064, 148351571208604, 5540
148351714648364, 148351714651068, 2704
148351719976644, 148351719982004, 5360
148351725321440, 148351725326288, 4848
148351730658808, 148351730663952, 5144
148351735992324, 148351735995972, 3648
148351741331668, 148351741336900, 5232
148351746664544, 148351746672160, 7616
148351751980840, 148351751988244, 7404
148351876211576, 148351876214764, 3188
148351881564860, 148351881571140, 6280
148351886900612, 148351886905828, 5216
148351892815664, 148351892819952, 4288
148351898209824, 148351898222196, 12372
148351903541300, 148351903546928, 5628
148351908887364, 148351908891972, 4608
148351914222948, 148351914230748, 7800
148351916591852, 148351916602292, 10440
148351918155000, 148351918156388, 1388
148351923487804, 148351923493624, 5820
148351997015260, 148351997026316, 11056
148352027220848, 148352027231136, 10288
148352084142364, 148352084149696, 7332
148352089472428, 148352089480120, 7692
148352097540224, 148352097542040, 1816
148352102875768, 148352102883756, 7988
148352171581316, 148352171587972, 6656
148352176923656, 148352176931476, 7820
148352177300112, 148352177301700, 1588
148352182622756, 148352182628220, 5464
148352208239944, 148352208247624, 7680
148352300075400, 148352300080456, 5056
148352479930672, 148352479934536, 3864
148328179251460, 148328179259276, 7816
148332303308084, 148332303310904, 2820
148332353070640, 148332353077724, 7084
148332504611384, 148332504614252, 2868
148332506944180, 148332506951160, 6980
148332509257580, 148332509267092, 9512
148332583186636, 148332583195676, 9040
148332585543844, 148332585554740, 10896
148332607451820, 148332607461448, 9628
148332682631672, 148332682638600, 6928
148332706365892, 148332706374784, 8892
148332708694844, 148332708701732, 6888
148332783142984, 148332783150364, 7380
148332785498204, 148332785508940, 10736
148332853756276, 148332853766572, 10296
148332876811704, 148332876818796, 7092
148332879137096, 148332879144924, 7828
148332905078596, 148332905086944, 8348
148332950969876, 148332950977892, 8016
148333013420460, 148333013429116, 8656
148333018752008, 148333018760084, 8076
148333086782428, 148333086790120, 7692
148333143582580, 148333143590620, 8040
148333219029384, 148333219040120, 10736
148333224393292, 148333224404420, 11128
148333226747788, 148333226754128, 6340
148333232435160, 148333232436668, 1508
148333237767592, 148333237774148, 6556
148333252379120, 148333252380864, 1744
148333257706572, 148333257712852, 6280
148333314574276, 148333314583036, 8760
148333348076344, 148333348088408, 12064
148333416221276, 148333416230288, 9012
148333439848212, 148333439855852, 7640
148333470574004, 148333470581344, 7340
148333545434040, 148333545440320, 6280
148333550774804, 148333550779712, 4908
148333556109936, 148333556114084, 4148
148333567483268, 148333567491740, 8472
148333569815032, 148333569827820, 12788
148333571455488, 148333571461216, 5728
148333576782664, 148333576793496, 10832
148333663234228, 148333663237296, 3068
148333689810988, 148333689819152, 8164
148333781861172, 148333781868632, 7460
148333838858800, 148333838868296, 9496
148333973919836, 148333973928236, 8400
148333979290760, 148333979298852, 8092
148334139038880, 148334139044748, 5868
148334299111300, 148334299118176, 6876
148334329268308, 148334329277148, 8840
148334351078760, 148334351087288, 8528
148334384543188, 148334384550268, 7080
148334415310328, 148334415316828, 6500
148334446034900, 148334446043956, 9056
148334448360152, 148334448367852, 7700
148334516446832, 148334516453264, 6432
148334584468812, 148334584478452, 9640
148334610375804, 148334610383496, 7692
148334714153788, 148334714155724, 1936
148334740086676, 148334740091968, 5292
148334766011484, 148334766018992, 7508
148334899598864, 148334899601640, 2776
148334945516864, 148334945522912, 6048
148334990853084, 148334990860884, 7800
148334996195168, 148334996203428, 8260
148335058625584, 148335058632956, 7372
148335133598992, 148335133607476, 8484
148335153023572, 148335153032568, 8996
148335199020456, 148335199027976, 7520
148335273282060, 148335273290564, 8504
148335278628132, 148335278632644, 4512
148335283952044, 148335283960156, 8112
148335317453408, 148335317459920, 6512
148335336831348, 148335336838648, 7300
148335429385824, 148335429395052, 9228
148335459687100, 148335459695164, 8064
148335551647560, 148335551656540, 8980
148335626058968, 148335626067804, 8836
148335671532368, 148335671540540, 8172
148335702344980, 148335702354640, 9660
148335747788568, 148335747796892, 8324
148335822049748, 148335822058484, 8736
148335879038444, 148335879047040, 8596
148336020254552, 148336020262244, 7692
148336046284532, 148336046292844, 8312
148336103202788, 148336103209568, 6780
148336148611708, 148336148620032, 8324
148336224096900, 148336224104288, 7388
148336250050724, 148336250059776, 9052
148336252382132, 148336252388748, 6616
148336314931004, 148336314938036, 7032
148336406846004, 148336406853032, 7028
148336438127516, 148336438135544, 8028
148336506236792, 148336506245012, 8220
148336581244368, 148336581251944, 7576
148336611413196, 148336611421276, 8080
148336630792752, 148336630801808, 9056
148336660981448, 148336660988180, 6732
148336663311720, 148336663319580, 7860
148336755718716, 148336755725636, 6920
148336781705732, 148336781715012, 9280
148336849877200, 148336849886388, 9188
148336925410148, 148336925418552, 8404
148337085243924, 148337085251128, 7204
148337087570984, 148337087578400, 7416
148337117772208, 148337117780812, 8604
148337140853020, 148337140861656, 8636
148337162697736, 148337162705116, 7380
148337194010356, 148337194018644, 8288
148337224203968, 148337224211968, 8000
148337316050532, 148337316057708, 7176
148337457625280, 148337457635820, 10540
148337479499028, 148337479508632, 9604
148337553766208, 148337553773392, 7184
148337579782204, 148337579790116, 7912
148337625211728, 148337625220844, 9116
148337658718628, 148337658726976, 8348
148337733543484, 148337733550360, 6876
148337755408752, 148337755417404, 8652
148337847312368, 148337847319268, 6900
148337880815612, 148337880821792, 6180
148337902695372, 148337902702788, 7416
148337934002352, 148337934009584, 7232
148337979469208, 148337979476316, 7108
148338005436124, 148338005443432, 7308
148338079581844, 148338079587980, 6136
148338110267936, 148338110274404, 6468
148338202610100, 148338202616828, 6728
148338221956788, 148338221965668, 8880
148338227289228, 148338227296300, 7072
148338319070484, 148338319075484, 5000
148338410855364, 148338410860512, 5148
148338503200400, 148338503208488, 8088
148338536650104, 148338536658772, 8668
148338559714296, 148338559722788, 8492
148338565065068, 148338565073336, 8268
148338576892876, 148338576894204, 1328
148338582211848, 148338582217160, 5312
148338645261628, 148338645270604, 8976
148338671775404, 148338671783024, 7620
148338674102920, 148338674110072, 7152
148338695934524, 148338695942424, 7900
148338722495764, 148338722498524, 2760
148338796771288, 148338796778948, 7660
148338823469232, 148338823479076, 9844
148338846666416, 148338846674940, 8524
148338903746300, 148338903756824, 10524
148338906112976, 148338906120564, 7588
148339066857028, 148339066863868, 6840
148339088747608, 148339088756716, 9108
148339119338544, 148339119345400, 6856
148339121662832, 148339121669808, 6976
148339167216280, 148339167223476, 7196
148339170104884, 148339170112416, 7532
148339189538480, 148339189546736, 8256
148339197071868, 148339197073196, 1328
148339242737052, 148339242745304, 8252
148339268759968, 148339268769712, 9744
148339302469132, 148339302478232, 9100
148339348054368, 148339348062080, 7712
148339381621292, 148339381628896, 7604
148339444961920, 148339444969216, 7296
148339501860932, 148339501869744, 8812
148339535390964, 148339535398192, 7228
148339603715980, 148339603723492, 7512
148339764435476, 148339764443456, 7980
148339790456408, 148339790464868, 8460
148339792787948, 148339792795828, 7880
148339838330800, 148339838337500, 6700
148339864424700, 148339864433932, 9232
148339921958892, 148339921966532, 7640
148339990243708, 148339990250320, 6612
148340016253072, 148340016260408, 7336
148340177030204, 148340177037200, 6996
148340245533928, 148340245541456, 7528
148340319929868, 148340319936748, 6880
148340395148996, 148340395156444, 7448
148340426664744, 148340426671860, 7116
148340460271540, 148340460278140, 6600
148340505969356, 148340505975676, 6320
148340666902700, 148340666910212, 7512
148340669229520, 148340669235452, 5932
148340726237552, 148340726245140, 7588
148340752214408, 148340752221772, 7364
148340797646812, 148340797653788, 6976
148340872633488, 148340872640464, 6976
148340906074344, 148340906083300, 8956
148340908407052, 148340908412504, 5452
148340930751492, 148340930757808, 6316
148340953788688, 148340953794924, 6236
148340973118908, 148340973124612, 5704
148341047950224, 148341047955224, 5000
148341069762900, 148341069769072, 6172
148341072085476, 148341072091840, 6364
148341140079156, 148341140085068, 5912
148341142413124, 148341142418564, 5440
148341161746360, 148341161752376, 6016
148341207654920, 148341207661552, 6632
148341241076268, 148341241082832, 6564
148341266995404, 148341267000392, 4988
148341269335124, 148341269339728, 4604
148341314662696, 148341314668380, 5684
148341340570592, 148341340576720, 6128
148341408385308, 148341408391120, 5812
148341483052908, 148341483058864, 5956
148341488375832, 148341488382068, 6236
148341510191520, 148341510197800, 6280
148341512534688, 148341512540704, 6016
148341545980188, 148341545986628, 6440
148341576102988, 148341576109704, 6716
148341599153148, 148341599157716, 4568
148341601482236, 148341601486320, 4084
148341623304060, 148341623310168, 6108
148341628643252, 148341628647284, 4032
148341633959452, 148341633966940, 7488
148341679854540, 148341679860380, 5840
148341701676688, 148341701683416, 6728
148341704016344, 148341704021536, 5192
148341737449452, 148341737455796, 6344
148341742808552, 148341742814896, 6344
148341762156356, 148341762162036, 5680
148341764476584, 148341764481968, 5384
148341809851136, 148341809857100, 5964
148341866665736, 148341866671540, 5804
148341872007052, 148341872012816, 5764
148341902725832, 148341902732048, 6216
148342062766180, 148342062772780, 6600
148342068088888, 148342068093728, 4840
148342073419976, 148342073424792, 4816
148342078748396, 148342078752444, 4048
148342238743044, 148342238749516, 6472
148342272207024, 148342272213740, 6716
148342291539340, 148342291545504, 6164
148342296884176, 148342296890288, 6112
148342327602072, 148342327608576, 6504
148342372951828, 148342372957836, 6008
148342378295276, 148342378300300, 5024
148342383616308, 148342383624704, 8396
148342452031076, 148342452037184, 6108
148342526091240, 148342526097352, 6112
148342531430004, 148342531438736, 8732
148342557362768, 148342557367272, 4504
148342562697592, 148342562705768, 8176
148342565283216, 148342565284592, 1376
148342570605664, 148342570612628, 6964
148342644694160, 148342644699588, 5428
148342671161800, 148342671168168, 6368
148342733577372, 148342733584948, 7576
148342764287904, 148342764296864, 8960
148342769630960, 148342769635088, 4128
148342774962852, 148342774970484, 7632
148342794295396, 148342794302132, 6736
148342799649184, 148342799657072, 7888
148342804589964, 148342804591120, 1156
148342809909808, 148342809917240, 7432
148342877970308, 148342877975284, 4976
148342946489272, 148342946496808, 7536
148342951818004, 148342951825712, 7708
148343014267240, 148343014275020, 7780
148343019603192, 148343019610076, 6884
148343049686248, 148343049693624, 7376
148343052020060, 148343052028108, 8048
148343057347312, 148343057354668, 7356
148343119807072, 148343119815044, 7972
148343122129292, 148343122135772, 6480
148343148045312, 148343148052888, 7576
148343179313216, 148343179321112, 7896
148343187456676, 148343187457748, 1072
148343189770952, 148343189775572, 4620
148343204706896, 148343204714808, 7912
148343210057452, 148343210061308, 3856
148343249975872, 148343249980044, 4172
148343319110160, 148343319126628, 16468
148343364623264, 148343364662032, 38768
148343370010900, 148343370044344, 33444
148343511182108, 148343511220368, 38260
148343534293016, 148343534335264, 42248
148343536668896, 148343536698184, 29288
148343599142392, 148343599180756, 38364
148343604519284, 148343604523312, 4028
148343609833544, 148343609840384, 6840
148343630170136, 148343630172908, 2772
148343676120752, 148343676129020, 8268
148343706274636, 148343706282740, 8104
148343847505452, 148343847513596, 8144
148343873577756, 148343873586756, 9000
148343875907044, 148343875915344, 8300
148343907244948, 148343907251160, 6212
148343981686932, 148343981694268, 7336
148344049835572, 148344049842936, 7364
148344112510564, 148344112517700, 7136
148344134384288, 148344134394168, 9880
148344180338716, 148344180345772, 7056
148344210511552, 148344210522028, 10476
148344370541856, 148344370549704, 7848
148344401335532, 148344401342556, 7024
148344423782456, 148344423789324, 6868
148344426124248, 148344426130044, 5796
148344449283484, 148344449290716, 7232
148344468686592, 148344468693008, 6416
148344471037720, 148344471048116, 10396
148344545390952, 148344545397784, 6832
148344608070580, 148344608076768, 6188
148344631239780, 148344631247060, 7280
148344791833384, 148344791840572, 7188
148344821994776, 148344822002396, 7620
148344867589640, 148344867596716, 7076
148345028095964, 148345028103824, 7860
148345090800004, 148345090806700, 6696
148345113955552, 148345113962536, 6984
148345274428636, 148345274435908, 7272
148345297510052, 148345297517200, 7148
148345365527296, 148345365534072, 6776
148345387327656, 148345387333996, 6340
148345455987124, 148345455994476, 7352
148345481941508, 148345481948320, 6812
148345556901724, 148345556907884, 6160
148345582844704, 148345582851348, 6644
148345585167164, 148345585173284, 6120
148345630628988, 148345630636296, 7308
148345688061224, 148345688067668, 6444
148345756196560, 148345756203400, 6840
148345801607460, 148345801614016, 6556
148345831821696, 148345831827600, 5904
148345899950176, 148345899957620, 7444
148345975364216, 148345975371780, 7564
148345977686952, 148345977693244, 6292
148346008410656, 148346008417612, 6956
148346070941864, 148346070948824, 6960
148346116327216, 148346116333048, 5832
148346147066428, 148346147072948, 6520
148346166951528, 148346166957888, 6360
148346234952236, 148346234958192, 5956
148346265074532, 148346265079704, 5172
148346295773384, 148346295779500, 6116
148346436394100, 148346436399560, 5460
148346576650720, 148346576657336, 6616
148346578973152, 148346578978188, 5036
148346609689816, 148346609696028, 6212
148346684358980, 148346684365580, 6600
148346717814100, 148346717820256, 6156
148346720135644, 148346720141340, 5696
148346782572480, 148346782577508, 5028
148346856807696, 148346856814320, 6624
148346886924716, 148346886930704, 5988
148346918191900, 148346918198100, 6200
148346986139628, 148346986146284, 6656
148347060900720, 148347060907360, 6640
148347066244392, 148347066249624, 5232
148347226271004, 148347226277608, 6604
148347231610208, 148347231615280, 5072
148347236933636, 148347236937552, 3916
148347396716512, 148347396722156, 5644
148347399576952, 148347399583292, 6340
148347559050536, 148347559056776, 6240
148347580865000, 148347580872080, 7080
148347614307928, 148347614316252, 8324
148347640235060, 148347640243168, 8108
148347714909868, 148347714916440, 6572
148347717236356, 148347717244024, 7668
148347722583376, 148347722592508, 9132
148347730238444, 148347730239924, 1480
148347735555744, 148347735563304, 7560
148347803555856, 148347803563720, 7864
148347829498020, 148347829505088, 7068
148347898054516, 148347898061592, 7076
148347909723964, 148347909726084, 2120
148347915042976, 148347915050976, 8000
148347940940936, 148347940948116, 7180
148347946271876, 148347946278516, 6640
148348037934188, 148348037942064, 7876
148348043265980, 148348043273932, 7952
148348111401592, 148348111410768, 9176
148348224840924, 148348224843896, 2972
148348230171312, 148348230176696, 5384
148348235508648, 148348235512220, 3572
148348240837024, 148348240840636, 3612
148348246170304, 148348246175384, 5080
148348251507112, 148348251511572, 4460
148348256846056, 148348256850744, 4688
148348262158820, 148348262165664, 6844
148348319044496, 148348319053920, 9424
148348324375276, 148348324382244, 6968
148348446298948, 148348446301984, 3036
148348479775884, 148348479782660, 6776
148348513316020, 148348513325436, 9416
148348518685396, 148348518692692, 7296
148348541775432, 148348541783644, 8212
148348609962936, 148348609972140, 9204
148348655931648, 148348655939232, 7584
148348678977308, 148348678984140, 6832
148348684326548, 148348684333928, 7380
148348685469056, 148348685470196, 1140
148348730830324, 148348730837796, 7472
148348763243652, 148348763245980, 2328
148348796807020, 148348796817172, 10152
148348818818096, 148348818824948, 6852
148348849561820, 148348849569616, 7796
148348872608800, 148348872615992, 7192
148348906617512, 148348906625124, 7612
148348980753784, 148348980761472, 7688
148349037640160, 148349037648740, 8580
148349178803680, 148349178812892, 9212
148349790264204, 148349790268192, 3988
148349882158556, 148349882164080, 5524
148349974584056, 148349974589992, 5936
148350066543908, 148350066549544, 5636
148350158896704, 148350158902672, 5968
148350250654260, 148350250659216, 4956
148350342404360, 148350342409372, 5012
148350435003052, 148350435009156, 6104
148350526828396, 148350526834392, 5996
148350618574092, 148350618578908, 4816
148350710889584, 148350710893968, 4384
148350802676804, 148350802682336, 5532
148350894962192, 148350894968140, 5948
148350986597952, 148350986602716, 4764
148351078358268, 148351078364536, 6268
148351170730932, 148351170736564, 5632
148351262523864, 148351262529976, 6112
148351354324828, 148351354329964, 5136
148351446695160, 148351446700968, 5808
148351538566548, 148351538571732, 5184
148351630272652, 148351630278824, 6172
148351722657344, 148351722662880, 5536
148351814595124, 148351814600644, 5520
148351907642104, 148351907651840, 9736
148351982076644, 148351982084036, 7392
148352005169712, 148352005179440, 9728
148352010574264, 148352010581672, 7408
148352102438700, 148352102444004, 5304
148352194786672, 148352194793452, 6780
148352240153980, 148352240162912, 8932
148352245516476, 148352245521156, 4680
148352247851100, 148352247854940, 3840
148352269683992, 148352269692740, 8748
148352292731820, 148352292739340, 7520
148352318675876, 148352318679640, 3764
148352404638116, 148352404640852, 2736
148328187798512, 148328187806836, 8324
148328196948528, 148328196956896, 8368
148328213710800, 148328213718924, 8124
148328281993788, 148328282002000, 8212
148332520660372, 148332520664312, 3940
148332520682240, 148332520688428, 6188
148332554172428, 148332554178528, 6100
148332587744012, 148332587751944, 7932
148332633281844, 148332633291636, 9792
148332656377888, 148332656386684, 8796
148332664106024, 148332664107952, 1928
148332710184248, 148332710192728, 8480
148332732100192, 148332732109876, 9684
148332789118616, 148332789127500, 8884
148332949447176, 148332949453764, 6588
148333006275840, 148333006282544, 6704
148333008599508, 148333008606568, 7060
148333168160464, 148333168165708, 5244
148333328454948, 148333328460936, 5988
148333488743204, 148333488749824, 6620
148333551245404, 148333551253384, 7980
148333663242304, 148333663245248, 2944
148333694032056, 148333694039888, 7832
148333762251736, 148333762261936, 10200
148333767629356, 148333767635856, 6500
148333772958448, 148333772963404, 4956
148333778284688, 148333778293272, 8584
148333790817028, 148333790818772, 1744
148333796150368, 148333796158556, 8188
148333798474036, 148333798482100, 8064
148333804806160, 148333804807980, 1820
148333810757212, 148333810758296, 1084
148333816095684, 148333816102652, 6968
148333838025104, 148333838032116, 7012
148333843363412, 148333843371600, 8188
148333850643468, 148333850645096, 1628
148333855985944, 148333855991364, 5420
148333858309468, 148333858315428, 5960
148333877196248, 148333877204948, 8700
148333952117804, 148333952126964, 9160
148333957479816, 148333957485968, 6152
148333987696240, 148333987704028, 7788
148334050377436, 148334050385108, 7672
148334073428280, 148334073436040, 7760
148334075759128, 148334075765980, 6852
148334081098160, 148334081104452, 6292
148334107031996, 148334107039364, 7368
148334112376680, 148334112381024, 4344
148334117693732, 148334117701864, 8132
148334148438360, 148334148444756, 6396
148334150763576, 148334150770736, 7160
148334156113368, 148334156120712, 7344
148334213471036, 148334213479296, 8260
148334243628396, 148334243635224, 6828
148334265467944, 148334265474908, 6964
148334296172156, 148334296179716, 7560
148334364197660, 148334364206204, 8544
148334369547120, 148334369552216, 5096
148334374864168, 148334374870904, 6736
148334449643768, 148334449652512, 8744
148334471508268, 148334471515548, 7280
148334505004360, 148334505012728, 8368
148334579201600, 148334579208360, 6760
148334581523804, 148334581532016, 8212
148334586863680, 148334586872320, 8640
148334588519948, 148334588521200, 1252
148334593824476, 148334593829788, 5312
148334611471772, 148334611478712, 6940
148334633265224, 148334633273532, 8308
148334648329912, 148334648332064, 2152
148334653659556, 148334653665048, 5492
148334707263452, 148334707271416, 7964
148334879703644, 148334879706476, 2832
148334885037028, 148334885043536, 6508
148334890390456, 148334890395392, 4936
148334895734596, 148334895739112, 4516
148334901085508, 148334901092552, 7044
148334906430624, 148334906435760, 5136
148334911768324, 148334911772032, 3708
148334917083076, 148334917090768, 7692
148334992545720, 148334992555156, 9436
148335158852944, 148335158855768, 2824
148335164179460, 148335164185140, 5680
148335169517908, 148335169521628, 3720
148335174850604, 148335174854296, 3692
148335180736776, 148335180742972, 6196
148335186080780, 148335186086088, 5308
148335191417416, 148335191422612, 5196
148335196752180, 148335196759016, 6836
148335222742156, 148335222750872, 8716
148335242763128, 148335242771916, 8788
148335299668244, 148335299677736, 9492
148335359527040, 148335359536484, 9444
148335381483708, 148335381491188, 7480
148335412300452, 148335412308752, 8300
148335458319716, 148335458328596, 8880
148335521101276, 148335521111000, 9724
148335661890928, 148335661897724, 6796
148335725154784, 148335725162364, 7580
148335793344940, 148335793354160, 9220
148335838900972, 148335838909352, 8380
148335931352568, 148335931359860, 7292
148335962166684, 148335962177060, 10376
148335995699596, 148335995706604, 7008
148336063931880, 148336063938396, 6516
148336097466468, 148336097476620, 10152
148336160086016, 148336160094596, 8580
148336186604144, 148336186611544, 7400
148336346475468, 148336346482844, 7376
148336376636740, 148336376646056, 9316
148336434108200, 148336434117508, 9308
148336526082560, 148336526089264, 6704
148336618026736, 148336618035548, 8812
148336692858980, 148336692865976, 6996
148336715947568, 148336715956856, 9288
148336746758540, 148336746765628, 7088
148336821060260, 148336821068596, 8336
148336844237296, 148336844246240, 8944
148336985335564, 148336985343080, 7516
148337015503712, 148337015512616, 8904
148337017862892, 148337017870896, 8004
148337158320592, 148337158328036, 7444
148337160644240, 148337160651796, 7556
148337180575032, 148337180584216, 9184
148337255543796, 148337255551548, 7752
148337289057940, 148337289065488, 7548
148337291389164, 148337291395984, 6820
148337313220192, 148337313227996, 7804
148337315541432, 148337315548164, 6732
148337428249368, 148337428252084, 2716
148337461792676, 148337461798936, 6260
148337492000544, 148337492009376, 8832
148337566963024, 148337566970716, 7692
148337588858028, 148337588866784, 8756
148337749209668, 148337749217696, 8028
148337782705120, 148337782711280, 6160
148337845309328, 148337845316480, 7152
148337919583168, 148337919590200, 7032
148337995098568, 148337995106096, 7528
148338040513660, 148338040519908, 6248
148338045845736, 148338045853160, 7424
148338071816572, 148338071823852, 7280
148338077164660, 148338077173584, 8924
148338107301336, 148338107307124, 5788
148338182750896, 148338182757248, 6352
148338185075744, 148338185083224, 7480
148338215798784, 148338215807280, 8496
148338237628944, 148338237636760, 7816
148338271106692, 148338271115168, 8476
148338294192192, 148338294199436, 7244
148338327685248, 148338327691584, 6336
148338333008624, 148338333013692, 5068
148338338347484, 148338338352240, 4756
148338343683904, 148338343690776, 6872
148338374413020, 148338374420840, 7820
148338534453488, 148338534460068, 6580
148338564585516, 148338564592432, 6916
148338638587120, 148338638596772, 9652
148340738638624, 148340738641016, 2392
148340743967628, 148340743974132, 6504
148340749303040, 148340749306880, 3840
148340754634600, 148340754639740, 5140
148340759985968, 148340759992304, 6336
148340765328980, 148340765334332, 5352
148340770678004, 148340770682020, 4016
148340775989292, 148340775993308, 4016
148340781362456, 148340781368408, 5952
148340786701340, 148340786705496, 4156
148340792015184, 148340792019192, 4008
148340797351668, 148340797356376, 4708
148340802721916, 148340802727760, 5844
148340808042584, 148340808046520, 3936
148340813376672, 148340813380292, 3620
148340818741704, 148340818748348, 6644
148340824063424, 148340824068528, 5104
148340829401140, 148340829405724, 4584
148340834833188, 148340834837564, 4376
148340840155856, 148340840160168, 4312
148340845489440, 148340845493752, 4312
148340850826712, 148340850830848, 4136
148340856141492, 148340856144956, 3464
148340861486268, 148340861489676, 3408
148340866820672, 148340866824184, 3512
148340872136192, 148340872140608, 4416
148340877475356, 148340877479552, 4196
148340882822280, 148340882825888, 3608
148340888157124, 148340888161608, 4484
148340893477196, 148340893480652, 3456
148340898822672, 148340898827576, 4904
148340904156356, 148340904159804, 3448
148340909472528, 148340909476888, 4360
148340915337384, 148340915342012, 4628
148340920684264, 148340920687948, 3684
148340925997224, 148340926000876, 3652
148340931331536, 148340931336092, 4556
148340936666432, 148340936670260, 3828
148340942008844, 148340942013320, 4476
148340947324916, 148340947329628, 4712
148340952661056, 148340952664744, 3688
148340957988996, 148340957994020, 5024
148340963318192, 148340963322904, 4712
148340968651812, 148340968655484, 3672
148340973981268, 148340973985816, 4548
148340979309116, 148340979312856, 3740
148340984643232, 148340984646808, 3576
148340989974988, 148340989979592, 4604
148340995290636, 148340995295048, 4412
148341000637844, 148341000641292, 3448
148341005968080, 148341005972568, 4488
148341011284868, 148341011288428, 3560
148341016617480, 148341016620756, 3276
148341021962280, 148341021966584, 4304
148341027276656, 148341027280976, 4320
148341032613520, 148341032617732, 4212
148341037949412, 148341037952980, 3568
148341043275564, 148341043280404, 4840
148341048610332, 148341048614776, 4444
148341053942216, 148341053946664, 4448
148341059267676, 148341059271220, 3544
148341064601180, 148341064604728, 3548
148341069931460, 148341069935720, 4260
148341075242848, 148341075247352, 4504
148341080589884, 148341080594248, 4364
148341085925040, 148341085928580, 3540
148341091244836, 148341091248376, 3540
148341096581908, 148341096585416, 3508
148341101922104, 148341101926672, 4568
148341107239812, 148341107244760, 4948
148341112576208, 148341112580928, 4720
148341117911012, 148341117915552, 4540
148341123240488, 148341123244328, 3840
148341128574560, 148341128577996, 3436
148341133907552, 148341133912612, 5060
148341139234724, 148341139239304, 4580
148341144571636, 148341144575996, 4360
148341149903748, 148341149907468, 3720
148341155222576, 148341155226348, 3772
148341160566104, 148341160570016, 3912
148341166451524, 148341166456136, 4612
148341171785348, 148341171789756, 4408
148341177104316, 148341177107936, 3620
148341182451156, 148341182454836, 3680
148341187784532, 148341187789468, 4936
148341193102832, 148341193107096, 4264
148341198453156, 148341198456600, 3444
148341203787324, 148341203791732, 4408
148341209104704, 148341209109240, 4536
148341214437640, 148341214441312, 3672
148341219777812, 148341219781628, 3816
148341225092268, 148341225096012, 3744
148341230424348, 148341230427936, 3588
148341235760508, 148341235764944, 4436
148341241086536, 148341241091088, 4552
148341246421600, 148341246426364, 4764
148341251749268, 148341251752916, 3648
148341257082804, 148341257086268, 3464
148341262409280, 148341262413704, 4424
148341267743108, 148341267747900, 4792
148341273076328, 148341273080376, 4048
148341278401388, 148341278404900, 3512
148341283731684, 148341283736008, 4324
148341289070852, 148341289074244, 3392
148341294388376, 148341294392916, 4540
148341299727524, 148341299731020, 3496
148341305059320, 148341305064040, 4720
148341310374264, 148341310378532, 4268
148341315702752, 148341315707144, 4392
148341321043056, 148341321046592, 3536
148341326357100, 148341326361660, 4560
148341331685020, 148341331688476, 3456
148341337014528, 148341337018720, 4192
148341342338652, 148341342342924, 4272
148341347668108, 148341347672804, 4696
148341352997900, 148341353002384, 4484
148341358320220, 148341358324716, 4496
148341363649024, 148341363653360, 4336
148341368981168, 148341368984760, 3592
148341374292892, 148341374297412, 4520
148341379632340, 148341379635960, 3620
148341384963156, 148341384967656, 4500
148341390275820, 148341390279596, 3776
148341395596324, 148341395600972, 4648
148341400936424, 148341400940080, 3656
148341406247824, 148341406251400, 3576
148341411570996, 148341411575804, 4808
148341417446832, 148341417451480, 4648
148341422793004, 148341422797104, 4100
148341428107132, 148341428111752, 4620
148341433438336, 148341433444004, 5668
148341466887172, 148341466893808, 6636
148341607236884, 148341607243188, 6304
148341612584372, 148341612588912, 4540
148341617910748, 148341617915604, 4856
148341758803916, 148341758809068, 5152
148341899121144, 148341899126132, 4988
148342039793888, 148342039798720, 4832
148342180697256, 148342180702676, 5420
148342321049988, 148342321056524, 6536
148342383521556, 148342383528568, 7012
148342406580024, 148342406586420, 6396
148342426675792, 148342426685096, 9304
148342586179624, 148342586186272, 6648
148342591520712, 148342591528848, 8136
148342659498476, 148342659504476, 6000
148342665385324, 148342665390196, 4872
148342670699232, 148342670706316, 7084
148342692516012, 148342692523676, 7664
148342725970804, 148342725979172, 8368
148342731318440, 148342731326220, 7780
148342776704024, 148342776709224, 5200
148342822040488, 148342822047244, 6756
148342852242448, 148342852249804, 7356
148342909563020, 148342909569888, 6868
148342954935880, 148342954940932, 5052
148343000305640, 148343000312236, 6596
148343026151672, 148343026159728, 8056
148343031466652, 148343031474032, 7380
148343053224956, 148343053232508, 7552
148343076280960, 148343076289492, 8532
148343081603244, 148343081610836, 7592
148343083756660, 148343083757768, 1108
148343089077124, 148343089085536, 8412
148343134448752, 148343134455020, 6268
148343139805496, 148343139809876, 4380
148343145118032, 148343145122668, 4636
148343150448284, 148343150453776, 5492
148343163529756, 148343163530868, 1112
148343168853676, 148343168859784, 6108
148343230572696, 148343230582840, 10144
148343235954184, 148343235963360, 9176
148343266085696, 148343266092656, 6960
148343296798480, 148343296806868, 8388
148343408958568, 148343408961644, 3076
148343439096048, 148343439103188, 7140
148343442723288, 148343442724496, 1208
148343472901840, 148343472909348, 7508
148343632490772, 148343632498300, 7528
148343642921016, 148343642928820, 7804
148343666520552, 148343666530224, 9672
148343692475652, 148343692484868, 9216
148343861556708, 148343861559640, 2932
148343863890732, 148343863897736, 7004
148343885795552, 148343885802604, 7052
148343949056436, 148343949064408, 7972
148344024193052, 148344024200648, 7596
148344026518876, 148344026526940, 8064
148344057338236, 148344057353116, 14880
148344102837968, 148344102845964, 7996
148344133064376, 148344133071056, 6680
148344274328816, 148344274335892, 7076
148344276669424, 148344276675376, 5952
148344344904024, 148344344911512, 7488
148344347244212, 148344347249824, 5612
148344373232912, 148344373239804, 6892
148344448872888, 148344448880144, 7256
148344608894148, 148344608900052, 5904
148344684575348, 148344684581960, 6612
148344706490348, 148344706497824, 7476
148344732464744, 148344732470216, 5472
148344795184296, 148344795190000, 5704
148344870327940, 148344870334568, 6628
148344933540492, 148344933547480, 6988
148344956701100, 148344956707904, 6804
148344987583240, 148344987590476, 7236
148344989912032, 148344989917696, 5664
148345011819752, 148345011826304, 6552
148345014165372, 148345014170868, 5496
148345082465732, 148345082473048, 7316
148345112711472, 148345112717788, 6316
148345143549264, 148345143556232, 6968
148345189608448, 148345189616944, 8496
148345191956384, 148345191961708, 5324
148345254672004, 148345254679124, 7120
148345329647460, 148345329654672, 7212
148345489912512, 148345489919000, 6488
148345492244656, 148345492250176, 5520
148345537660644, 148345537667500, 6856
148345557044108, 148345557051092, 6984
148345587234048, 148345587241624, 7576
148345610316960, 148345610323992, 7032
148345751388188, 148345751395092, 6904
148345911683180, 148345911689512, 6332
148345937573028, 148345937579344, 6316
148346097160196, 148346097167504, 7308
148346120209696, 148346120216068, 6372
148346150339508, 148346150345868, 6360
148346196246484, 148346196253180, 6696
148346229711260, 148346229716460, 5200
148346252769500, 148346252775912, 6412
148346255096280, 148346255101752, 5472
148346329899716, 148346329906068, 6352
148346489987936, 148346489994584, 6648
148346581746620, 148346581752500, 5880
148346627093576, 148346627100004, 6428
148346702473460, 148346702479600, 6140
148346770495676, 148346770501724, 6048
148346796418620, 148346796424536, 5916
148346798755036, 148346798759696, 4660
148346873675032, 148346873681400, 6368
148346931031888, 148346931038516, 6628
148346954063780, 148346954069812, 6032
148346979952160, 148346979958088, 5928
148346985279572, 148346985285316, 5744
148346990594756, 148346990600044, 5288
148346995894536, 148346995899420, 4884
148347001217916, 148347001222172, 4256
148347057904848, 148347057911428, 6580
148347132102632, 148347132108916, 6284
148347207484436, 148347207491048, 6612
148347229315084, 148347229321204, 6120
148347320988788, 148347320993856, 5068
148347413701068, 148347413706928, 5860
148347419036428, 148347419043816, 7388
148347510767448, 148347510774416, 6968
148347573236612, 148347573243488, 6876
148347578576364, 148347578584660, 8296
148347609310632, 148347609318616, 7984
148347639454068, 148347639462448, 8380
148347644799852, 148347644808148, 8296
148347650470232, 148347650471508, 1276
148347655793068, 148347655798520, 5452
148347707503120, 148347707508676, 5556
148347738233280, 148347738240256, 6976
148347800683112, 148347800689900, 6788
148347830813328, 148347830821000, 7672
148347876177684, 148347876185040, 7356
148347939193400, 148347939201708, 8308
148347972544056, 148347972552272, 8216
148347977884720, 148347977892936, 8216
148347999650936, 148347999658976, 8040
148348040687288, 148348040694072, 6784
148348074186324, 148348074194804, 8480
148348076517120, 148348076523068, 5948
148348081907216, 148348081915712, 8496
148348089198500, 148348089199912, 1412
148348094525312, 148348094530320, 5008
148348101162040, 148348101163820, 1780
148348109139776, 148348109141000, 1224
148348114460368, 148348114466312, 5944
148348158032424, 148348158042644, 10220
148348183998128, 148348184005592, 7464
148348252137624, 148348252146176, 8552
148348278096044, 148348278101380, 5336
148348631643156, 148348631646564, 3408
148348633967500, 148348633972880, 5380
148348636279284, 148348636283548, 4264
148348638591380, 148348638594980, 3600
148348640902064, 148348640910056, 7992
148348643589636, 148348643590856, 1220
148348646450020, 148348646455112, 5092
148348711870588, 148348711880068, 9480
148348717203448, 148348717210436, 6988
148348807137280, 148348807140968, 3688
148348809460512, 148348809469324, 8812
148348839761612, 148348839769908, 8296
148348865710864, 148348865718480, 7616
148349006663820, 148349006671856, 8036
148349082323400, 148349082325648, 2248
148349087644696, 148349087650232, 5536
148349092976936, 148349092980788, 3852
148349098305964, 148349098309884, 3920
148349103653852, 148349103664036, 10184
148349106227204, 148349106228436, 1232
148349111550788, 148349111558744, 7956
148349303784408, 148349303787324, 2916
148349309110812, 148349309116628, 5816
148349314443752, 148349314448624, 4872
148349319793296, 148349319797256, 3960
148349325135940, 148349325141416, 5476
148349330488392, 148349330492492, 4100
148349335837600, 148349335841988, 4388
148349345645280, 148349345662996, 17716
148349439291448, 148349439294208, 2760
148349441615580, 148349441621332, 5752
148349443928448, 148349443935372, 6924
148349467005996, 148349467015096, 9100
148349570900904, 148349570903888, 2984
148349596895848, 148349596902348, 6500
148349622896436, 148349622905388, 8952
148349668949720, 148349668957880, 8160
148349828936260, 148349828942960, 6700
148349854929056, 148349854938524, 9468
148349900941568, 148349900950308, 8740
148349906298216, 148349906303664, 5448
148349911641704, 148349911650708, 9004
148349945150120, 148349945157488, 7368
148349971143000, 148349971152236, 9236
148350033900532, 148350033907068, 6536
148350059880224, 148350059888308, 8084
148350090654052, 148350090662992, 8940
148350136093296, 148350136100884, 7588
148350210880400, 148350210888608, 8208
148350233975828, 148350233983396, 7568
148350253348544, 148350253354720, 6176
148350298743888, 148350298753212, 9324
148350304086864, 148350304091064, 4200
148350309424924, 148350309429492, 4568
148350314772020, 148350314775660, 3640
148350320090172, 148350320096952, 6780
148350454475076, 148350454478884, 3808
148350456799624, 148350456804668, 5044
148350459107672, 148350459114796, 7124
148350533291336, 148350533298888, 7552
148350566760976, 148350566768672, 7696
148350612126044, 148350612132536, 6492
148350669495140, 148350669502472, 7332
148350674852168, 148350674857376, 5208
148350680185580, 148350680189936, 4356
148350685504012, 148350685508388, 4376
148350690840120, 148350690846796, 6676
148350710204548, 148350710211196, 6648
148350736151264, 148350736158312, 7048
148350869099200, 148350869102080, 2880
148350874427220, 148350874432288, 5068
148350879764712, 148350879769452, 4740
148350885098996, 148350885103864, 4868
148350890957868, 148350890961852, 3984
148350896293624, 148350896301152, 7528
148350900998764, 148350901000048, 1284
148350906320524, 148350906325552, 5028
148350920993620, 148350921001708, 8088
148350995148984, 148350995157520, 8536
148351057688532, 148351057697652, 9120
148351083664432, 148351083671976, 7544
148351243885040, 148351243890352, 5312
148351503283332, 148351503285968, 2636
148351526357096, 148351526365608, 8512
148351528684412, 148351528692960, 8548
148351548053056, 148351548060856, 7800
148351569897504, 148351569905556, 8052
148351706413096, 148351706420200, 7104
148351763238560, 148351763246120, 7560
148351886186176, 148351886189256, 3080
148351932240304, 148351932246056, 5752
148351977737572, 148351977744220, 6648
148352023230624, 148352023239508, 8884
148352028615464, 148352028625752, 10288
148352050486184, 148352050494928, 8744
148352055837336, 148352055843712, 6376
148352057643428, 148352057644688, 1260
148352062968824, 148352062974436, 5612
148352106652012, 148352106662568, 10556
148352108989964, 148352108997020, 7056
148352172081356, 148352172087012, 5656
148352174405200, 148352174412528, 7328
148352231228516, 148352231236516, 8000
148352261941056, 148352261948352, 7296
148352324415344, 148352324421856, 6512
148352343769444, 148352343777344, 7900
148352365628592, 148352365632828, 4236
148328247833796, 148328247846128, 12332
148328264633064, 148328264641724, 8660
148330281669368, 148330281674692, 5324
148330281729120, 148330281732128, 3008
148330281804936, 148330281807672, 2736
148330281830344, 148330281831924, 1580
148330281862668, 148330281865248, 2580
148330281889064, 148330281890508, 1444
148330281935420, 148330281937900, 2480
148330281981084, 148330281983804, 2720
148330282023548, 148330282026140, 2592
148330282056872, 148330282059520, 2648
148330282081888, 148330282084532, 2644
148330282115696, 148330282118452, 2756
148330282141276, 148330282144336, 3060
148330282173228, 148330282176004, 2776
148330282217120, 148330282219940, 2820
148330282274588, 148330282277048, 2460
148330282299840, 148330282302068, 2228
148330282332636, 148330282335016, 2380
148332275458928, 148332275465520, 6592
148332275487116, 148332275500440, 13324
148332275513464, 148332275524176, 10712
148332275535456, 148332275543628, 8172
148332275554928, 148332275563756, 8828
148332275575060, 148332275583664, 8604
148332275594904, 148332275603160, 8256
148332275614388, 148332275622508, 8120
148332275633336, 148332275641740, 8404
148332275652628, 148332275661728, 9100
148332275672996, 148332275681084, 8088
148332295374200, 148332295380580, 6380
148332315230076, 148332315236728, 6652
148332335361972, 148332335366708, 4736
148332355138232, 148332355142816, 4584
148332375019084, 148332375023520, 4436
148332395061352, 148332395066104, 4752
148332402921972, 148332402928100, 6128
148332430868648, 148332430874708, 6060
148332477119332, 148332477133828, 14496
148332508031036, 148332508044212, 13176
148332508557204, 148332508562012, 4808
148332554185872, 148332554199376, 13504
148332611245604, 148332611259516, 13912
148332771937104, 148332771949492, 12388
148332846886124, 148332846900228, 14104
148332892430956, 148332892438676, 7720
148332984672384, 148332984678744, 6360
148333059513072, 148333059519220, 6148
148333085441296, 148333085448080, 6784
148333147901644, 148333147910264, 8620
148333266453324, 148333266456272, 2948
148333296588228, 148333296594052, 5824
148333326719700, 148333326728140, 8440
148333400996520, 148333401004524, 8004
148333431192344, 148333431200800, 8456
148333434078304, 148333434085652, 7348
148333490919624, 148333490927684, 8060
148333495674532, 148333495675928, 1396
148333497991968, 148333497997128, 5160
148333653223472, 148333653231472, 8000
148333655563500, 148333655570700, 7200
148333796903888, 148333796910076, 6188
148333859686200, 148333859695724, 9524
148333889962772, 148333889970188, 7416
148333965669360, 148333965679176, 9816
148333987552748, 148333987561984, 9236
148334006966204, 148334006976344, 10140
148334009293604, 148334009299252, 5648
148334083567912, 148334083576000, 8088
148334113724004, 148334113730636, 6632
148334135566904, 148334135574880, 7976
148334140912516, 148334140919740, 7224
148334160274064, 148334160281764, 7700
148334228868352, 148334228877344, 8992
148334231196988, 148334231204364, 7376
148334236540916, 148334236548412, 7496
148334259624412, 148334259632488, 8076
148334322122712, 148334322130776, 8064
148334327481836, 148334327486120, 4284
148334332796376, 148334332800880, 4504
148334338135140, 148334338138692, 3552
148334343477068, 148334343483760, 6692
148334503540844, 148334503548320, 7476
148334505878624, 148334505884460, 5836
148334665404804, 148334665414072, 9268
148334699453352, 148334699462008, 8656
148334704832220, 148334704842060, 9840
148334765647596, 148334765656468, 8872
148334879729972, 148334879734064, 4092
148334905710488, 148334905717988, 7500
148334980444632, 148334980452340, 7708
148335002245784, 148335002253704, 7920
148335142655616, 148335142660984, 5368
148335283764148, 148335283772212, 8064
148335306867028, 148335306876100, 9072
148335312203036, 148335312209288, 6252
148335453469956, 148335453479352, 9396
148335476590440, 148335476600000, 9560
148335522117376, 148335522124508, 7132
148335548166792, 148335548174764, 7972
148335593652756, 148335593662092, 9336
148335686232588, 148335686240656, 8068
148335826850612, 148335826858088, 7476
148335860390880, 148335860401012, 10132
148335905881132, 148335905890060, 8928
148335932422548, 148335932430668, 8120
148335955523880, 148335955532576, 8696
148336001000596, 148336001008944, 8348
148336160831084, 148336160838068, 6984
148336194856252, 148336194865148, 8896
148336214237340, 148336214246052, 8712
148336282384248, 148336282392464, 8216
148336305478268, 148336305489400, 11132
148336327334192, 148336327342592, 8400
148336372783224, 148336372792244, 9020
148336406315996, 148336406324796, 8800
148336429924328, 148336429932108, 7780
148336451796552, 148336451804936, 8384
148336477773356, 148336477781096, 7740
148336511300748, 148336511310052, 9304
148336513635040, 148336513642572, 7532
148336576210744, 148336576219336, 8592
148336599355760, 148336599362032, 6272
148336601679628, 148336601686636, 7008
148336762004568, 148336762010376, 5808
148336921865356, 148336921871880, 6524
148336996670280, 148336996679908, 9628
148337088591828, 148337088598984, 7156
148337162823728, 148337162831372, 7644
148337303864452, 148337303871068, 6616
148337434223372, 148337434226292, 2920
148337526105572, 148337526112016, 6444
148337549208692, 148337549216932, 8240
148337690358808, 148337690365276, 6468
148337713478792, 148337713488080, 9288
148337788455132, 148337788461700, 6568
148337948792500, 148337948799696, 7196
148338089285016, 148338089290816, 5800
148338230178884, 148338230186036, 7152
148338298204024, 148338298209572, 5548
148338366232212, 148338366239804, 7592
148338371585288, 148338371592108, 6820
148338428939488, 148338428948444, 8956
148338496355248, 148338496362568, 7320
148338515717524, 148338515724740, 7216
148338521062496, 148338521068088, 5592
148338526379228, 148338526386844, 7616
148338528705848, 148338528713688, 7840
148338596707824, 148338596714768, 6944
148338599039592, 148338599047524, 7932
148338604354252, 148338604362936, 8684
148338637806824, 148338637814680, 7856
148338706401444, 148338706408900, 7456
148338739953644, 148338739962296, 8652
148338742282476, 148338742288452, 5976
148338746402728, 148338746403932, 1204
148338814599268, 148338814605972, 6704
148340636937592, 148340636940320, 2728
148340729533356, 148340729539156, 5800
148340821453080, 148340821459248, 6168
148340913294628, 148340913300632, 6004
148341005547252, 148341005552240, 4988
148341097282632, 148341097287984, 5352
148341189555020, 148341189559812, 4792
148341281271268, 148341281276028, 4760
148341372943604, 148341372948160, 4556
148341465143960, 148341465148768, 4808
148341556844464, 148341556849512, 5048
148341648561724, 148341648566548, 4824
148341740804876, 148341740809616, 4740
148341832463280, 148341832468152, 4872
148341924578260, 148341924583236, 4976
148342016277192, 148342016282264, 5072
148342107971744, 148342107976320, 4576
148342200217792, 148342200222496, 4704
148342291922196, 148342291926788, 4592
148342383626956, 148342383631780, 4824
148342475835156, 148342475839756, 4600
148342567537416, 148342567542048, 4632
148342659186768, 148342659191636, 4868
148342751414472, 148342751419096, 4624
148342843189336, 148342843194384, 5048
148342935235500, 148342935240180, 4680
148343026946656, 148343026951768, 5112
148343118632660, 148343118637780, 5120
148343210904928, 148343210909576, 4648
148343302727664, 148343302734544, 6880
148343394768960, 148343394776312, 7352
148343487141208, 148343487147292, 6084
148343578975636, 148343578981520, 5884
148343671273916, 148343671280064, 6148
148343763139644, 148343763145268, 5624
148343855682800, 148343855688892, 6092
148343948276792, 148343948282876, 6084
148344040388852, 148344040395416, 6564
148344132370632, 148344132376568, 5936
148344224920084, 148344224925952, 5868
148344317005384, 148344317010212, 4828
148344409522620, 148344409528164, 5544
148344501554844, 148344501560452, 5608
148344593640876, 148344593647400, 6524
148344686347628, 148344686353116, 5488
148344778421344, 148344778427232, 5888
148344870529752, 148344870538068, 8316
148344963187916, 148344963193552, 5636
148345055177228, 148345055182996, 5768
148345147170400, 148345147176076, 5676
148345239733484, 148345239738248, 4764
148345331601024, 148345331606916, 5892
148345423986012, 148345423991732, 5720
148345515881860, 148345515887400, 5540
148345607726768, 148345607732568, 5800
148345700211344, 148345700217032, 5688
148345792151892, 148345792158100, 6208
148345883974860, 148345883980364, 5504
148345976246960, 148345976252596, 5636
148346068032116, 148346068038040, 5924
148346160310336, 148346160315472, 5136
148346252051852, 148346252059072, 7220
148346277988056, 148346277994540, 6484
148346352093248, 148346352100116, 6868
148346371434452, 148346371441124, 6672
148346394504208, 148346394510332, 6124
148346463164812, 148346463171980, 7168
148346465488096, 148346465494552, 6456
148346491428620, 148346491434736, 6116
148346559467988, 148346559473788, 5800
148346585402892, 148346585409504, 6612
148346677730772, 148346677737348, 6576
148346723114792, 148346723120980, 6188
148346742474724, 148346742479588, 4864
148346787856816, 148346787863780, 6964
148346809692508, 148346809698892, 6384
148346832856364, 148346832862776, 6412
148346838180992, 148346838185104, 4112
148346843515728, 148346843521416, 5688
148346845840260, 148346845845848, 5588
148346908891120, 148346908897848, 6728
148347048996580, 148347049001728, 5148
148347189942896, 148347189947896, 5000
148347330259856, 148347330265180, 5324
148347471657712, 148347471663332, 5620
148347612019948, 148347612025264, 5316
148347752938340, 148347752945200, 6860
148347758286948, 148347758295096, 8148
148347781348488, 148347781353932, 5444
148347786692736, 148347786700160, 7424
148347790066508, 148347790068004, 1496
148347795393248, 148347795398484, 5236
148347848906592, 148347848915400, 8808
148347854267848, 148347854272272, 4424
148347859586852, 148347859593224, 6372
148347861931020, 148347861938596, 7576
148347869834748, 148347869835924, 1176
148347875158864, 148347875165860, 6996
148347896998076, 148347897005628, 7552
148347916967176, 148347916974844, 7668
148347947048936, 148347947056520, 7584
148348113144912, 148348113147048, 2136
148348143305804, 148348143312308, 6504
148348174027776, 148348174036020, 8244
148348265873852, 148348265882316, 8464
148348299334888, 148348299343840, 8952
148348348484168, 148348348494640, 10472
148348444201428, 148348444204556, 3128
148348474386676, 148348474393548, 6872
148348504568576, 148348504578896, 10320
148348561490700, 148348561498196, 7496
148348595051016, 148348595059744, 8728
148348625273516, 148348625281908, 8392
148348647685484, 148348647694580, 9096
148348653019012, 148348653026712, 7700
148348683758676, 148348683764952, 6276
148348811124264, 148348811127540, 3276
148348903631988, 148348903638024, 6036
148348995457808, 148348995462852, 5044
148349087601748, 148349087610996, 9248
148349121077056, 148349121084928, 7872
148350021608868, 148350021611812, 2944
148350089734720, 148350089740504, 5784
148350158285312, 148350158290264, 4952
148350226289968, 148350226294824, 4856
148350294283780, 148350294288876, 5096
148350362297700, 148350362303768, 6068
148350431225420, 148350431231060, 5640
148350499354220, 148350499360524, 6304
148350567384308, 148350567388808, 4500
148350635396020, 148350635400404, 4384
148350703967892, 148350703972732, 4840
148350771972444, 148350771977172, 4728
148350840148952, 148350840154472, 5520
148350908682804, 148350908688348, 5544
148350976569900, 148350976576028, 6128
148351044673444, 148351044679752, 6308
148351112768708, 148351112773828, 5120
148351181305208, 148351181314568, 9360
148351186655856, 148351186664524, 8668
148351218106104, 148351218112860, 6756
148351286187880, 148351286209460, 21580
148351316378760, 148351316399384, 20624
148351349889980, 148351349908656, 18676
148351355681756, 148351355693228, 11472
148351389723096, 148351389741748, 18652
148351399557756, 148351399576252, 18496
148351517232196, 148351517234240, 2044
148351522549764, 148351522554920, 5156
148351527884712, 148351527889620, 4908
148351533217604, 148351533222284, 4680
148351538546204, 148351538551412, 5208
148351543879512, 148351543884092, 4580
148351549211880, 148351549216976, 5096
148351554529244, 148351554536052, 6808
148351559091608, 148351559092888, 1280
148351564415144, 148351564422624, 7480
148351597906780, 148351597914792, 8012
148351628080056, 148351628089228, 9172
148351666779488, 148351666780956, 1468
148351700265668, 148351700274520, 8852
148351706665772, 148351706667040, 1268
148351736808992, 148351736816388, 7396
148351739148508, 148351739155180, 6672
148351900140356, 148351900142372, 2016
148351902466812, 148351902474676, 7864
148351924341928, 148351924349860, 7932
148352084273796, 148352084280964, 7168
148352110241024, 148352110249672, 8648
148352156247136, 148352156255084, 7948
148352175619908, 148352175628724, 8816
148352205750684, 148352205763140, 12456
148352211080712, 148352211087948, 7236
148352217181988, 148352217183248, 1260
148352222517920, 148352222524392, 6472
148352290591544, 148352290598304, 6760
148352431541216, 148352431546904, 5688
