148016189449364, 148016189460676, 11312
148016269227232, 148016269238372, 11140
148016390852380, 148016390863840, 11460
148016425455748, 148016425465488, 9740
148016443632712, 148016443643476, 10764
148016449250892, 148016449258664, 7772
148016463204868, 148016463214872, 10004
148016490557596, 148016490566016, 8420
148016569021568, 148016569031200, 9632
148016574966124, 148016574976128, 10004
148016673269908, 148016673279272, 9364
148016681974480, 148016681985536, 11056
148016689979572, 148016689989820, 10248
148016779688968, 148016779698776, 9808
148016834442400, 148016834452340, 9940
148016843318892, 148016843328452, 9560
148016911133368, 148016911142468, 9100
148016916744400, 148016916751520, 7120
148016985173764, 148016985182536, 8772
148017044017804, 148017044026696, 8892
148017151839440, 148017151847928, 8488
148017158759228, 148017158767008, 7780
148017168563088, 148017168565172, 2084
148017218505632, 148017218516976, 11344
148017297077068, 148017297087372, 10304
148017340574024, 148017340583196, 9172
148017346484532, 148017346491756, 7224
148017381108236, 148017381117592, 9356
148017491072168, 148017491082012, 9844
148017496988076, 148017496995568, 7492
148017524615420, 148017524625496, 10076
148017577915988, 148017577926780, 10792
148017605435144, 148017605444796, 9652
148017611322360, 148017611329892, 7532
148017622513052, 148017622522164, 9112
148017623186632, 148017623194656, 8024
148017628790008, 148017628796912, 6904
148017737141200, 148017737150972, 9772
148017759257336, 148017759266532, 9196
148017827013464, 148017827022560, 9096
148017854401352, 148017854411056, 9704
148017876487912, 148017876498212, 10300
148017887664192, 148017887674088, 9896
148017922371920, 148017922381356, 9436
148017933615680, 148017933623796, 8116
148017956102064, 148017956112368, 10304
148017961738444, 148017961747916, 9472
148018070212692, 148018070222280, 9588
148018138102720, 148018138110976, 8256
148018143783164, 148018143792956, 9792
148018157767744, 148018157778912, 11168
148018226412392, 148018226422568, 10176
148018232047092, 148018232054936, 7844
148018337253700, 148018337263052, 9352
148018341110168, 148018341120200, 10032
148018346753088, 148018346760480, 7392
148018364922256, 148018364932312, 10056
148018365038544, 148018365047124, 8580
148018439342256, 148018439351928, 9672
148018445223912, 148018445231864, 7952
148018553466288, 148018553475400, 9112
148018559112488, 148018559121964, 9476
148018693741704, 148018693749904, 8200
148018700069296, 148018700079820, 10524
148018705669748, 148018705677168, 7420
148018767412704, 148018767422020, 9316
148018794779208, 148018794789632, 10424
148018862536360, 148018862544892, 8532
148018897252808, 148018897262572, 9764
148018906073860, 148018906082100, 8240
148018917228528, 148018917239152, 10624
148018926028060, 148018926036356, 8296
148018931928892, 148018931936372, 7480
148018959856172, 148018959865852, 9680
148019058067968, 148019058077156, 9188
148019079962852, 148019079973056, 10204
148019090932752, 148019090941044, 8292
148019158441196, 148019158449844, 8648
148019167236060, 148019167243312, 7252
148019202309520, 148019202319816, 10296
148019392190804, 148019392201372, 10568
148019474769932, 148019474779660, 9728
148019485869228, 148019485877316, 8088
148019538994588, 148019539004948, 10360
148019547785976, 148019547794076, 8100
148019561563960, 148019561573464, 9504
148019570366028, 148019570373340, 7312
148019605058684, 148019605068048, 9364
148019622689096, 148019622698608, 9512
148019633429936, 148019633439764, 9828
148019642213564, 148019642221564, 8000
148019710502656, 148019710512440, 9784
148019737911668, 148019737920288, 8620
148019749021616, 148019749029172, 7556
148019857286620, 148019857296444, 9824
148019868377784, 148019868385320, 7536
148019916615916, 148019916627324, 11408
148020002356460, 148020002368060, 11600
148020023376628, 148020023386568, 9940
148020034475004, 148020034482684, 7680
148020046143052, 148020046153408, 10356
148020067151000, 148020067160360, 9360
148020094031860, 148020094041620, 9760
148020100926372, 148020100934348, 7976
148020135540392, 148020135549952, 9560
148020153163812, 148020153173376, 9564
148020153824052, 148020153832608, 8556
148020159805088, 148020159812048, 6960
148020168659844, 148020168668676, 8832
148020247697712, 148020247706804, 9092
148020315457004, 148020315465844, 8840
148020342854612, 148020342863508, 8896
148020421430628, 148020421440288, 9660
148020433132608, 148020433141464, 8856
148020435007464, 148020435015592, 8128
148020513685776, 148020513695500, 9724
148020541062912, 148020541072604, 9692
148020561212240, 148020561221888, 9648
148020582320764, 148020582330520, 9756
148020604305436, 148020604314436, 9000
148020703870240, 148020703880304, 10064
148020724081492, 148020724091288, 9796
148020746217788, 148020746226512, 8724
148020757310188, 148020757318112, 7924
148020810513160, 148020810522748, 9588
148020816404288, 148020816412052, 7764
148020915054564, 148020915064592, 10028
148020936646488, 148020936655348, 8860
148020956783504, 148020956792880, 9376
148020967978228, 148020967987980, 9752
148020989869776, 148020989879472, 9696
148021010822424, 148021010830640, 8216
148021030784432, 148021030793532, 9100
148021036651712, 148021036658624, 6912
148021069172292, 148021069179492, 7200
148021089138128, 148021089145460, 7332
148021110068108, 148021110076840, 8732
148021121161624, 148021121169308, 7684
148021174133340, 148021174142288, 8948
148021242175608, 148021242183408, 7800
148021295134404, 148021295142848, 8444
148021695428104, 148021695438460, 10356
148021835627076, 148021835636552, 9476
148021921725760, 148021921735716, 9956
148021942267520, 148021942276588, 9068
148022078156116, 148022078165612, 9496
148022084064956, 148022084073388, 8432
148022095250300, 148022095259364, 9064
148022098164156, 148022098172336, 8180
148022165867528, 148022165877168, 9640
148022971666348, 148022971677248, 10900
148023244357828, 148023244366136, 8308
148023250237476, 148023250245612, 8136
148024144266100, 148024144276040, 9940
148025164578408, 148025164588244, 9836
148025170737264, 148025170745040, 7776
148025192645384, 148025192655668, 10284
148025233092032, 148025233103836, 11804
148025253054300, 148025253062276, 7976
148025275602400, 148025275610872, 8472
148025286681864, 148025286690108, 8244
148025304890712, 148025304901884, 11172
148025328816268, 148025328821072, 4804
148025340974080, 148025340985744, 11664
148025361107984, 148025361118708, 10724
148025369925264, 148025369933620, 8356
148025375859608, 148025375869116, 9508
148025396920576, 148025396928504, 7928
148025408540952, 148025408548300, 7348
148026954082456, 148026954093260, 10804
148027307543612, 148027307552392, 8780
148027318663056, 148027318672692, 9636
148027324283520, 148027324291340, 7820
148027398825852, 148027398836880, 11028
148027454132520, 148027454142220, 9700
148027588221908, 148027588231524, 9616
148027792065004, 148027792075012, 10008
148027845265116, 148027845274572, 9456
148027854099404, 148027854109332, 9928
148027881470808, 148027881480632, 9824
148027935208816, 148027935218048, 9232
148027962541580, 148027962551276, 9696
148028070829012, 148028070840056, 11044
148028098861652, 148028098870384, 8732
148028204608248, 148028204618208, 9960
148028213430792, 148028213439400, 8608
148028266713312, 148028266721436, 8124
148028293222580, 148028293232216, 9636
148028304345012, 148028304352728, 7716
148028326456052, 148028326465840, 9788
148028354539476, 148028354549416, 9940
148028454029412, 148028454039476, 10064
148028465135452, 148028465143008, 7556
148028471046076, 148028471055368, 9292
148028579622548, 148028579631824, 9276
148028590884688, 148028590894544, 9856
148028595366780, 148028595375016, 8236
148028617373968, 148028617383340, 9372
148028671344804, 148028671354156, 9352
148028697809628, 148028697819772, 10144
148028702941412, 148028702948548, 7136
148028711852800, 148028711863048, 10248
148028723096520, 148028723104508, 7988
148028726871320, 148028726878340, 7020
148028735715488, 148028735725872, 10384
148028737817640, 148028737825536, 7896
148028750827644, 148028750837180, 9536
148028759649676, 148028759658004, 8328
148028827519208, 148028827528968, 9760
148028836395036, 148028836404760, 9724
148028858402120, 148028858411980, 9860
148028912200444, 148028912209836, 9392
148028940104784, 148028940112760, 7976
148029048018096, 148029048028508, 10412
148029056809136, 148029056817976, 8840
148029061902080, 148029061908920, 6840
148029070684480, 148029070692096, 7616
148029133099032, 148029133107496, 8464
148029186644024, 148029186652472, 8448
148029291266496, 148029291277912, 11416
148029313667428, 148029313675464, 8036
148029319157200, 148029319163916, 6716
148029324749496, 148029324757400, 7904
148029328184948, 148029328193292, 8344
148029427012156, 148029427021316, 9160
148029448938224, 148029448948836, 10612
148029656188628, 148029656199448, 10820
148029684744124, 148029684752568, 8444
148029691642376, 148029691650484, 8108
148029708010636, 148029708017748, 7112
148029713605664, 148029713612220, 6556
148029737934992, 148029737945028, 10036
148029755918504, 148029755929648, 11144
148029843810200, 148029843820804, 10604
148029887927708, 148029887937376, 9668
148029910442832, 148029910452868, 10036
148029919226504, 148029919234456, 7952
148029923386368, 148029923393160, 6792
148029932210312, 148029932220092, 9780
148029949088796, 148029949099472, 10676
148029957910128, 148029957918212, 8084
148029969042548, 148029969052172, 9624
148029971242552, 148029971250876, 8324
148029993324432, 148029993334760, 10328
148030020715568, 148030020725628, 10060
148030029572208, 148030029580184, 7976
148030051541656, 148030051551612, 9956
148030104793196, 148030104802636, 9440
148030111735436, 148030111742920, 7484
148030131843320, 148030131852956, 9636
148030948456152, 148030948466680, 10528
148031263532696, 148031263543704, 11008
148031398756208, 148031398766356, 10148
148031431118788, 148031431129832, 11044
148031499233832, 148031499243396, 9564
148031526664872, 148031526674944, 10072
148031620496104, 148031620501196, 5092
148031699508832, 148031699518144, 9312
148031798068432, 148031798077960, 9528
148031819147388, 148031819156980, 9592
148032930680488, 148032930691064, 10576
148033512513220, 148033512522392, 9172
148033512952112, 148033512959156, 7044
148033521735152, 148033521742296, 7144
148033556483548, 148033556492488, 8940
148034940924964, 148034940935264, 10300
148035313452388, 148035313461164, 8776
148035333463064, 148035333472776, 9712
148035360796928, 148035360805968, 9040
148035537126616, 148035537139188, 12572
148035577250792, 148035577261960, 11168
148035630451544, 148035630461288, 9744
148035671047448, 148035671056416, 8968
148035776391148, 148035776401968, 10820
148035980046868, 148035980057100, 10232
148036018165296, 148036018174928, 9632
148036020209864, 148036020217176, 7312
148036042157172, 148036042166592, 9420
148036076803688, 148036076813184, 9496
148036159359444, 148036159370860, 11416
148036197685736, 148036197697436, 11700
148014193840632, 148014193851248, 10616
148014193930120, 148014193936876, 6756
148014193956036, 148014193962548, 6512
148014193980520, 148014193987240, 6720
148014194004172, 148014194010576, 6404
148014194071076, 148014194078000, 6924
148014194127556, 148014194134588, 7032
148014194209680, 148014194216716, 7036
148014194234532, 148014194241044, 6512
148014194263600, 148014194270644, 7044
148014194307960, 148014194315104, 7144
148014194367392, 148014194374716, 7324
148014194394280, 148014194400800, 6520
148014194422664, 148014194429316, 6652
148014194446400, 148014194453064, 6664
148016187667456, 148016187681700, 14244
148016187699884, 148016187707276, 7392
148016187721408, 148016187728496, 7088
148016187741408, 148016187748316, 6908
148016187761396, 148016187767996, 6600
148016187781176, 148016187787804, 6628
148016187800096, 148016187806744, 6648
148016187819320, 148016187825904, 6584
148016211485604, 148016211497252, 11648
148016235442652, 148016235447644, 4992
148016259259232, 148016259264276, 5044
148016283193856, 148016283198632, 4776
148016307133880, 148016307144116, 10236
148016315972644, 148016315981172, 8528
148016323032452, 148016323041496, 9044
148016330955728, 148016330963084, 7356
148016339768272, 148016339775288, 7016
148016343107952, 148016343118080, 10128
148016354887860, 148016354896696, 8836
148016363858444, 148016363867608, 9164
148016378816300, 148016378823632, 7332
148016387745716, 148016387755688, 9972
148016481540552, 148016481550028, 9476
148016490343436, 148016490353164, 9728
148016501484276, 148016501492784, 8508
148016569326572, 148016569336144, 9572
148016677691004, 148016677700904, 9900
148016993053692, 148016993064412, 10720
148017117226956, 148017117235816, 8860
148017151704356, 148017151712384, 8028
148017218499416, 148017218510108, 10692
148017229720624, 148017229728980, 8356
148017234333120, 148017234340120, 7000
148017240007180, 148017240016004, 8824
148017267423936, 148017267434096, 10160
148017273036296, 148017273044204, 7908
148017284227380, 148017284237024, 9644
148017294158868, 148017294166688, 7820
148017299803224, 148017299813168, 9944
148017407885068, 148017407895460, 10392
148017414788876, 148017414796012, 7136
148017497738724, 148017497743176, 4452
148017514663960, 148017514672980, 9020
148017593374724, 148017593383956, 9232
148017599049688, 148017599059340, 9652
148017633721916, 148017633730500, 8584
148017655664052, 148017655674368, 10316
148017661320788, 148017661329488, 8700
148017683011016, 148017683020512, 9496
148017689161876, 148017689169864, 7988
148017695037056, 148017695044848, 7792
148017712925128, 148017712935480, 10352
148017718563956, 148017718573688, 9732
148017754026540, 148017754035908, 9368
148017788891500, 148017788901084, 9584
148017794533484, 148017794541420, 7936
148017802664540, 148017802674452, 9912
148017808274312, 148017808281268, 6956
148017878966152, 148017878975900, 9748
148017978175556, 148017978185216, 9660
148017989300400, 148017989308392, 7992
148017994930440, 148017994938100, 7660
148018012056124, 148018012065576, 9452
148018017668020, 148018017676152, 8132
148018070970584, 148018070979168, 8584
148018105637240, 148018105647376, 10136
148018116854740, 148018116862364, 7624
148018144273476, 148018144282432, 8956
148018166313988, 148018166323484, 9496
148018171942996, 148018171950424, 7428
148018177884300, 148018177895148, 10848
148018191534208, 148018191543008, 8800
148018197138312, 148018197145120, 6808
148018262697036, 148018262707000, 9964
148018361155204, 148018361164656, 9452
148018372330404, 148018372338476, 8072
148018377976864, 148018377987316, 10452
148018400927756, 148018400937824, 10068
148018406515628, 148018406523008, 7380
148018430841648, 148018430851500, 9852
148018437023216, 148018437031444, 8228
148018459008608, 148018459017492, 8884
148018460753732, 148018460761724, 7992
148018466348444, 148018466355220, 6776
148018490669316, 148018490679220, 9904
148018496296828, 148018496303772, 6944
148018504893324, 148018504903288, 9964
148018532239024, 148018532249076, 10052
148018537908568, 148018537917480, 8912
148018559809412, 148018559818748, 9336
148018588384992, 148018588394872, 9880
148018615664512, 148018615674444, 9932
148018626917424, 148018626926696, 9272
148018705744828, 148018705753992, 9164
148018759120028, 148018759129568, 9540
148018837499388, 148018837509500, 10112
148018848609676, 148018848617652, 7976
148018877581944, 148018877591660, 9716
148018956346024, 148018956355616, 9592
148019064325632, 148019064335240, 9608
148019070200032, 148019070207192, 7160
148019185042528, 148019185052656, 10128
148019193816396, 148019193824672, 8276
148019221102796, 148019221112660, 9864
148019238668568, 148019238678136, 9568
148019260567644, 148019260577748, 10104
148019274432140, 148019274443784, 11644
148019283217516, 148019283225548, 8032
148019289083464, 148019289091084, 7620
148020953557812, 148020953568740, 10928
148021590509552, 148021590518736, 9184
148021611478588, 148021611487704, 9116
148021633439188, 148021633447976, 8788
148021733140684, 148021733150548, 9864
148021759647244, 148021759656760, 9516
148021763135104, 148021763141972, 6868
148021771893492, 148021771900180, 6688
148021922749164, 148021922759980, 10816
148022076365340, 148022076376288, 10948
148022117887832, 148022117897880, 10048
148022170955168, 148022170964712, 9544
148022293644388, 148022293655656, 11268
148022435229180, 148022435240084, 10904
148022476836164, 148022476845980, 9816
148022504366336, 148022504375404, 9068
148022515540012, 148022515549124, 9112
148022550197596, 148022550207516, 9920
148022577694876, 148022577704420, 9544
148022598582976, 148022598592496, 9520
148022600702880, 148022600709804, 6924
148022607713092, 148022607719900, 6808
148022624637964, 148022624648104, 10140
148022633443244, 148022633450596, 7352
148022713678184, 148022713687864, 9680
148022760640416, 148022760649752, 9336
148022768369572, 148022768377792, 8220
148022775400180, 148022775409968, 9788
148022847956824, 148022847966196, 9372
148022856844492, 148022856853640, 9148
148022867960060, 148022867967264, 7204
148022876811576, 148022876820352, 8776
148022887869332, 148022887876444, 7112
148022896736240, 148022896746172, 9932
148022913110816, 148022913118024, 7208
148022921997900, 148022922007748, 9848
148022928421448, 148022928429936, 8488
148022935761660, 148022935770852, 9192
148022942658716, 148022942665832, 7116
148022959669216, 148022959679128, 9912
148022966571808, 148022966579024, 7216
148023009936068, 148023009944340, 8272
148023016612916, 148023016620896, 7980
148023094581104, 148023094589232, 8128
148023112111104, 148023112119356, 8252
148023119016292, 148023119025024, 8732
148023124874868, 148023124881788, 6920
148023127179348, 148023127185944, 6596
148023134075160, 148023134082924, 7764
148023161354292, 148023161361532, 7240
148023168251776, 148023168259320, 7544
148023186343292, 148023186350360, 7068
148023193259648, 148023193267124, 7476
148023198973304, 148023198980076, 6772
148023205866888, 148023205873516, 6628
148023312744608, 148023312755672, 11064
148023336638892, 148023336650156, 11264
148023436335768, 148023436347000, 11232
148023639797176, 148023639806296, 9120
148023738855328, 148023738864768, 9440
148023759842868, 148023759852424, 9556
148023867082096, 148023867091704, 9608
148023908659236, 148023908669388, 10152
148023914538772, 148023914546540, 7768
148023955244532, 148023955253744, 9212
148023989982252, 148023989990856, 8604
148023996933836, 148023996942172, 8336
148024024375124, 148024024384484, 9360
148024033221360, 148024033230524, 9164
148024131815324, 148024131824464, 9140
148024137713748, 148024137721576, 7828
148024146539472, 148024146547488, 8016
148024200244996, 148024200253516, 8520
148024220252260, 148024220261856, 9596
148024231432304, 148024231441896, 9592
148024238339752, 148024238347720, 7968
148024244204736, 148024244212936, 8200
148024255883868, 148024255894412, 10544
148024276036440, 148024276046192, 9752
148024343909596, 148024343919412, 9816
148024363969816, 148024363979016, 9200
148024398644056, 148024398653328, 9272
148024405596036, 148024405603768, 7732
148024426137324, 148024426147040, 9716
148024621529364, 148024621538328, 8964
148024641573568, 148024641581856, 8288
148024650416260, 148024650426004, 9744
148024656299136, 148024656306948, 7812
148024658712292, 148024658719012, 6720
148024667542236, 148024667552168, 9932
148024688114984, 148024688123780, 8796
148024741260884, 148024741270152, 9268
148024747226304, 148024747235644, 9340
148024754145804, 148024754153208, 7404
148024874150216, 148024874160440, 10224
148024936290988, 148024936300528, 9540
148024947367848, 148024947375936, 8088
148024954335948, 148024954345864, 9916
148024963106140, 148024963114476, 8336
148024969816640, 148024969823696, 7056
148024978597972, 148024978604932, 6960
148024985498768, 148024985506428, 7660
148024991361132, 148024991369012, 7880
148025044327560, 148025044334812, 7252
148025065035452, 148025065043412, 7960
148025173441016, 148025173449552, 8536
148025251585556, 148025251595628, 10072
148025257207584, 148025257215712, 8128
148025264110444, 148025264117248, 6804
148025280913812, 148025280920812, 7000
148025286531344, 148025286538524, 7180
148025347922068, 148025347931560, 9492
148025456770336, 148025456780128, 9792
148025477772532, 148025477782264, 9732
148025510393484, 148025510404488, 11004
148025534179312, 148025534189516, 10204
148025555237444, 148025555246500, 9056
148025577277348, 148025577286744, 9396
148025588381672, 148025588389652, 7980
148025641510148, 148025641519372, 9224
148025668827072, 148025668837228, 10156
148025679796916, 148025679807892, 10976
148025690924860, 148025690933388, 8528
148025705666420, 148025705675028, 8608
148025733045216, 148025733055228, 10012
148025800794520, 148025800803920, 9400
148025828276720, 148025828287392, 10672
148025927689532, 148025927698764, 9232
148025969346076, 148025969356492, 10416
148025974888576, 148025974898456, 9880
148025981794972, 148025981802400, 7428
148025987216344, 148025987224480, 8136
148026007237160, 148026007247252, 10092
148026085562900, 148026085573184, 10284
148026194376020, 148026194385580, 9560
148026292780276, 148026292788952, 8676
148026314773568, 148026314783860, 10292
148026946105576, 148026946116024, 10448
148026981226276, 148026981234320, 8044
148026988152036, 148026988160448, 8412
148027086154364, 148027086163080, 8716
148027153688640, 148027153698208, 9568
148027207269948, 148027207279864, 9916
148027234562124, 148027234570244, 8120
148027249180924, 148027249187992, 7068
148027276412088, 148027276419928, 7840
148027298244412, 148027298252472, 8060
148027395594616, 148027395603872, 9256
148027463802336, 148027463811456, 9120
148027469700384, 148027469709064, 8680
148027480808524, 148027480816732, 8208
148027502798156, 148027502807340, 9184
148027556078512, 148027556087684, 9172
148027583482008, 148027583492380, 10372
148027589421256, 148027589430640, 9384
148027698077664, 148027698087844, 10180
148027720095028, 148027720105336, 10308
148027798546904, 148027798555772, 8868
148027804169440, 148027804176856, 7416
148027826131696, 148027826141280, 9584
148027831761652, 148027831769416, 7764
148027837679764, 148027837687956, 8192
148027916523428, 148027916533112, 9684
148027925380576, 148027925390404, 9828
148028033828556, 148028033837832, 9276
148028061263104, 148028061272004, 8900
148028067213264, 148028067222920, 9656
148028120395280, 148028120406364, 11084
148028188823152, 148028188833496, 10344
148028191569660, 148028191577816, 8156
148028197187036, 148028197194500, 7464
148028224560852, 148028224570668, 9816
148028303150844, 148028303161020, 10176
148028312017852, 148028312027476, 9624
148028415815668, 148028415826868, 11200
148028477560876, 148028477569900, 9024
148028530816088, 148028530826684, 10596
148028609294024, 148028609303176, 9152
148028716982048, 148028716992460, 10412
148028771745592, 148028771755300, 9708
148028870310240, 148028870320144, 9904
148028881519780, 148028881529612, 9832
148028894384896, 148028894391696, 6800
148028903277568, 148028903286424, 8856
148028931248152, 148028931257600, 9448
148028940157292, 148028940166924, 9632
148028942247760, 148028942254728, 6968
148028951022124, 148028951028964, 6840
148028960043880, 148028960051980, 8100
148028964185976, 148028964193708, 7732
148028991423868, 148028991432192, 8324
148029051354128, 148029051361640, 7512
148029078610648, 148029078619012, 8364
148029084468552, 148029084475468, 6916
148029095530472, 148029095537968, 7496
148029104320008, 148029104328744, 8736
148029181648996, 148029181657144, 8148
148029216757408, 148029216767128, 9720
148029238619612, 148029238628436, 8824
148029249710536, 148029249717736, 7200
148029357613108, 148029357622636, 9528
148029674142820, 148029674153644, 10824
148029875564752, 148029875568824, 4072
148029896540120, 148029896550348, 10228
148029951721892, 148029951731804, 9912
148029971734712, 148029971743688, 8976
148030004195720, 148030004204332, 8612
148030012993480, 148030013000964, 7484
148030026922928, 148030026932004, 9076
148030043039164, 148030043048492, 9328
148030049977732, 148030049985496, 7764
148030078979700, 148030078990124, 10424
148030085883072, 148030085891088, 8016
148030154790700, 148030154802164, 11464
148030175448016, 148030175457160, 9144
148030199579316, 148030199588628, 9312
148030206674768, 148030206685132, 10364
148030210550892, 148030210558156, 7264
148030217472000, 148030217478824, 6824
148030292046444, 148030292055692, 9248
148030359710320, 148030359719536, 9216
148030379825332, 148030379835296, 9964
148030386832092, 148030386841908, 9816
148030394019620, 148030394028048, 8428
148030462485308, 148030462495320, 10012
148030473688036, 148030473695368, 7332
148030582662100, 148030582671988, 9888
148030602737664, 148030602747172, 9508
148030681546944, 148030681556552, 9608
148030688463636, 148030688470992, 7356
148030689165884, 148030689172748, 6864
148030696073960, 148030696082284, 8324
148030710870088, 148030710879652, 9564
148030713095480, 148030713103704, 8224
148030720012328, 148030720020416, 8088
148030787705376, 148030787714856, 9480
148030808853008, 148030808857952, 4944
148030815766624, 148030815775932, 9308
148030960395700, 148030960406288, 10588
148031099987428, 148031099992004, 4576
148031127603648, 148031127612708, 9060
148031325432316, 148031325443704, 11388
148031347837992, 148031347847496, 9504
148031353234876, 148031353241856, 6980
148031358825396, 148031358833236, 7840
148031558875900, 148031558884900, 9000
148031579829448, 148031579839384, 9936
148031698250016, 148031698260244, 10228
148031849816644, 148031849826520, 9876
148031877104204, 148031877113696, 9492
148032029365764, 148032029376692, 10928
148032070949540, 148032070958552, 9012
148032105640660, 148032105650768, 10108
148032286977780, 148032286986728, 8948
148032292890248, 148032292900088, 9840
148032401635572, 148032401645440, 9868
148032551615900, 148032551625468, 9568
148032557488896, 148032557495956, 7060
148032564417272, 148032564425280, 8008
148032761179696, 148032761191636, 11940
148032821193256, 148032821204680, 11424
148032954593728, 148032954604516, 10788
148032994501832, 148032994511324, 9492
148033015453140, 148033015460284, 7144
148033035418888, 148033035427252, 8364
148033062723860, 148033062734032, 10172
148033080211336, 148033080221872, 10536
148033107538736, 148033107548344, 9608
148033175656684, 148033175666760, 10076
148033284156040, 148033284166268, 10228
148033289793180, 148033289800900, 7720
148033300913660, 148033300923424, 9764
148033306520492, 148033306528660, 8168
148033409314116, 148033409324228, 10112
148033429420240, 148033429430184, 9944
148033450436912, 148033450447048, 10136
148033461687552, 148033461695720, 8168
148033514808436, 148033514818804, 10368
148034924886440, 148034924897876, 11436
148035365513720, 148035365521976, 8256
148035376611592, 148035376619204, 7612
148035397105584, 148035397115024, 9440
148035418085204, 148035418094304, 9100
148035471319788, 148035471328424, 8636
148035488954096, 148035488964256, 10160
148035499166184, 148035499173588, 7404
148035507972980, 148035507982864, 9884
148035508893816, 148035508900916, 7100
148035536174732, 148035536184048, 9316
148035644357340, 148035644367044, 9704
148035656395640, 148035656403168, 7528
148035690969924, 148035690978656, 8732
148035697866512, 148035697874716, 8204
148035806166268, 148035806175112, 8844
148036007712196, 148036007722884, 10688
148036049310096, 148036049319280, 9184
148036158253924, 148036158263352, 9428
148036169461016, 148036169470880, 9864
148036201771160, 148036201785688, 14528
148016289109344, 148016289119732, 10388
148016398789436, 148016398800612, 11176
148016421311996, 148016421321860, 9864
148016489503612, 148016489513188, 9576
148016594225960, 148016594236000, 10040
148016635723780, 148016635732740, 8960
148016646863576, 148016646871860, 8284
148016655665972, 148016655675064, 9092
148016734976284, 148016734985800, 9516
148016755073452, 148016755082992, 9540
148016863452536, 148016863461388, 8852
148016869315736, 148016869323624, 7888
148016880454732, 148016880464676, 9944
148016886071788, 148016886079348, 7560
148016891757616, 148016891765732, 8116
148017000678672, 148017000688552, 9880
148017133789060, 148017133796960, 7900
148017218519780, 148017218530824, 11044
148017239289488, 148017239298596, 9108
148017302641380, 148017302652164, 10784
148017330088888, 148017330098868, 9980
148017397799268, 148017397808968, 9700
148017503633124, 148017503642832, 9708
148017547565264, 148017547575640, 10376
148017553156260, 148017553164348, 8088
148017563377452, 148017563384876, 7424
148017569072392, 148017569083340, 10948
148017657426356, 148017657435656, 9300
148017684859664, 148017684868560, 8896
148017742247232, 148017742257440, 10208
148017769789580, 148017769798516, 8936
148017878265656, 148017878274664, 9008
148017931695404, 148017931704924, 9520
148017959599008, 148017959608712, 9704
148017965585908, 148017965595584, 9676
148018033440976, 148018033450920, 9944
148018041968776, 148018041977168, 8392
148018047629296, 148018047639272, 9976
148018117398204, 148018117407508, 9304
148018226694912, 148018226704512, 9600
148018248745720, 148018248755180, 9460
148018259862360, 148018259870324, 7964
148018265539940, 148018265549944, 10004
148018281371296, 148018281378376, 7080
148018286996944, 148018287005888, 8944
148018321668336, 148018321677548, 9212
148018327337576, 148018327347308, 9732
148018333200948, 148018333208748, 7800
148018360515152, 148018360524836, 9684
148018439425596, 148018439435408, 9812
148018466832652, 148018466842016, 9364
148018545270448, 148018545279488, 9040
148018556379416, 148018556387224, 7808
148018562274052, 148018562281980, 7928
148018670508092, 148018670517300, 9208
148018705726912, 148018705735768, 8856
148018807791144, 148018807802180, 11036
148018846486096, 148018846493796, 7700
148018945373172, 148018945382568, 9396
148018954225008, 148018954233976, 8968
148018976120192, 148018976129540, 9348
148018987236208, 148018987244284, 8076
148019082977740, 148019082988052, 10312
148019105408756, 148019105416964, 8208
148019136405140, 148019136414764, 9624
148019235134516, 148019235143332, 8816
148019246236940, 148019246246720, 9780
148019299253696, 148019299262804, 9108
148019366946356, 148019366956392, 10036
148019445692388, 148019445700576, 8188
148019467622628, 148019467632420, 9792
148019485217160, 148019485227776, 10616
148019563485092, 148019563494268, 9176
148019585591528, 148019585600880, 9352
148019663947920, 148019663957212, 9292
148019672722988, 148019672730784, 7796
148019678617080, 148019678624732, 7652
148019681195852, 148019681202916, 7064
148019690571428, 148019690581756, 10328
148019705123268, 148019705130596, 7328
148019713894280, 148019713902124, 7844
148019729055404, 148019729065540, 10136
148019737849380, 148019737856584, 7204
148019790593004, 148019790602488, 9484
148019810624140, 148019810634140, 10000
148019816519684, 148019816527856, 8172
148019860574200, 148019860584236, 10036
148020006283816, 148020006294200, 10384
148020210318372, 148020210327556, 9184
148020230413292, 148020230423668, 10376
148020251501720, 148020251511924, 10204
148020350030864, 148020350040292, 9428
148020403248328, 148020403257468, 9140
148020423310408, 148020423320140, 9732
148020522407436, 148020522417000, 9564
148020575637468, 148020575647488, 10020
148020602973076, 148020602982408, 9332
148020682069664, 148020682079408, 9744
148020818119208, 148020818129140, 9932
148020839127628, 148020839136456, 8828
148020873927084, 148020873936564, 9480
148020894108028, 148020894117388, 9360
148020916166488, 148020916176688, 10200
148020995069556, 148020995079736, 10180
148021093102784, 148021093111656, 8872
148021160539704, 148021160548076, 8372
148021268895008, 148021268903404, 8396
148021274763116, 148021274771268, 8152
148021342235652, 148021342244956, 9304
148021362228712, 148021362237388, 8676
148021383196620, 148021383206224, 9604
148021451587884, 148021451597572, 9688
148021550158980, 148021550168036, 9056
148021611831260, 148021611840792, 9532
148021622915380, 148021622923540, 8160
148021629877884, 148021629887340, 9456
148021643536288, 148021643547480, 11192
148021667567384, 148021667572216, 4832
148021759200348, 148021759210660, 10312
148021786926296, 148021786933560, 7264
148021808804592, 148021808813648, 9056
148021861884812, 148021861894816, 10004
148022957721924, 148022957732068, 10144
148023209884616, 148023209893156, 8540
148023312364188, 148023312373436, 9248
148023332885396, 148023332894688, 9292
148023440318468, 148023440328660, 10192
148023502166168, 148023502175764, 9596
148023508032552, 148023508040260, 7708
148023521900112, 148023521909676, 9564
148023543834880, 148023543844160, 9280
148023550766644, 148023550774428, 7784
148023557932024, 148023557938700, 6676
148023564941608, 148023564951092, 9484
148023581951468, 148023581961088, 9620
148023590744564, 148023590752764, 8200
148023597646096, 148023597652864, 6768
148023605792188, 148023605801668, 9480
148023611405032, 148023611411988, 6956
148023621084768, 148023621094456, 9688
148023638671084, 148023638679000, 7916
148023745402640, 148023745413364, 10724
148023949354220, 148023949362192, 7972
148023960485968, 148023960493856, 7888
148024013760936, 148024013770424, 9488
148024020669928, 148024020677700, 7772
148024042760036, 148024042770140, 10104
148024052561880, 148024052572300, 10420
148024063683840, 148024063691592, 7752
148024150242484, 148024150252460, 9976
148024205382264, 148024205391184, 8920
148024226176828, 148024226185648, 8820
148024347638480, 148024347648968, 10488
148024389221884, 148024389231672, 9788
148024395481700, 148024395489848, 8148
148024404270316, 148024404277096, 6780
148024419411064, 148024419421316, 10252
148024428793932, 148024428802944, 9012
148024450791168, 148024450802024, 10856
148024459623220, 148024459631400, 8180
148024479683976, 148024479693540, 9564
148024490819964, 148024490829256, 9292
148024543935880, 148024543945228, 9348
148024550905824, 148024550915580, 9756
148024570972952, 148024570982896, 9944
148024676703492, 148024676714492, 11000
148024718229684, 148024718239264, 9580
148024826546496, 148024826555704, 9208
148024840506348, 148024840515904, 9556
148024860651264, 148024860661376, 10112
148024867539280, 148024867546464, 7184
148024887558404, 148024887568628, 10224
148024996135464, 148024996145168, 9704
148025004914468, 148025004923004, 8536
148025017676356, 148025017683292, 6936
148025026440636, 148025026448460, 7824
148025037521256, 148025037529252, 7996
148025041605960, 148025041612956, 6996
148025050370904, 148025050377860, 6956
148025065538976, 148025065545808, 6832
148025074306816, 148025074314580, 7764
148025081211920, 148025081220020, 8100
148025179845576, 148025179855552, 9976
148025287765856, 148025287775404, 9548
148025386152220, 148025386162160, 9940
148025442511688, 148025442522836, 11148
148025464463940, 148025464473332, 9392
148025470324988, 148025470332576, 7588
148025569463700, 148025569472676, 8976
148025647868556, 148025647878304, 9748
148025673784480, 148025673795228, 10748
148025752149164, 148025752159120, 9956
148026956158464, 148026956168916, 10452
148027398814640, 148027398819084, 4444
148027420343152, 148027420352236, 9084
148027420733000, 148027420740144, 7144
148027441795196, 148027441805700, 10504
148027549966748, 148027549976252, 9504
148027571175232, 148027571184608, 9376
148027649479300, 148027649489256, 9956
148027744187580, 148027744197204, 9624
148027771552812, 148027771562076, 9264
148027777434792, 148027777441732, 6940
148027804830840, 148027804841272, 10432
148027872471288, 148027872480236, 8948
148027889301604, 148027889308756, 7152
148027898076872, 148027898083736, 6864
148027901227176, 148027901236340, 9164
148027923696308, 148027923705656, 9348
148027934918636, 148027934926784, 8148
148027940830564, 148027940840728, 10164
148027949644464, 148027949652632, 8168
148027955285296, 148027955293480, 8184
148028034006104, 148028034014560, 8456
148028045309708, 148028045319868, 10160
148028143923352, 148028143932192, 8840
148028179217272, 148028179226616, 9344
148028269118704, 148028269128120, 9416
148028377536664, 148028377545828, 9164
148028456621024, 148028456631376, 10352
148028484276952, 148028484286392, 9440
148028519021184, 148028519030572, 9388
148028545543584, 148028545553048, 9464
148028572929832, 148028572939628, 9796
148028581840624, 148028581849868, 9244
148028583290500, 148028583297300, 6800
148028592100316, 148028592108320, 8004
148028691274992, 148028691284120, 9128
148028759226492, 148028759236448, 9956
148028768157404, 148028768165236, 7832
148028802883296, 148028802893040, 9744
148028811692652, 148028811700376, 7724
148028839097572, 148028839106764, 9192
148028844977932, 148028844985880, 7948
148028846604188, 148028846612236, 8048
148028855471716, 148028855478508, 6792
148028932795756, 148028932804556, 8800
148028967389140, 148028967399096, 9956
148028976177996, 148028976186024, 8028
148028990111832, 148028990118784, 6952
148028998893484, 148028998901132, 7648
148029014040168, 148029014046888, 6720
148029022822264, 148029022829216, 6952
148029105653748, 148029105661120, 7372
148029140138932, 148029140146720, 7788
148029145748328, 148029145756024, 7696
148029173521472, 148029173528568, 7096
148029179135916, 148029179143588, 7672
148029246657748, 148029246667104, 9356
148029281191956, 148029281200888, 8932
148029298742624, 148029298750384, 7760
148029301208012, 148029301214744, 6732
148029309974036, 148029309981372, 7336
148029436860412, 148029436872136, 11724
148029558507204, 148029558517340, 10136
148029762086840, 148029762096164, 9324
148029870923836, 148029870933508, 9672
148029891687808, 148029891697556, 9748
148029960082208, 148029960091440, 9232
148030068444060, 148030068453148, 9088
148030146782036, 148030146791988, 9952
148030162740132, 148030162744900, 4768
148030169667680, 148030169676560, 8880
148030180791568, 148030180799696, 8128
148030279284792, 148030279295060, 10268
148030300078968, 148030300088312, 9344
148030306271744, 148030306282196, 10452
148030313205624, 148030313212864, 7240
148030515798276, 148030515808592, 10316
148030556235284, 148030556244820, 9536
148030624072348, 148030624080976, 8628
148030659197680, 148030659206336, 8656
148030767259448, 148030767268316, 8868
148030787304744, 148030787314040, 9296
148030892625896, 148030892636236, 10340
148031096116636, 148031096126340, 9704
148031119912360, 148031119919748, 7388
148031536728544, 148031536738836, 10292
148031683071468, 148031683107796, 36328
148031818666540, 148031818675928, 9388
148031829774360, 148031829782628, 8268
148032029296156, 148032029307228, 11072
148032233160012, 148032233169376, 9364
148032394251768, 148032394262468, 10700
148032415768948, 148032415778956, 10008
148032427011320, 148032427019356, 8036
148032432894264, 148032432901188, 6924
148032537880152, 148032537890332, 10180
148032560306960, 148032560316208, 9248
148032594889864, 148032594899288, 9424
148032600541976, 148032600551268, 9292
148032620575372, 148032620583904, 8532
148032699532812, 148032699542256, 9444
148032767442520, 148032767451648, 9128
148032778579420, 148032778589452, 10032
148032784471516, 148032784479788, 8272
148032852232584, 148032852241436, 8852
148032855250016, 148032855257904, 7888
148032964085372, 148032964094688, 9316
148032985037888, 148032985045864, 7976
148033019529200, 148033019537440, 8240
148033025133388, 148033025141248, 7860
148033028355348, 148033028361932, 6584
148033033938520, 148033033945056, 6536
148033036609492, 148033036617032, 7540
148033047687664, 148033047696188, 8524
148033125859604, 148033125868992, 9388
148033166418408, 148033166427452, 9044
148033285665988, 148033285676884, 10896
148033489165596, 148033489174316, 8720
148033509179964, 148033509189348, 9384
148033530163396, 148033530172080, 8684
148033536030484, 148033536038264, 7780
148033644560568, 148033644570324, 9756
148033665256664, 148033665266120, 9456
148033743759388, 148033743768004, 8616
148033852087040, 148033852096764, 9724
148033879439696, 148033879448740, 9044
148033930937320, 148033930945220, 7900
148033939721052, 148033939728956, 7904
148033945640196, 148033945647268, 7072
148033954457748, 148033954465480, 7732
148033974556572, 148033974566728, 10156
148033983360468, 148033983367636, 7168
148033991540192, 148033991550024, 9832
148034000301764, 148034000309704, 7940
148034078906928, 148034078916024, 9096
148034096545220, 148034096554444, 9224
148034205452296, 148034205460792, 8496
148034232895808, 148034232905480, 9672
148034241705004, 148034241713016, 8012
148034350211260, 148034350219732, 8472
148034377660860, 148034377669792, 8932
148034424864744, 148034424874144, 9400
148034471305900, 148034471315008, 9108
148034506091892, 148034506101396, 9504
148034526182000, 148034526190924, 8924
148034534983728, 148034534991580, 7852
148034540858028, 148034540865404, 7376
148034541941136, 148034541948116, 6980
148034550776604, 148034550786208, 9604
148034577084320, 148034577094016, 9696
148034644962824, 148034644972384, 9560
148034713900180, 148034713909848, 9668
148034722682892, 148034722690288, 7396
148034750211520, 148034750220624, 9104
148034803396520, 148034803404604, 8084
148034881780460, 148034881790136, 9676
148034890667068, 148034890675336, 8268
148034958987940, 148034958996724, 8784
148034970079316, 148034970087732, 8416
148034990024260, 148034990032796, 8536
148035007554464, 148035007564116, 9652
148035020639412, 148035020646568, 7156
148035029430612, 148035029441104, 10492
148035083878904, 148035083888924, 10020
148035111202184, 148035111211836, 9652
148035131190772, 148035131200300, 9528
148035184728436, 148035184738260, 9824
148035252326932, 148035252336212, 9280
148035272315736, 148035272325208, 9472
148035380256036, 148035380265072, 9036
148035448341660, 148035448352056, 10396
148035526567876, 148035526575900, 8024
148035535374420, 148035535381460, 7040
148035656761536, 148035656772604, 11068
148035808268856, 148035808278608, 9752
148035869701484, 148035869710216, 8732
148035880813200, 148035880820572, 7372
148035989632660, 148035989642704, 10044
148036088161428, 148036088171164, 9736
148036109168548, 148036109178196, 9648
148036193165736, 148036193175040, 9304
148036258947860, 148036258957960, 10100
148016402777704, 148016402791772, 14068
148016483451588, 148016483461392, 9804
148016616159904, 148016616169944, 10040
148016662025460, 148016662036732, 11272
148016755815396, 148016755827204, 11808
148016772638112, 148016772645560, 7448
148016783831788, 148016783841240, 9452
148016785634056, 148016785642204, 8148
148016791231388, 148016791238224, 6836
148016842740740, 148016842749544, 8804
148016941941440, 148016941952108, 10668
148016947559304, 148016947567492, 8188
148016967738888, 148016967748496, 9608
148016973339976, 148016973347716, 7740
148017000687908, 148017000696916, 9008
148017035194968, 148017035202828, 7860
148017046281968, 148017046289148, 7180
148017073534340, 148017073541836, 7496
148017093498864, 148017093506604, 7740
148017099371532, 148017099380008, 8476
148017152330116, 148017152337484, 7368
148017176543940, 148017176555368, 11428
148018253396512, 148018253406804, 10292
148018879828940, 148018879838088, 9148
148018933003780, 148018933013192, 9412
148019068770524, 148019068779664, 9140
148019146815000, 148019146825072, 10072
148019268435760, 148019268446012, 10252
148019370148380, 148019370159068, 10688
148019414085552, 148019414094424, 8872
148019419934324, 148019419941444, 7120
148019428733672, 148019428741664, 7992
148019537356172, 148019537364620, 8448
148019564702140, 148019564712204, 10064
148019669274764, 148019669285540, 10776
148019690776412, 148019690785516, 9104
148019725383424, 148019725392556, 9132
148019844757200, 148019844767288, 10088
148019888545176, 148019888554348, 9172
148020004291180, 148020004301648, 10468
148020057104200, 148020057113816, 9616
148020064081308, 148020064088404, 7096
148020072914060, 148020072923056, 8996
148020088014876, 148020088024360, 9484
148020096819304, 148020096827072, 7768
148020124122876, 148020124132188, 9312
148020144253232, 148020144263140, 9908
148020253148184, 148020253157404, 9220
148020287840812, 148020287850164, 9352
148020307977688, 148020307987528, 9840
148020329061724, 148020329071900, 10176
148020349144624, 148020349154236, 9612
148020417163764, 148020417173284, 9520
148020445180504, 148020445189968, 9464
148020478011128, 148020478020864, 9736
148020498031372, 148020498041164, 9792
148020519969984, 148020519979500, 9516
148020737703436, 148020737713452, 10016
148020757839276, 148020757849556, 10280
148020836386020, 148020836395772, 9752
148020945586368, 148020945597292, 10924
148021080668644, 148021080678312, 9668
148021082686968, 148021082695024, 8056
148021239336700, 148021239344228, 7528
148021273828976, 148021273836708, 7732
148021324457644, 148021324467672, 10028
148021358968544, 148021358978368, 9824
148021386288252, 148021386299016, 10764
148021394291776, 148021394303532, 11756
148021448072724, 148021448082440, 9716
148021556468100, 148021556477168, 9068
148021567566512, 148021567574032, 7520
148021602265096, 148021602274476, 9380
148021609214056, 148021609224964, 10908
148021763145952, 148021763157216, 11264
148021817633060, 148021817642468, 9408
148021922736956, 148021922747648, 10692
148021964793104, 148021964801124, 8020
148021978559388, 148021978570648, 11260
148022072294332, 148022072299260, 4928
148022116304132, 148022116313240, 9108
148022148045152, 148022148054508, 9356
148022153003788, 148022153013756, 9968
148022261828732, 148022261837704, 8972
148022267737972, 148022267745756, 7784
148022302436008, 148022302445504, 9496
148022381466276, 148022381476576, 10300
148022410756816, 148022410766832, 10016
148022419712084, 148022419721788, 9704
148022519123428, 148022519132456, 9028
148022524997632, 148022525005344, 7712
148022578379840, 148022578388688, 8848
148022613751344, 148022613760364, 9020
148022616656752, 148022616663928, 7176
148022685084000, 148022685093024, 9024
148022716941092, 148022716950060, 8968
148022720361816, 148022720369828, 8012
148022729154092, 148022729162492, 8400
148022797119136, 148022797128504, 9368
148022804038192, 148022804046520, 8328
148022816085004, 148022816094624, 9620
148022822979184, 148022822987120, 7936
148022831818376, 148022831827848, 9472
148022840012020, 148022840020320, 8300
148022846908792, 148022846915696, 6904
148022906510136, 148022906518656, 8520
148022941753684, 148022941762800, 9116
148022950566188, 148022950574240, 8052
148023048699784, 148023048709752, 9968
148023075936304, 148023075944888, 8584
148023096563604, 148023096571788, 8184
148023149393680, 148023149402164, 8484
148023227968104, 148023227975524, 7420
148023234917680, 148023234927292, 9612
148023243692020, 148023243700232, 8212
148023311506920, 148023311516976, 10056
148023333954772, 148023333963796, 9024
148023443530452, 148023443539456, 9004
148023465453480, 148023465463320, 9840
148023564006784, 148023564016156, 9372
148023665258668, 148023665267660, 8992
148024884108320, 148024884119012, 10692
148025159075508, 148025159085184, 9676
148025179634764, 148025179644176, 9412
148025190754164, 148025190762792, 8628
148025243895688, 148025243904272, 8584
148025250796568, 148025250803928, 7360
148025272661772, 148025272669836, 8064
148025272935644, 148025272943684, 8040
148025392721196, 148025392732248, 11052
148025534238272, 148025534248652, 10380
148025589131908, 148025589142216, 10308
148025595041588, 148025595050884, 9296
148025701722576, 148025701732560, 9984
148025741784352, 148025741793016, 8664
148025747658512, 148025747665880, 7368
148025767692668, 148025767701304, 8636
148025901219328, 148025901230684, 11356
148026037365300, 148026037374852, 9552
148026044337416, 148026044346900, 9484
148026064414200, 148026064423324, 9124
148026086376772, 148026086385672, 8900
148026092255260, 148026092263300, 8040
148026212216864, 148026212227596, 10732
148026253795944, 148026253805268, 9324
148026281210624, 148026281220320, 9696
148026295189124, 148026295197720, 8596
148026315235772, 148026315245760, 9988
148026342674476, 148026342683604, 9128
148026447572212, 148026447583572, 11360
148026487774796, 148026487785100, 10304
148026555659800, 148026555669536, 9736
148026562590364, 148026562598392, 8028
148026582633472, 148026582644156, 10684
148026589645900, 148026589655544, 9644
148026657375132, 148026657384300, 9168
148026678086908, 148026678096128, 9220
148026705497448, 148026705507240, 9792
148026716636176, 148026716645752, 9576
148026738592120, 148026738602240, 10120
148026765942404, 148026765951184, 8780
148026800688824, 148026800698548, 9724
148026822681796, 148026822691220, 9424
148026829671860, 148026829681160, 9300
148026836375796, 148026836382864, 7068
148026843330564, 148026843337332, 6768
148026847825416, 148026847834832, 9416
148026860306796, 148026860314876, 8080
148026867282628, 148026867289404, 6776
148026874927860, 148026874937656, 9796
148026884237048, 148026884245460, 8412
148026891189160, 148026891197824, 8664
148026944950804, 148026944960828, 10024
148026951892012, 148026951900788, 8776
148026956031060, 148026956037868, 6808
148026962933016, 148026962940340, 7324
148026974040380, 148026974047724, 7344
148026994004580, 148026994012976, 8396
148027021241576, 148027021249400, 7824
148027074223328, 148027074230684, 7356
148027077679476, 148027077686132, 6656
148027104915156, 148027104923044, 7888
148027124880880, 148027124889384, 8504
148027194604796, 148027194614592, 9796
148027214619736, 148027214629472, 9736
148027282078936, 148027282089656, 10720
148027283083656, 148027283090480, 6824
148027350713044, 148027350721972, 8928
148028954224932, 148028954234588, 9656
148029634854376, 148029634863628, 9252
148029645981108, 148029645989088, 7980
148029739954852, 148029739965684, 10832
148030254463880, 148030254474140, 10260
148030372371852, 148030372381500, 9648
148030471468336, 148030471477888, 9552
148030593555172, 148030593565956, 10784
148030635171356, 148030635180016, 8660
148030646301364, 148030646309872, 8508
148030651937212, 148030651944548, 7336
148030705630200, 148030705640076, 9876
148030783171780, 148030783180260, 8480
148030789036068, 148030789043184, 7116
148030867828224, 148030867837272, 9048
148030895410652, 148030895420336, 9684
148030930635924, 148030930644872, 8948
148030983641652, 148030983651308, 9656
148031000451980, 148031000459756, 7776
148031100004912, 148031100016372, 11460
148031122456080, 148031122465708, 9628
148031133175080, 148031133182740, 7660
148031285467800, 148031285478256, 10456
148031340048528, 148031340057484, 8956
148031393075640, 148031393086152, 10512
148031398690288, 148031398697888, 7600
148031518805496, 148031518816296, 10800
148031562796028, 148031562805888, 9860
148031568386616, 148031568393984, 7368
148031574606120, 148031574616464, 10344
148031592557244, 148031592567556, 10312
148031672329736, 148031672340716, 10980
148031693337336, 148031693347068, 9732
148031727900724, 148031727909532, 8808
148031853777784, 148031853787960, 10176
148031906993560, 148031907002496, 8936
148032035284792, 148032035295372, 10580
148032052081960, 148032052090036, 8076
148032057989656, 148032057999312, 9656
148032078022028, 148032078031856, 9828
148032084923900, 148032084931640, 7740
148032101053368, 148032101063364, 9996
148032106665896, 148032106673992, 8096
148032113595760, 148032113603548, 7788
148032124974716, 148032124984580, 9864
148032131896920, 148032131905032, 8112
148032137599156, 148032137607888, 8732
148032158181900, 148032158191136, 9236
148032160869920, 148032160877924, 8004
148032166464460, 148032166472204, 7744
148032172354400, 148032172362300, 7900
148032280688680, 148032280698212, 9532
148032318847336, 148032318857232, 9896
148032324474140, 148032324481712, 7572
148032344701660, 148032344711808, 10148
148032350392168, 148032350399944, 7776
148032361572636, 148032361581668, 9032
148032396255816, 148032396265540, 9724
148032416819588, 148032416828992, 9404
148032437865380, 148032437874456, 9076
148032460135992, 148032460146868, 10876
148032467069984, 148032467078244, 8260
148032487063516, 148032487073488, 9972
148032493996980, 148032494004660, 7680
148032505211132, 148032505220248, 9116
148032613352244, 148032613361392, 9148
148032618963468, 148032618970864, 7396
148032630105460, 148032630114428, 8968
148032637019172, 148032637027280, 8108
148032639484584, 148032639492856, 8272
148032651500132, 148032651510752, 10620
148032669473908, 148032669485016, 11108
148032942627496, 148032942637292, 9796
148033152037300, 148033152047760, 10460
148033201900976, 148033201912580, 11604
148033225824712, 148033225829508, 4796
148033293614988, 148033293624536, 9548
148033320898668, 148033320908588, 9920
148033355445764, 148033355455392, 9628
148033382722772, 148033382731840, 9068
148033388603144, 148033388611212, 8068
148033493033212, 148033493044128, 10916
148033547683400, 148033547692428, 9028
148033666628528, 148033666639300, 10772
148033721426440, 148033721435384, 8944
148033739138356, 148033739147336, 8980
148033773917048, 148033773927576, 10528
148033791587364, 148033791596924, 9560
148033811657192, 148033811667928, 10736
148033820469740, 148033820476820, 7080
148033840566788, 148033840576412, 9624
148033858204656, 148033858214772, 10116
148033869491180, 148033869500560, 9380
148033871885788, 148033871894252, 8464
148033880666804, 148033880674900, 8096
148033883849180, 148033883857032, 7852
148033904470136, 148033904480212, 10076
148033999802124, 148033999811216, 9092
148034019162920, 148034019172680, 9760
148034025036800, 148034025044240, 7440
148034052462476, 148034052472696, 10220
148034151619448, 148034151628216, 8768
148034162758264, 148034162766120, 7856
148034171625456, 148034171635032, 9576
148034191705624, 148034191715644, 10020
148034200526888, 148034200534744, 7856
148034206487280, 148034206496796, 9516
148034207016604, 148034207025584, 8980
148034215821168, 148034215828204, 7036
148034222867288, 148034222874736, 7448
148034242909248, 148034242918736, 9488
148034310894780, 148034310904052, 9272
148034345327900, 148034345337176, 9276
148034351291244, 148034351299760, 8516
148034360177848, 148034360185900, 8052
148034374429644, 148034374439200, 9556
148034383212696, 148034383220900, 8204
148034462360928, 148034462369756, 8828
148034561039388, 148034561048724, 9336
148034572225416, 148034572234284, 8868
148034592311936, 148034592320984, 9048
148034645565824, 148034645574756, 8932
148034666173672, 148034666183312, 9640
148034679108328, 148034679118272, 9944
148034684990548, 148034684998584, 8036
148034763724044, 148034763733080, 9036
148034772608420, 148034772617804, 9384
148034792768668, 148034792778700, 10032
148034801627204, 148034801634392, 7188
148034807603020, 148034807612692, 9672
148034816415376, 148034816423008, 7632
148034829110408, 148034829120564, 10156
148034837916392, 148034837923568, 7176
148034865302188, 148034865311068, 8880
148034876479820, 148034876488776, 8956
148034896561320, 148034896571312, 9992
148034924414000, 148034924422440, 8440
148035002577736, 148035002586448, 8712
148035029864416, 148035029873180, 8764
148035064358392, 148035064367260, 8868
148035084333552, 148035084341756, 8204
148035110735624, 148035110744660, 9036
148035219174160, 148035219183604, 9444
148035227997840, 148035228007760, 9920
148035235932328, 148035235939252, 6924
148035244698508, 148035244706444, 7936
148035255800860, 148035255809548, 8688
148035259863180, 148035259871204, 8024
148035268661012, 148035268669844, 8832
148035291922940, 148035291931932, 8992
148035359421740, 148035359431108, 9368
148035394465076, 148035394473604, 8528
148035400833424, 148035400840900, 7476
148035403530492, 148035403537488, 6996
148035412326980, 148035412335740, 8760
148035434229888, 148035434239208, 9320
148035532701636, 148035532711128, 9492
148035554649844, 148035554658252, 8408
148036173243468, 148036173254452, 10984
