148012144071904, 148012144079520, 7616
148016189445620, 148016189449000, 3380
148016269223744, 148016269226868, 3124
148016278192004, 148016278198300, 6296
148016286960152, 148016286964236, 4084
148016295901196, 148016295907492, 6296
148016390848780, 148016390852184, 3404
148016397783252, 148016397789680, 6428
148016404674592, 148016404679452, 4860
148016411633324, 148016411641116, 7792
148016418539768, 148016418544600, 4832
148016425447120, 148016425455548, 8428
148016434299092, 148016434306388, 7296
148016443622968, 148016443632240, 9272
148016449243004, 148016449250696, 7692
148016456254792, 148016456260440, 5648
148016463195156, 148016463204676, 9520
148016490549656, 148016490557396, 7740
148016569012172, 148016569021372, 9200
148016574956568, 148016574965908, 9340
148016673262256, 148016673269708, 7452
148016681969420, 148016681974292, 4872
148016689965272, 148016689979380, 14108
148016779685760, 148016779688752, 2992
148016807041588, 148016807047244, 5656
148016834432424, 148016834442192, 9768
148016843309508, 148016843318540, 9032
148016911123304, 148016911133068, 9764
148016916737944, 148016916744096, 6152
148016985164720, 148016985173468, 8748
148016991017092, 148016991027384, 10292
148017044009300, 148017044017448, 8148
148017151830772, 148017151839124, 8352
148017158751384, 148017158758864, 7480
148017168558552, 148017168562892, 4340
148017218501528, 148017218505292, 3764
148017297066632, 148017297076668, 10036
148017340564300, 148017340573660, 9360
148017346476912, 148017346484344, 7432
148017381099236, 148017381107892, 8656
148017491064828, 148017491071848, 7020
148017496980560, 148017496987808, 7248
148017524606220, 148017524615068, 8848
148017577908188, 148017577915792, 7604
148017605426460, 148017605434852, 8392
148017611314628, 148017611322100, 7472
148017622503892, 148017622512736, 8844
148017623183824, 148017623186052, 2228
148017628782456, 148017628789644, 7188
148017737133936, 148017737141004, 7068
148017759248816, 148017759256964, 8148
148017827004704, 148017827012984, 8280
148017854392660, 148017854401012, 8352
148017876477520, 148017876487712, 10192
148017887654788, 148017887663876, 9088
148017922363496, 148017922371456, 7960
148017927993368, 148017927997940, 4572
148017933608848, 148017933615484, 6636
148017956094376, 148017956101864, 7488
148017961730576, 148017961738236, 7660
148018070205208, 148018070212500, 7292
148018138093680, 148018138102524, 8844
148018143775808, 148018143782968, 7160
148018157759444, 148018157767552, 8108
148018226398836, 148018226412200, 13364
148018232034656, 148018232046884, 12228
148018285219496, 148018285234000, 14504
148018337240384, 148018337253508, 13124
148018341101624, 148018341109976, 8352
148018346740920, 148018346752896, 11976
148018364908344, 148018364922052, 13708
148018365033208, 148018365038352, 5144
148018432802120, 148018432818392, 16272
148018439327540, 148018439342060, 14520
148018445212064, 148018445223720, 11656
148018553451196, 148018553466092, 14896
148018559099120, 148018559112296, 13176
148018612283004, 148018612298980, 15976
148018682086748, 148018682103144, 16396
148018693729380, 148018693741504, 12124
148018700060940, 148018700069108, 8168
148018705659704, 148018705669556, 9852
148018767398208, 148018767412508, 14300
148018794765780, 148018794779004, 13224
148018862522636, 148018862536164, 13528
148018897237408, 148018897252608, 15200
148018906061592, 148018906073664, 12072
148018917215400, 148018917228332, 12932
148018926016440, 148018926027868, 11428
148018931917624, 148018931928692, 11068
148018959841804, 148018959855972, 14168
148019058058784, 148019058067752, 8968
148019079953612, 148019079962664, 9052
148019090930360, 148019090932560, 2200
148019158432672, 148019158441012, 8340
148019167228976, 148019167235864, 6888
148019202303044, 148019202309328, 6284
148019392187212, 148019392190608, 3396
148019419475992, 148019419480816, 4824
148019447340484, 148019447345688, 5204
148019474760420, 148019474769732, 9312
148019485861292, 148019485869036, 7744
148019538985044, 148019538994392, 9348
148019547777256, 148019547785780, 8524
148019561562188, 148019561563772, 1584
148019570358680, 148019570365836, 7156
148019605050936, 148019605058492, 7556
148019613911708, 148019613917400, 5692
148019622681736, 148019622688704, 6968
148019633428084, 148019633429632, 1548
148019642204928, 148019642213204, 8276
148019710494976, 148019710502472, 7496
148019737903120, 148019737911296, 8176
148019749013664, 148019749021424, 7760
148019857277960, 148019857286256, 8296
148019868369896, 148019868377588, 7692
148019916609428, 148019916615548, 6120
148020002353220, 148020002356120, 2900
148020023366500, 148020023376308, 9808
148020034467296, 148020034474636, 7340
148020046141068, 148020046142688, 1620
148020067141684, 148020067150652, 8968
148020094022808, 148020094031500, 8692
148020100918724, 148020100926004, 7280
148020135533176, 148020135540044, 6868
148020144386588, 148020144392072, 5484
148020153156768, 148020153163616, 6848
148020153822672, 148020153823860, 1188
148020159803688, 148020159804896, 1208
148020168651580, 148020168659652, 8072
148020247688500, 148020247697516, 9016
148020315447228, 148020315456792, 9564
148020342846648, 148020342854400, 7752
148020421421760, 148020421430432, 8672
148020433123912, 148020433132412, 8500
148020435006056, 148020435007272, 1216
148020513677696, 148020513685556, 7860
148020541055720, 148020541062716, 6996
148020561203196, 148020561212056, 8860
148020582310220, 148020582320564, 10344
148020604297704, 148020604305244, 7540
148020703859240, 148020703870028, 10788
148020724073432, 148020724081296, 7864
148020746209864, 148020746217572, 7708
148020757302348, 148020757309992, 7644
148020810504160, 148020810512972, 8812
148020816397260, 148020816404092, 6832
148020915047424, 148020915054372, 6948
148020936637464, 148020936646288, 8824
148020956775148, 148020956783308, 8160
148020967970084, 148020967978036, 7952
148020989863436, 148020989869560, 6124
148021010814636, 148021010822232, 7596
148021030777912, 148021030784240, 6328
148021036644108, 148021036651516, 7408
148021069170780, 148021069172096, 1316
148021089131332, 148021089137932, 6600
148021110061244, 148021110067912, 6668
148021121154484, 148021121161432, 6948
148021174124556, 148021174133144, 8588
148021242169608, 148021242175412, 5804
148021295126920, 148021295134216, 7296
148021695424516, 148021695427904, 3388
148021715619108, 148021715625384, 6276
148021735710828, 148021735717164, 6336
148021755764656, 148021755770308, 5652
148021775746168, 148021775750972, 4804
148021795696700, 148021795701568, 4868
148021815650376, 148021815654956, 4580
148021835619088, 148021835626892, 7804
148021921718460, 148021921725576, 7116
148021942259992, 148021942267324, 7332
148022010082328, 148022010087504, 5176
148022078146420, 148022078155844, 9424
148022084056720, 148022084064632, 7912
148022095239556, 148022095250004, 10448
148022098162232, 148022098163868, 1636
148022165859744, 148022165867164, 7420
148022971663340, 148022971666104, 2764
148022992602340, 148022992608244, 5904
148023013546648, 148023013551588, 4940
148023034470632, 148023034475456, 4824
148023055418684, 148023055423544, 4860
148023076328856, 148023076333448, 4592
148023097225272, 148023097229588, 4316
148023118145112, 148023118149644, 4532
148023139056300, 148023139060796, 4496
148023160003052, 148023160007992, 4940
148023181499648, 148023181504168, 4520
148023202435596, 148023202440316, 4720
148023223397864, 148023223402896, 5032
148023244348916, 148023244357480, 8564
148023250228440, 148023250237104, 8664
148024144261980, 148024144265812, 3832
148024223151760, 148024223157968, 6208
148024301544660, 148024301550128, 5468
148024379940640, 148024379945876, 5236
148024458948072, 148024458953748, 5676
148024537220320, 148024537225848, 5528
148024615579940, 148024615585700, 5760
148024694474072, 148024694479144, 5072
148024772866352, 148024772871172, 4820
148024851546832, 148024851552804, 5972
148024930376356, 148024930382220, 5864
148025008462708, 148025008468320, 5612
148025086493332, 148025086497856, 4524
148025164570396, 148025164577832, 7436
148025170729188, 148025170736896, 7708
148025192638124, 148025192645020, 6896
148025233088632, 148025233091688, 3056
148025253046808, 148025253054104, 7296
148025275593568, 148025275602024, 8456
148025286674948, 148025286681672, 6724
148025304883192, 148025304890304, 7112
148025328808344, 148025328815916, 7572
148025340970320, 148025340973708, 3388
148025361100832, 148025361107644, 6812
148025369916316, 148025369925076, 8760
148025375849688, 148025375859124, 9436
148025396912208, 148025396920172, 7964
148025408539688, 148025408540760, 1072
148026954079320, 148026954082112, 2792
148026959672840, 148026959678888, 6048
148026965272112, 148026965276680, 4568
148026970874348, 148026970878948, 4600
148026976488296, 148026976492928, 4632
148026982095860, 148026982100988, 5128
148026987674732, 148026987678824, 4092
148026993273824, 148026993278136, 4312
148026998885028, 148026998889716, 4688
148027004484908, 148027004489332, 4424
148027010083764, 148027010088020, 4256
148027015672016, 148027015676300, 4284
148027021274036, 148027021278144, 4108
148027026873504, 148027026877392, 3888
148027032474784, 148027032479020, 4236
148027038096252, 148027038101264, 5012
148027043674912, 148027043679364, 4452
148027049273944, 148027049277612, 3668
148027054886088, 148027054890636, 4548
148027060491232, 148027060494860, 3628
148027066092352, 148027066096508, 4156
148027071670664, 148027071677008, 6344
148027077285596, 148027077289972, 4376
148027082885840, 148027082890092, 4252
148027088489080, 148027088493680, 4600
148027094105508, 148027094109816, 4308
148027099702384, 148027099706988, 4604
148027105284928, 148027105289248, 4320
148027110888776, 148027110893036, 4260
148027116504520, 148027116508636, 4116
148027122108080, 148027122111592, 3512
148027127703316, 148027127707384, 4068
148027133283600, 148027133287780, 4180
148027138931452, 148027138936848, 5396
148027144548272, 148027144552500, 4228
148027150143688, 148027150148184, 4496
148027155778244, 148027155783316, 5072
148027161360804, 148027161365072, 4268
148027167520420, 148027167525256, 4836
148027173117944, 148027173122540, 4596
148027178752256, 148027178758300, 6044
148027184363036, 148027184367188, 4152
148027189959720, 148027189964024, 4304
148027195586880, 148027195592328, 5448
148027201173068, 148027201176784, 3716
148027206778532, 148027206783296, 4764
148027212382276, 148027212386608, 4332
148027218016116, 148027218021464, 5348
148027223609040, 148027223613876, 4836
148027229189604, 148027229194248, 4644
148027234799680, 148027234804140, 4460
148027240398328, 148027240402680, 4352
148027245994900, 148027245999220, 4320
148027251590128, 148027251595016, 4888
148027257198000, 148027257202520, 4520
148027262776504, 148027262780184, 3680
148027268369348, 148027268373884, 4536
148027273971716, 148027273976336, 4620
148027279561400, 148027279565832, 4432
148027285159168, 148027285163708, 4540
148027290737156, 148027290741240, 4084
148027296342072, 148027296346684, 4612
148027301941880, 148027301946192, 4312
148027307536360, 148027307543236, 6876
148027318656240, 148027318662860, 6620
148027324275608, 148027324283324, 7716
148027398822636, 148027398825496, 2860
148027426768420, 148027426774884, 6464
148027454123864, 148027454132328, 8464
148027588218960, 148027588221680, 2720
148027655866672, 148027655871460, 4788
148027724250016, 148027724255204, 5188
148027792056800, 148027792064720, 7920
148027845256872, 148027845264920, 8048
148027854089860, 148027854099188, 9328
148027881463056, 148027881470580, 7524
148027935201732, 148027935208620, 6888
148027962532748, 148027962541384, 8636
148028070825328, 148028070828820, 3492
148028076427400, 148028076432240, 4840
148028082044488, 148028082048872, 4384
148028087648072, 148028087652852, 4780
148028093263080, 148028093266688, 3608
148028098853356, 148028098861452, 8096
148028204598476, 148028204608020, 9544
148028213422616, 148028213430600, 7984
148028266706896, 148028266713104, 6208
148028275574248, 148028275580088, 5840
148028284387312, 148028284392408, 5096
148028293213736, 148028293222364, 8628
148028304337952, 148028304344824, 6872
148028326448700, 148028326455860, 7160
148028354530672, 148028354539256, 8584
148028454021024, 148028454029220, 8196
148028465129068, 148028465135232, 6164
148028471036352, 148028471045876, 9524
148028579616568, 148028579622328, 5760
148028590875812, 148028590884496, 8684
148028595358668, 148028595366588, 7920
148028617364864, 148028617373776, 8912
148028671337636, 148028671344608, 6972
148028680145464, 148028680149984, 4520
148028688949052, 148028688952928, 3876
148028697801232, 148028697809436, 8204
148028702939960, 148028702941220, 1260
148028711844404, 148028711852580, 8176
148028723089576, 148028723096300, 6724
148028726869848, 148028726871132, 1284
148028735708072, 148028735715292, 7220
148028737811864, 148028737817444, 5580
148028750825656, 148028750827448, 1792
148028759641920, 148028759649484, 7564
148028827509672, 148028827519012, 9340
148028836387112, 148028836394840, 7728
148028858394236, 148028858401928, 7692
148028912191200, 148028912200252, 9052
148028934237948, 148028934246704, 8756
148028940096556, 148028940104596, 8040
148029048009616, 148029048017900, 8284
148029056800328, 148029056808948, 8620
148029061900736, 148029061901892, 1156
148029070677836, 148029070684284, 6448
148029133091420, 148029133098840, 7420
148029186636132, 148029186643836, 7704
148029291263720, 148029291266312, 2592
148029296855132, 148029296860188, 5056
148029302452772, 148029302457140, 4368
148029308049804, 148029308054352, 4548
148029313658408, 148029313667080, 8672
148029319155768, 148029319156852, 1084
148029324742020, 148029324749164, 7144
148029328177488, 148029328184604, 7116
148029427003360, 148029427011800, 8440
148029448929192, 148029448937940, 8748
148029656185496, 148029656188304, 2808
148029662341864, 148029662346892, 5028
148029667922096, 148029667926308, 4212
148029673526772, 148029673530904, 4132
148029679135756, 148029679140188, 4432
148029684735420, 148029684743732, 8312
148029691636024, 148029691641912, 5888
148029708009252, 148029708010440, 1188
148029713599260, 148029713605468, 6208
148029737933148, 148029737934684, 1536
148029755915468, 148029755918144, 2676
148029843807052, 148029843809848, 2796
148029852642752, 148029852647980, 5228
148029861461912, 148029861465564, 3652
148029870314244, 148029870320304, 6060
148029879088820, 148029879093596, 4776
148029887918392, 148029887927252, 8860
148029910434560, 148029910442480, 7920
148029919218528, 148029919226032, 7504
148029923384820, 148029923386180, 1360
148029932202644, 148029932209952, 7308
148029949081000, 148029949088436, 7436
148029957901060, 148029957909932, 8872
148029969033064, 148029969042204, 9140
148029971241128, 148029971242336, 1208
148029993318300, 148029993324080, 5780
148030020700368, 148030020715268, 14900
148030029560248, 148030029571904, 11656
148030051527868, 148030051541460, 13592
148030104779304, 148030104792864, 13560
148030111721512, 148030111735176, 13664
148030131831064, 148030131842952, 11888
148030948453268, 148030948455856, 2588
148030969396832, 148030969402432, 5600
148030990326864, 148030990331440, 4576
148031011271704, 148031011276716, 5012
148031032292632, 148031032298732, 6100
148031053444232, 148031053450476, 6244
148031074512520, 148031074517944, 5424
148031095501292, 148031095506188, 4896
148031116493404, 148031116498976, 5572
148031137414380, 148031137418808, 4428
148031158889628, 148031158894348, 4720
148031179872444, 148031179877532, 5088
148031200948200, 148031200953844, 5644
148031263528372, 148031263532340, 3968
148031331168240, 148031331174024, 5784
148031398746980, 148031398755996, 9016
148031431111676, 148031431118576, 6900
148031499220052, 148031499233620, 13568
148031526650764, 148031526664656, 13892
148031620488108, 148031620495908, 7800
148031699493944, 148031699508628, 14684
148031798055260, 148031798068208, 12948
148031819132736, 148031819147188, 14452
148032930677680, 148032930680296, 2616
148032939504668, 148032939510276, 5608
148032948275780, 148032948280608, 4828
148032957094640, 148032957100348, 5708
148032965858140, 148032965862596, 4456
148032974654604, 148032974658996, 4392
148032983416240, 148032983420596, 4356
148032992184288, 148032992188420, 4132
148033000962756, 148033000967504, 4748
148033009720228, 148033009724636, 4408
148033018508532, 148033018513344, 4812
148033027270520, 148033027275220, 4700
148033036039416, 148033036043832, 4416
148033044820652, 148033044825084, 4432
148033053585892, 148033053590588, 4696
148033062380572, 148033062385236, 4664
148033071189908, 148033071196236, 6328
148033079987960, 148033079992860, 4900
148033088776924, 148033088781852, 4928
148033097584168, 148033097589460, 5292
148033106377384, 148033106381248, 3864
148033115203024, 148033115208396, 5372
148033123959652, 148033123964504, 4852
148033132779716, 148033132785468, 5752
148033141557404, 148033141562440, 5036
148033150349416, 148033150353884, 4468
148033159658796, 148033159664176, 5380
148033168438544, 148033168443368, 4824
148033177207680, 148033177212380, 4700
148033185983828, 148033185987816, 3988
148033194787420, 148033194792464, 5044
148033203551088, 148033203555260, 4172
148033212391848, 148033212397012, 5164
148033221170160, 148033221174308, 4148
148033229948624, 148033229952804, 4180
148033238798664, 148033238804020, 5356
148033247563420, 148033247567724, 4304
148033256422732, 148033256428900, 6168
148033265215408, 148033265220204, 4796
148033274154600, 148033274160480, 5880
148033282949168, 148033282953008, 3840
148033291822348, 148033291827712, 5364
148033300599564, 148033300604220, 4656
148033309361676, 148033309366324, 4648
148033318168712, 148033318174140, 5428
148033326940324, 148033326945140, 4816
148033335722488, 148033335726920, 4432
148033344484864, 148033344489244, 4380
148033353281752, 148033353287248, 5496
148033362056628, 148033362061464, 4836
148033370855212, 148033370860996, 5784
148033379650528, 148033379655456, 4928
148033388448204, 148033388452912, 4708
148033397286256, 148033397291224, 4968
148033406602092, 148033406606448, 4356
148033415427412, 148033415432832, 5420
148033424294332, 148033424299360, 5028
148033433178132, 148033433183796, 5664
148033441952720, 148033441956908, 4188
148033450881280, 148033450886344, 5064
148033459655124, 148033459659168, 4044
148033468489752, 148033468493928, 4176
148033477315660, 148033477320952, 5292
148033486084856, 148033486088612, 3756
148033494877576, 148033494883240, 5664
148033503699336, 148033503703592, 4256
148033512502688, 148033512512772, 10084
148033512950412, 148033512951920, 1508
148033521727264, 148033521734680, 7416
148033556474992, 148033556483188, 8196
148034940921824, 148034940924608, 2784
148034962799524, 148034962804956, 5432
148034984665456, 148034984671164, 5708
148035006514256, 148035006519212, 4956
148035028374396, 148035028379940, 5544
148035050264060, 148035050269056, 4996
148035072123864, 148035072129024, 5160
148035094006844, 148035094011964, 5120
148035115875428, 148035115880996, 5568
148035137741768, 148035137746832, 5064
148035160203196, 148035160208512, 5316
148035182127224, 148035182132364, 5140
148035203986800, 148035203992196, 5396
148035225860976, 148035225866152, 5176
148035247744620, 148035247750100, 5480
148035269660124, 148035269665116, 4992
148035291559280, 148035291564396, 5116
148035313445368, 148035313452016, 6648
148035333453760, 148035333462736, 8976
148035360786200, 148035360796576, 10376
148035537122592, 148035537126284, 3692
148035557214024, 148035557219160, 5136
148035577242588, 148035577250568, 7980
148035630444236, 148035630451352, 7116
148035651046868, 148035651052492, 5624
148035671039792, 148035671047080, 7288
148035776387828, 148035776390844, 3016
148035843970272, 148035843974980, 4708
148035912094136, 148035912098800, 4664
148035980037216, 148035980046528, 9312
148036018155696, 148036018164992, 9296
148036020202288, 148036020209584, 7296
148036042149664, 148036042156880, 7216
148036076794812, 148036076803492, 8680
148036085586528, 148036085591560, 5032
148036159357316, 148036159359224, 1908
148036168143880, 148036168149512, 5632
148036176911576, 148036176915876, 4300
148036197676720, 148036197685480, 8760
148012101930004, 148012101938100, 8096
148012135765864, 148012135773828, 7964
148012169083548, 148012169096868, 13320
148012177467724, 148012177477184, 9460
148014193834640, 148014193840252, 5612
148014193926508, 148014193929848, 3340
148014193953336, 148014193955848, 2512
148014193978732, 148014193980336, 1604
148014194002588, 148014194003988, 1400
148014194068400, 148014194070884, 2484
148014194124660, 148014194127364, 2704
148014194206540, 148014194209488, 2948
148014194232876, 148014194234348, 1472
148014194261048, 148014194263408, 2360
148014194304928, 148014194307756, 2828
148014194364208, 148014194367200, 2992
148014194392648, 148014194394092, 1444
148014194419864, 148014194422472, 2608
148014194443952, 148014194446168, 2216
148016187662288, 148016187667124, 4836
148016187687024, 148016187699548, 12524
148016187711340, 148016187721024, 9684
148016187732644, 148016187741044, 8400
148016187752428, 148016187760988, 8560
148016187771924, 148016187780724, 8800
148016187791456, 148016187799900, 8444
148016187810924, 148016187819132, 8208
148016211479080, 148016211485264, 6184
148016235437584, 148016235442308, 4724
148016259252276, 148016259258880, 6604
148016283188712, 148016283193488, 4776
148016307126460, 148016307133668, 7208
148016315960448, 148016315972372, 11924
148016323027428, 148016323032260, 4832
148016330949740, 148016330955536, 5796
148016339758292, 148016339768080, 9788
148016343090192, 148016343107596, 17404
148016354881812, 148016354887644, 5832
148016363843004, 148016363858080, 15076
148016378810392, 148016378816112, 5720
148016387730812, 148016387745380, 14568
148016481525216, 148016481540184, 14968
148016490331680, 148016490343128, 11448
148016501471612, 148016501484076, 12464
148016569312752, 148016569326208, 13456
148016677676196, 148016677690656, 14460
148016993049336, 148016993053304, 3968
148016999963340, 148016999969228, 5888
148017006859500, 148017006864120, 4620
148017013776064, 148017013780544, 4480
148017020657044, 148017020661668, 4624
148017027565728, 148017027570344, 4616
148017034461828, 148017034466156, 4328
148017041365352, 148017041369672, 4320
148017048249756, 148017048254140, 4384
148017055159424, 148017055163936, 4512
148017062046064, 148017062050776, 4712
148017068939804, 148017068944432, 4628
148017075837184, 148017075841340, 4156
148017082721348, 148017082725468, 4120
148017089623464, 148017089627896, 4432
148017096517748, 148017096522052, 4304
148017103419488, 148017103424004, 4516
148017110306512, 148017110311016, 4504
148017117219756, 148017117226740, 6984
148017151696420, 148017151704140, 7720
148017218494116, 148017218499224, 5108
148017224097768, 148017224103252, 5484
148017229711392, 148017229720312, 8920
148017234331628, 148017234332784, 1156
148017239998536, 148017240006868, 8332
148017267414784, 148017267423544, 8760
148017273028512, 148017273035992, 7480
148017284217908, 148017284227012, 9104
148017294157232, 148017294158612, 1380
148017299792708, 148017299802868, 10160
148017407878324, 148017407884600, 6276
148017414776960, 148017414788684, 11724
148017497736312, 148017497738348, 2036
148017503345376, 148017503350944, 5568
148017508996696, 148017509000216, 3520
148017514656168, 148017514663596, 7428
148017593365092, 148017593374528, 9436
148017599040456, 148017599049320, 8864
148017633712864, 148017633721548, 8684
148017655656820, 148017655663700, 6880
148017661312208, 148017661320320, 8112
148017683009184, 148017683010684, 1500
148017689155072, 148017689161680, 6608
148017695029784, 148017695036860, 7076
148017712923020, 148017712924780, 1760
148017718554960, 148017718563604, 8644
148017754018364, 148017754026220, 7856
148017788881668, 148017788891196, 9528
148017794527040, 148017794533024, 5984
148017802662488, 148017802664156, 1668
148017808267740, 148017808274120, 6380
148017878956284, 148017878965784, 9500
148017989292832, 148017989300032, 7200
148017994923268, 148017994930252, 6984
148018012054244, 148018012055808, 1564
148018017661264, 148018017667748, 6484
148018070961460, 148018070970216, 8756
148018105629456, 148018105637044, 7588
148018111243036, 148018111248084, 5048
148018116847500, 148018116854548, 7048
148018144264840, 148018144273272, 8432
148018166306468, 148018166313792, 7324
148018171935596, 148018171942800, 7204
148018177872932, 148018177884108, 11176
148018191532652, 148018191534020, 1368
148018197132776, 148018197138120, 5344
148018262687244, 148018262696840, 9596
148018361147656, 148018361154996, 7340
148018372323020, 148018372330212, 7192
148018377965744, 148018377976640, 10896
148018400926152, 148018400927572, 1420
148018406508380, 148018406515428, 7048
148018430839920, 148018430841456, 1536
148018437014544, 148018437023012, 8468
148018458999788, 148018459008420, 8632
148018460752260, 148018460753536, 1276
148018466341512, 148018466348248, 6736
148018490667716, 148018490669124, 1408
148018496290672, 148018496296636, 5964
148018504884496, 148018504893112, 8616
148018532230132, 148018532238832, 8700
148018537898824, 148018537908360, 9536
148018559801168, 148018559809196, 8028
148018588383348, 148018588384780, 1432
148018615655280, 148018615664320, 9040
148018621321184, 148018621326292, 5108
148018626908904, 148018626916976, 8072
148018705736248, 148018705744624, 8376
148018759111796, 148018759119696, 7900
148018837489500, 148018837499028, 9528
148018848602436, 148018848609484, 7048
148018877576888, 148018877581596, 4708
148018956331280, 148018956345820, 14540
148019064315848, 148019064325168, 9320
148019070192360, 148019070199736, 7376
148019185038684, 148019185042232, 3548
148019193807404, 148019193816132, 8728
148019221094468, 148019221102356, 7888
148019229896460, 148019229901948, 5488
148019238660728, 148019238668372, 7644
148019260559840, 148019260567452, 7612
148019274427000, 148019274431924, 4924
148019283205776, 148019283217324, 11548
148019289071108, 148019289083268, 12160
148020953554436, 148020953557600, 3164
148020960448056, 148020960453128, 5072
148020967331476, 148020967335188, 3712
148020974286500, 148020974292348, 5848
148020981184384, 148020981189364, 4980
148020988090256, 148020988094660, 4404
148020994995340, 148020995000072, 4732
148021001902476, 148021001906736, 4260
148021008787124, 148021008791668, 4544
148021015701924, 148021015706140, 4216
148021022589232, 148021022593444, 4212
148021029501524, 148021029505844, 4320
148021036402080, 148021036406232, 4152
148021043305704, 148021043310092, 4388
148021050200500, 148021050204732, 4232
148021057098408, 148021057102812, 4404
148021064010020, 148021064014380, 4360
148021070895124, 148021070899532, 4408
148021077816164, 148021077820924, 4760
148021084703476, 148021084707792, 4316
148021091608012, 148021091612396, 4384
148021098504396, 148021098508816, 4420
148021105411200, 148021105415820, 4620
148021112297992, 148021112302192, 4200
148021119213660, 148021119218000, 4340
148021126103332, 148021126107432, 4100
148021133007292, 148021133011908, 4616
148021139907424, 148021139911820, 4396
148021146796184, 148021146800816, 4632
148021153716836, 148021153721408, 4572
148021160604244, 148021160608216, 3972
148021167518484, 148021167523052, 4568
148021174420144, 148021174424836, 4692
148021181871176, 148021181875744, 4568
148021188755948, 148021188760048, 4100
148021195678284, 148021195682740, 4456
148021202563968, 148021202568900, 4932
148021209471420, 148021209476224, 4804
148021216366056, 148021216370916, 4860
148021223277072, 148021223281616, 4544
148021230163684, 148021230168156, 4472
148021237077288, 148021237081840, 4552
148021243969364, 148021243973612, 4248
148021250871588, 148021250876008, 4420
148021257767504, 148021257771884, 4380
148021264670640, 148021264674868, 4228
148021271562700, 148021271567500, 4800
148021278463216, 148021278467456, 4240
148021285367224, 148021285371464, 4240
148021292277632, 148021292282440, 4808
148021299200500, 148021299204812, 4312
148021306096060, 148021306100160, 4100
148021312998708, 148021313002568, 3860
148021319912968, 148021319917504, 4536
148021326813668, 148021326817804, 4136
148021333727912, 148021333733908, 5996
148021340640656, 148021340645584, 4928
148021347544816, 148021347549616, 4800
148021354476284, 148021354481900, 5616
148021361366476, 148021361371420, 4944
148021368249480, 148021368254144, 4664
148021375188464, 148021375194232, 5768
148021382080304, 148021382085500, 5196
148021388981084, 148021388985720, 4636
148021395946440, 148021395951900, 5460
148021402867816, 148021402872048, 4232
148021409770604, 148021409774332, 3728
148021416743268, 148021416748540, 5272
148021423646528, 148021423651004, 4476
148021431126500, 148021431131000, 4500
148021438106520, 148021438111728, 5208
148021445031508, 148021445036312, 4804
148021451915744, 148021451919924, 4180
148021458895904, 148021458901420, 5516
148021465828024, 148021465831656, 3632
148021472723104, 148021472726756, 3652
148021479729560, 148021479734932, 5372
148021486627648, 148021486631668, 4020
148021493602580, 148021493608572, 5992
148021500532084, 148021500536044, 3960
148021507427316, 148021507431176, 3860
148021514377332, 148021514383144, 5812
148021521271192, 148021521275096, 3904
148021528174604, 148021528179508, 4904
148021535129512, 148021535135252, 5740
148021542038188, 148021542043452, 5264
148021548942636, 148021548947088, 4452
148021555891072, 148021555896848, 5776
148021562785680, 148021562790260, 4580
148021569673264, 148021569677400, 4136
148021576640552, 148021576645476, 4924
148021583608024, 148021583612600, 4576
148021590500368, 148021590509188, 8820
148021611469680, 148021611478232, 8552
148021633429900, 148021633438808, 8908
148021733130808, 148021733140208, 9400
148021741960364, 148021741965576, 5212
148021750728428, 148021750732852, 4424
148021759637512, 148021759646900, 9388
148021763133516, 148021763134840, 1324
148021771887296, 148021771893220, 5924
148021922741700, 148021922748796, 7096
148021950664952, 148021950670032, 5080
148022076362292, 148022076365132, 2840
148022083265244, 148022083270612, 5368
148022097129824, 148022097135276, 5452
148022104045680, 148022104050620, 4940
148022110956100, 148022110960328, 4228
148022117879880, 148022117887444, 7564
148022170948688, 148022170954960, 6272
148022178449604, 148022178454940, 5336
148022185347608, 148022185351756, 4148
148022293642024, 148022293644056, 2032
148022300539440, 148022300545404, 5964
148022307428072, 148022307433272, 5200
148022314378648, 148022314384600, 5952
148022321279116, 148022321283672, 4556
148022328195584, 148022328199784, 4200
148022435227132, 148022435228992, 1860
148022442159396, 148022442164624, 5228
148022449049928, 148022449054668, 4740
148022456003812, 148022456010044, 6232
148022462934964, 148022462939116, 4152
148022469877616, 148022469881760, 4144
148022476825412, 148022476835804, 10392
148022504357056, 148022504366004, 8948
148022515530004, 148022515539676, 9672
148022550189280, 148022550197404, 8124
148022577685356, 148022577694536, 9180
148022584621304, 148022584626100, 4796
148022591556988, 148022591561936, 4948
148022598572928, 148022598582604, 9676
148022600701440, 148022600702684, 1244
148022607706792, 148022607712812, 6020
148022624635140, 148022624637768, 2628
148022633436440, 148022633443052, 6612
148022713669716, 148022713677908, 8192
148022760630652, 148022760640080, 9428
148022768362336, 148022768369384, 7048
148022775391840, 148022775399852, 8012
148022847949204, 148022847956476, 7272
148022856837964, 148022856844148, 6184
148022867953784, 148022867959864, 6080
148022876802592, 148022876811212, 8620
148022887867952, 148022887869136, 1184
148022896727880, 148022896735884, 8004
148022913103992, 148022913110532, 6540
148022921988748, 148022921997560, 8812
148022928413428, 148022928420940, 7512
148022935758700, 148022935761300, 2600
148022942651784, 148022942658516, 6732
148022959667080, 148022959668908, 1828
148022966564912, 148022966571616, 6704
148023009927268, 148023009935876, 8608
148023016605760, 148023016612724, 6964
148023094572340, 148023094580908, 8568
148023103359556, 148023103363812, 4256
148023112102728, 148023112110908, 8180
148023119009992, 148023119016100, 6108
148023124868088, 148023124874672, 6584
148023127178068, 148023127179160, 1092
148023134067536, 148023134074968, 7432
148023161346852, 148023161354104, 7252
148023168244028, 148023168251576, 7548
148023177585332, 148023177590144, 4812
148023186336252, 148023186342824, 6572
148023193253008, 148023193259256, 6248
148023198971736, 148023198972840, 1104
148023205859468, 148023205866692, 7224
148023312741604, 148023312744272, 2668
148023318339508, 148023318345248, 5740
148023323953436, 148023323958292, 4856
148023330062760, 148023330067724, 4964
148023336633308, 148023336638692, 5384
148023436332772, 148023436335572, 2800
148023504143828, 148023504149592, 5764
148023572040792, 148023572046020, 5228
148023639789272, 148023639796948, 7676
148023738845972, 148023738855132, 9160
148023759832820, 148023759842652, 9832
148023867079660, 148023867081884, 2224
148023874021768, 148023874027300, 5532
148023880917028, 148023880921872, 4844
148023887863168, 148023887870084, 6916
148023894765860, 148023894770176, 4316
148023901705052, 148023901708976, 3924
148023908650640, 148023908658816, 8176
148023914530340, 148023914538560, 8220
148023935165364, 148023935171128, 5764
148023955236284, 148023955244336, 8052
148023989972488, 148023989982036, 9548
148023996925056, 148023996933624, 8568
148024024367740, 148024024374920, 7180
148024033213776, 148024033221128, 7352
148024131806424, 148024131815100, 8676
148024137706368, 148024137713532, 7164
148024146532560, 148024146539288, 6728
148024200235156, 148024200244788, 9632
148024220243424, 148024220252076, 8652
148024231423524, 148024231432072, 8548
148024238332792, 148024238339536, 6744
148024244198976, 148024244204536, 5560
148024255881936, 148024255883672, 1736
148024276028712, 148024276036260, 7548
148024343901092, 148024343909384, 8292
148024363961144, 148024363969616, 8472
148024398636128, 148024398643848, 7720
148024405589448, 148024405595840, 6392
148024426129496, 148024426137128, 7632
148024621520364, 148024621529112, 8748
148024641565748, 148024641573188, 7440
148024650407564, 148024650415924, 8360
148024656291364, 148024656298920, 7556
148024658710888, 148024658712100, 1212
148024667532200, 148024667541884, 9684
148024688106944, 148024688114672, 7728
148024741251040, 148024741260568, 9528
148024747215752, 148024747225940, 10188
148024754139384, 148024754145604, 6220
148024874147108, 148024874149896, 2788
148024882923276, 148024882928424, 5148
148024891685044, 148024891690148, 5104
148024900500336, 148024900506500, 6164
148024909274336, 148024909279788, 5452
148024918083336, 148024918089360, 6024
148024927440992, 148024927445652, 4660
148024936281396, 148024936290676, 9280
148024947360000, 148024947367444, 7444
148024954325232, 148024954335252, 10020
148024963099208, 148024963105784, 6576
148024969815256, 148024969816452, 1196
148024978591576, 148024978597776, 6200
148024985492332, 148024985498572, 6240
148024991353496, 148024991360936, 7440
148025044321584, 148025044327364, 5780
148025051214768, 148025051219396, 4628
148025058138800, 148025058143440, 4640
148025065028256, 148025065034992, 6736
148025173434028, 148025173440820, 6792
148025251578376, 148025251585364, 6988
148025257198400, 148025257207388, 8988
148025264104924, 148025264110252, 5328
148025280912368, 148025280913620, 1252
148025286524544, 148025286531088, 6544
148025347912796, 148025347921672, 8876
148025456761896, 148025456770020, 8124
148025477763132, 148025477772200, 9068
148025510388312, 148025510393192, 4880
148025534172172, 148025534178996, 6824
148025555223156, 148025555237096, 13940
148025577263240, 148025577277052, 13812
148025588368544, 148025588381404, 12860
148025641495340, 148025641509828, 14488
148025668812684, 148025668826804, 14120
148025679789224, 148025679796500, 7276
148025690913308, 148025690924556, 11248
148025705659452, 148025705666116, 6664
148025733030256, 148025733044820, 14564
148025800782104, 148025800794252, 12148
148025828263500, 148025828276440, 12940
148025927675868, 148025927689252, 13384
148025934614284, 148025934626232, 11948
148025941540052, 148025941548652, 8600
148025948467724, 148025948476932, 9208
148025955437968, 148025955449084, 11116
148025962416844, 148025962425940, 9096
148025969333052, 148025969345772, 12720
148025974881140, 148025974888356, 7216
148025981783652, 148025981794660, 11008
148025987204120, 148025987216056, 11936
148026007222596, 148026007236824, 14228
148026085548148, 148026085562608, 14460
148026194364200, 148026194375824, 11624
148026292766040, 148026292779956, 13916
148026314760084, 148026314773168, 13084
148026946102688, 148026946105380, 2692
148026951952964, 148026951958080, 5116
148026957796208, 148026957801296, 5088
148026963651796, 148026963656508, 4712
148026969515916, 148026969520876, 4960
148026975368172, 148026975372636, 4464
148026981218924, 148026981225912, 6988
148026988143584, 148026988151844, 8260
148027086147944, 148027086154180, 6236
148027153679528, 148027153688312, 8784
148027207260560, 148027207269608, 9048
148027234553492, 148027234561924, 8432
148027249179368, 148027249180704, 1336
148027276404140, 148027276411888, 7748
148027298236444, 148027298244216, 7772
148027395586568, 148027395594308, 7740
148027463793460, 148027463802116, 8656
148027469691916, 148027469700048, 8132
148027480801320, 148027480808104, 6784
148027502790568, 148027502797860, 7292
148027556070244, 148027556078196, 7952
148027583473808, 148027583481596, 7788
148027589412848, 148027589420824, 7976
148027698070496, 148027698077480, 6984
148027720085552, 148027720094676, 9124
148027798539772, 148027798546712, 6940
148027804161620, 148027804169248, 7628
148027826122968, 148027826131336, 8368
148027831753444, 148027831761464, 8020
148027837673432, 148027837679568, 6136
148027916513552, 148027916523088, 9536
148027925371724, 148027925380236, 8512
148028033818260, 148028033828272, 10012
148028061254516, 148028061262780, 8264
148028067204040, 148028067212872, 8832
148028120385540, 148028120394988, 9448
148028188814080, 148028188822856, 8776
148028191562232, 148028191569288, 7056
148028197180484, 148028197186776, 6292
148028224552304, 148028224560660, 8356
148028303141284, 148028303150528, 9244
148028312011056, 148028312017556, 6500
148028415813168, 148028415815320, 2152
148028424592264, 148028424598084, 5820
148028433369188, 148028433373356, 4168
148028442218884, 148028442224708, 5824
148028450994340, 148028450998384, 4044
148028459824116, 148028459830104, 5988
148028468637640, 148028468642308, 4668
148028477550688, 148028477560340, 9652
148028530806660, 148028530815872, 9212
148028609284568, 148028609293648, 9080
148028716978876, 148028716981684, 2808
148028744321952, 148028744326936, 4984
148028771736316, 148028771745404, 9088
148028870300932, 148028870310048, 9116
148028881511512, 148028881519584, 8072
148028890373620, 148028890382452, 8832
148028894383460, 148028894384708, 1248
148028903268808, 148028903277372, 8564
148028931239888, 148028931247964, 8076
148028940149020, 148028940157100, 8080
148028942246200, 148028942247560, 1360
148028951016472, 148028951021940, 5468
148028960036416, 148028960043688, 7272
148028964184664, 148028964185788, 1124
148028991415420, 148028991423672, 8252
148029051347068, 148029051353932, 6864
148029078603364, 148029078610452, 7088
148029084461444, 148029084468360, 6916
148029095524192, 148029095530284, 6092
148029104312516, 148029104319812, 7296
148029181641120, 148029181648792, 7672
148029190405940, 148029190410648, 4708
148029199189004, 148029199194160, 5156
148029207962320, 148029207967208, 4888
148029216746628, 148029216756952, 10324
148029238612488, 148029238619256, 6768
148029249702356, 148029249710060, 7704
148029357605716, 148029357612804, 7088
148029674139756, 148029674142460, 2704
148029695057724, 148029695062656, 4932
148029716025084, 148029716030340, 5256
148029737099900, 148029737104856, 4956
148029758063604, 148029758069460, 5856
148029875561844, 148029875564448, 2604
148029896529372, 148029896539748, 10376
148029924429256, 148029924435216, 5960
148029951713892, 148029951721696, 7804
148029971726964, 148029971734512, 7548
148030004187936, 148030004195528, 7592
148030012985400, 148030012993284, 7884
148030020018952, 148030020024840, 5888
148030026915060, 148030026922480, 7420
148030043037252, 148030043038824, 1572
148030049969596, 148030049977540, 7944
148030078977160, 148030078979364, 2204
148030085874052, 148030085882600, 8548
148030154782488, 148030154790344, 7856
148030175435568, 148030175447820, 12252
148030199564924, 148030199578944, 14020
148030206660500, 148030206674404, 13904
148030210544896, 148030210550700, 5804
148030217462416, 148030217471808, 9392
148030292032208, 148030292046024, 13816
148030359695720, 148030359710044, 14324
148030379812040, 148030379825000, 12960
148030386817872, 148030386831664, 13792
148030394013704, 148030394019428, 5724
148030462471252, 148030462484956, 13704
148030468091444, 148030468100096, 8652
148030473676180, 148030473687840, 11660
148030582648360, 148030582661904, 13544
148030602723060, 148030602737468, 14408
148030681533716, 148030681546732, 13016
148030688451016, 148030688463452, 12436
148030689160708, 148030689165688, 4980
148030696062024, 148030696073768, 11744
148030710855988, 148030710869892, 13904
148030713089396, 148030713095288, 5892
148030720000484, 148030720012140, 11656
148030787691036, 148030787705180, 14144
148030808847444, 148030808852808, 5364
148030815753968, 148030815766432, 12464
148030960393504, 148030960395504, 2000
148030967298264, 148030967303800, 5536
148030974186412, 148030974190944, 4532
148030981110324, 148030981114976, 4652
148030987992436, 148030987996724, 4288
148030994901736, 148030994906328, 4592
148031001794768, 148031001799204, 4436
148031008705588, 148031008709972, 4384
148031099983596, 148031099987088, 3492
148031106872120, 148031106877108, 4988
148031113761168, 148031113765976, 4808
148031120703844, 148031120709348, 5504
148031127596380, 148031127603364, 6984
148031325429368, 148031325432044, 2676
148031331014932, 148031331019952, 5020
148031336610624, 148031336615484, 4860
148031342204188, 148031342208544, 4356
148031347828488, 148031347837536, 9048
148031353233384, 148031353234688, 1304
148031358817564, 148031358824972, 7408
148031518791348, 148031518795316, 3968
148031538788576, 148031538794392, 5816
148031558865720, 148031558875688, 9968
148031579821756, 148031579829252, 7496
148031698246824, 148031698249808, 2984
148031707023916, 148031707029228, 5312
148031715777888, 148031715782608, 4720
148031724587720, 148031724593668, 5948
148031733365784, 148031733370296, 4512
148031742185724, 148031742191244, 5520
148031849813152, 148031849816436, 3284
148031877096116, 148031877103828, 7712
148032029362716, 148032029365548, 2832
148032036293812, 148032036299488, 5676
148032043176112, 148032043180760, 4648
148032050149884, 148032050155900, 6016
148032057083220, 148032057088528, 5308
148032064009564, 148032064014576, 5012
148032070938768, 148032070949324, 10556
148032105631384, 148032105640452, 9068
148032188572716, 148032188578356, 5640
148032286969572, 148032286977432, 7860
148032292881352, 148032292889924, 8572
148032401627076, 148032401635080, 8004
148032469946176, 148032469952472, 6296
148032537749848, 148032537761128, 11280
148032544682588, 148032544688012, 5424
148032551605636, 148032551615544, 9908
148032557481984, 148032557488568, 6584
148032564409720, 148032564416932, 7212
148032761176360, 148032761179356, 2996
148032781123084, 148032781129340, 6256
148032801118456, 148032801123936, 5480
148032821184220, 148032821192880, 8660
148032954591276, 148032954593256, 1980
148032974542192, 148032974547400, 5208
148032994494668, 148032994501632, 6964
148033015447056, 148033015452940, 5884
148033035409760, 148033035418692, 8932
148033062715460, 148033062723668, 8208
148033080209460, 148033080211144, 1684
148033107529948, 148033107538548, 8600
148033175648220, 148033175656488, 8268
148033284146372, 148033284155820, 9448
148033289784908, 148033289792984, 8076
148033300905712, 148033300913440, 7728
148033306513532, 148033306520284, 6752
148033409308508, 148033409313924, 5416
148033429403936, 148033429420004, 16068
148033450422580, 148033450436692, 14112
148033461674768, 148033461687360, 12592
148033514793844, 148033514808236, 14392
148034924883088, 148034924886232, 3144
148034945837760, 148034945844076, 6316
148034966810364, 148034966815824, 5460
148034987752924, 148034987758892, 5968
148035008696912, 148035008702264, 5352
148035029633912, 148035029638932, 5020
148035050582952, 148035050587844, 4892
148035071533920, 148035071539368, 5448
148035092493980, 148035092499276, 5296
148035113441760, 148035113446904, 5144
148035134391676, 148035134396656, 4980
148035155886640, 148035155891904, 5264
148035176849304, 148035176853760, 4456
148035197814448, 148035197819568, 5120
148035218782912, 148035218788048, 5136
148035239734668, 148035239739408, 4740
148035260695992, 148035260700676, 4684
148035281644628, 148035281649612, 4984
148035302630848, 148035302635772, 4924
148035323566388, 148035323571180, 4792
148035344564676, 148035344570572, 5896
148035365504740, 148035365513520, 8780
148035376603200, 148035376611400, 8200
148035397098804, 148035397105380, 6576
148035418077076, 148035418085020, 7944
148035471309948, 148035471319592, 9644
148035480082672, 148035480087976, 5304
148035488944384, 148035488953756, 9372
148035499164512, 148035499165836, 1324
148035507964752, 148035507972688, 7936
148035508885800, 148035508893540, 7740
148035536165408, 148035536174420, 9012
148035644347096, 148035644357000, 9904
148035656387984, 148035656395364, 7380
148035690961520, 148035690969536, 8016
148035697859628, 148035697866316, 6688
148035806158272, 148035806165980, 7708
148036007708572, 148036007711800, 3228
148036014634692, 148036014639720, 5028
148036021558048, 148036021562584, 4536
148036028530520, 148036028536584, 6064
148036035449808, 148036035454332, 4524
148036042362232, 148036042366472, 4240
148036049302504, 148036049309900, 7396
148036158245352, 148036158253716, 8364
148036169451048, 148036169460800, 9752
148036201761144, 148036201770920, 9776
148012127341164, 148012127349808, 8644
148012160578132, 148012160587576, 9444
148012186029520, 148012186037860, 8340
148012194036856, 148012194044988, 8132
148016289105604, 148016289109028, 3424
148016289124100, 148016289131236, 7136
148016294707860, 148016294712300, 4440
148016300311312, 148016300315468, 4156
148016398787136, 148016398789236, 2100
148016404420552, 148016404427136, 6584
148016410047860, 148016410053080, 5220
148016415649580, 148016415654092, 4512
148016421302144, 148016421311620, 9476
148016489495248, 148016489503408, 8160
148016594222588, 148016594225572, 2984
148016601129968, 148016601135476, 5508
148016608016572, 148016608021172, 4600
148016614969312, 148016614975580, 6268
148016621862176, 148016621866752, 4576
148016628781012, 148016628785244, 4232
148016635712656, 148016635723572, 10916
148016646856480, 148016646863376, 6896
148016655657908, 148016655665756, 7848
148016734964964, 148016734976092, 11128
148016755061656, 148016755073236, 11580
148016863444448, 148016863452336, 7888
148016869307744, 148016869315544, 7800
148016880446496, 148016880454540, 8044
148016886064216, 148016886071604, 7388
148016891751028, 148016891757436, 6408
148017000669196, 148017000678444, 9248
148017098703608, 148017098712412, 8804
148017107484360, 148017107489060, 4700
148017116253980, 148017116258624, 4644
148017125026296, 148017125030936, 4640
148017133782232, 148017133788716, 6484
148017218515676, 148017218519480, 3804
148017225429844, 148017225434876, 5032
148017239278956, 148017239289132, 10176
148017302630732, 148017302641044, 10312
148017330080688, 148017330088456, 7768
148017397790100, 148017397798796, 8696
148017503629404, 148017503632796, 3392
148017525560848, 148017525566584, 5736
148017547554800, 148017547565072, 10272
148017553148480, 148017553156044, 7564
148017563375800, 148017563377256, 1456
148017569063844, 148017569072084, 8240
148017657419220, 148017657426156, 6936
148017684849464, 148017684859472, 10008
148017742239004, 148017742247048, 8044
148017769780996, 148017769789392, 8396
148017878256872, 148017878265460, 8588
148017931685868, 148017931695212, 9344
148017959589684, 148017959598816, 9132
148017965576752, 148017965585720, 8968
148018033432284, 148018033440768, 8484
148018041966380, 148018041968584, 2204
148018047620976, 148018047629100, 8124
148018117389868, 148018117398012, 8144
148018226687492, 148018226694708, 7216
148018248735716, 148018248745528, 9812
148018259855216, 148018259862168, 6952
148018265530368, 148018265539748, 9380
148018281369940, 148018281371108, 1168
148018286989648, 148018286996752, 7104
148018321660084, 148018321668140, 8056
148018327329476, 148018327337380, 7904
148018333192584, 148018333200756, 8172
148018360506776, 148018360514940, 8164
148018439416724, 148018439425388, 8664
148018466825344, 148018466832364, 7020
148018545261280, 148018545270224, 8944
148018556371376, 148018556379204, 7828
148018562265912, 148018562273856, 7944
148018670500280, 148018670507900, 7620
148018705719068, 148018705726700, 7632
148018807787604, 148018807790848, 3244
148018829655528, 148018829676596, 21068
148018835276596, 148018835281376, 4780
148018840872972, 148018840878036, 5064
148018846478092, 148018846485900, 7808
148018945365540, 148018945372956, 7416
148018954215996, 148018954224816, 8820
148018976112396, 148018976119992, 7596
148018987230712, 148018987236028, 5316
148019082975120, 148019082977532, 2412
148019088566648, 148019088571968, 5320
148019094168644, 148019094173244, 4600
148019099768796, 148019099772480, 3684
148019105400856, 148019105408376, 7520
148019136396236, 148019136404948, 8712
148019235125436, 148019235134152, 8716
148019246230416, 148019246236572, 6156
148019299245972, 148019299253344, 7372
148019366938008, 148019366945896, 7888
148019445685256, 148019445691996, 6740
148019467612336, 148019467622180, 9844
148019476417488, 148019476422116, 4628
148019485210228, 148019485216948, 6720
148019563476340, 148019563484904, 8564
148019585585020, 148019585591312, 6292
148019663938388, 148019663947716, 9328
148019672714672, 148019672722796, 8124
148019678609748, 148019678616900, 7152
148019681194276, 148019681195660, 1384
148019690562808, 148019690571228, 8420
148019705121924, 148019705123072, 1148
148019713886536, 148019713894080, 7544
148019729053792, 148019729055196, 1404
148019737843136, 148019737849184, 6048
148019790583060, 148019790592808, 9748
148019810616972, 148019810623948, 6976
148019816511896, 148019816519492, 7596
148019825355300, 148019825360664, 5364
148019834147712, 148019834152144, 4432
148019842992908, 148019842998316, 5408
148019851755352, 148019851760224, 4872
148019860566400, 148019860574020, 7620
148019880591644, 148019880601668, 10024
148020006281000, 148020006283628, 2628
148020073966852, 148020073972124, 5272
148020141768220, 148020141773752, 5532
148020210308572, 148020210318180, 9608
148020230405452, 148020230413104, 7652
148020251492916, 148020251501524, 8608
148020350022640, 148020350030676, 8036
148020403240572, 148020403248132, 7560
148020423303272, 148020423310212, 6940
148020522400996, 148020522407248, 6252
148020575630132, 148020575637276, 7144
148020602964932, 148020602972884, 7952
148020682061460, 148020682069448, 7988
148020750406596, 148020750412052, 5456
148020818110776, 148020818118844, 8068
148020839119532, 148020839127436, 7904
148020873919140, 148020873926712, 7572
148020894099536, 148020894107836, 8300
148020916156824, 148020916166132, 9308
148020995060960, 148020995069100, 8140
148021093096452, 148021093102420, 5968
148021160531480, 148021160539512, 8032
148021268888324, 148021268894796, 6472
148021274754232, 148021274762904, 8672
148021342225764, 148021342235272, 9508
148021362218944, 148021362228452, 9508
148021383188512, 148021383196232, 7720
148021451579928, 148021451587644, 7716
148021550150824, 148021550158624, 7800
148021558915412, 148021558920640, 5228
148021567741256, 148021567746936, 5680
148021576508516, 148021576513004, 4488
148021585363364, 148021585367848, 4484
148021594231216, 148021594236444, 5228
148021602989124, 148021602993680, 4556
148021611823176, 148021611830904, 7728
148021622906160, 148021622915084, 8924
148021629867556, 148021629877480, 9924
148021643527788, 148021643535984, 8196
148021667562168, 148021667567088, 4920
148021759196860, 148021759200068, 3208
148021781051836, 148021781059572, 7736
148021786918224, 148021786925840, 7616
148021808795952, 148021808804272, 8320
148021861874988, 148021861884444, 9456
148022957718776, 148022957721568, 2792
148022963310640, 148022963316380, 5740
148022968905124, 148022968909940, 4816
148022974498588, 148022974503332, 4744
148022980103596, 148022980107976, 4380
148022985694624, 148022985699036, 4412
148022991270152, 148022991274776, 4624
148022996866400, 148022996870872, 4472
148023002470496, 148023002474148, 3652
148023008061048, 148023008065840, 4792
148023013652224, 148023013656460, 4236
148023019238560, 148023019243012, 4452
148023024839332, 148023024843736, 4404
148023030428876, 148023030433128, 4252
148023036021396, 148023036026196, 4800
148023041624916, 148023041632508, 7592
148023047200448, 148023047204044, 3596
148023052796284, 148023052800700, 4416
148023058397272, 148023058401668, 4396
148023063987084, 148023063990612, 3528
148023069570520, 148023069575172, 4652
148023075140496, 148023075144724, 4228
148023080740524, 148023080744840, 4316
148023086326532, 148023086330900, 4368
148023091913880, 148023091917880, 4000
148023097496668, 148023097500968, 4300
148023103078892, 148023103082448, 3556
148023108666092, 148023108670388, 4296
148023114251976, 148023114256188, 4212
148023119850964, 148023119855776, 4812
148023125440364, 148023125444804, 4440
148023131013660, 148023131018280, 4620
148023136608488, 148023136613016, 4528
148023142210692, 148023142215144, 4452
148023147804444, 148023147808620, 4176
148023153393416, 148023153398316, 4900
148023158980316, 148023158984072, 3756
148023164571564, 148023164576176, 4612
148023170170552, 148023170175240, 4688
148023176306380, 148023176311056, 4676
148023181917900, 148023181922116, 4216
148023187510336, 148023187514544, 4208
148023193100424, 148023193104764, 4340
148023198689820, 148023198694416, 4596
148023204285948, 148023204290780, 4832
148023209876380, 148023209884424, 8044
148023312357008, 148023312363896, 6888
148023332876768, 148023332885176, 8408
148023440316372, 148023440318152, 1780
148023449101480, 148023449107052, 5572
148023457862136, 148023457867696, 5560
148023466680708, 148023466686436, 5728
148023475550292, 148023475554776, 4484
148023484461148, 148023484466904, 5756
148023493253560, 148023493258272, 4712
148023502157488, 148023502165808, 8320
148023508023224, 148023508032272, 9048
148023514938280, 148023514943036, 4756
148023521889332, 148023521899916, 10584
148023543826404, 148023543834688, 8284
148023550758420, 148023550766448, 8028
148023557930500, 148023557931828, 1328
148023564932516, 148023564941380, 8864
148023581948584, 148023581951256, 2672
148023590738228, 148023590744352, 6124
148023597640308, 148023597645888, 5580
148023605789552, 148023605791996, 2444
148023611397968, 148023611404852, 6884
148023621074976, 148023621084576, 9600
148023629881108, 148023629885744, 4636
148023638664044, 148023638670700, 6656
148023745399616, 148023745402272, 2656
148023813137648, 148023813142640, 4992
148023881070340, 148023881075924, 5584
148023949346560, 148023949353920, 7360
148023960478412, 148023960485772, 7360
148024013752488, 148024013760608, 8120
148024020661192, 148024020669616, 8424
148024042750636, 148024042759668, 9032
148024052556508, 148024052561476, 4968
148024063671812, 148024063683364, 11552
148024150239340, 148024150242152, 2812
148024178064716, 148024178070628, 5912
148024205373028, 148024205382056, 9028
148024212370164, 148024212375436, 5272
148024219257484, 148024219261312, 3828
148024226162596, 148024226176636, 14040
148024347635688, 148024347638264, 2576
148024354537956, 148024354543420, 5464
148024361418140, 148024361422320, 4180
148024368411712, 148024368417336, 5624
148024375334428, 148024375338976, 4548
148024382246956, 148024382251468, 4512
148024389212312, 148024389221528, 9216
148024395479260, 148024395481508, 2248
148024404263012, 148024404270124, 7112
148024419409112, 148024419410704, 1592
148024428786104, 148024428793572, 7468
148024450783448, 148024450790816, 7368
148024459614664, 148024459623028, 8364
148024479675864, 148024479683652, 7788
148024490810776, 148024490819492, 8716
148024543927700, 148024543935488, 7788
148024550895924, 148024550905516, 9592
148024570966520, 148024570972572, 6052
148024676701220, 148024676703132, 1912
148024683615432, 148024683621180, 5748
148024690507832, 148024690512220, 4388
148024697447804, 148024697453588, 5784
148024704371436, 148024704375632, 4196
148024711287820, 148024711292528, 4708
148024718221816, 148024718229476, 7660
148024826537952, 148024826546300, 8348
148024833451516, 148024833455664, 4148
148024840496260, 148024840506016, 9756
148024860643752, 148024860650960, 7208
148024867531276, 148024867538964, 7688
148024887551088, 148024887558168, 7080
148024996127480, 148024996135244, 7764
148025004905632, 148025004914136, 8504
148025017674612, 148025017676024, 1412
148025026432476, 148025026440348, 7872
148025037512776, 148025037520960, 8184
148025041604600, 148025041605692, 1092
148025050364316, 148025050370712, 6396
148025065537608, 148025065538788, 1180
148025074299520, 148025074306556, 7036
148025081205664, 148025081211580, 5916
148025179836360, 148025179845252, 8892
148025287758896, 148025287765568, 6672
148025386143028, 148025386152028, 9000
148025442502996, 148025442511380, 8384
148025464451364, 148025464463640, 12276
148025470314072, 148025470324680, 10608
148025569448752, 148025569463344, 14592
148025647853440, 148025647868224, 14784
148025673776420, 148025673784132, 7712
148025752135848, 148025752148884, 13036
148026956152704, 148026956158008, 5304
148026977095560, 148026977101540, 5980
148026998042076, 148026998046760, 4684
148027018970480, 148027018974956, 4476
148027039906812, 148027039911388, 4576
148027060841628, 148027060846064, 4436
148027081786836, 148027081791628, 4792
148027102715200, 148027102719632, 4432
148027123664232, 148027123668780, 4548
148027144625772, 148027144630448, 4676
148027166131796, 148027166136880, 5084
148027187117692, 148027187122712, 5020
148027208085344, 148027208090016, 4672
148027229026796, 148027229031756, 4960
148027249970352, 148027249974832, 4480
148027270879724, 148027270884376, 4652
148027291800484, 148027291805256, 4772
148027312712120, 148027312716892, 4772
148027398811784, 148027398814236, 2452
148027420333720, 148027420342952, 9232
148027420731216, 148027420732808, 1592
148027441787688, 148027441795000, 7312
148027549959788, 148027549966552, 6764
148027571166224, 148027571175032, 8808
148027649470588, 148027649479072, 8484
148027744179664, 148027744187388, 7724
148027771545876, 148027771552620, 6744
148027777427244, 148027777434604, 7360
148027804822828, 148027804830640, 7812
148027872462380, 148027872471092, 8712
148027881295928, 148027881304064, 8136
148027889300160, 148027889301408, 1248
148027898071092, 148027898076676, 5584
148027901218012, 148027901226980, 8968
148027923688008, 148027923696100, 8092
148027929322088, 148027929326660, 4572
148027934910876, 148027934918248, 7372
148027940821908, 148027940830212, 8304
148027949636996, 148027949644072, 7076
148027955278364, 148027955284840, 6476
148028033998164, 148028034005704, 7540
148028045300624, 148028045309236, 8612
148028143914544, 148028143922948, 8404
148028179209276, 148028179217076, 7800
148028269110404, 148028269118352, 7948
148028377528500, 148028377536440, 7940
148028456611964, 148028456620672, 8708
148028484267768, 148028484276352, 8584
148028519011648, 148028519020872, 9224
148028527870840, 148028527875992, 5152
148028536659264, 148028536663244, 3980
148028545534984, 148028545543212, 8228
148028572922684, 148028572929520, 6836
148028581830796, 148028581840172, 9376
148028583288664, 148028583289948, 1284
148028592093188, 148028592100120, 6932
148028691265620, 148028691274804, 9184
148028759219424, 148028759226072, 6648
148028768151240, 148028768156964, 5724
148028802872788, 148028802882572, 9784
148028811684952, 148028811692452, 7500
148028839087808, 148028839097072, 9264
148028844970324, 148028844977464, 7140
148028846601632, 148028846603864, 2232
148028855465608, 148028855471260, 5652
148028932789248, 148028932795388, 6140
148028967379348, 148028967388612, 9264
148028976169708, 148028976177804, 8096
148028990110320, 148028990111636, 1316
148028998886032, 148028998893112, 7080
148029014038800, 148029014039972, 1172
148029022815912, 148029022822068, 6156
148029105648540, 148029105653552, 5012
148029140130384, 148029140138572, 8188
148029145741040, 148029145747876, 6836
148029173513300, 148029173521068, 7768
148029179127476, 148029179135460, 7984
148029246651116, 148029246657376, 6260
148029281183076, 148029281191540, 8464
148029289970184, 148029289974896, 4712
148029298734644, 148029298742432, 7788
148029301206632, 148029301207820, 1188
148029309966264, 148029309973836, 7572
148029436857212, 148029436860220, 3008
148029442445844, 148029442451824, 5980
148029448042960, 148029448047676, 4716
148029453635332, 148029453639452, 4120
148029558504016, 148029558506856, 2840
148029626311700, 148029626316760, 5060
148029694503016, 148029694507976, 4960
148029762077280, 148029762086456, 9176
148029870915228, 148029870923548, 8320
148029877831636, 148029877836896, 5260
148029884777664, 148029884782784, 5120
148029891679688, 148029891687356, 7668
148029960074812, 148029960081836, 7024
148030068436756, 148030068443776, 7020
148030146772488, 148030146781728, 9240
148030162737768, 148030162739788, 2020
148030169660104, 148030169667488, 7384
148030180783684, 148030180791376, 7692
148030279276528, 148030279284408, 7880
148030286263192, 148030286269028, 5836
148030293179820, 148030293184688, 4868
148030300070388, 148030300078616, 8228
148030306269864, 148030306271264, 1400
148030313198448, 148030313205428, 6980
148030515794996, 148030515797944, 2948
148030535956980, 148030535963424, 6444
148030556226256, 148030556235088, 8832
148030624064988, 148030624072156, 7168
148030659188732, 148030659197468, 8736
148030767252208, 148030767259256, 7048
148030787296188, 148030787304544, 8356
148030892622920, 148030892625700, 2780
148030960771660, 148030960777528, 5868
148031028301280, 148031028306252, 4972
148031096107396, 148031096116432, 9036
148031119910756, 148031119912168, 1412
148031536724620, 148031536728344, 3724
148031543641272, 148031543646940, 5668
148031550528636, 148031550533876, 5240
148031557537296, 148031557543684, 6388
148031564432648, 148031564437548, 4900
148031571332188, 148031571336420, 4232
148031578238360, 148031578243948, 5588
148031585152476, 148031585156988, 4512
148031592037604, 148031592040724, 3120
148031599023864, 148031599029208, 5344
148031605912024, 148031605916256, 4232
148031612948620, 148031612952844, 4224
148031619951528, 148031619956188, 4660
148031626985308, 148031626990700, 5392
148031633894548, 148031633898880, 4332
148031640877636, 148031640883412, 5776
148031647770448, 148031647775132, 4684
148031655203736, 148031655207348, 3612
148031662282396, 148031662288024, 5628
148031669224180, 148031669228100, 3920
148031676111560, 148031676115264, 3704
148031683061860, 148031683071272, 9412
148031750733252, 148031750738296, 5044
148031818657244, 148031818666120, 8876
148031829765916, 148031829773888, 7972
148032029293072, 148032029295880, 2808
148032097190248, 148032097195608, 5360
148032165451208, 148032165456628, 5420
148032233145544, 148032233159404, 13860
148032394248536, 148032394251304, 2768
148032415760348, 148032415768504, 8156
148032421387744, 148032421393200, 5456
148032427002768, 148032427011136, 8368
148032432887164, 148032432894072, 6908
148032537877796, 148032537879952, 2156
148032543467928, 148032543473292, 5364
148032549060820, 148032549065540, 4720
148032554665592, 148032554670228, 4636
148032560298060, 148032560306748, 8688
148032594883468, 148032594889652, 6184
148032600531864, 148032600541660, 9796
148032620566452, 148032620575084, 8632
148032699524440, 148032699532604, 8164
148032767432636, 148032767442320, 9684
148032778568196, 148032778578936, 10740
148032784463600, 148032784471060, 7460
148032852223884, 148032852232180, 8296
148032855242336, 148032855249824, 7488
148032964075256, 148032964084996, 9740
148032985029860, 148032985037692, 7832
148033019520488, 148033019528832, 8344
148033025126080, 148033025133196, 7116
148033028353760, 148033028354988, 1228
148033033932552, 148033033938324, 5772
148033036601464, 148033036609300, 7836
148033047679620, 148033047687212, 7592
148033125850184, 148033125859280, 9096
148033145910516, 148033145916020, 5504
148033166410136, 148033166418192, 8056
148033285662948, 148033285665800, 2852
148033353176012, 148033353181272, 5260
148033421373232, 148033421378628, 5396
148033489155484, 148033489165400, 9916
148033509171168, 148033509179772, 8604
148033530154256, 148033530163204, 8948
148033536023884, 148033536030292, 6408
148033644549428, 148033644560376, 10948
148033665249076, 148033665256476, 7400
148033743752008, 148033743759192, 7184
148033852079136, 148033852086840, 7704
148033879430980, 148033879439500, 8520
148033930928188, 148033930937128, 8940
148033939713488, 148033939720856, 7368
148033945633376, 148033945640004, 6628
148033954450004, 148033954457556, 7552
148033974549540, 148033974556268, 6728
148033983354476, 148033983360168, 5692
148033991538200, 148033991539896, 1696
148034000293440, 148034000301556, 8116
148034078899140, 148034078906640, 7500
148034087779164, 148034087784392, 5228
148034096537272, 148034096544748, 7476
148034205444908, 148034205451996, 7088
148034232886096, 148034232895404, 9308
148034241696716, 148034241704536, 7820
148034350204524, 148034350210964, 6440
148034377653884, 148034377660572, 6688
148034424855588, 148034424864432, 8844
148034471297128, 148034471305428, 8300
148034506082260, 148034506091532, 9272
148034526172520, 148034526181532, 9012
148034534976312, 148034534983372, 7060
148034540849976, 148034540857828, 7852
148034541939624, 148034541940944, 1320
148034550767904, 148034550776248, 8344
148034577075972, 148034577083980, 8008
148034644952864, 148034644962348, 9484
148034713892164, 148034713899832, 7668
148034722675372, 148034722682436, 7064
148034750202756, 148034750211152, 8396
148034803388244, 148034803396060, 7816
148034881772208, 148034881780080, 7872
148034890658240, 148034890666608, 8368
148034958980976, 148034958987604, 6628
148034970070276, 148034970078976, 8700
148034990017500, 148034990023888, 6388
148034998773144, 148034998778024, 4880
148035007546512, 148035007554248, 7736
148035020637948, 148035020639196, 1248
148035029422976, 148035029430416, 7440
148035083872328, 148035083878692, 6364
148035111192568, 148035111201988, 9420
148035131183376, 148035131190592, 7216
148035184719056, 148035184728240, 9184
148035252319372, 148035252326736, 7364
148035272307700, 148035272315540, 7840
148035380249612, 148035380255840, 6228
148035448333752, 148035448341464, 7712
148035526559132, 148035526567684, 8552
148035535367040, 148035535374228, 7188
148035656757448, 148035656761336, 3888
148035665537348, 148035665542072, 4724
148035674296704, 148035674301072, 4368
148035683125648, 148035683131400, 5752
148035691886152, 148035691890460, 4308
148035700703108, 148035700708256, 5148
148035808266712, 148035808268528, 1816
148035817042792, 148035817047656, 4864
148035825793108, 148035825797512, 4404
148035834600220, 148035834605604, 5384
148035843355784, 148035843360588, 4804
148035852163140, 148035852168672, 5532
148035860917064, 148035860921880, 4816
148035869692836, 148035869701120, 8284
148035880805360, 148035880812924, 7564
148035989623940, 148035989632360, 8420
148036088150736, 148036088161140, 10404
148036109158352, 148036109168224, 9872
148036193162244, 148036193165440, 3196
148036258944224, 148036258947652, 3428
148012152312576, 148012152324752, 12176
148016402774000, 148016402777516, 3516
148016402796888, 148016402804488, 7600
148016422741232, 148016422746308, 5076
148016443334152, 148016443340352, 6200
148016463393940, 148016463400084, 6144
148016483441456, 148016483451388, 9932
148016616157808, 148016616159692, 1884
148016636169020, 148016636208888, 39868
148016662019588, 148016662025108, 5520
148016755812144, 148016755814984, 2840
148016761407456, 148016761412880, 5424
148016767021944, 148016767025876, 3932
148016772630488, 148016772637756, 7268
148016783822336, 148016783831472, 9136
148016785632544, 148016785633784, 1240
148016791225596, 148016791231196, 5600
148016842731248, 148016842740544, 9296
148016941933068, 148016941941076, 8008
148016947550644, 148016947559108, 8464
148016967732020, 148016967738580, 6560
148016973332108, 148016973339784, 7676
148017000679068, 148017000687556, 8488
148017035186868, 148017035194768, 7900
148017046275556, 148017046281776, 6220
148017073526692, 148017073534148, 7456
148017093492184, 148017093498668, 6484
148017099362464, 148017099371252, 8788
148017152323064, 148017152329920, 6856
148017176536804, 148017176543660, 6856
148018253392368, 148018253396220, 3852
148018262232472, 148018262238044, 5572
148018271013744, 148018271018632, 4888
148018279862164, 148018279868176, 6012
148018288637928, 148018288642944, 5016
148018297463824, 148018297469268, 5444
148018306231720, 148018306236372, 4652
148018315051540, 148018315057628, 6088
148018323845528, 148018323849972, 4444
148018332642940, 148018332647212, 4272
148018341559664, 148018341565312, 5648
148018350326580, 148018350331384, 4804
148018359224112, 148018359229292, 5180
148018367994896, 148018367999816, 4920
148018376791124, 148018376796688, 5564
148018385596332, 148018385600828, 4496
148018394410440, 148018394416696, 6256
148018403249100, 148018403253848, 4748
148018412028824, 148018412033224, 4400
148018420818672, 148018420824032, 5360
148018429617388, 148018429621320, 3932
148018438951796, 148018438957384, 5588
148018447710556, 148018447714836, 4280
148018456526068, 148018456531220, 5152
148018465360584, 148018465365460, 4876
148018474205828, 148018474212496, 6668
148018483015036, 148018483019048, 4012
148018491787480, 148018491791948, 4468
148018500601312, 148018500606856, 5544
148018509385308, 148018509389800, 4492
148018518214360, 148018518220460, 6100
148018526995344, 148018527000224, 4880
148018535831896, 148018535837232, 5336
148018544612912, 148018544617680, 4768
148018553461756, 148018553468744, 6988
148018562234392, 148018562238940, 4548
148018571008072, 148018571012240, 4168
148018579825872, 148018579831124, 5252
148018588600076, 148018588604728, 4652
148018597407528, 148018597412772, 5244
148018606181448, 148018606185436, 3988
148018615065896, 148018615071048, 5152
148018623823252, 148018623827920, 4668
148018632647772, 148018632652432, 4660
148018641469492, 148018641474820, 5328
148018650283820, 148018650288552, 4732
148018659096348, 148018659101988, 5640
148018667858444, 148018667862708, 4264
148018676709528, 148018676715508, 5980
148018685485204, 148018685490220, 5016
148018694829092, 148018694834028, 4936
148018703602676, 148018703607084, 4408
148018712396132, 148018712400412, 4280
148018721249984, 148018721254868, 4884
148018730031248, 148018730036564, 5316
148018738876052, 148018738881708, 5656
148018747747600, 148018747751260, 3660
148018756595240, 148018756600520, 5280
148018765356268, 148018765360908, 4640
148018774243276, 148018774249220, 5944
148018783013848, 148018783017840, 3992
148018791849896, 148018791853752, 3856
148018800655360, 148018800661096, 5736
148018809411996, 148018809416376, 4380
148018818244360, 148018818250216, 5856
148018827027464, 148018827032140, 4676
148018835850536, 148018835856900, 6364
148018844611212, 148018844616012, 4800
148018853430100, 148018853435772, 5672
148018862212336, 148018862216952, 4616
148018870988152, 148018870992404, 4252
148018879820072, 148018879828724, 8652
148018932995208, 148018933003420, 8212
148019001210932, 148019001215928, 4996
148019068763156, 148019068770328, 7172
148019146806172, 148019146814800, 8628
148019268432816, 148019268435568, 2752
148019274023404, 148019274028004, 4600
148019279616996, 148019279621784, 4788
148019285215380, 148019285219940, 4560
148019370145208, 148019370148020, 2812
148019378910120, 148019378914944, 4824
148019387660876, 148019387665404, 4528
148019396498048, 148019396502920, 4872
148019405258548, 148019405262996, 4448
148019414077932, 148019414085076, 7144
148019419927592, 148019419933964, 6372
148019428726972, 148019428733488, 6516
148019537348120, 148019537355848, 7728
148019564695204, 148019564701932, 6728
148019669271612, 148019669274392, 2780
148019690767912, 148019690775944, 8032
148019725375952, 148019725383128, 7176
148019844754088, 148019844756844, 2756
148019866594348, 148019866600732, 6384
148019888535976, 148019888544984, 9008
148019897337200, 148019897341804, 4604
148020004288848, 148020004290964, 2116
148020013077568, 148020013083492, 5924
148020021855712, 148020021859520, 3808
148020030694824, 148020030700276, 5452
148020039463560, 148020039467976, 4416
148020048338564, 148020048343860, 5296
148020057095592, 148020057104012, 8420
148020064079580, 148020064081120, 1540
148020072905148, 148020072913864, 8716
148020088012920, 148020088014684, 1764
148020096811212, 148020096819120, 7908
148020124115480, 148020124122680, 7200
148020144242896, 148020144253040, 10144
148020253140828, 148020253147976, 7148
148020287833172, 148020287840616, 7444
148020307968756, 148020307977492, 8736
148020329053100, 148020329061536, 8436
148020349137284, 148020349144424, 7140
148020417155568, 148020417163572, 8004
148020445172124, 148020445180288, 8164
148020478003120, 148020478010844, 7724
148020498023136, 148020498031176, 8040
148020519961460, 148020519969788, 8328
148020628304272, 148020628309588, 5316
148020737694168, 148020737703152, 8984
148020757831592, 148020757838920, 7328
148020836376372, 148020836385716, 9344
148020945583116, 148020945586012, 2896
148021013179652, 148021013185408, 5756
148021080661816, 148021080668452, 6636
148021082678224, 148021082686772, 8548
148021160725376, 148021160730020, 4644
148021239329932, 148021239336332, 6400
148021273821372, 148021273828788, 7416
148021324452356, 148021324457328, 4972
148021358955684, 148021358968328, 12644
148021386274840, 148021386287836, 12996
148021394288816, 148021394291432, 2616
148021448064972, 148021448072532, 7560
148021556459104, 148021556467912, 8808
148021567560724, 148021567566316, 5592
148021602257796, 148021602264740, 6944
148021609203456, 148021609213712, 10256
148021763142704, 148021763145576, 2872
148021790386392, 148021790391688, 5296
148021817625048, 148021817632864, 7816
148021922734632, 148021922736768, 2136
148021930183304, 148021930188652, 5348
148021937101440, 148021937106060, 4620
148021944051552, 148021944057248, 5696
148021950963208, 148021950968452, 5244
148021957845184, 148021957850240, 5056
148021964784176, 148021964792724, 8548
148021978551700, 148021978558924, 7224
148022072291820, 148022072293988, 2168
148022081073380, 148022081079444, 6064
148022089861096, 148022089865960, 4864
148022098700672, 148022098705876, 5204
148022107463076, 148022107467716, 4640
148022116295628, 148022116303740, 8112
148022148036508, 148022148044796, 8288
148022152993008, 148022153003432, 10424
148022261821908, 148022261828540, 6632
148022267731664, 148022267737592, 5928
148022302427420, 148022302435664, 8244
148022313579632, 148022313586904, 7272
148022381457096, 148022381466080, 8984
148022410748636, 148022410756500, 7864
148022419702992, 148022419711748, 8756
148022519114656, 148022519123056, 8400
148022524990640, 148022524997424, 6784
148022578372100, 148022578379648, 7548
148022587218012, 148022587222596, 4584
148022596143252, 148022596148304, 5052
148022604936564, 148022604941620, 5056
148022613743040, 148022613751148, 8108
148022616654252, 148022616656556, 2304
148022685076300, 148022685083692, 7392
148022716932472, 148022716940896, 8424
148022720359468, 148022720361624, 2156
148022729147404, 148022729153896, 6492
148022797110680, 148022797118924, 8244
148022804029260, 148022804037976, 8716
148022816083192, 148022816084820, 1628
148022822971132, 148022822978988, 7856
148022831810452, 148022831818160, 7708
148022840010524, 148022840011824, 1300
148022846903168, 148022846908596, 5428
148022906502440, 148022906509940, 7500
148022941744060, 148022941753476, 9416
148022950558724, 148022950565996, 7272
148023048690464, 148023048699592, 9128
148023075927376, 148023075936108, 8732
148023082805108, 148023082810056, 4948
148023089683208, 148023089688060, 4852
148023096556772, 148023096563412, 6640
148023149385516, 148023149393484, 7968
148023227958804, 148023227967912, 9108
148023234908488, 148023234917380, 8892
148023243685080, 148023243691820, 6740
148023311498276, 148023311506712, 8436
148023333945636, 148023333954580, 8944
148023443522992, 148023443530232, 7240
148023465445316, 148023465453172, 7856
148023563998332, 148023564006596, 8264
148023665251420, 148023665258476, 7056
148024884104276, 148024884108120, 3844
148024889706880, 148024889712716, 5836
148024895314320, 148024895319428, 5108
148024900922120, 148024900927080, 4960
148024906561812, 148024906567212, 5400
148024912162044, 148024912167264, 5220
148024917746240, 148024917750052, 3812
148024923909628, 148024923914412, 4784
148024929560432, 148024929566496, 6064
148024935160228, 148024935165252, 5024
148024940755548, 148024940760664, 5116
148024946424876, 148024946430780, 5904
148024952027940, 148024952031908, 3968
148024957608324, 148024957612964, 4640
148024963202496, 148024963206692, 4196
148024968809996, 148024968813992, 3996
148024974406936, 148024974411492, 4556
148024979997564, 148024980001524, 3960
148024985582348, 148024985586740, 4392
148024991178620, 148024991182032, 3412
148024996770656, 148024996775396, 4740
148025002366192, 148025002370660, 4468
148025007965292, 148025007970036, 4744
148025013542368, 148025013546652, 4284
148025019145404, 148025019149792, 4388
148025024755792, 148025024760304, 4512
148025030354068, 148025030358356, 4288
148025035949268, 148025035953380, 4112
148025041528800, 148025041533388, 4588
148025047130832, 148025047135260, 4428
148025052722800, 148025052727016, 4216
148025058317200, 148025058321340, 4140
148025063932652, 148025063936432, 3780
148025069526816, 148025069531328, 4512
148025075108156, 148025075112336, 4180
148025080705276, 148025080709512, 4236
148025086313232, 148025086317024, 3792
148025091907048, 148025091911432, 4384
148025097502016, 148025097506520, 4504
148025103081224, 148025103085516, 4292
148025108685556, 148025108689884, 4328
148025114286340, 148025114290568, 4228
148025119886472, 148025119890756, 4284
148025125491828, 148025125495908, 4080
148025131071644, 148025131075988, 4344
148025136673408, 148025136677536, 4128
148025142265012, 148025142269480, 4468
148025147896800, 148025147902152, 5352
148025153486572, 148025153491344, 4772
148025159068516, 148025159075312, 6796
148025179624900, 148025179634572, 9672
148025190745324, 148025190753972, 8648
148025243887944, 148025243895476, 7532
148025250788332, 148025250796364, 8032
148025272655108, 148025272661572, 6464
148025272933408, 148025272935440, 2032
148025392718060, 148025392720980, 2920
148025399615872, 148025399621020, 5148
148025406505464, 148025406509988, 4524
148025413437668, 148025413442880, 5212
148025420897648, 148025420902028, 4380
148025427786440, 148025427790240, 3800
148025534234712, 148025534237984, 3272
148025561661600, 148025561667716, 6116
148025589123376, 148025589131704, 8328
148025595032760, 148025595041396, 8636
148025701719496, 148025701722360, 2864
148025721674716, 148025721679944, 5228
148025741776536, 148025741783976, 7440
148025747650448, 148025747658048, 7600
148025767684728, 148025767692272, 7544
148025901216360, 148025901219068, 2708
148025969539328, 148025969544788, 5460
148026037356008, 148026037365064, 9056
148026044327840, 148026044337232, 9392
148026064405388, 148026064413972, 8584
148026086368140, 148026086376580, 8440
148026092249008, 148026092255064, 6056
148026212213492, 148026212216648, 3156
148026219197316, 148026219202772, 5456
148026226094280, 148026226099504, 5224
148026233048076, 148026233052888, 4812
148026239939624, 148026239943536, 3912
148026246842124, 148026246846568, 4444
148026253783988, 148026253795472, 11484
148026281200976, 148026281210268, 9292
148026288190272, 148026288194668, 4396
148026295179968, 148026295188908, 8940
148026315228704, 148026315235560, 6856
148026342665748, 148026342674248, 8500
148026447569992, 148026447572028, 2036
148026467622160, 148026467628112, 5952
148026487766152, 148026487774424, 8272
148026555650312, 148026555659476, 9164
148026562581944, 148026562590184, 8240
148026582626464, 148026582633088, 6624
148026589637564, 148026589645540, 7976
148026657367192, 148026657374936, 7744
148026678077184, 148026678086568, 9384
148026705487064, 148026705496996, 9932
148026716626676, 148026716635812, 9136
148026738585444, 148026738591772, 6328
148026765933568, 148026765942048, 8480
148026800680880, 148026800688596, 7716
148026822673312, 148026822681460, 8148
148026829664432, 148026829671512, 7080
148026836374248, 148026836375580, 1332
148026843324988, 148026843330376, 5388
148026847815128, 148026847825032, 9904
148026860305232, 148026860306604, 1372
148026867276176, 148026867282436, 6260
148026874919260, 148026874927528, 8268
148026884235524, 148026884236848, 1324
148026891180404, 148026891188828, 8424
148026944940900, 148026944950416, 9516
148026951885020, 148026951891660, 6640
148026956029616, 148026956030820, 1204
148026962925440, 148026962932552, 7112
148026974032748, 148026974040164, 7416
148026993997776, 148026994004384, 6608
148027021234568, 148027021241384, 6816
148027074216756, 148027074222860, 6104
148027077677860, 148027077679100, 1240
148027104907408, 148027104914964, 7556
148027124874092, 148027124880692, 6600
148027194595820, 148027194604468, 8648
148027214609828, 148027214619376, 9548
148027282070388, 148027282078716, 8328
148027283082248, 148027283083436, 1188
148027350704876, 148027350712680, 7804
148028954221584, 148028954224640, 3056
148028974164516, 148028974169720, 5204
148028994122312, 148028994127240, 4928
148029014066072, 148029014070748, 4676
148029034007076, 148029034011708, 4632
148029053953908, 148029053958324, 4416
148029073894928, 148029073899284, 4356
148029093836504, 148029093841200, 4696
148029113776160, 148029113780832, 4672
148029133713096, 148029133717768, 4672
148029153658384, 148029153663020, 4636
148029174153288, 148029174157764, 4476
148029194120180, 148029194126608, 6428
148029214093520, 148029214099736, 6216
148029234065180, 148029234071336, 6156
148029254031748, 148029254037264, 5516
148029274018316, 148029274024120, 5804
148029293966056, 148029293970868, 4812
148029313915224, 148029313919640, 4416
148029333857964, 148029333862548, 4584
148029353842104, 148029353848108, 6004
148029373877956, 148029373883604, 5648
148029393915864, 148029393920436, 4572
148029414497724, 148029414503996, 6272
148029434551932, 148029434557320, 5388
148029454533056, 148029454538296, 5240
148029474517628, 148029474524004, 6376
148029494534828, 148029494540968, 6140
148029514555900, 148029514561360, 5460
148029534560004, 148029534565296, 5292
148029554571872, 148029554576696, 4824
148029574703052, 148029574708504, 5452
148029594768720, 148029594774148, 5428
148029614793908, 148029614799676, 5768
148029634845128, 148029634854172, 9044
148029645973584, 148029645980912, 7328
148029739951372, 148029739954632, 3260
148030254460184, 148030254463688, 3504
148030260055120, 148030260060408, 5288
148030265707096, 148030265711236, 4140
148030271301576, 148030271305252, 3676
148030276947952, 148030276953492, 5540
148030282557472, 148030282562564, 5092
148030288133984, 148030288138056, 4072
148030293733412, 148030293738000, 4588
148030299375496, 148030299381064, 5568
148030304987976, 148030304992792, 4816
148030310597204, 148030310601828, 4624
148030316195192, 148030316201200, 6008
148030321812148, 148030321816596, 4448
148030327406204, 148030327410776, 4572
148030332997524, 148030333002280, 4756
148030338667320, 148030338672728, 5408
148030344259920, 148030344265472, 5552
148030349854628, 148030349858928, 4300
148030355504772, 148030355511308, 6536
148030361123908, 148030361128764, 4856
148030366760084, 148030366764196, 4112
148030372363708, 148030372371664, 7956
148030471459300, 148030471468144, 8844
148030593552044, 148030593554956, 2912
148030600512928, 148030600518480, 5552
148030607425492, 148030607430620, 5128
148030614377172, 148030614383768, 6596
148030621277848, 148030621283016, 5168
148030628213724, 148030628218416, 4692
148030635160748, 148030635170988, 10240
148030646293876, 148030646301084, 7208
148030651929796, 148030651936944, 7148
148030705622192, 148030705629816, 7624
148030783165068, 148030783171448, 6380
148030789028224, 148030789035804, 7580
148030867818940, 148030867827948, 9008
148030895400536, 148030895410272, 9736
148030930626860, 148030930635732, 8872
148030983633240, 148030983641340, 8100
148030989237928, 148030989246468, 8540
148030994847872, 148030994852836, 4964
148031000445276, 148031000451628, 6352
148031100001768, 148031100004552, 2784
148031105609916, 148031105614600, 4684
148031111215928, 148031111220804, 4876
148031116812540, 148031116817160, 4620
148031122447044, 148031122455880, 8836
148031133168308, 148031133174888, 6580
148031285464704, 148031285467600, 2896
148031312745000, 148031312749932, 4932
148031340041824, 148031340048336, 6512
148031393067208, 148031393075244, 8036
148031398681564, 148031398690092, 8528
148031518802320, 148031518805132, 2812
148031527577828, 148031527583084, 5256
148031536353064, 148031536358100, 5036
148031545142228, 148031545147208, 4980
148031553904868, 148031553909612, 4744
148031562785880, 148031562795668, 9788
148031568378356, 148031568386340, 7984
148031574598048, 148031574605776, 7728
148031592548768, 148031592556908, 8140
148031672326600, 148031672329364, 2764
148031693328316, 148031693336972, 8656
148031727892708, 148031727900512, 7804
148031853774772, 148031853777448, 2676
148031862556280, 148031862561460, 5180
148031871310888, 148031871315524, 4636
148031880109388, 148031880114204, 4816
148031888860948, 148031888865340, 4392
148031897681808, 148031897687024, 5216
148031906985892, 148031906993348, 7456
148032035281700, 148032035284576, 2876
148032040889072, 148032040894872, 5800
148032046479016, 148032046483872, 4856
148032052073600, 148032052081768, 8168
148032057981120, 148032057989436, 8316
148032078011956, 148032078021804, 9848
148032084915272, 148032084923676, 8404
148032101050324, 148032101053156, 2832
148032106658472, 148032106665704, 7232
148032113588628, 148032113595568, 6940
148032124973052, 148032124974504, 1452
148032131890732, 148032131896724, 5992
148032137591788, 148032137598940, 7152
148032158172916, 148032158181704, 8788
148032160868604, 148032160869732, 1128
148032166457080, 148032166464268, 7188
148032172347748, 148032172354208, 6460
148032280679320, 148032280688464, 9144
148032318837772, 148032318847152, 9380
148032324467036, 148032324473948, 6912
148032344694132, 148032344701444, 7312
148032350384516, 148032350391972, 7456
148032361563732, 148032361572428, 8696
148032396248648, 148032396255624, 6976
148032416811304, 148032416819396, 8092
148032437856092, 148032437865188, 9096
148032460128652, 148032460135800, 7148
148032467058692, 148032467069796, 11104
148032487050936, 148032487063304, 12368
148032493987152, 148032493996768, 9616
148032505197180, 148032505210916, 13736
148032613337740, 148032613352036, 14296
148032618952604, 148032618963272, 10668
148032630090592, 148032630105264, 14672
148032637007144, 148032637018980, 11836
148032639479120, 148032639484392, 5272
148032651492440, 148032651499812, 7372
148032669465964, 148032669473604, 7640
148032942625060, 148032942627072, 2012
148032949525592, 148032949531068, 5476
148032956414904, 148032956419456, 4552
148032963330952, 148032963335612, 4660
148032970217328, 148032970221768, 4440
148032977122276, 148032977126608, 4332
148032984018904, 148032984023180, 4276
148032990925108, 148032990929192, 4084
148032997806892, 148032997811452, 4560
148033004718032, 148033004722456, 4424
148033011603308, 148033011607604, 4296
148033018506092, 148033018510428, 4336
148033025404100, 148033025408500, 4400
148033032284432, 148033032288860, 4428
148033039189204, 148033039193684, 4480
148033046083784, 148033046088240, 4456
148033152034996, 148033152036996, 2000
148033158937060, 148033158941896, 4836
148033165829288, 148033165833968, 4680
148033172769332, 148033172774676, 5344
148033179658544, 148033179663172, 4628
148033186570488, 148033186574724, 4236
148033201895340, 148033201900792, 5452
148033225819256, 148033225824400, 5144
148033293611916, 148033293614796, 2880
148033320890156, 148033320898464, 8308
148033355437312, 148033355445548, 8236
148033382715312, 148033382722580, 7268
148033388596524, 148033388602956, 6432
148033493030996, 148033493033028, 2032
148033520354556, 148033520359872, 5316
148033547675164, 148033547682912, 7748
148033666626112, 148033666628240, 2128
148033693983708, 148033693989724, 6016
148033721415616, 148033721426120, 10504
148033730321808, 148033730327220, 5412
148033739130348, 148033739138048, 7700
148033773907432, 148033773916512, 9080
148033782740852, 148033782745828, 4976
148033791578912, 148033791587048, 8136
148033811648324, 148033811656876, 8552
148033820462796, 148033820469540, 6744
148033840558016, 148033840566596, 8580
148033849395744, 148033849402052, 6308
148033858196264, 148033858204264, 8000
148033869481580, 148033869490892, 9312
148033871884020, 148033871885348, 1328
148033880659480, 148033880666608, 7128
148033883847904, 148033883848988, 1084
148033904462840, 148033904469784, 6944
148033999794376, 148033999801928, 7552
148034019154292, 148034019162540, 8248
148034025030076, 148034025036604, 6528
148034052454168, 148034052462104, 7936
148034151610504, 148034151619096, 8592
148034162751164, 148034162757856, 6692
148034171615560, 148034171625092, 9532
148034191698308, 148034191705300, 6992
148034200519652, 148034200526516, 6864
148034206476420, 148034206486896, 10476
148034207014956, 148034207016400, 1444
148034215815232, 148034215820972, 5740
148034222865856, 148034222867092, 1236
148034242899752, 148034242908892, 9140
148034310884788, 148034310894468, 9680
148034345321356, 148034345327520, 6164
148034351282412, 148034351290920, 8508
148034360169964, 148034360177656, 7692
148034374427508, 148034374429188, 1680
148034383204868, 148034383212500, 7632
148034462354164, 148034462360736, 6572
148034561031900, 148034561039012, 7112
148034572216508, 148034572225048, 8540
148034592304640, 148034592311584, 6944
148034645557632, 148034645565484, 7852
148034666164320, 148034666173284, 8964
148034679099788, 148034679107996, 8208
148034684982792, 148034684990356, 7564
148034763717184, 148034763723848, 6664
148034772597972, 148034772608072, 10100
148034792760288, 148034792768352, 8064
148034801620240, 148034801627016, 6776
148034807594788, 148034807602668, 7880
148034816407848, 148034816415180, 7332
148034829108448, 148034829110076, 1628
148034837908924, 148034837916196, 7272
148034865293340, 148034865301840, 8500
148034876471608, 148034876479340, 7732
148034896554772, 148034896561128, 6356
148034924405620, 148034924413632, 8012
148035002569864, 148035002577536, 7672
148035029855932, 148035029864044, 8112
148035064349900, 148035064358196, 8296
148035084325824, 148035084333220, 7396
148035093155964, 148035093161032, 5068
148035101922548, 148035101927080, 4532
148035110726280, 148035110735240, 8960
148035219167012, 148035219173964, 6952
148035227988368, 148035227997504, 9136
148035235930960, 148035235932128, 1168
148035244690928, 148035244698320, 7392
148035255791288, 148035255800508, 9220
148035259861512, 148035259862832, 1320
148035268652932, 148035268660672, 7740
148035291913964, 148035291922468, 8504
148035359412964, 148035359421544, 8580
148035368212660, 148035368218008, 5348
148035376946048, 148035376950896, 4848
148035385728480, 148035385733572, 5092
148035394457060, 148035394464880, 7820
148035400825520, 148035400833232, 7712
148035403529192, 148035403530300, 1108
148035412318092, 148035412326796, 8704
148035434221656, 148035434229696, 8040
148035532694032, 148035532701444, 7412
148035554641728, 148035554649648, 7920
148036173240576, 148036173243288, 2712
148036200553768, 148036200558784, 5016
148036227834656, 148036227840036, 5380
148036255160792, 148036255165372, 4580
148036282437644, 148036282443728, 6084
148036309837808, 148036309844096, 6288
148036337620796, 148036337627368, 6572
148036364977528, 148036364983944, 6416
