32034078075296, 32034078082356, 7060
32036072500312, 32036072505548, 5236
32036072538192, 32036072540208, 2016
32038066093712, 32038066098540, 4828
32038787969148, 32038787974008, 4860
32039509858944, 32039509865492, 6548
32040231836252, 32040231840788, 4536
32040953598768, 32040953605076, 6308
32041675489716, 32041675496768, 7052
32042397377596, 32042397384760, 7164
32043119302904, 32043119308876, 5972
32043841174752, 32043841179976, 5224
32044563102196, 32044563108040, 5844
32045285005136, 32045285011560, 6424
32046006876760, 32046006883688, 6928
32046728774792, 32046728782144, 7352
32047450720436, 32047450727584, 7148
32048172564072, 32048172570288, 6216
32048894514864, 32048894519884, 5020
32049616404488, 32049616411476, 6988
32050338277784, 32050338284840, 7056
32051060213620, 32051060220104, 6484
32051782079104, 32051782085956, 6852
32052504002192, 32052504008484, 6292
32053225937264, 32053225943916, 6652
32053947757756, 32053947784392, 26636
32054669741928, 32054669748168, 6240
32055391598716, 32055391605528, 6812
32056113465848, 32056113472888, 7040
32056835409132, 32056835415820, 6688
32057557386800, 32057557391288, 4488
32058279243336, 32058279250200, 6864
32038074031780, 32038074034900, 3120
32039174849808, 32039174854788, 4980
32040283621020, 32040283627800, 6780
32041392318360, 32041392325440, 7080
32042501103388, 32042501109908, 6520
32043609879344, 32043609886028, 6684
32044718644180, 32044718651084, 6904
32045827529008, 32045827535360, 6352
32046936201420, 32046936206136, 4716
32048044988292, 32048044995108, 6816
32049153787484, 32049153792144, 4660
32050262482816, 32050262489780, 6964
32051371233036, 32051371239164, 6128
32052480033980, 32052480040236, 6256
32053588846972, 32053588853896, 6924
32054697645676, 32054697652012, 6336
32055806375128, 32055806382372, 7244
32056915109648, 32056915116388, 6740
32058024013936, 32058024020644, 6708
32034079813860, 32034079821500, 7640
