17653585721798, 17653585762072, 40274
17654505510256, 17654505515500, 5244
17655175853496, 17655175856148, 2652
17655634162320, 17655634165372, 3052
17656646360488, 17656646363296, 2808
17657615244996, 17657615249180, 4184
17658356231052, 17658356234024, 2972
17659908469672, 17659908479000, 9328
17661494630532, 17661494637984, 7452
17663080790856, 17663080797628, 6772
17664667039080, 17664667040568, 1488
17666253301596, 17666253304932, 3336
17667839362128, 17667839365712, 3584
17669425626208, 17669425629424, 3216
17671011681124, 17671011685952, 4828
17672597920020, 17672597929632, 9612
17674184081260, 17674184083204, 1944
17649577643732, 17649577652612, 8880
17651570426940, 17651570430872, 3932
17651570468468, 17651570472164, 3696
17651570499832, 17651570502964, 3132
17651570560836, 17651570565712, 4876
17651570595436, 17651570597948, 2512
17651570625460, 17651570627892, 2432
17651570653624, 17651570656136, 2512
17651570681448, 17651570683848, 2400
17651570710196, 17651570712736, 2540
17653563820280, 17653563826080, 5800
17653563841704, 17653563853848, 12144
17654367864298, 17654367871838, 7540
17655149903256, 17655149909308, 6052
17656138148352, 17656138152128, 3776
17656736139684, 17656736145372, 5688
17657675847488, 17657675850652, 3164
17658701405252, 17658701412408, 7156
17659728889564, 17659728896740, 7176
17660756380512, 17660756388200, 7688
17661783937680, 17661783943276, 5596
17662811433248, 17662811441116, 7868
17663838991480, 17663838997280, 5800
17664866484704, 17664866488960, 4256
17665894038688, 17665894044044, 5356
17666921535384, 17666921539980, 4596
17667949179756, 17667949183060, 3304
17668976595904, 17668976600996, 5092
17670004137036, 17670004143532, 6496
17671031633872, 17671031638696, 4824
17672059189916, 17672059196432, 6516
17673086679908, 17673086682352, 2444
17674114240048, 17674114246344, 6296
17649562164620, 17649562173460, 8840
17653645577832, 17653645582798, 4966
17654591304556, 17654591311152, 6596
17655541275508, 17655541280968, 5460
17656388964896, 17656388971412, 6516
17656779979464, 17656779983176, 3712
17657330657228, 17657330664288, 7060
17658272492052, 17658272496648, 4596
17659214112960, 17659214119812, 6852
17660155887456, 17660155906528, 19072
17661097577644, 17661097580408, 2764
17662039336188, 17662039342516, 6328
17662981028812, 17662981035740, 6928
17663922796896, 17663922801572, 4676
17664864486388, 17664864492392, 6004
17665806257596, 17665806262464, 4868
17666747946868, 17666747951832, 4964
17667689705976, 17667689712200, 6224
17668631480104, 17668631483496, 3392
17669573164756, 17669573171300, 6544
17670514929812, 17670514935672, 5860
17671257099316, 17671257102788, 3472
17672613875968, 17672613883232, 7264
17673974574012, 17673974579900, 5888
17649536937612, 17649536949472, 11860
17653603666792, 17653603671664, 4872
17654685086828, 17654685088664, 1836
17655806348948, 17655806355708, 6760
17656927613332, 17656927620148, 6816
17658048953448, 17658048960224, 6776
17658396131696, 17658396134548, 2852
17659170218944, 17659170225144, 6200
17659192164964, 17659192171096, 6132
17659996259732, 17659996267256, 7524
17660800275708, 17660800282616, 6908
17661604367960, 17661604374700, 6740
17662408467416, 17662408471436, 4020
17663212478592, 17663212485240, 6648
17664016569036, 17664016574604, 5568
17664820590204, 17664820596224, 6020
17665624685916, 17665624690840, 4924
17666428772972, 17666428778656, 5684
17667232791584, 17667232797364, 5780
17668036884248, 17668036890748, 6500
17668840902864, 17668840909444, 6580
17669644992192, 17669644998512, 6320
17670449095460, 17670449099024, 3564
17671964159708, 17671964175256, 15548
17672398386560, 17672398393804, 7244
17673340082536, 17673340087704, 5168
17674281843840, 17674281850952, 7112
17649553303636, 17649553311936, 8300
17654146383878, 17654146389964, 6086
17654697054144, 17654697059468, 5324
17655830291392, 17655830297504, 6112
17656963528248, 17656963534020, 5772
17658096839456, 17658096848824, 9368
17659230074680, 17659230080812, 6132
17660349423220, 17660349426372, 3152
17660363386268, 17660363400948, 14680
17661412827620, 17661412835180, 7560
17661496625008, 17661496631964, 6956
17662534163896, 17662534169708, 5812
17662629935596, 17662629941048, 5452
17663655429208, 17663655436240, 7032
17663763172808, 17663763178992, 6184
17664776692664, 17664776699592, 6928
17664896419624, 17664896425716, 6092
17665898033324, 17665898039832, 6508
17666029723672, 17666029725372, 1700
17667019302256, 17667019308984, 6728
17667162957584, 17667162963044, 5460
17668140638408, 17668140656088, 17680
17668296268920, 17668296279752, 10832
17669261904964, 17669261912156, 7192
17669429506444, 17669429534700, 28256
17670383245268, 17670383251012, 5744
17670562817852, 17670562822280, 4428
17671504508132, 17671504515392, 7260
17671696057404, 17671696062016, 4612
17672625846980, 17672625854120, 7140
17672829293212, 17672829300384, 7172
17673747638932, 17673747645860, 6928
17673962602976, 17673962613640, 10664
17649570491708, 17649570504208, 12500
17653645569944, 17653645575144, 5200
17654846631152, 17654846635200, 4048
17656129580956, 17656129589400, 8444
17657412471172, 17657412477348, 6176
17658695419252, 17658695425544, 6292
17659978301460, 17659978308140, 6680
17661261183184, 17661261189488, 6304
17662544137936, 17662544143924, 5988
17663827030184, 17663827033728, 3544
17665109911556, 17665109915184, 3628
17666392858424, 17666392864796, 6372
17667675745368, 17667675751444, 6076
17668958623672, 17668958629852, 6180
17670241579548, 17670241586184, 6636
17671524461308, 17671524467704, 6396
17672807344344, 17672807351868, 7524
17674090301952, 17674090309040, 7088
17649513093228, 17649513109032, 15804
17649520511160, 17649520520956, 9796
17649528703272, 17649528711628, 8356
17649545031444, 17649545041532, 10088
17653579727684, 17653579732884, 5200
17654924439760, 17654924445912, 6152
17656285219408, 17656285233628, 14220
17657645907536, 17657645914792, 7256
17659006611064, 17659006612528, 1464
17660367374596, 17660367385192, 10596
17661728078912, 17661728080460, 1548
17663088773508, 17663088780468, 6960
17664449542832, 17664449549924, 7092
17665810242136, 17665810248524, 6388
17667170942344, 17667170946516, 4172
17668531708148, 17668531724212, 16064
17669892406196, 17669892412628, 6432
17671253624012, 17671253632556, 8544
17672057194384, 17672057201244, 6860
17672861214808, 17672861221756, 6948
17673665315308, 17673665321060, 5752
17653902968592, 17653902974172, 5580
17655100023152, 17655100028736, 5584
17656636383784, 17656636391228, 7444
17658172658756, 17658172665412, 6656
17659708939200, 17659708945328, 6128
17661245222612, 17661245229156, 6544
17662781500296, 17662781506884, 6588
17664317854776, 17664317860980, 6204
17665854135176, 17665854141176, 6000
17667390415276, 17667390420780, 5504
17668926698572, 17668926705600, 7028
17670463053444, 17670463059320, 5876
17671999334428, 17671999341348, 6920
17673535614640, 17673535621328, 6688
