29192337999924, 29192338004536, 4612
29192338086044, 29192338089600, 3556
29194332165728, 29194332170844, 5116
29194360112448, 29194360117824, 5376
29194387987828, 29194387992880, 5052
29194415929164, 29194415934112, 4948
29194443865700, 29194443870820, 5120
29194471788508, 29194471793596, 5088
29194499738860, 29194499743736, 4876
29194527560576, 29194527566196, 5620
29194555520816, 29194555525460, 4644
29194583496996, 29194583501900, 4904
29194611394832, 29194611399696, 4864
29194639255396, 29194639260356, 4960
29194667217188, 29194667221744, 4556
29194695096140, 29194695100736, 4596
29194723009884, 29194723014424, 4540
29194750902756, 29194750906792, 4036
29194778862152, 29194778866792, 4640
29194806829520, 29194806834352, 4832
29194834755232, 29194834759844, 4612
29194862676824, 29194862681276, 4452
29194890507120, 29194890511832, 4712
29194918474432, 29194918479540, 5108
29194946361472, 29194946366292, 4820
29194974318436, 29194974322688, 4252
29195002228472, 29195002233376, 4904
29195030149796, 29195030154948, 5152
29195058097240, 29195058101496, 4256
29195085991420, 29195085996332, 4912
29195113904928, 29195113910516, 5588
29195141801420, 29195141806236, 4816
29195169797444, 29195169802196, 4752
29195197651556, 29195197656420, 4864
29195225599404, 29195225604144, 4740
29195253623428, 29195253627884, 4456
29195281419412, 29195281424564, 5152
29195309258244, 29195309262676, 4432
29195337308200, 29195337312636, 4436
29195365143424, 29195365148556, 5132
29195393098412, 29195393104248, 5836
29195420962716, 29195420967480, 4764
29195448907008, 29195448912060, 5052
29195945475072, 29195945478056, 2984
29196068157924, 29196068163216, 5292
29196190649584, 29196190655572, 5988
29196313128344, 29196313133296, 4952
29196435388052, 29196435393472, 5420
29196558291620, 29196558297704, 6084
29196680859960, 29196680865416, 5456
29196803956264, 29196803961904, 5640
29196926696508, 29196926701840, 5332
29197049901620, 29197049907288, 5668
29197172067536, 29197172072240, 4704
29197295216616, 29197295221996, 5380
29197439198792, 29197439203400, 4608
29197602598888, 29197602603588, 4700
29197766416220, 29197766422212, 5992
29197794076260, 29197794080548, 4288
29197822063516, 29197822068336, 4820
29197849974152, 29197849978636, 4484
29197878043356, 29197878048172, 4816
29197905759404, 29197905763740, 4336
29197933676288, 29197933680956, 4668
29197961545596, 29197961550024, 4428
29197989475140, 29197989480020, 4880
29198017383716, 29198017388040, 4324
29198045303316, 29198045308048, 4732
29198073256060, 29198073260896, 4836
29198101122104, 29198101127176, 5072
29198129145884, 29198129150548, 4664
29198157057884, 29198157062908, 5024
29198184894980, 29198184899476, 4496
29198212835748, 29198212840460, 4712
29198240702024, 29198240707144, 5120
29198268650092, 29198268655016, 4924
29198296609784, 29198296614508, 4724
29198324546152, 29198324550912, 4760
29198352481132, 29198352485964, 4832
29198380461640, 29198380466372, 4732
29198408382948, 29198408387380, 4432
29198436143788, 29198436148580, 4792
29198464141004, 29198464145676, 4672
29198492021740, 29198492026844, 5104
29198519975680, 29198519981200, 5520
29198547826972, 29198547831696, 4724
29198575861284, 29198575865716, 4432
29198603701216, 29198603705808, 4592
29198631616260, 29198631621036, 4776
29198659547664, 29198659552584, 4920
29198687437176, 29198687441988, 4812
29198715439648, 29198715444216, 4568
29198743316180, 29198743320760, 4580
29198771223504, 29198771228392, 4888
29198799151568, 29198799156132, 4564
29198827179908, 29198827184700, 4792
29198854987692, 29198854992716, 5024
29198882957348, 29198882962216, 4868
29199937815868, 29199937819124, 3256
29200060401560, 29200060407032, 5472
29200182850504, 29200182856552, 6048
29200305428252, 29200305434160, 5908
29200427889004, 29200427894104, 5100
29200551015528, 29200551021260, 5732
29200673474772, 29200673480424, 5652
29200796144988, 29200796149768, 4780
29200918504732, 29200918510488, 5756
29201041454500, 29201041459728, 5228
29201163581772, 29201163587172, 5400
29201286445844, 29201286452076, 6232
29201409122668, 29201409127536, 4868
29201531606480, 29201531611904, 5424
29201653752540, 29201653757504, 4964
29201776808000, 29201776813892, 5892
29201899151444, 29201899156436, 4992
29202022444192, 29202022449552, 5360
29202145001048, 29202145006976, 5928
29202267854720, 29202267859864, 5144
29202390394312, 29202390399880, 5568
29202513494892, 29202513500416, 5524
29202635580948, 29202635585780, 4832
29202758533628, 29202758538712, 5084
29202880596684, 29202880602384, 5700
29203003879732, 29203003884452, 4720
29203162444396, 29203162449120, 4724
29203325939600, 29203325943848, 4248
29203489733456, 29203489739164, 5708
29203517485564, 29203517490328, 4764
29203545374820, 29203545379696, 4876
29203573271108, 29203573275704, 4596
29203601211004, 29203601215468, 4464
29203629165420, 29203629170584, 5164
29203657030728, 29203657037176, 6448
29203684990096, 29203684994652, 4556
29203712896492, 29203712900940, 4448
29203740877176, 29203740881792, 4616
29203768729904, 29203768734424, 4520
29203796660660, 29203796665896, 5236
29203824533752, 29203824538192, 4440
29203852422136, 29203852426780, 4644
29203880309200, 29203880313656, 4456
29203908273516, 29203908278352, 4836
29203936174976, 29203936180296, 5320
29203964068576, 29203964073144, 4568
29203991998348, 29203992003276, 4928
29204019910328, 29204019915184, 4856
29204047919984, 29204047924668, 4684
29204075795512, 29204075800344, 4832
29204103701924, 29204103706908, 4984
29204131629408, 29204131634368, 4960
29204159509464, 29204159514544, 5080
29204187415476, 29204187421068, 5592
29204215399760, 29204215404528, 4768
29204243296228, 29204243301188, 4960
29204271201528, 29204271205908, 4380
29204299065832, 29204299070440, 4608
29204327158776, 29204327163692, 4916
29204354974604, 29204354979584, 4980
29204382894568, 29204382899316, 4748
29204410820344, 29204410824760, 4416
29204438794808, 29204438799364, 4556
29204466726836, 29204466731640, 4804
29204494539560, 29204494544472, 4912
29204522458160, 29204522462548, 4388
29204550405668, 29204550410432, 4764
29204578299664, 29204578304460, 4796
29204606224188, 29204606228640, 4452
29204634117760, 29204634124836, 7076
29204662119296, 29204662125532, 6236
29204690030120, 29204690039936, 9816
29204717916088, 29204717931664, 15576
29204745832696, 29204745848084, 15388
29204773723308, 29204773738700, 15392
29204801763560, 29204801777512, 13952
29204829585884, 29204829600760, 14876
29204857568164, 29204857583340, 15176
29204885429072, 29204885443756, 14684
29204913368864, 29204913384852, 15988
29204941255984, 29204941270296, 14312
29204969244332, 29204969259108, 14776
29204997088364, 29204997103716, 15352
29205025031780, 29205025046684, 14904
29205052978844, 29205052994212, 15368
29205080934628, 29205080949216, 14588
29205108766064, 29205108779744, 13680
29205136716156, 29205136731932, 15776
29205164658660, 29205164675248, 16588
29205192569484, 29205192584320, 14836
29205220491216, 29205220506416, 15200
29205248425400, 29205248438372, 12972
29205276374116, 29205276380756, 6640
29205304205948, 29205304212460, 6512
29205332107872, 29205332114572, 6700
29205360025476, 29205360031860, 6384
29205388044852, 29205388051560, 6708
29205415938548, 29205415945304, 6756
29205443774808, 29205443781116, 6308
29205471729428, 29205471735548, 6120
29205499686464, 29205499693184, 6720
29205527664396, 29205527670660, 6264
29205555506492, 29205555513752, 7260
29205583440788, 29205583447328, 6540
29205611410684, 29205611417252, 6568
29205639211344, 29205639217712, 6368
29205667153464, 29205667160340, 6876
29205695113288, 29205695119820, 6532
29205723041884, 29205723048644, 6760
29205750899048, 29205750905444, 6396
29205920377240, 29205920380644, 3404
29206043226060, 29206043231524, 5464
29206165618868, 29206165624220, 5352
29206288824004, 29206288829276, 5272
29206433002752, 29206433009528, 6776
29206596403084, 29206596408756, 5672
29206760034452, 29206760041388, 6936
29206923606812, 29206923614644, 7832
29206951512820, 29206951519044, 6224
29206979328308, 29206979335324, 7016
29207007308852, 29207007315724, 6872
29207035241024, 29207035247856, 6832
29207063039992, 29207063046572, 6580
29207090991544, 29207090998472, 6928
29207118978968, 29207118985876, 6908
29207146929240, 29207146935776, 6536
29207174784588, 29207174791900, 7312
29207202700624, 29207202707436, 6812
29207230638656, 29207230645228, 6572
29207258586400, 29207258592732, 6332
29207286442972, 29207286449464, 6492
29207314514288, 29207314520972, 6684
29207342254732, 29207342261348, 6616
29207370266640, 29207370273672, 7032
29207398180520, 29207398186628, 6108
29207426067828, 29207426075208, 7380
29207454025640, 29207454032412, 6772
29207481960008, 29207481966492, 6484
29207509938380, 29207509944636, 6256
29207537889868, 29207537896616, 6748
29207565767832, 29207565774508, 6676
29207593591616, 29207593598204, 6588
29207621437616, 29207621443244, 5628
29207649397780, 29207649404136, 6356
29207677393060, 29207677399404, 6344
29207705318020, 29207705324296, 6276
29207733198992, 29207733205220, 6228
29207761299412, 29207761305488, 6076
29207789038712, 29207789045276, 6564
29207816871680, 29207816878688, 7008
29207844820220, 29207844826732, 6512
29207872728960, 29207872735456, 6496
29207900625412, 29207900631484, 6072
29207928536456, 29207928543104, 6648
29207956475100, 29207956480856, 5756
29207984410632, 29207984417920, 7288
29208012312024, 29208012318516, 6492
29208040220524, 29208040227064, 6540
29208068077892, 29208068084292, 6400
29208096019416, 29208096026132, 6716
29208123931480, 29208123937748, 6268
29208151908280, 29208151914896, 6616
29208179770776, 29208179777504, 6728
29208207751328, 29208207758240, 6912
29208235653200, 29208235660168, 6968
29208263577172, 29208263583864, 6692
29208291540892, 29208291547884, 6992
29208319409468, 29208319415144, 5676
29208347364544, 29208347371668, 7124
29208375345244, 29208375351824, 6580
29208403177164, 29208403183416, 6252
29208431087096, 29208431106504, 19408
29208458960520, 29208458967196, 6676
29208486964156, 29208486970868, 6712
29208514819940, 29208514826928, 6988
29208542777096, 29208542784148, 7052
29208570662584, 29208570668464, 5880
29208598594808, 29208598601452, 6644
29208626599760, 29208626606460, 6700
29208654470960, 29208654477564, 6604
29208682415212, 29208682421904, 6692
29208710311504, 29208710318540, 7036
29208738189084, 29208738196096, 7012
29208766139452, 29208766146200, 6748
29208794049856, 29208794057560, 7704
29208822082864, 29208822089524, 6660
29208849893740, 29208849900700, 6960
29208877915504, 29208877922408, 6904
29208905747984, 29208905754812, 6828
29208933666804, 29208933673588, 6784
29208961526024, 29208961532696, 6672
29208989445216, 29208989452112, 6896
29209017490088, 29209017496872, 6784
29209045283896, 29209045290956, 7060
29209073372884, 29209073379780, 6896
29209101186484, 29209101193072, 6588
29209129146224, 29209129152980, 6756
29209156984452, 29209156991260, 6808
29209185031808, 29209185038760, 6952
29209212959632, 29209212965480, 5848
29209240846904, 29209240853648, 6744
29209268729396, 29209268736528, 7132
29209296581420, 29209296588452, 7032
29209324539352, 29209324545676, 6324
29209352450260, 29209352456784, 6524
29209380320752, 29209380327200, 6448
29209408367228, 29209408373648, 6420
29209436175864, 29209436182680, 6816
29209464097128, 29209464103256, 6128
29209492073100, 29209492080528, 7428
29209519953368, 29209519960280, 6912
29209547946868, 29209547953508, 6640
29209575807124, 29209575813300, 6176
29209603660716, 29209603666888, 6172
29209631610336, 29209631616468, 6132
29209659546648, 29209659553516, 6868
29209687437552, 29209687444248, 6696
29209715463640, 29209715469936, 6296
29209743368072, 29209743374788, 6716
29209771233112, 29209771239728, 6616
29209799065436, 29209799071884, 6448
29209826995068, 29209827001296, 6228
29209855059432, 29209855066036, 6604
29209882857944, 29209882864824, 6880
29209910864668, 29209910871440, 6772
29209938680804, 29209938687876, 7072
29209966618792, 29209966625468, 6676
29209994519504, 29209994526540, 7036
29210022456472, 29210022463404, 6932
29210050349588, 29210050356728, 7140
29210078290256, 29210078297176, 6920
29210106210708, 29210106217268, 6560
29210134147696, 29210134154184, 6488
29210162054100, 29210162061340, 7240
29210189979704, 29210189986296, 6592
29210217864272, 29210217870292, 6020
29210245831316, 29210245838308, 6992
29210273676152, 29210273682792, 6640
29210301680336, 29210301687016, 6680
29210329626252, 29210329632680, 6428
29210357525912, 29210357532568, 6656
29210385386320, 29210385392788, 6468
29210413295116, 29210413301084, 5968
29210441220704, 29210441233964, 13260
29210469180844, 29210469187344, 6500
29210497119244, 29210497125432, 6188
29210525010488, 29210525017084, 6596
29210552952612, 29210552959460, 6848
29210580805196, 29210580812168, 6972
29210608764816, 29210608771536, 6720
29210636663392, 29210636670580, 7188
29210664596044, 29210664602604, 6560
29210692550572, 29210692557464, 6892
29210720406132, 29210720412068, 5936
29210748391328, 29210748397864, 6536
29210776231448, 29210776237704, 6256
29210804233964, 29210804238684, 4720
29210832117840, 29210832124740, 6900
29210860019160, 29210860025940, 6780
29210887913104, 29210887920136, 7032
29210915886144, 29210915892840, 6696
29210943802264, 29210943809252, 6988
29210971727216, 29210971733148, 5932
29210999695724, 29210999702292, 6568
29211027548096, 29211027554832, 6736
29211055468252, 29211055475228, 6976
29211083357548, 29211083364136, 6588
29211111344544, 29211111350808, 6264
29211139266936, 29211139273568, 6632
29211167195872, 29211167202640, 6768
29211195060196, 29211195066628, 6432
29211222929524, 29211222935520, 5996
29211250879188, 29211250886068, 6880
29211278818156, 29211278825028, 6872
29211306731240, 29211306737488, 6248
29211334751732, 29211334757888, 6156
29211362593528, 29211362600484, 6956
29211390633224, 29211390639448, 6224
29211418406144, 29211418412584, 6440
29211446363852, 29211446370368, 6516
29211474326044, 29211474332716, 6672
29211898988528, 29211898991652, 3124
29212021871396, 29212021876568, 5172
29212144329824, 29212144335612, 5788
29212267555972, 29212267560856, 4884
29212390293636, 29212390298784, 5148
29212512995048, 29212512999892, 4844
29212635682012, 29212635686972, 4960
29212758550272, 29212758555376, 5104
29212881742108, 29212881747232, 5124
29213004672724, 29213004678280, 5556
29213137455924, 29213137462112, 6188
29213300949420, 29213300956304, 6884
29213464457340, 29213464492980, 35640
29213628019404, 29213628025564, 6160
29213791572684, 29213791580020, 7336
29213819442840, 29213819449348, 6508
29213847385852, 29213847391632, 5780
29213875248248, 29213875254092, 5844
29213903231736, 29213903237728, 5992
29213931089804, 29213931096448, 6644
29213959070784, 29213959077888, 7104
29213986941788, 29213986948904, 7116
29214014895228, 29214014902196, 6968
29214042713596, 29214042720372, 6776
29214070677968, 29214070684644, 6676
29214098565064, 29214098572400, 7336
29214126599500, 29214126605888, 6388
29214154376000, 29214154382732, 6732
29214182410560, 29214182416744, 6184
29214210322572, 29214210328864, 6292
29214238150204, 29214238165576, 15372
29214266102024, 29214266109508, 7484
29214294043604, 29214294050532, 6928
29190339549940, 29190339557344, 7404
29190346316164, 29190346323848, 7684
29194389918404, 29194389921464, 3060
29194495683904, 29194495689064, 5160
29194659240256, 29194659246708, 6452
29194822726808, 29194822733244, 6436
29194986312828, 29194986317288, 4460
29195149844776, 29195149849440, 4664
29195313285396, 29195313292388, 6992
29195476814708, 29195476824272, 9564
29195504820520, 29195504825208, 4688
29195532664928, 29195532671468, 6540
29195560581744, 29195560588264, 6520
29195588581852, 29195588586208, 4356
29195616391312, 29195616397420, 6108
29195644323080, 29195644329768, 6688
29195672313428, 29195672318508, 5080
29195700200664, 29195700207188, 6524
29195728059956, 29195728066188, 6232
29195756126208, 29195756132388, 6180
29195783930056, 29195783936516, 6460
29195811852780, 29195811857392, 4612
29195839733104, 29195839738516, 5412
29195867648304, 29195867653020, 4716
29195895666028, 29195895670656, 4628
29195923492968, 29195923497640, 4672
29195951457252, 29195951462088, 4836
29195979305036, 29195979310328, 5292
29196007250512, 29196007255564, 5052
29196035214140, 29196035219068, 4928
29196063127092, 29196063133676, 6584
29196091005860, 29196091012556, 6696
29196118935864, 29196118942672, 6808
29196146815104, 29196146821356, 6252
29196174842016, 29196174848376, 6360
29196202737732, 29196202742292, 4560
29196230587724, 29196230592948, 5224
29196258525968, 29196258530280, 4312
29196286405460, 29196286411044, 5584
29196314355240, 29196314359224, 3984
29196342265192, 29196342271372, 6180
29196370228432, 29196370233296, 4864
29196398182696, 29196398187564, 4868
29196426081296, 29196426086232, 4936
29196453944516, 29196453949696, 5180
29196481999760, 29196482004464, 4704
29196509828708, 29196509833360, 4652
29196537758992, 29196537764012, 5020
29196565611992, 29196565618952, 6960
29196593540060, 29196593546660, 6600
29196621437024, 29196621441620, 4596
29196649467604, 29196649474936, 7332
29196677305584, 29196677314600, 9016
29196705218912, 29196705233916, 15004
29196733111680, 29196733124932, 13252
29196761106064, 29196761115564, 9500
29196789005640, 29196789014804, 9164
29196816892360, 29196816907988, 15628
29196844863992, 29196844877580, 13588
29196872750428, 29196872765232, 14804
29196900712928, 29196900727376, 14448
29196928553080, 29196928566824, 13744
29196956507692, 29196956522960, 15268
29196984424120, 29196984440412, 16292
29197012389164, 29197012403580, 14416
29197040244336, 29197040260188, 15852
29197068163604, 29197068178132, 14528
29197096058164, 29197096072372, 14208
29197124074832, 29197124090168, 15336
29197151935092, 29197151949352, 14260
29197179838620, 29197179851256, 12636
29197207781036, 29197207797760, 16724
29197235677012, 29197235693684, 16672
29197263623940, 29197263637196, 13256
29197291662136, 29197291677496, 15360
29197319544940, 29197319560660, 15720
29197347356868, 29197347373456, 16588
29197375268232, 29197375283216, 14984
29197403231788, 29197403245364, 13576
29197431232876, 29197431239152, 6276
29197459119388, 29197459126160, 6772
29197486952060, 29197486958792, 6732
29197514898212, 29197514904184, 5972
29197542827708, 29197542833192, 5484
29197570699640, 29197570706044, 6404
29197598768152, 29197598774108, 5956
29197626544372, 29197626551092, 6720
29197654447808, 29197654453524, 5716
29197682411036, 29197682418072, 7036
29197710317496, 29197710323356, 5860
29197738271744, 29197738278528, 6784
29197935729168, 29197935732068, 2900
29198058539064, 29198058544204, 5140
29198181156824, 29198181162580, 5756
29198304230040, 29198304235576, 5536
29198426715412, 29198426720472, 5060
29198583814784, 29198583821476, 6692
29198747298336, 29198747305088, 6752
29198910936404, 29198910943864, 7460
29198938762324, 29198938768612, 6288
29198966618848, 29198966625604, 6756
29198994592348, 29198994598836, 6488
29199022529860, 29199022536544, 6684
29199050385932, 29199050392732, 6800
29199078444232, 29199078450712, 6480
29199106297620, 29199106303808, 6188
29199134228220, 29199134234480, 6260
29199162156156, 29199162162872, 6716
29199189957096, 29199189994224, 37128
29199218024896, 29199218031560, 6664
29199246019396, 29199246026028, 6632
29199273813716, 29199273820444, 6728
29199301722372, 29199301728732, 6360
29199329608332, 29199329614912, 6580
29199357477692, 29199357483768, 6076
29199385536340, 29199385541736, 5396
29199413390520, 29199413397064, 6544
29199441306256, 29199441313008, 6752
29199469297556, 29199469304388, 6832
29199497248432, 29199497254532, 6100
29199525031764, 29199525038264, 6500
29199552961320, 29199552966992, 5672
29199580936540, 29199580943476, 6936
29199608798676, 29199608804640, 5964
29199636722028, 29199636728188, 6160
29199664669024, 29199664675988, 6964
29199692615880, 29199692623048, 7168
29199720505764, 29199720511944, 6180
29199748421384, 29199748427452, 6068
29199776344304, 29199776350584, 6280
29199804313832, 29199804320412, 6580
29199832155272, 29199832161308, 6036
29199860044644, 29199860051876, 7232
29199888097964, 29199888104208, 6244
29199915963584, 29199915969368, 5784
29199943864400, 29199943871128, 6728
29199971704736, 29199971711568, 6832
29199999583512, 29199999590572, 7060
29200027551320, 29200027558228, 6908
29200055486192, 29200055493276, 7084
29200083383200, 29200083389976, 6776
29200111296796, 29200111303648, 6852
29200139345132, 29200139352256, 7124
29200167120276, 29200167127024, 6748
29200195055212, 29200195061528, 6316
29200222953812, 29200222960804, 6992
29200250959500, 29200250966764, 7264
29200278822060, 29200278829040, 6980
29200306752824, 29200306759692, 6868
29200334639160, 29200334646364, 7204
29200362599764, 29200362606468, 6704
29200390518760, 29200390525720, 6960
29200418365984, 29200418372828, 6844
29200446325260, 29200446332256, 6996
29200474261704, 29200474268380, 6676
29200502190280, 29200502196948, 6668
29200530051460, 29200530058272, 6812
29200558049572, 29200558056760, 7188
29200585952144, 29200585959268, 7124
29200613816788, 29200613823088, 6300
29200641844900, 29200641851784, 6884
29200669680180, 29200669685944, 5764
29200697616656, 29200697623760, 7104
29200725545688, 29200725552156, 6468
29200753485100, 29200753492048, 6948
29200781517356, 29200781523988, 6632
29200809266356, 29200809272708, 6352
29200837268808, 29200837275432, 6624
29200865208832, 29200865214860, 6028
29200893052176, 29200893059180, 7004
29200920993096, 29200920999988, 6892
29200948873988, 29200948880564, 6576
29200976858540, 29200976865596, 7056
29201004726288, 29201004733176, 6888
29201032633656, 29201032640652, 6996
29201060653284, 29201060659720, 6436
29201088461820, 29201088469044, 7224
29201116370488, 29201116383680, 13192
29201144332888, 29201144339692, 6804
29201172198300, 29201172205060, 6760
29201200128188, 29201200135124, 6936
29201228060216, 29201228067464, 7248
29201255961636, 29201255968660, 7024
29201283937492, 29201283944492, 7000
29201311832872, 29201311839476, 6604
29201339801616, 29201339808320, 6704
29201367643216, 29201367649964, 6748
29201395620896, 29201395627504, 6608
29201423545312, 29201423552080, 6768
29201451440868, 29201451447424, 6556
29201479396336, 29201479403532, 7196
29201507242464, 29201507249596, 7132
29201535146648, 29201535153812, 7164
29201563130184, 29201563136472, 6288
29201591060300, 29201591066924, 6624
29201618961344, 29201618968180, 6836
29201646860580, 29201646867364, 6784
29201674806224, 29201674812360, 6136
29201702736304, 29201702743000, 6696
29201730580924, 29201730587436, 6512
29201758493096, 29201758499980, 6884
29201786584976, 29201786591256, 6280
29201814440640, 29201814447392, 6752
29201842273720, 29201842280600, 6880
29201870273448, 29201870279948, 6500
29201898231964, 29201898238600, 6636
29201926073860, 29201926080520, 6660
29201953971164, 29201953977968, 6804
29201981860360, 29201981866308, 5948
29202009787432, 29202009794296, 6864
29202037800560, 29202037807156, 6596
29202065629340, 29202065636584, 7244
29202093514320, 29202093521124, 6804
29202121462664, 29202121469692, 7028
29202149356068, 29202149362984, 6916
29202177317592, 29202177324484, 6892
29202205204520, 29202205211624, 7104
29202233204236, 29202233210724, 6488
29202261100764, 29202261107120, 6356
29202289014480, 29202289021076, 6596
29202316910048, 29202316916824, 6776
29202344785588, 29202344791456, 5868
29202372803732, 29202372810124, 6392
29202400595024, 29202400601920, 6896
29202428546284, 29202428552896, 6612
29202456474984, 29202456482068, 7084
29202484429568, 29202484436088, 6520
29202512315928, 29202512322660, 6732
29202540281492, 29202540288492, 7000
29202568165080, 29202568171796, 6716
29202596030340, 29202596054192, 23852
29202623987528, 29202623994224, 6696
29202652008480, 29202652014892, 6412
29202679881972, 29202679888812, 6840
29202707783068, 29202707789384, 6316
29202735717520, 29202735723804, 6284
29202763589156, 29202763596536, 7380
29202791524256, 29202791529072, 4816
29202819433124, 29202819439840, 6716
29202847309712, 29202847315736, 6024
29202875287260, 29202875293956, 6696
29202903172436, 29202903178804, 6368
29202931190144, 29202931196688, 6544
29202959041792, 29202959048744, 6952
29202986999292, 29202987006404, 7112
29203014827116, 29203014834012, 6896
29203042839116, 29203042845020, 5904
29203070802604, 29203070809580, 6976
29203098621784, 29203098628484, 6700
29203126606108, 29203126612688, 6580
29203154488096, 29203154494828, 6732
29203182458068, 29203182464288, 6220
29203210300880, 29203210308068, 7188
29203238257892, 29203238264484, 6592
29203266173228, 29203266180148, 6920
29203294075932, 29203294081708, 5776
29203322112040, 29203322118512, 6472
29203349955104, 29203349962104, 7000
29203377831680, 29203377839464, 7784
29203405743548, 29203405750508, 6960
29203433728820, 29203433735424, 6604
29203461565572, 29203461672360, 106788
29203918276924, 29203918279844, 2920
29204041006984, 29204041012032, 5048
29204163272524, 29204163277424, 4900
29204286031696, 29204286037488, 5792
29204408295396, 29204408301020, 5624
29204531162392, 29204531168108, 5716
29204653458292, 29204653463812, 5520
29204776206012, 29204776210840, 4828
29204898460496, 29204898466896, 6400
29205021241184, 29205021246136, 4952
29205143616596, 29205143621824, 5228
29205288315344, 29205288321636, 6292
29205451764212, 29205451770804, 6592
29205615275672, 29205615281764, 6092
29205778942504, 29205778950624, 8120
29205806734980, 29205806742228, 7248
29205834832292, 29205834838412, 6120
29205862562776, 29205862569476, 6700
29205890527760, 29205890534552, 6792
29205918421324, 29205918427140, 5816
29205946321472, 29205946327576, 6104
29205974276792, 29205974283528, 6736
29206002256548, 29206002263128, 6580
29206030034344, 29206030040988, 6644
29206058004636, 29206058011588, 6952
29206085922548, 29206085928472, 5924
29206113829712, 29206113836328, 6616
29206141725708, 29206141732464, 6756
29206169665996, 29206169672340, 6344
29206197636352, 29206197641764, 5412
29206225509300, 29206225515780, 6480
29206253383872, 29206253390544, 6672
29206281314984, 29206281370964, 55980
29206309262980, 29206309269520, 6540
29206337181972, 29206337188516, 6544
29206365083096, 29206365089712, 6616
29206393046448, 29206393053228, 6780
29206420977544, 29206420984408, 6864
29206448886448, 29206448893072, 6624
29206476838112, 29206476844916, 6804
29206504691576, 29206504698436, 6860
29206532706520, 29206532713004, 6484
29206560577596, 29206560584376, 6780
29206588501776, 29206588509204, 7428
29206616414984, 29206616421868, 6884
29206644365324, 29206644371896, 6572
29206672248844, 29206672255608, 6764
29206700127460, 29206700134288, 6828
29206728080276, 29206728087312, 7036
29206755993808, 29206755999720, 5912
29206783890068, 29206783896844, 6776
29206811857956, 29206811864528, 6572
29206839751736, 29206839758796, 7060
29206867734144, 29206867740908, 6764
29206895639672, 29206895646052, 6380
29207906631664, 29207906635112, 3448
29208029417084, 29208029421496, 4412
29208151791152, 29208151797188, 6036
29208274923548, 29208274928780, 5232
29208397715776, 29208397721580, 5804
29208520415760, 29208520420924, 5164
29208642678200, 29208642683132, 4932
29208765518744, 29208765524188, 5444
29208887517320, 29208887523620, 6300
29209010542076, 29209010547288, 5212
29209133150780, 29209133156324, 5544
29209256096852, 29209256102420, 5568
29209378618344, 29209378623608, 5264
29209501821140, 29209501826548, 5408
29209623809824, 29209623815172, 5348
29209747389232, 29209747395296, 6064
29209869693112, 29209869698656, 5544
29209992215440, 29209992220432, 4992
29210114203912, 29210114209328, 5416
29210237438600, 29210237443816, 5216
29210359997952, 29210360002736, 4784
29210482671168, 29210482676716, 5548
29210604940296, 29210604945840, 5544
29210727919112, 29210727925292, 6180
29210850432972, 29210850437448, 4476
29211011611776, 29211011618436, 6660
29211175083916, 29211175135012, 51096
29211338616376, 29211338623124, 6748
29211502155964, 29211502163864, 7900
29211530125552, 29211530132928, 7376
29211558203100, 29211558209564, 6464
29211585905832, 29211585913044, 7212
29211613862328, 29211613869016, 6688
29211641809024, 29211641815940, 6916
29211669641396, 29211669647672, 6276
29211697587160, 29211697592892, 5732
29211725516460, 29211725528940, 12480
29211753549548, 29211753555320, 5772
29211781447336, 29211781454216, 6880
29211809269876, 29211809276592, 6716
29211837160512, 29211837167080, 6568
29211865135604, 29211865141924, 6320
29211892985008, 29211892992212, 7204
29211920920576, 29211920926392, 5816
29211948895572, 29211948902160, 6588
29211976879312, 29211976886568, 7256
29212004686300, 29212004693588, 7288
29212032642340, 29212032648928, 6588
29212060553820, 29212060560496, 6676
29212088423296, 29212088430040, 6744
29212116338416, 29212116345468, 7052
29212144286060, 29212144292516, 6456
29212172207360, 29212172213904, 6544
29212200146908, 29212200154032, 7124
29212228048464, 29212228055340, 6876
29212256014732, 29212256020440, 5708
29212283932220, 29212283939296, 7076
29212311906192, 29212311912844, 6652
29212339709408, 29212339716472, 7064
29212367610492, 29212367617912, 7420
29212395579740, 29212395585628, 5888
29212423449812, 29212423456896, 7084
29212451373516, 29212451394188, 20672
29212479257632, 29212479264056, 6424
29212507246452, 29212507253160, 6708
29212535197340, 29212535203952, 6612
29212563047452, 29212563054508, 7056
29212591005860, 29212591012864, 7004
29212618886868, 29212618931808, 44940
29212646819376, 29212646832544, 13168
29212674767216, 29212674781296, 14080
29212702670904, 29212702685608, 14704
29212730544640, 29212730558644, 14004
29212758541660, 29212758560104, 18444
29212786423088, 29212786439620, 16532
29212814341420, 29212814356668, 15248
29212842239008, 29212842255840, 16832
29212870174576, 29212870218272, 43696
29212898144316, 29212898159336, 15020
29212925995948, 29212926011740, 15792
29212953989816, 29212954004956, 15140
29212981826736, 29212981842148, 15412
29213009874192, 29213009883060, 8868
29213037702132, 29213037716340, 14208
29213065603960, 29213065613984, 10024
29213093525644, 29213093540640, 14996
29213121446212, 29213121459384, 13172
29213149384480, 29213149391188, 6708
29213177390816, 29213177397812, 6996
29213205207404, 29213205214512, 7108
29213233107552, 29213233114564, 7012
29213261108740, 29213261115188, 6448
29213289052464, 29213289058684, 6220
29213316898104, 29213316903820, 5716
29213344847872, 29213344854508, 6636
29213372736108, 29213372742716, 6608
29213400658096, 29213400665112, 7016
29213428627620, 29213428633816, 6196
29213456582584, 29213456589492, 6908
29213484427820, 29213484434612, 6792
29213512298244, 29213512304984, 6740
29213540295592, 29213540301928, 6336
29213568146952, 29213568153948, 6996
29213596100196, 29213596106280, 6084
29213623980160, 29213623986848, 6688
29213651913016, 29213651919596, 6580
29213679844536, 29213679850864, 6328
29213707751128, 29213707757804, 6676
29213735684556, 29213735691368, 6812
29213763679576, 29213763685724, 6148
29213889264484, 29213889267628, 3144
29214011767792, 29214011773268, 5476
29214133980444, 29214133985604, 5160
29214282045968, 29214282052392, 6424
