19822967951624, 19822967965928, 14304
19822975032676, 19822975040760, 8084
19827226435404, 19827226441464, 6060
19828088297004, 19828088303040, 6036
19828124228388, 19828124238052, 9664
19828323755864, 19828323758404, 2540
19828607443228, 19828607453620, 10392
19829536875164, 19829536878812, 3648
19830492519760, 19830492522400, 2640
19831450247936, 19831450250732, 2796
19831947336880, 19831947345948, 9068
19832305334740, 19832305343564, 8824
19832675280128, 19832675282940, 2812
19833118228952, 19833118232124, 3172
19833299127472, 19833299136776, 9304
19833696311520, 19833696320260, 8740
19834252970076, 19834252976740, 6664
19834532782100, 19834532785096, 2996
19834907770648, 19834907778708, 8060
19835380788584, 19835380791104, 2520
19835755317828, 19835755325808, 7980
19836537961000, 19836537964508, 3508
19837182436872, 19837182440464, 3592
19837623384828, 19837623388252, 3424
19838020263792, 19838020270944, 7152
19838624133808, 19838624139716, 5908
19839227638000, 19839227647448, 9448
19839919797868, 19839919801696, 3828
19840212076328, 19840212083120, 6792
19840520158548, 19840520167184, 8636
19841222709336, 19841222712136, 2800
19841422214824, 19841422218800, 3976
19841602025988, 19841602032584, 6596
19842008765312, 19842008768232, 2920
19842349945476, 19842349952780, 7304
19842529182624, 19842529208296, 25672
19843199927424, 19843199934760, 7336
19843585020048, 19843585023824, 3776
19843726609948, 19843726612600, 2652
19843949807072, 19843949814708, 7636
19843977492216, 19843977500916, 8700
19844616494016, 19844616501272, 7256
19844770122796, 19844770126408, 3612
19845327219728, 19845327228656, 8928
19845693855620, 19845693861584, 5964
19846250351840, 19846250360720, 8880
19846294701168, 19846294709044, 7876
19847193490260, 19847193498480, 8220
19847577393124, 19847577395864, 2740
19848134133480, 19848134138004, 4524
19822982947816, 19822982955708, 7892
19823230980184, 19823230989148, 8964
19825223977628, 19825223981440, 3812
19825224018640, 19825224022268, 3628
19825224051032, 19825224053868, 2836
19825224080552, 19825224083164, 2612
19825224109804, 19825224112252, 2448
19825224138416, 19825224140968, 2552
19825224166588, 19825224169016, 2428
19825224194620, 19825224197020, 2400
19825224223652, 19825224226024, 2372
19825224251992, 19825224254348, 2356
19825224279772, 19825224282072, 2300
19825224307108, 19825224309476, 2368
19825224335824, 19825224338168, 2344
19825224363756, 19825224366112, 2356
19825224391892, 19825224394192, 2300
19825224420364, 19825224422864, 2500
19825224445644, 19825224447100, 1456
19825224470748, 19825224473376, 2628
19825224499080, 19825224501508, 2428
19827218515980, 19827218520720, 4740
19827218535836, 19827218548732, 12896
19827218559336, 19827218568292, 8956
19827218578320, 19827218586760, 8440
19827218596604, 19827218606504, 9900
19827218616832, 19827218625360, 8528
19827218635504, 19827218644240, 8736
19827218654260, 19827218662412, 8152
19827218672200, 19827218680604, 8404
19827218691300, 19827218699392, 8092
19827218709228, 19827218717652, 8424
19827218727128, 19827218734968, 7840
19828060383452, 19828060393184, 9732
19828371627280, 19828371634548, 7268
19829327378076, 19829327381116, 3040
19829836089656, 19829836093332, 3676
19829961778884, 19829961781536, 2652
19830077512060, 19830077514844, 2784
19830257316756, 19830257326524, 9768
19830654490932, 19830654499528, 8596
19831001313868, 19831001321004, 7136
19831364451520, 19831364454816, 3296
19831665754672, 19831665758284, 3612
19831946992668, 19831946994160, 1492
19832126773868, 19832126782064, 8196
19832302147008, 19832302154204, 7196
19833201050372, 19833201058708, 8336
19833607068048, 19833607071040, 2992
19833981613744, 19833981621500, 7756
19834255444936, 19834255447660, 2724
19834329268944, 19834329276680, 7736
19834660500928, 19834660503744, 2816
19835600287936, 19835600291972, 4036
19836294543132, 19836294546008, 2876
19836669433040, 19836669441136, 8096
19836953105488, 19836953113828, 8340
19837811587784, 19837811595968, 8184
19837993093872, 19837993102472, 8600
19838020769652, 19838020776384, 6732
19838483261004, 19838483263880, 2876
19838890316448, 19838890318260, 1812
19839071772300, 19839071778632, 6332
19839115532116, 19839115539736, 7620
19839425475696, 19839425483676, 7980
19839453162576, 19839453169052, 6476
19839718272644, 19839718276292, 3648
19840254987376, 19840254995092, 7716
19840565434424, 19840565442268, 7844
19840705909308, 19840705910920, 1612
19841448161080, 19841448163632, 2552
19842150414280, 19842150417720, 3440
19843140064316, 19843140069040, 4724
19844079783512, 19844079788660, 5148
19844460870488, 19844460873452, 2964
19844857918588, 19844857922256, 3668
19845354965588, 19845354973096, 7508
19845745737796, 19845745741408, 3612
19846132823836, 19846132827024, 3188
19846312607132, 19846312616228, 9096
19847074588516, 19847074594004, 5488
19847255480280, 19847255487244, 6964
19847377877624, 19847377881320, 3696
19847720977268, 19847720985256, 7988
19848360683876, 19848360687392, 3516
19823167228896, 19823167241728, 12832
19823199608020, 19823199616468, 8448
19823215632056, 19823215640100, 8044
19827226439072, 19827226482872, 43800
19828323741968, 19828323745000, 3032
19829182758080, 19829182770164, 12084
19830103453204, 19830103457448, 4244
19830424683312, 19830424686660, 3348
19831061175812, 19831061179232, 3420
19831960125168, 19831960135480, 10312
19832661298000, 19832661301228, 3228
19832790991988, 19832790995324, 3336
19833347790676, 19833347799944, 9268
19833473380336, 19833473383216, 2880
19833970403596, 19833970413432, 9836
19834480913444, 19834480915868, 2424
19834560730120, 19834560732864, 2744
19834796155108, 19834796156640, 1532
19835380781992, 19835380784784, 2792
19836294568300, 19836294572392, 4092
19836444171972, 19836444183116, 11144
19837322131264, 19837322135660, 4396
19837597435360, 19837597441296, 5936
19838553097196, 19838553100104, 2908
19838656861812, 19838656865236, 3424
19839555318296, 19839555327852, 9556
19840158901360, 19840158910216, 8856
19840715235860, 19840715244676, 8816
19841071056436, 19841071059352, 2916
19842008763176, 19842008766548, 3372
19842565519008, 19842565527476, 8468
19842830813560, 19842830817624, 4064
19843327627148, 19843327630804, 3656
19843966536236, 19843966544236, 8000
19844632463900, 19844632467300, 3400
19845489484732, 19845489493660, 8928
19845669989380, 19845669993764, 4384
19846527186896, 19846527213632, 26736
19846934919076, 19846934922068, 2992
19847431845828, 19847431854488, 8660
19847968383908, 19847968389640, 5732
19822999188480, 19822999201800, 13320
19823185294008, 19823185302260, 8252
19823191582380, 19823191591404, 9024
19827226441024, 19827226483988, 42964
19828124217360, 19828124226884, 9524
19828498470836, 19828498480284, 9448
19828868456984, 19828868460500, 3516
19829176496688, 19829176504436, 7748
19829220259872, 19829220268944, 9072
19829598709792, 19829598712588, 2796
19829935843008, 19829935848480, 5472
19830408719356, 19830408722440, 3084
19830691728360, 19830691738528, 10168
19831548776040, 19831548784612, 8572
19832491715112, 19832491725408, 10296
19832519380324, 19832519389964, 9640
19832900730896, 19832900733792, 2896
19833515275476, 19833515282944, 7468
19833838441548, 19833838446312, 4764
19834115775860, 19834115778852, 2992
19834536772360, 19834536776448, 4088
19835033705596, 19835033714340, 8744
19835932714768, 19835932723460, 8692
19836790896204, 19836790903060, 6856
19836819130884, 19836819138448, 7564
19837000522040, 19837000530228, 8188
19837421854848, 19837421857492, 2644
19837978246640, 19837978255852, 9212
19838894287660, 19838894291904, 4244
19839951708532, 19839951711036, 2504
19839995467192, 19839995474452, 7260
19840854504980, 19840854512884, 7904
19841460132948, 19841460136216, 3268
19841770108080, 19841770117344, 9264
19842365905676, 19842365908836, 3160
19842649249100, 19842649251740, 2640
19843221874564, 19843221877116, 2552
19843585047936, 19843585052156, 4220
19844079781420, 19844079783648, 2228
19844460868560, 19844460871932, 3372
19844802045576, 19844802048224, 2648
19845441018976, 19845441026728, 7752
19845937297252, 19845937300224, 2972
19846434179028, 19846434188548, 9520
19846657324888, 19846657333848, 8960
19847174348104, 19847174350612, 2508
19847453688232, 19847453690160, 1928
19847748903080, 19847748905932, 2852
19847981683628, 19847981687604, 3976
19848379186468, 19848379190180, 3712
19823015411676, 19823015425096, 13420
19827226431184, 19827226436904, 5720
19828142171520, 19828142175692, 4172
19828698362568, 19828698372336, 9768
19829359295772, 19829359299032, 3260
19830217471632, 19830217480560, 8928
19830856701120, 19830856709672, 8552
19831464209660, 19831464213316, 3656
19831765440352, 19831765444348, 3996
19831845247492, 19831845250400, 2908
19832904716908, 19832904722976, 6068
19833573145332, 19833573148336, 3004
19833616888032, 19833616897920, 9888
19834614593780, 19834614596676, 2896
19834897504824, 19834897513832, 9008
19835600264756, 19835600267560, 2804
19835910086044, 19835910093512, 7468
19836188778868, 19836188781832, 2964
19836585627824, 19836585637256, 9432
19837182438332, 19837182441420, 3088
19837593442816, 19837593449652, 6836
19838090385640, 19838090392252, 6612
19838183987268, 19838183990964, 3696
19838630906820, 19838630913016, 6196
19839127756108, 19839127764616, 8508
19839600618752, 19839600621768, 3016
19839977643064, 19839977644812, 1748
19840450521196, 19840450524120, 2924
19841089734240, 19841089743520, 9280
19841745378988, 19841745381836, 2848
19842218253024, 19842218256016, 2992
19843307682476, 19843307691944, 9468
19843585035048, 19843585038344, 3296
19843765940436, 19843765951008, 10572
19844726231216, 19844726245516, 14300
19845043475044, 19845043477620, 2576
19845353882028, 19845353892112, 10084
19845397644916, 19845397653148, 8232
19846255839556, 19846255847996, 8440
19846630661380, 19846630669256, 7876
19847186740600, 19847186749560, 8960
19848004311648, 19848004315160, 3512
19848313123424, 19848313127428, 4004
19823136964416, 19823136972128, 7712
19823150910120, 19823150918424, 8304
19823159029416, 19823159042508, 13092
19823175465292, 19823175474088, 8796
19827226431184, 19827226438372, 7188
19828164114204, 19828164120380, 6176
19828443463532, 19828443466500, 2968
19828624843788, 19828624853980, 10192
19828968213972, 19828968217428, 3456
19829327395152, 19829327399324, 4172
19829744293672, 19829744295208, 1536
19830123401372, 19830123405148, 3776
19830726472292, 19830726482456, 10164
19830907898984, 19830907908068, 9084
19831009302412, 19831009307356, 4944
19831665780340, 19831665784608, 4268
19831887132336, 19831887133808, 1472
19832067921992, 19832067929688, 7696
19832378305904, 19832378314384, 8480
19832697223452, 19832697226588, 3136
19833000500212, 19833000503304, 3092
19833857854480, 19833857863916, 9436
19834622570504, 19834622576012, 5508
19835380770544, 19835380773312, 2768
19835452621064, 19835452623952, 2888
19835675597832, 19835675604956, 7124
19835967764228, 19835967772708, 8480
19836095018768, 19836095021768, 3000
19836733545592, 19836733554768, 9176
19837469736400, 19837469742300, 5900
19838183993588, 19838183997504, 3916
19838762601824, 19838762604488, 2664
19839903819724, 19839903823844, 4120
19840760535100, 19840760543788, 8688
19840935578468, 19840935584796, 6328
19841057076916, 19841057078496, 1580
19842008770888, 19842008780468, 9580
19842134459012, 19842134462208, 3196
19842530777912, 19842530786456, 8544
19843429252272, 19843429261504, 9232
19844285961208, 19844285969864, 8656
19844987619212, 19844987622176, 2964
19845279695604, 19845279702560, 6956
19845937295928, 19845937299376, 3448
19846172725096, 19846172732436, 7340
19846875073416, 19846875086556, 13140
19847976368332, 19847976372860, 4528
19822991208896, 19822991217040, 8144
19823007241664, 19823007251068, 9404
19823207588588, 19823207598704, 10116
19823223930584, 19823223939884, 9300
19827226434604, 19827226440084, 5480
19828166114544, 19828166119148, 4604
19828968217780, 19828968220760, 2980
19828995866888, 19828995877160, 10272
19829170964632, 19829170971700, 7068
19829636633520, 19829636637672, 4152
19830045581252, 19830045584356, 3104
19830602307968, 19830602317148, 9180
19830894453012, 19830894461804, 8792
19831428294784, 19831428300340, 5556
19831865192504, 19831865195188, 2684
19832239516264, 19832239524388, 8124
19832547485464, 19832547494580, 9116
19833605059028, 19833605060252, 1224
19834658494036, 19834658497116, 3080
19835055092800, 19835055102004, 9204
19835394747400, 19835394749896, 2496
19835700010784, 19835700013352, 2568
19835983121896, 19835983130944, 9048
19836494055760, 19836494058108, 2348
19836786243772, 19836786251968, 8196
19836966534968, 19836966543024, 8056
19837322098980, 19837322101572, 2592
19837621384572, 19837621391792, 7220
19837800648848, 19837800657616, 8768
19838183990768, 19838183993832, 3064
19838567064988, 19838567069256, 4268
19838762609020, 19838762614020, 5000
19839045593820, 19839045620532, 26712
19839338395688, 19839338403688, 8000
19839812034948, 19839812040976, 6028
19840094871772, 19840094896776, 25004
19840275772164, 19840275780880, 8716
19840502396840, 19840502399212, 2372
19840781740288, 19840781742992, 2704
19841074470784, 19841074478944, 8160
19841224688252, 19841224692348, 4096
19841531951808, 19841531957216, 5408
19841824745876, 19841824753972, 8096
19841868518832, 19841868525916, 7084
19842507019044, 19842507026548, 7504
19842688410212, 19842688416964, 6752
19842930565928, 19842930568572, 2644
19842958213432, 19842958221744, 8312
19843523167980, 19843523173224, 5244
19843898026864, 19843898051256, 24392
19844207900916, 19844207909288, 8372
19845066609668, 19845066618300, 8632
19846180707216, 19846180709840, 2624
19846490528056, 19846490536972, 8916
19847174346980, 19847174349548, 2568
19847218091332, 19847218100556, 9224
19847592918952, 19847592925892, 6940
19827226438732, 19827226482116, 43384
19828255903096, 19828255907292, 4196
19828752850636, 19828752860292, 9656
19829149946392, 19829149954172, 7780
19829810138968, 19829810142632, 3664
19830709141516, 19830709151068, 9552
19830736823564, 19830736830892, 7328
19831011302644, 19831011305656, 3012
19831567970524, 19831567974716, 4192
19831837255300, 19831837260020, 4720
19832491709552, 19832491712628, 3076
19833118218808, 19833118221992, 3184
19833757070344, 19833757078888, 8544
19834163662628, 19834163665620, 2992
19835020432940, 19835020442448, 9508
19835209187728, 19835209192660, 4932
19835522440956, 19835522444720, 3764
19836118946848, 19836118949936, 3088
19837017736348, 19837017744292, 7944
19837385944088, 19837385951868, 7780
19838383509596, 19838383512532, 2936
19838939690120, 19838939698668, 8548
19839579229696, 19839579237144, 7448
19839935742536, 19839935745088, 2552
19840834639420, 19840834649380, 9960
19840878402880, 19840878411508, 8628
19841198754524, 19841198759384, 4860
19842389844832, 19842389850856, 6024
19842682057024, 19842682066172, 9148
19842991897284, 19842991904928, 7644
19843407441024, 19843407443748, 2724
19844079772772, 19844079776436, 3664
19844254353048, 19844254360192, 7144
19844831975376, 19844831977872, 2496
19845140010004, 19845140017648, 7644
19845423114424, 19845423122988, 8564
19845741743280, 19845741751636, 8356
19846108877832, 19846108886184, 8352
19846391906856, 19846391932644, 25788
19846419609912, 19846419617272, 7360
19847385840132, 19847385846512, 6380
19848244522428, 19848244527256, 4828
19848288857972, 19848288861912, 3940
