147542986974512, 147542986977044, 2532
147544988122676, 147544988127948, 5272
147544988162852, 147544988165512, 2660
147544988188456, 147544988190128, 1672
147546981510264, 147546981518328, 8064
147547027216860, 147547027222120, 5260
147547073027400, 147547073034788, 7388
147547118973088, 147547118979976, 6888
147547164792628, 147547164799356, 6728
147547210657124, 147547210663276, 6152
147547256523540, 147547256529848, 6308
147547302472136, 147547302478668, 6532
147547348296932, 147547348303740, 6808
147547394186064, 147547394192608, 6544
147547440017376, 147547440023932, 6556
147547485978188, 147547485984720, 6532
147547531722864, 147547531729236, 6372
147547577705532, 147547577712272, 6740
147547623484496, 147547623491288, 6792
147547669367656, 147547669373720, 6064
147547715252896, 147547715259464, 6568
147547761034620, 147547761041316, 6696
147547806943896, 147547806950356, 6460
147547852800700, 147547852807352, 6652
147547898670476, 147547898676872, 6396
147547944516564, 147547944522724, 6160
147547990463408, 147547990470100, 6692
147548036346792, 147548036353024, 6232
147548082163368, 147548082169208, 5840
147548128067996, 147548128074272, 6276
147548173883252, 147548173889920, 6668
147548219730352, 147548219767556, 37204
147548265682016, 147548265688732, 6716
147548311515136, 147548311521580, 6444
147548357345224, 147548357351808, 6584
147548403184996, 147548403191420, 6424
147548449092088, 147548449098728, 6640
147548494986528, 147548494992876, 6348
147548540816444, 147548540822908, 6464
147548586694884, 147548586701628, 6744
147548632496488, 147548632502900, 6412
147548678399864, 147548678406692, 6828
147548724253108, 147548724259788, 6680
147548770086920, 147548770093268, 6348
147548816058528, 147548816065212, 6684
147548861876216, 147548861882496, 6280
147548907692668, 147548907698952, 6284
147548953647704, 147548953653808, 6104
147548999437068, 147548999443828, 6760
147549045298940, 147549045305408, 6468
147549091210500, 147549091216744, 6244
147549137066368, 147549137073372, 7004
147549182878012, 147549182884296, 6284
147549228760932, 147549228767348, 6416
147549274676112, 147549274682664, 6552
147549320501484, 147549320508564, 7080
147550367516468, 147550367519752, 3284
147550369349264, 147550369355732, 6468
147550371197640, 147550371201736, 4096
147550373035776, 147550373039132, 3356
147550374871400, 147550374874608, 3208
147550376708788, 147550376712520, 3732
147550378547772, 147550378551272, 3500
147550380411032, 147550380414028, 2996
147550382276816, 147550382279848, 3032
147550384122740, 147550384125748, 3008
147550403411356, 147550403416752, 5396
147550507131536, 147550507139780, 8244
147550610733640, 147550610742760, 9120
147550714445540, 147550714454116, 8576
147550818255868, 147550818260272, 4404
147550921821460, 147550921825972, 4512
147551065411248, 147551065414624, 3376
147551193124508, 147551193131592, 7084
147551368597708, 147551368602104, 4396
147552361680236, 147552361682252, 2016
147552475627040, 147552475633584, 6544
147552590440036, 147552590446456, 6420
147552704901576, 147552704907788, 6212
147552819395592, 147552819400764, 5172
147552933797336, 147552933802168, 4832
147553047939040, 147553047945136, 6096
147553162476820, 147553162483400, 6580
147553276424796, 147553276429820, 5024
147553391379296, 147553391383880, 4584
147553505555016, 147553505560512, 5496
147553619769368, 147553619774376, 5008
147553733943920, 147553733949448, 5528
147553848779192, 147553848784328, 5136
147554000884916, 147554000891372, 6456
147555578300172, 147555578303304, 3132
147555580132804, 147555580138476, 5672
147555581997512, 147555582001064, 3552
147555583833456, 147555583837124, 3668
147555585673888, 147555585677020, 3132
147555587535788, 147555587538936, 3148
147555589373544, 147555589376512, 2968
147555591261928, 147555591264940, 3012
147555593106912, 147555593109932, 3020
147555594981516, 147555594984424, 2908
147555596959104, 147555596962024, 2920
147555598840792, 147555598846692, 5900
147555600732224, 147555600735728, 3504
147555602576220, 147555602579432, 3212
147555604433508, 147555604437104, 3596
147555691977744, 147555691983044, 5300
147555795674500, 147555795679140, 4640
147555899399916, 147555899404864, 4948
147556003150584, 147556003155440, 4856
147556106779656, 147556106784752, 5096
147556210449164, 147556210453772, 4608
147556314336808, 147556314341492, 4684
147556417864220, 147556417868700, 4480
147556521574692, 147556521580756, 6064
147556567485524, 147556567492444, 6920
147556613369908, 147556613377276, 7368
147556659171808, 147556659179160, 7352
147556705013720, 147556705020228, 6508
147556750849700, 147556750855508, 5808
147556796760236, 147556796766820, 6584
147556842671872, 147556842678796, 6924
147556888458604, 147556888541056, 82452
147556934329776, 147556934336120, 6344
147556980229712, 147556980236176, 6464
147557026061148, 147557026067196, 6048
147557071983104, 147557071989256, 6152
147557117877912, 147557117884428, 6516
147557163699632, 147557163706348, 6716
147557209533176, 147557209539140, 5964
147557255447360, 147557255454240, 6880
147557301414920, 147557301421152, 6232
147557347175548, 147557347182464, 6916
147557393185672, 147557393191880, 6208
147557438882752, 147557438889484, 6732
147557484731192, 147557484738056, 6864
147557530616276, 147557530622056, 5780
147557576476540, 147557576483100, 6560
147557622474252, 147557622480780, 6528
147557668210736, 147557668217260, 6524
147557714098840, 147557714104936, 6096
147557759982412, 147557759988380, 5968
147557805918352, 147557805924804, 6452
147557851705780, 147557851712440, 6660
147557897663392, 147557897669892, 6500
147557943509648, 147557943516680, 7032
147557989249224, 147557989255032, 5808
147558035136156, 147558035142684, 6528
147558080987712, 147558080993812, 6100
147558126881112, 147558126887648, 6536
147558172790060, 147558172796252, 6192
147558218679100, 147558218685120, 6020
147558264509496, 147558264515564, 6068
147558310367244, 147558310373868, 6624
147558356205812, 147558356212720, 6908
147558402103604, 147558402110336, 6732
147558447981952, 147558447988956, 7004
147558493812064, 147558493819696, 7632
147558539764312, 147558539771192, 6880
147558585565744, 147558585572684, 6940
147558631402204, 147558631408812, 6608
147558677299916, 147558677306404, 6488
147558723122584, 147558723128940, 6356
147558769050364, 147558769056568, 6204
147558814935712, 147558814942492, 6780
147558860736708, 147558860743048, 6340
147559042171220, 147559042174360, 3140
147559044005172, 147559044009948, 4776
147559281960628, 147559281963744, 3116
147559396642004, 147559396646972, 4968
147559510474768, 147559510480380, 5612
147559624889132, 147559624894624, 5492
147559792023128, 147559792027544, 4416
147559967537316, 147559967542480, 5164
147560143017288, 147560143021960, 4672
147560318525964, 147560318531412, 5448
147560494053804, 147560494058360, 4556
147562332620300, 147562332622140, 1840
147562446587912, 147562446593640, 5728
147562560867712, 147562560873464, 5752
147562675345560, 147562675350484, 4924
147562790176844, 147562790182184, 5340
147562904235476, 147562904240600, 5124
147563017981776, 147563017987072, 5296
147563133189624, 147563133195396, 5772
147563246995356, 147563247000284, 4928
147563361746624, 147563361751832, 5208
147563475940564, 147563475945308, 4744
147563590335956, 147563590341484, 5528
147563704264388, 147563704269404, 5016
147563818570736, 147563818576632, 5896
147563932835984, 147563932841332, 5348
147564047544892, 147564047550408, 5516
147564161694756, 147564161699796, 5040
147564276244240, 147564276249928, 5688
147564390148260, 147564390153488, 5228
147564504031268, 147564504036896, 5628
147564618946268, 147564618951536, 5268
147564732980152, 147564732985068, 4916
147564847407864, 147564847412860, 4996
147564961527460, 147564961532832, 5372
147565076324900, 147565076330204, 5304
147565190301484, 147565190306556, 5072
147565305055200, 147565305060324, 5124
147565419536532, 147565419541236, 4704
147565583252984, 147565583257848, 4864
147565758695280, 147565758700184, 4904
147565934171308, 147565934176652, 5344
147567019024480, 147567019027776, 3296
147567020858396, 147567020865000, 6604
147567022703168, 147567022706592, 3424
147567024592720, 147567024595848, 3128
147567026457104, 147567026460168, 3064
147567028299100, 147567028302136, 3036
147567030136164, 147567030139124, 2960
147567031974012, 147567031977048, 3036
147567033827084, 147567033830108, 3024
147567035666748, 147567035669632, 2884
147548369317960, 147548369320884, 2924
147548369335988, 147548369341868, 5880
147548371157428, 147548371160212, 2784
147548373030108, 147548373033960, 3852
147548374866064, 147548374869480, 3416
147548376703808, 147548376706752, 2944
147548378557944, 147548378560996, 3052
147548380419396, 147548380422396, 3000
147548382297400, 147548382300392, 2992
147548384140904, 147548384143808, 2904
147548385977448, 147548385980380, 2932
147548387818256, 147548387821156, 2900
147548389780936, 147548389787220, 6284
147548391699452, 147548391702996, 3544
147548433151528, 147548433158352, 6824
147548536896272, 147548536902680, 6408
147548640518852, 147548640523912, 5060
147548744179328, 147548744186468, 7140
147548847953352, 147548847959544, 6192
147548951600804, 147548951607288, 6484
147549055247704, 147549055252444, 4740
147549159063904, 147549159071048, 7144
147549262690880, 147549262698280, 7400
147549366376544, 147549366385448, 8904
147549412215724, 147549412222720, 6996
147549458172856, 147549458179340, 6484
147549504012076, 147549504017024, 4948
147549549830816, 147549549838696, 7880
147549595768908, 147549595775700, 6792
147549641583400, 147549641590872, 7472
147549687442496, 147549687450340, 7844
147549733322752, 147549733329696, 6944
147549779174740, 147549779181944, 7204
147549825000784, 147549825008324, 7540
147549870961900, 147549870969132, 7232
147549916834776, 147549916841516, 6740
147549962698396, 147549962705936, 7540
147550008541756, 147550008548896, 7140
147550054375752, 147550054382476, 6724
147550100269612, 147550100277052, 7440
147550146121388, 147550146128712, 7324
147550191992048, 147550191998480, 6432
147550237888396, 147550237895104, 6708
147550283730836, 147550283737684, 6848
147550329583788, 147550329590368, 6580
147550375446300, 147550375452340, 6040
147550421359848, 147550421366360, 6512
147550467199384, 147550467205376, 5992
147550513152640, 147550513157936, 5296
147550558984312, 147550558990860, 6548
147550604771724, 147550604778344, 6620
147550650745012, 147550650751268, 6256
147550696586752, 147550696592948, 6196
147550742394956, 147550742401984, 7028
147550788291356, 147550788298036, 6680
147550834127920, 147550834134104, 6184
147550879982704, 147550879989332, 6628
147550925823180, 147550925829780, 6600
147550971847848, 147550971853960, 6112
147551125239304, 147551125242484, 3180
147551129239876, 147551129246516, 6640
147551232987340, 147551232993940, 6600
147551336650800, 147551336657840, 7040
147551440319872, 147551440326732, 6860
147551544087884, 147551544094544, 6660
147551647814328, 147551647818864, 4536
147551751529780, 147551751537040, 7260
147551797362360, 147551797368460, 6100
147551843220172, 147551843226644, 6472
147551889068008, 147551889074668, 6660
147551934875932, 147551934882048, 6116
147551980789212, 147551980795616, 6404
147552026660956, 147552026666940, 5984
147552072579784, 147552072586300, 6516
147552118416056, 147552118422252, 6196
147552164227960, 147552164232968, 5008
147552210137852, 147552210144456, 6604
147552256027920, 147552256034712, 6792
147552301885560, 147552301891072, 5512
147552347781940, 147552347787844, 5904
147552393588144, 147552393594752, 6608
147552439460004, 147552439467012, 7008
147552485393256, 147552485399572, 6316
147552531209016, 147552531216368, 7352
147552577080268, 147552577087640, 7372
147552622916092, 147552622924064, 7972
147552668731452, 147552668739952, 8500
147552714666176, 147552714673972, 7796
147552760594528, 147552760601612, 7084
147552806364448, 147552806371956, 7508
147552852194224, 147552852201544, 7320
147552898088220, 147552898095980, 7760
147552943940184, 147552943947848, 7664
147552989823268, 147552989829684, 6416
147553035654660, 147553035661232, 6572
147553081606632, 147553081612924, 6292
147553127496268, 147553127502240, 5972
147553173406856, 147553173412892, 6036
147553219134912, 147553219141432, 6520
147553265015464, 147553265022672, 7208
147553310916312, 147553310922532, 6220
147553356799764, 147553356806624, 6860
147553402616872, 147553402622944, 6072
147553448460296, 147553448466064, 5768
147553494381736, 147553494388348, 6612
147553540228052, 147553540234500, 6448
147553586095684, 147553586101876, 6192
147553632042824, 147553632049288, 6464
147553677811256, 147553677817892, 6636
147553723757536, 147553723763336, 5800
147553769574908, 147553769580892, 5984
147553815452584, 147553815459176, 6592
147553861288548, 147553861295076, 6528
147553907183764, 147553907189604, 5840
147553953006228, 147553953012628, 6400
147553999012552, 147553999018632, 6080
147554044783408, 147554044789896, 6488
147554090640864, 147554090647164, 6300
147554353942884, 147554353945968, 3084
147554467866404, 147554467872224, 5820
147554582675908, 147554582681000, 5092
147554702919680, 147554702926184, 6504
147554878325692, 147554878332456, 6764
147555053866320, 147555053874228, 7908
147555099671384, 147555099675944, 4560
147555145626724, 147555145632744, 6020
147555191412676, 147555191418860, 6184
147555237353008, 147555237359788, 6780
147555283179816, 147555283185960, 6144
147555329078364, 147555329084148, 5784
147555374957140, 147555374963700, 6560
147555420902072, 147555420908004, 5932
147555466758424, 147555466764648, 6224
147555512545316, 147555512551928, 6612
147555558384108, 147555558390256, 6148
147555604304244, 147555604310216, 5972
147555650144732, 147555650151472, 6740
147555695917936, 147555695923976, 6040
147555741930492, 147555741937112, 6620
147555787779992, 147555787784564, 4572
147555833583140, 147555833589036, 5896
147555879522608, 147555879528800, 6192
147555925331008, 147555925336148, 5140
147555971158240, 147555971197884, 39644
147556017060432, 147556017066388, 5956
147556063010080, 147556063015244, 5164
147556108804548, 147556108809240, 4692
147556154595424, 147556154602252, 6828
147556200510516, 147556200516712, 6196
147556246381208, 147556246386860, 5652
147556292292780, 147556292297656, 4876
147556338124592, 147556338131100, 6508
147556383989440, 147556383996156, 6716
147556429838276, 147556429844348, 6072
147556475727908, 147556475734848, 6940
147558340282128, 147558340285416, 3288
147558342114840, 147558342120464, 5624
147558343955340, 147558343958768, 3428
147558345801652, 147558345805484, 3832
147558347637652, 147558347640696, 3044
147558349477632, 147558349480508, 2876
147558351316676, 147558351319632, 2956
147558353162152, 147558353165052, 2900
147558355009600, 147558355012520, 2920
147558356901652, 147558356905188, 3536
147558358744200, 147558358747212, 3012
147558360629964, 147558360636008, 6044
147558362504032, 147558362507676, 3644
147558364355792, 147558364360616, 4824
147558366190356, 147558366193664, 3308
147558368024716, 147558368028896, 4180
147558369878336, 147558369881556, 3220
147558371739016, 147558371742452, 3436
147558388137960, 147558388144748, 6788
147558491808396, 147558491815128, 6732
147558595529448, 147558595535980, 6532
147558699331028, 147558699337352, 6324
147558802910176, 147558802916160, 5984
147558906656524, 147558906662572, 6048
147558952522956, 147558952527596, 4640
147558998380200, 147558998386592, 6392
147559044180884, 147559044187700, 6816
147559277562788, 147559277566220, 3432
147559279395092, 147559279399956, 4864
147559321391348, 147559321398732, 7384
147559425163368, 147559425169500, 6132
147559528803448, 147559528809748, 6300
147559632476020, 147559632482760, 6740
147559736237320, 147559736243724, 6404
147559839899592, 147559839905760, 6168
147559943579384, 147559943585936, 6552
147560047311164, 147560047315836, 4672
147560150981620, 147560150988400, 6780
147560254699808, 147560254705072, 5264
147560358484860, 147560358491528, 6668
147560462223540, 147560462230032, 6492
147560565858664, 147560565864844, 6180
147560669552988, 147560669557872, 4884
147560773175800, 147560773182264, 6464
147560876858556, 147560876877688, 19132
147560980634904, 147560980641460, 6556
147561084326040, 147561084330288, 4248
147561188073500, 147561188078044, 4544
147561291725396, 147561291733784, 8388
147561337573472, 147561337580420, 6948
147561383561412, 147561383567428, 6016
147561429266400, 147561429270628, 4228
147561475176752, 147561475182720, 5968
147561520975572, 147561520982428, 6856
147561566931360, 147561566936140, 4780
147561612887408, 147561612892052, 4644
147561658630628, 147561658636984, 6356
147561704504848, 147561704511672, 6824
147561750426952, 147561750433004, 6052
147561796201812, 147561796208116, 6304
147561842133160, 147561842138896, 5736
147561887997884, 147561888003956, 6072
147561933785696, 147561933791904, 6208
147561979744360, 147561979750448, 6088
147562025610180, 147562025616564, 6384
147562071429564, 147562071436064, 6500
147562117249152, 147562117255324, 6172
147562163178428, 147562163184888, 6460
147562209039316, 147562209046104, 6788
147562254857284, 147562254863404, 6120
147562300848016, 147562300854604, 6588
147562346579812, 147562346585040, 5228
147562392470280, 147562392476468, 6188
147562438388052, 147562438394264, 6212
147562484216468, 147562484222484, 6016
147562530103328, 147562530110008, 6680
147562575991848, 147562575998404, 6556
147562621822040, 147562621828500, 6460
147562667656572, 147562667662724, 6152
147562713489616, 147562713496232, 6616
147562759458772, 147562759464884, 6112
147562805292920, 147562805299492, 6572
147562851121432, 147562851127904, 6472
147562896967664, 147562896973924, 6260
147562942905168, 147562942910968, 5800
147562988679936, 147562988686120, 6184
147563034608888, 147563034615356, 6468
147563080503088, 147563080509652, 6564
147563126301080, 147563126307440, 6360
147563172223284, 147563172229240, 5956
147563218074216, 147563218080756, 6540
147563263894184, 147563263903952, 9768
147563309940372, 147563309946736, 6364
147563355635472, 147563355642176, 6704
147563401527848, 147563401534320, 6472
147563447394060, 147563447400492, 6432
147563493304180, 147563493310804, 6624
147563539292880, 147563539299260, 6380
147563584983072, 147563584989712, 6640
147563630945872, 147563630952080, 6208
147564322857308, 147564322860288, 2980
147564324690228, 147564324695092, 4864
147564326539192, 147564326542552, 3360
147564328400564, 147564328403716, 3152
147564330242588, 147564330245668, 3080
147564332081624, 147564332084524, 2900
147564333927748, 147564333931352, 3604
147564402717880, 147564402724664, 6784
147564506322384, 147564506329284, 6900
147564610046820, 147564610053540, 6720
147564713702664, 147564713709696, 7032
147564817405396, 147564817412040, 6644
147564921083976, 147564921089400, 5424
147565024796392, 147565024801408, 5016
147565128513820, 147565128519256, 5436
147565232168740, 147565232173492, 4752
147565335972540, 147565335977484, 4944
147565439561792, 147565439566728, 4936
147565543383836, 147565543390384, 6548
147565647014764, 147565647021708, 6944
147565750739632, 147565750745868, 6236
147565854390668, 147565854396904, 6236
147565958199176, 147565958203788, 4612
147566061815680, 147566061823584, 7904
147566107678756, 147566107684492, 5736
147566153582496, 147566153588496, 6000
147566199438412, 147566199444620, 6208
147566245269168, 147566245275924, 6756
147566291189640, 147566291194160, 4520
147566336974048, 147566336980568, 6520
147566382890068, 147566382896008, 5940
147566428714472, 147566428721152, 6680
147566474575196, 147566474581584, 6388
147566520483600, 147566520490196, 6596
147566566322792, 147566566329460, 6668
147566612163836, 147566612169996, 6160
147566658147928, 147566658152384, 4456
147566703928104, 147566703934384, 6280
147566749785740, 147566749790528, 4788
147566795708632, 147566795714988, 6356
147566841446104, 147566841452128, 6024
147566887372568, 147566887378280, 5712
147566933275808, 147566933282824, 7016
147548361305508, 147548361308924, 3416
147548361326132, 147548361332852, 6720
147548475630524, 147548475635712, 5188
147548589946024, 147548589952144, 6120
147548703922348, 147548703927272, 4924
147548818514296, 147548818519980, 5684
147548932412244, 147548932417700, 5456
147549046674972, 147549046680840, 5868
147549161207120, 147549161212600, 5480
147549275288064, 147549275293588, 5524
147549389764660, 147549389769344, 4684
147549503786812, 147549503793188, 6376
147549618094984, 147549618100312, 5328
147549732323912, 147549732328636, 4724
147549847008212, 147549847013932, 5720
147549961175664, 147549961180460, 4796
147550075470800, 147550075504836, 34036
147550189676900, 147550189682044, 5144
147550303495672, 147550303501432, 5760
147550418056060, 147550418060872, 4812
147550533032508, 147550533038520, 6012
147550666737628, 147550666743940, 6312
147550842082736, 147550842088644, 5908
147551017605212, 147551017613248, 8036
147551063555348, 147551063560504, 5156
147551109296988, 147551109301576, 4588
147551155288032, 147551155295464, 7432
147551201004068, 147551201011216, 7148
147551246883040, 147551246890300, 7260
147551292762868, 147551292769924, 7056
147551338671572, 147551338678308, 6736
147551384541800, 147551384546592, 4792
147551430360020, 147551430367044, 7024
147551476305212, 147551476311192, 5980
147551522073768, 147551522080132, 6364
147551568084360, 147551568090656, 6296
147551613864200, 147551613869088, 4888
147551659767352, 147551659772152, 4800
147551705675152, 147551705681488, 6336
147552351670008, 147552351673292, 3284
147552353503820, 147552353509516, 5696
147552355346776, 147552355350192, 3416
147552357191992, 147552357195020, 3028
147552359087012, 147552359090520, 3508
147552360967132, 147552360970168, 3036
147552373614704, 147552373620880, 6176
147552477338224, 147552477342840, 4616
147552580996592, 147552581003632, 7040
147552684703912, 147552684711696, 7784
147552788479084, 147552788484016, 4932
147552892114436, 147552892119124, 4688
147552995767340, 147552995771984, 4644
147553099520556, 147553099526764, 6208
147553203204580, 147553203211288, 6708
147553306946972, 147553306953316, 6344
147553410599196, 147553410606128, 6932
147553514367152, 147553514373836, 6684
147553618043672, 147553618050272, 6600
147553721763652, 147553721770164, 6512
147553825380352, 147553825387120, 6768
147553929073024, 147553929079508, 6484
147554032816464, 147554032821896, 5432
147554136464592, 147554136472104, 7512
147554182389856, 147554182396024, 6168
147554228233012, 147554228238416, 5404
147554274111936, 147554274116584, 4648
147554319951844, 147554319958068, 6224
147554365819056, 147554365824568, 5512
147554411686784, 147554411692020, 5236
147554457560928, 147554457567924, 6996
147554503492132, 147554503497216, 5084
147554549326644, 147554549333112, 6468
147554595219504, 147554595225052, 5548
147554641081244, 147554641086084, 4840
147554686959088, 147554686963664, 4576
147554732749964, 147554732755040, 5076
147554778645764, 147554778650528, 4764
147554824606856, 147554824613000, 6144
147554870308808, 147554870313588, 4780
147554916241492, 147554916248352, 6860
147554962213276, 147554962217808, 4532
147555008024728, 147555008030788, 6060
147556340131780, 147556340135000, 3220
147556453949692, 147556453955196, 5504
147556568441312, 147556568446388, 5076
147556682757924, 147556682762872, 4948
147556797495412, 147556797501592, 6180
147556911653552, 147556911658956, 5404
147557025914716, 147557025918884, 4168
147557140401708, 147557140408220, 6512
147557254380600, 147557254385392, 4792
147557369547572, 147557369553128, 5556
147557483575604, 147557483581800, 6196
147557597943312, 147557597948852, 5540
147557711993536, 147557712000324, 6788
147557826797244, 147557826802352, 5108
147557940636644, 147557940642680, 6036
147558055180648, 147558055185836, 5188
147558168827296, 147558168832176, 4880
147558282745832, 147558282751364, 5532
147558397214564, 147558397219960, 5396
147558511527568, 147558511532028, 4460
147558626043180, 147558626048064, 4884
147558740182984, 147558740188244, 5260
147558914598952, 147558914604116, 5164
147559090183728, 147559090189472, 5744
147559135932880, 147559135939156, 6276
147559181786240, 147559181792516, 6276
147559227655584, 147559227662204, 6620
147559273503384, 147559273510132, 6748
147559319381284, 147559319388112, 6828
147559365319280, 147559365324428, 5148
147559411153616, 147559411160588, 6972
147559457000208, 147559457006600, 6392
147559502869508, 147559502875680, 6172
147559548776536, 147559548781160, 4624
147559594656056, 147559594662748, 6692
147559640477172, 147559640483096, 5924
147559686361104, 147559686367788, 6684
147559732221408, 147559732226396, 4988
147559778075408, 147559778081732, 6324
147559823958976, 147559823965244, 6268
147559869806140, 147559869812472, 6332
147559915662920, 147559915669040, 6120
147559961551624, 147559961558256, 6632
147560007387880, 147560007392788, 4908
147560053242600, 147560053248676, 6076
147560099161340, 147560099167204, 5864
147560144994944, 147560145000248, 5304
147560190905500, 147560190911576, 6076
147560236755328, 147560236761228, 5900
147560282598452, 147560282603260, 4808
147560328496860, 147560328503000, 6140
147560374363232, 147560374370016, 6784
147560420218176, 147560420224352, 6176
147560466186780, 147560466191684, 4904
147560511921024, 147560511925580, 4556
147560557815548, 147560557822064, 6516
147560603693056, 147560603699272, 6216
147560649785656, 147560649791620, 5964
147560695495960, 147560695500852, 4892
147560741242340, 147560741248368, 6028
147560787164728, 147560787169524, 4796
147560833024772, 147560833031432, 6660
147560878944768, 147560878949416, 4648
147560924759928, 147560924766680, 6752
147560970634416, 147560970639776, 5360
147561016553328, 147561016559724, 6396
147561062368168, 147561062373452, 5284
147561108232388, 147561108237564, 5176
147561154146980, 147561154151980, 5000
147561199942652, 147561199949204, 6552
147561245854940, 147561245861100, 6160
147562330661364, 147562330664396, 3032
147562332494000, 147562332499492, 5492
147562334382716, 147562334386272, 3556
147562336224264, 147562336227452, 3188
147562338083916, 147562338086972, 3056
147562339923868, 147562339926928, 3060
147562341766424, 147562341769424, 3000
147562343602208, 147562343605224, 3016
147562345462276, 147562345465200, 2924
147562347327924, 147562347331584, 3660
147562349172716, 147562349175684, 2968
147562432321316, 147562432326352, 5036
147562536130664, 147562536135360, 4696
147562639783968, 147562639788704, 4736
147562743420488, 147562743425396, 4908
147562847122152, 147562847137328, 15176
147562950815092, 147562950821944, 6852
147563054538172, 147563054544452, 6280
147563158228388, 147563158234716, 6328
147563262006384, 147563262012772, 6388
147563365690536, 147563365695384, 4848
147563469344004, 147563469350684, 6680
147563572989016, 147563572994876, 5860
147563676711816, 147563676717268, 5452
147563722603608, 147563722609972, 6364
147563768468460, 147563768475580, 7120
147563814297940, 147563814303292, 5352
147563860179552, 147563860185924, 6372
147563906038692, 147563906045244, 6552
147563951953772, 147563951960476, 6704
147563997773032, 147563997779556, 6524
147564043661096, 147564043665820, 4724
147564089539744, 147564089546312, 6568
147564135474552, 147564135479224, 4672
147564181267688, 147564181273652, 5964
147564227128664, 147564227134228, 5564
147564273065328, 147564273071948, 6620
147564318853932, 147564318860092, 6160
147564364738284, 147564364745528, 7244
147564410580728, 147564410587272, 6544
147564456474076, 147564456478808, 4732
147564502422500, 147564502429140, 6640
147564548286488, 147564548291396, 4908
147564594058392, 147564594064812, 6420
147564639978276, 147564639984760, 6484
147564685802820, 147564685808672, 5852
147564731656328, 147564731662560, 6232
147564777538284, 147564777545056, 6772
147564823375408, 147564823381656, 6248
147564869258224, 147564869264720, 6496
147564915121392, 147564915126916, 5524
147564961046904, 147564961052732, 5828
147565006828460, 147565006834096, 5636
147565052691328, 147565052697976, 6648
147565098579752, 147565098586104, 6352
147565144440736, 147565144447016, 6280
147565190299148, 147565190307328, 8180
147565236265132, 147565236271800, 6668
147565282087884, 147565282094132, 6248
147565328000692, 147565328007376, 6684
147565373836932, 147565373843288, 6356
147565419764544, 147565419769152, 4608
147565465524544, 147565465531036, 6492
147565511429892, 147565511435020, 5128
147565557333512, 147565557339784, 6272
147565603158284, 147565603165084, 6800
147565649015212, 147565649021316, 6104
147565694834136, 147565694839104, 4968
147565740760608, 147565740765308, 4700
147565786639152, 147565786643528, 4376
147565832447044, 147565832453748, 6704
147565878363904, 147565878368896, 4992
147565924235696, 147565924240620, 4924
147565970172144, 147565970178744, 6600
147566015920648, 147566015926828, 6180
147566311079904, 147566311082920, 3016
147566424799436, 147566424804724, 5288
147566539713728, 147566539719220, 5492
147566653870548, 147566653875372, 4824
147566811646276, 147566811652344, 6068
147566987114996, 147566987121556, 6560
