40474507471868, 40474507485460, 13592
40475229636852, 40475229645800, 8948
40475951915544, 40475951925412, 9868
40476674199956, 40476674203088, 3132
40477396420836, 40477396423236, 2400
40478118700072, 40478118702528, 2456
40478840984508, 40478840987636, 3128
40479563202484, 40479563204980, 2496
40480285485472, 40480285488504, 3032
40481007766376, 40481007769452, 3076
40481729987492, 40481729990168, 2676
40482452267976, 40482452271012, 3036
40483174488512, 40483174490812, 2300
40483896769656, 40483896772048, 2392
40484619052968, 40484619056008, 3040
40485341272724, 40485341275204, 2480
40486063553096, 40486063555520, 2424
40486785835836, 40486785838856, 3020
40487508055480, 40487508057824, 2344
40488230339828, 40488230342820, 2992
40488952619920, 40488952622964, 3044
40489674837548, 40489674840212, 2664
40490397122484, 40490397125508, 3024
40491119342200, 40491119344452, 2252
40491841624160, 40491841627228, 3068
40492563905324, 40492563908456, 3132
40493286126144, 40493286128628, 2484
40494008406920, 40494008409288, 2368
40494730689432, 40494730692564, 3132
40474669056084, 40474669093796, 37712
40475634672068, 40475634674872, 2804
40476761989636, 40476761992884, 3248
40477889247196, 40477889250408, 3212
40479016562472, 40479016565736, 3264
40480143841864, 40480143847304, 5440
40481271077052, 40481271079664, 2612
40482398396832, 40482398400044, 3212
40483525653476, 40483525656160, 2684
40484652972036, 40484652975268, 3232
40485780227904, 40485780231104, 3200
40486907545588, 40486907548920, 3332
40488034803692, 40488034806948, 3256
40489162057780, 40489162060260, 2480
40490289376188, 40490289379484, 3296
40491416631696, 40491416634516, 2820
40492543951884, 40492543955080, 3196
40493671210596, 40493671213136, 2540
40494798527112, 40494798535852, 8740
40475139872176, 40475139914676, 42500
40475650634548, 40475650637368, 2820
40476793913124, 40476793916488, 3364
40477937130308, 40477937132808, 2500
40479080352308, 40479080355624, 3316
40480223630072, 40480223633380, 3308
40481366849752, 40481366852404, 2652
40482510132244, 40482510135432, 3188
40483653350464, 40483653353160, 2696
40484796628372, 40484796631652, 3280
40485939846756, 40485939849308, 2552
40487083068792, 40487083071984, 3192
40488226347140, 40488226350336, 3196
40489369566280, 40489369568884, 2604
40490512844948, 40490512848136, 3188
40491656064984, 40491656067644, 2660
40492799342020, 40492799345304, 3284
40493942563172, 40493942565628, 2456
40495085781472, 40495085786128, 4656
40472512942160, 40472512952884, 10724
40472512985496, 40472512993096, 7600
40472513016176, 40472513023556, 7380
40472513046088, 40472513053460, 7372
40472513076444, 40472513083960, 7516
40472513105664, 40472513112624, 6960
40472513134740, 40472513142084, 7344
40474507488144, 40474507502256, 14112
40475215689744, 40475215693724, 3980
40475923981744, 40475923985056, 3312
40476632296016, 40476632299140, 3124
40477340573164, 40477340602868, 29704
40478048866592, 40478048869984, 3392
40478757205084, 40478757234684, 29600
40479465432492, 40479465435832, 3340
40480173747276, 40480173750524, 3248
40480882061764, 40480882065044, 3280
40481590318400, 40481590321744, 3344
40482298632668, 40482298636196, 3528
40483006946940, 40483006950276, 3336
40483715200984, 40483715204176, 3192
40484423514624, 40484423517760, 3136
40485131767300, 40485131769692, 2392
40485840087444, 40485840090776, 3332
40486548398656, 40486548402028, 3372
40487256653316, 40487256656612, 3296
40487964968356, 40487964971680, 3324
40488673280828, 40488673284064, 3236
40489381535352, 40489381538636, 3284
40490089847440, 40490089850544, 3104
40490798165620, 40490798168864, 3244
40491506419704, 40491506422840, 3136
40492214733948, 40492214737248, 3300
40492923050264, 40492923053616, 3352
40493631301780, 40493631304992, 3212
40494339617624, 40494339620836, 3212
40495047873004, 40495047877652, 4648
