40474507438550, 40474507471664, 33114
40475229632540, 40475229636656, 4116
40475951911476, 40475951915356, 3880
40476674194976, 40476674199760, 4784
40477396416432, 40477396420640, 4208
40478118695596, 40478118699884, 4288
40478840979912, 40478840984316, 4404
40479563198160, 40479563202288, 4128
40480285480788, 40480285485276, 4488
40481007761804, 40481007766180, 4376
40481729982936, 40481729987300, 4364
40482452263376, 40482452267772, 4396
40483174484216, 40483174488316, 4100
40483896765156, 40483896769476, 4320
40484619048240, 40484619052776, 4536
40485341268020, 40485341272536, 4516
40486063548640, 40486063552900, 4260
40486785830752, 40486785835640, 4888
40487508051240, 40487508055288, 4048
40488230335100, 40488230339632, 4532
40488952615344, 40488952619732, 4388
40489674831432, 40489674837348, 5916
40490397117960, 40490397122296, 4336
40491119337940, 40491119342004, 4064
40491841619512, 40491841623960, 4448
40492563900060, 40492563905128, 5068
40493286121672, 40493286125952, 4280
40494008402492, 40494008406728, 4236
40494730684380, 40494730689236, 4856
40474669050516, 40474669055764, 5248
40475634666164, 40475634671860, 5696
40476761984384, 40476761989444, 5060
40477889241184, 40477889247004, 5820
40479016556808, 40479016562284, 5476
40480143832004, 40480143841536, 9532
40481271071388, 40481271076856, 5468
40482398392108, 40482398396636, 4528
40483525647576, 40483525653284, 5708
40484652966772, 40484652971844, 5072
40485780221416, 40485780227704, 6288
40486907539332, 40486907545392, 6060
40488034799116, 40488034803444, 4328
40489162051884, 40489162057572, 5688
40490289370172, 40490289375988, 5816
40491416625716, 40491416631504, 5788
40492543946140, 40492543951688, 5548
40493671206012, 40493671210408, 4396
40494798525596, 40494798526868, 1272
40470512786000, 40470512798268, 12268
40475139866424, 40475139871856, 5432
40475650630168, 40475650634352, 4184
40476793908212, 40476793912936, 4724
40477937124764, 40477937130116, 5352
40479080346492, 40479080352112, 5620
40480223624448, 40480223629880, 5432
40481366844104, 40481366849552, 5448
40482510127372, 40482510132052, 4680
40483653346216, 40483653350268, 4052
40484796622496, 40484796628176, 5680
40485939839984, 40485939846568, 6584
40487083064012, 40487083068596, 4584
40488226342444, 40488226346944, 4500
40489369561580, 40489369566088, 4508
40490512839916, 40490512844752, 4836
40491656060736, 40491656064792, 4056
40492799336100, 40492799341824, 5724
40493942557496, 40493942562976, 5480
40495085775600, 40495085781284, 5684
40472512936496, 40472512941884, 5388
40472512982276, 40472512985292, 3016
40472513013384, 40472513015980, 2596
40472513043540, 40472513045896, 2356
40472513073920, 40472513076256, 2336
40472513102864, 40472513105476, 2612
40472513131908, 40472513134548, 2640
40474507482892, 40474507487948, 5056
40475215680796, 40475215689430, 8634
40475923975936, 40475923981548, 5612
40476632290168, 40476632295820, 5652
40477340563304, 40477340572836, 9532
40478048860436, 40478048866408, 5972
40478757195416, 40478757204750, 9334
40479465426988, 40479465432300, 5312
40480173741668, 40480173747088, 5420
40480882056180, 40480882061572, 5392
40481590312300, 40481590318200, 5900
40482298626952, 40482298632476, 5524
40483006940892, 40483006946748, 5856
40483715195512, 40483715200788, 5276
40484423508860, 40484423514432, 5572
40485131761928, 40485131767104, 5176
40485840082672, 40485840087248, 4576
40486548392828, 40486548398456, 5628
40487256647284, 40487256653128, 5844
40487964962588, 40487964968168, 5580
40488673274436, 40488673280636, 6200
40489381529400, 40489381535156, 5756
40490089841804, 40490089847224, 5420
40490798159568, 40490798165432, 5864
40491506413716, 40491506419512, 5796
40492214728484, 40492214733748, 5264
40492923045776, 40492923050068, 4292
40493631296280, 40493631301596, 5316
40494339612004, 40494339617432, 5428
40495047867404, 40495047872812, 5408
