30981326636904, 30981326644704, 7800
30985408768644, 30985408771632, 2988
30986284139932, 30986284144616, 4684
30986736730120, 30986736733580, 3460
30987083718724, 30987083729528, 10804
30987163482572, 30987163483996, 1424
30988266316116, 30988266324792, 8676
30988641192536, 30988641200128, 7592
30989277246268, 30989277256100, 9832
30989594732860, 30989594740248, 7388
30989941938436, 30989941947004, 8568
30990615461708, 30990615471252, 9544
30990629378684, 30990629380080, 1396
30990976654556, 30990976660376, 5820
30991347867968, 30991347876976, 9008
30991819194944, 30991819204260, 9316
30992196477996, 30992196484976, 6980
30992667553560, 30992667563716, 10156
30993530061280, 30993530071508, 10228
30994405094340, 30994405104748, 10408
30995078519084, 30995078528364, 9280
30995504533348, 30995504541728, 8380
30995810246868, 30995810257360, 10492
30996281085664, 30996281094224, 8560
30996627836204, 30996627844872, 8668
30997489883112, 30997489892116, 9004
30998364937908, 30998364946516, 8608
30999000553492, 30999000562892, 9400
30999863099580, 30999863105996, 6416
31000725456724, 31000725462232, 5508
31001587320692, 31001587328780, 8088
31001962379748, 31001962383568, 3820
31002586736128, 31002586744932, 8804
31002934107972, 31002934116540, 8568
31003251412100, 31003251418824, 6724
31003876367520, 31003876375664, 8144
31004247986492, 31004247994712, 8220
31004553313052, 31004553321516, 8464
31005466233756, 31005466251856, 18100
31006341058676, 31006341062884, 4208
30981309337608, 30981309345960, 8352
30981420214816, 30981420222788, 7972
30983412247196, 30983412251268, 4072
30983412331376, 30983412335028, 3652
30983412374132, 30983412377128, 2996
30983412425712, 30983412428188, 2476
30983412466052, 30983412468868, 2816
30983412491528, 30983412495164, 3636
30983412526216, 30983412529016, 2800
30983412627796, 30983412630636, 2840
30983412661624, 30983412664484, 2860
30983412725952, 30983412728344, 2392
30983412809944, 30983412812564, 2620
30983412847804, 30983412850764, 2960
30983412893688, 30983412896312, 2624
30983412917344, 30983412919224, 1880
30983412940044, 30983412942532, 2488
30985404818044, 30985404822928, 4884
30985404838236, 30985404850372, 12136
30985404861204, 30985404871424, 10220
30985404881960, 30985404890672, 8712
30985404900876, 30985404909896, 9020
30985404920412, 30985404928556, 8144
30985404938540, 30985404946984, 8444
30985404957700, 30985404966168, 8468
30986278077500, 30986278084664, 7164
30986662950412, 30986662954944, 4532
30987676059776, 30987676062472, 2696
30988146805044, 30988146814936, 9892
30988548640524, 30988548644572, 4048
30988922353696, 30988922355596, 1900
30989293463468, 30989293471660, 8192
30989764123160, 30989764132984, 9824
30990069579704, 30990069586744, 7040
30990485841748, 30990485844616, 2868
30991360157632, 30991360166916, 9284
30991984797636, 30991984808884, 11248
30992331596260, 30992331603876, 7616
30993042798220, 30993042806720, 8500
30993678280676, 30993678289744, 9068
30994725601540, 30994725610484, 8944
30995196192544, 30995196202184, 9640
30995831916400, 30995831925104, 8704
30996515376756, 30996515385880, 9124
30997389273624, 30997389282280, 8656
30998013890724, 30998013898756, 8032
30998391102564, 30998391110336, 7772
30998412714848, 30998412716132, 1284
30999037179864, 30999037187760, 7896
30999511565296, 30999511588164, 22868
30999595302348, 30999595327644, 25296
31000220054540, 31000220062696, 8156
31001189684992, 31001189694784, 9792
31001886650272, 31001886672468, 22196
31002559623620, 31002559633680, 10060
31003030190144, 31003030197804, 7660
31003711328208, 31003711338932, 10724
31004572528184, 31004572537264, 9080
31005619011100, 31005619020572, 9472
31005925013064, 31005925018252, 5188
30981352462408, 30981352470104, 7696
30981369353444, 30981369361568, 8124
30981386416008, 30981386424176, 8168
30981403556520, 30981403564408, 7888
30985658021856, 30985658025140, 3284
30986407736276, 30986407743820, 7544
30987283463324, 30987283493568, 30244
30988253440924, 30988253451284, 10360
30989254031996, 30989254040724, 8728
30989257550568, 30989257558728, 8160
30989881649200, 30989881659248, 10048
30990252925608, 30990252933304, 7696
30990876779800, 30990876788700, 8900
30991584640640, 30991584643700, 3060
30991902051280, 30991902058976, 7696
30992537797176, 30992537808424, 11248
30993412249676, 30993412260820, 11144
30993783853896, 30993783863288, 9392
30994408144268, 30994408153756, 9488
30994879026720, 30994879028884, 2164
30995078438092, 30995078439632, 1540
30995531178604, 30995531188272, 9668
30996531039736, 30996531049224, 9488
30997577448132, 30997577457076, 8944
30998250107732, 30998250115796, 8064
30999318151532, 30999318154856, 3324
31000318294148, 31000318333060, 38912
31000635598964, 31000635607436, 8472
31001346715396, 31001346723780, 8384
31001694051348, 31001694060324, 8976
31002555309656, 31002555319144, 9488
31003460166124, 31003460201744, 35620
31004334513344, 31004334554484, 41140
31004958521144, 31004958529728, 8584
31005593389748, 31005593397656, 7908
31006217934040, 31006217938108, 4068
30981335261948, 30981335270764, 8816
30985650052224, 30985650055388, 3164
30986421672312, 30986421678988, 6676
30987284424744, 30987284443996, 19252
30987438688084, 30987438706704, 18620
30988491642192, 30988491645028, 2836
30989365892468, 30989365901832, 9364
30989416925100, 30989416926440, 1340
30990291724928, 30990291734316, 9388
30990669177436, 30990669187524, 10088
30990986845344, 30990986853596, 8252
30991659454744, 30991659464284, 9540
30992030422200, 30992030429200, 7000
30992703116160, 30992703125188, 9028
30993327052748, 30993327062668, 9920
30993797505500, 30993797514028, 8528
30994766916648, 30994766925324, 8676
30995113751996, 30995113761528, 9532
30995354397960, 30995354405508, 7548
30996323944928, 30996323954692, 9764
30996641051460, 30996641059048, 7588
30997609679824, 30997609687508, 7684
30998471039256, 30998471047420, 8164
30998817448516, 30998817455424, 6908
30999134659832, 30999134668040, 8208
30999847011796, 30999847020424, 8628
31000194404884, 31000194412456, 7572
31001241138288, 31001241146244, 7956
31001612006032, 31001612014600, 8568
31002247629772, 31002247637624, 7852
31002618304380, 31002618312180, 7800
31002666338084, 31002666339440, 1356
31003301352552, 31003301360268, 7716
31004348601476, 31004348611036, 9560
31005059833472, 31005059842556, 9084
31005494233620, 31005494256516, 22896
31005811830088, 31005811834588, 4500
31006282623864, 31006282628264, 4400
30981301306016, 30981301314468, 8452
30981318058292, 30981318066540, 8248
30985646034228, 30985646037504, 3276
30986483465060, 30986483470252, 5192
30987119088308, 30987119117548, 29240
30988166269312, 30988166279396, 10084
30988791804188, 30988791814452, 10264
30989464905204, 30989464914200, 8996
30990124899580, 30990124908956, 9376
30990595764316, 30990595774116, 9800
30991457221496, 30991457230640, 9144
30992331561372, 30992331569668, 8296
30993301260724, 30993301270212, 9488
30993648179628, 30993648187948, 8320
30994125215764, 30994125218688, 2924
30994430812228, 30994430821272, 9044
30995531173800, 30995531176524, 2724
30996405641736, 30996405650836, 9100
30997078574200, 30997078583528, 9328
30997549365528, 30997549373688, 8160
30997896317876, 30997896325160, 7284
30998607748640, 30998607756692, 8052
30999417862360, 30999417865724, 3364
30999736002700, 30999736010896, 8196
31000408184968, 31000408193400, 8432
31000779546952, 31000779555600, 8648
31001403497432, 31001403506508, 9076
31001781266152, 31001781274432, 8280
31002750741688, 31002750751672, 9984
31003711323476, 31003711326604, 3128
31004057966308, 31004057974628, 8320
31004375181056, 31004375189780, 8724
31004752777672, 31004752786220, 8548
31005614345132, 31005614354536, 9404
30981343669976, 30981343677440, 7464
30985644038060, 30985644041452, 3392
30986503415848, 30986503420896, 5048
30987176489372, 30987176520036, 30664
30987474776708, 30987474786376, 9668
30988031563460, 30988031574092, 10632
30988491637664, 30988491641120, 3456
30989353045924, 30989353055924, 10000
30990353210508, 30990353219380, 8872
30991400066200, 30991400075536, 9336
30991706175924, 30991706185984, 10060
30992705466120, 30992705475332, 9212
30993174011500, 30993174014220, 2720
30993847035208, 30993847044580, 9372
30994558146692, 30994558155040, 8348
30994875566284, 30994875574608, 8324
30995012627428, 30995012628856, 1428
30995330056484, 30995330064196, 7712
30996377445464, 30996377454872, 9408
30997012705232, 30997012715316, 10084
30997330082128, 30997330089860, 7732
30997635647344, 30997635654940, 7596
30997953653868, 30997953662028, 8160
30998423914160, 30998423922656, 8496
30998708242660, 30998708249112, 6452
30999583605084, 30999583611680, 6596
31000458402996, 31000458409140, 6144
31001332719692, 31001332729624, 9932
31001803585264, 31001803594076, 8812
31002803742712, 31002803751468, 8756
31003181283768, 31003181291284, 7516
31004181392188, 31004181401096, 8908
31004853317644, 31004853327256, 9612
31005224459000, 31005224466292, 7292
31005897356084, 31005897365648, 9564
30981360715044, 30981360723552, 8508
30981377903008, 30981377911604, 8596
30981394972436, 30981394980624, 8188
30981412326840, 30981412336108, 9268
30985446645108, 30985446648480, 3372
30986535322316, 30986535326872, 4556
30987006277648, 30987006308452, 30804
30987410877700, 30987410880756, 3056
30988285957292, 30988285965156, 7864
30988592233400, 30988592243148, 9748
30989560856324, 30989560865916, 9592
30990485844832, 30990485848500, 3668
30991510853464, 30991510856484, 3020
30992426146036, 30992426149360, 3324
30992744196740, 30992744205312, 8572
30993049639904, 30993049647396, 7492
30994050214764, 30994050223996, 9232
30994685028952, 30994685037836, 8884
30995547504196, 30995547513552, 9356
30995575005396, 30995575006580, 1184
30996436616248, 30996436624060, 7812
30996814310788, 30996814318772, 7984
30997814666248, 30997814674636, 8388
30998185796344, 30998185804820, 8476
30999517546576, 30999517549344, 2768
31000152287648, 31000152296960, 9312
31000622761340, 31000622770952, 9612
31001623268260, 31001623277072, 8812
31002670532620, 31002670541568, 8948
31003333660668, 31003333668804, 8136
31004303732072, 31004303741532, 9460
31005303678440, 31005303687076, 8636
31005650800128, 31005650809728, 9600
31006022404904, 31006022409164, 4260
30985450597028, 30985450599896, 2868
30986587151604, 30986587156820, 5216
30987211835820, 30987211846924, 11104
30987620192444, 30987620195588, 3144
30988591339068, 30988591341856, 2788
30989737966680, 30989737969736, 3056
30990372815124, 30990372824580, 9456
30991341894836, 30991341904668, 9832
30992039356124, 30992039364968, 8844
30993275711132, 30993275714120, 2988
30993593254520, 30993593263204, 8684
30994455514792, 30994455524036, 9244
30995329664496, 30995329674008, 9512
30996003172340, 30996003181372, 9032
30996374032084, 30996374040248, 8164
30996998277508, 30996998285512, 8004
30997369057316, 30997369064608, 7292
30998004458580, 30998004467092, 8512
30999003828392, 30999003837568, 9176
30999475675448, 30999475700496, 25048
30999846586048, 30999846594932, 8884
31000140161596, 31000140170168, 8572
31000546581356, 31000546584332, 2976
31001181871112, 31001181879644, 8532
31001499116160, 31001499124740, 8580
31002373929964, 31002373938908, 8944
31002691991960, 31002691999708, 7748
31002997325360, 31002997332104, 6744
31003567754536, 31003567757320, 2784
31004038737112, 31004038746396, 9284
31004674217516, 31004674225364, 7848
31005144425088, 31005144432612, 7524
31006114544296, 31006114551680, 7384
31006492449992, 31006492453592, 3600
