148055223861032, 148055223872040, 11008
148055233816100, 148055233827740, 11640
148055281629616, 148055281639768, 10152
148055323565104, 148055323577032, 11928
148055357576848, 148055357587392, 10544
148055374576848, 148055374587036, 10188
148055446847616, 148055446857588, 9972
148055514670296, 148055514681004, 10708
148055526092628, 148055526103568, 10940
148055642590016, 148055642601136, 11120
148055665387648, 148055665398252, 10604
148055708785824, 148055708794928, 9104
148055947882840, 148055947892312, 9472
148055989978600, 148055989988384, 9784
148056110217724, 148056110227664, 9940
148056161118156, 148056161126708, 8552
148056172482744, 148056172492356, 9612
148056189467484, 148056189477560, 10076
148056309051652, 148056309061696, 10044
148056314068888, 148056314076500, 7612
148056347872980, 148056347883192, 10212
148056428921372, 148056428930776, 9404
148056444262416, 148056444272508, 10092
148056449299436, 148056449307304, 7868
148056521426756, 148056521436924, 10168
148056541903960, 148056541913368, 9408
148056558894888, 148056558905168, 10280
148056631507644, 148056631517812, 10168
148056809170232, 148056809180960, 10728
148056978518808, 148056978528244, 9436
148056988372628, 148056988379700, 7072
148057005242256, 148057005251100, 8844
148057010234364, 148057010242056, 7692
148057081997500, 148057082008204, 10704
148057091869100, 148057091877272, 8172
148057196048224, 148057196060452, 12228
148057211901248, 148057211909328, 8080
148057221779460, 148057221789936, 10476
148057267804040, 148057267814684, 10644
148057283667224, 148057283678564, 11340
148057294919596, 148057294927892, 8296
148057321669836, 148057321681372, 11536
148057339632616, 148057339645400, 12784
148058867169952, 148058867180696, 10744
148059103883080, 148059103893120, 10040
148059108921216, 148059108930608, 9392
148059110431104, 148059110438152, 7048
148059120482984, 148059120494032, 11048
148059137389716, 148059137398752, 9036
148059307913908, 148059307924588, 10680
148059471016760, 148059471026104, 9344
148059482371504, 148059482379016, 7512
148059492384332, 148059492393604, 9272
148059612461416, 148059612470368, 8952
148059622362272, 148059622369624, 7352
148059741959592, 148059741968360, 8768
148059796162236, 148059796172896, 10660
148059916474264, 148059916483796, 9532
148059927745920, 148059927753324, 7404
148059937663932, 148059937672608, 8676
148059953640380, 148059953650900, 10520
148059959944760, 148059959953464, 8704
148059971266760, 148059971276524, 9764
148059998151032, 148059998161524, 10492
148060014123416, 148060014133464, 10048
148060022151648, 148060022159432, 7784
148060095298484, 148060095307608, 9124
148060111443752, 148060111453716, 9964
148060165676056, 148060165686096, 10040
148060176976288, 148060176987184, 10896
148060192971484, 148060192981848, 10364
148060301557704, 148060301567220, 9516
148060317509228, 148060317518952, 9724
148060328777948, 148060328786912, 8964
148060330868244, 148060330876640, 8396
148060385650624, 148060385660664, 10040
148060397045904, 148060397056264, 10360
148060412979004, 148060412988828, 9824
148060416619176, 148060416627516, 8340
148060470799800, 148060470808724, 8924
148060480644100, 148060480652160, 8060
148060513873456, 148060513883216, 9760
148060529827668, 148060529838176, 10508
148060583920436, 148060583930364, 9928
148060600397036, 148060600407176, 10140
148060654773788, 148060654783884, 10096
148060670658304, 148060670668208, 9904
148060673872924, 148060673881120, 8196
148060728119228, 148060728128852, 9624
148060837491072, 148060837502956, 11884
148060938690628, 148060938699896, 9268
148061010497372, 148061010505720, 8348
148061020334236, 148061020341568, 7332
148061497489252, 148061497500472, 11220
148062875486844, 148062875496696, 9852
148063368261620, 148063368270492, 8872
148063436632468, 148063436641672, 9204
148063508666572, 148063508675872, 9300
148063559574040, 148063559579148, 5108
148063719060680, 148063719065300, 4620
148063855396376, 148063855404696, 8320
148063865307876, 148063865318696, 10820
148063882251088, 148063882261512, 10424
148063898479896, 148063898487452, 7556
148063915467752, 148063915478800, 11048
148063926837236, 148063926846952, 9716
148063983224512, 148063983234852, 10340
148063994482196, 148063994489812, 7616
148064004397412, 148064004407352, 9940
148064076627724, 148064076636960, 9236
148064149115496, 148064149123644, 8148
148064160433592, 148064160442960, 9368
148064329376976, 148064329387652, 10676
148064363334920, 148064363345300, 10380
148064393143588, 148064393154724, 11136
148064484836544, 148064484846324, 9780
148064569376396, 148064569386232, 9836
148064581172248, 148064581179528, 7280
148064696196816, 148064696207264, 10448
148064730227732, 148064730236952, 9220
148064763469180, 148064763478752, 9572
148064774800520, 148064774807588, 7068
148064786186096, 148064786196640, 10544
148064858571672, 148064858581716, 10044
148064869816664, 148064869824404, 7740
148064892401436, 148064892409984, 8548
148065133023712, 148065133034168, 10456
148065147983928, 148065147992176, 8248
148065157855884, 148065157865800, 9916
148065268546348, 148065268557532, 11184
148065273528824, 148065273536164, 7340
148065284794884, 148065284801772, 6888
148065289798260, 148065289808716, 10456
148065362466404, 148065362476072, 9668
148065372349244, 148065372358956, 9712
148065543705708, 148065543717420, 11712
148065575966484, 148065575976316, 9832
148065595695552, 148065595705704, 10152
148065693279760, 148065693289804, 10044
148065703248068, 148065703256084, 8016
148065724153376, 148065724161224, 7848
148065963307072, 148065963317224, 10152
148065973307176, 148065973317052, 9876
148066006394808, 148066006405348, 10540
148066011387180, 148066011395508, 8328
148066022685240, 148066022695544, 10304
148066032548168, 148066032556768, 8600
148066034289940, 148066034299512, 9572
148066051163488, 148066051171808, 8320
148066056208432, 148066056217812, 9380
148066074164616, 148066074174320, 9704
148066085401636, 148066085409964, 8328
148066119193408, 148066119203108, 9700
148066136024788, 148066136036060, 11272
148066157973308, 148066157984548, 11240
148066227731440, 148066227743016, 11576
148066393248588, 148066393259876, 11288
148066494552188, 148066494562312, 10124
148066527678476, 148066527687596, 9120
148066537556576, 148066537566524, 9948
148066547892976, 148066547904548, 11572
148066640557464, 148066640567172, 9708
148066650520424, 148066650528180, 7756
148066676667972, 148066676676304, 8332
148066687900732, 148066687908388, 7656
148066712380032, 148066712391260, 11228
148066729291932, 148066729301084, 9152
148066762397328, 148066762407372, 10044
148066778257488, 148066778266360, 8872
148066897558864, 148066897568272, 9408
148066927807600, 148066927820148, 12548
148067046633244, 148067046644144, 10900
148067057950932, 148067057959944, 9012
148067062928116, 148067062935628, 7512
148067172999024, 148067173010108, 11084
148067195484420, 148067195493828, 9408
148067263965824, 148067263975496, 9672
148067279849744, 148067279859124, 9380
148067450182568, 148067450193128, 10560
148067484231332, 148067484240976, 9644
148067603843692, 148067603853860, 10168
148067713414720, 148067713425848, 11128
148067814885580, 148067814894888, 9308
148067986618808, 148067986630232, 11424
148068076599304, 148068076608844, 9540
148068148797596, 148068148806952, 9356
148068257851548, 148068257862208, 10660
148068291894392, 148068291904168, 9776
148068358318180, 148068358327532, 9352
148068375272076, 148068375279952, 7876
148068386623112, 148068386632668, 9556
148068396486920, 148068396494864, 7944
148068413389472, 148068413399656, 10184
148068424809444, 148068424819200, 9756
148068441700188, 148068441708756, 8568
148068513806216, 148068513816836, 10620
148068568624612, 148068568634144, 9532
148068602600776, 148068602611092, 10316
148068721862544, 148068721872636, 10092
148068793811216, 148068793820980, 9764
148068827585328, 148068827594032, 8704
148068946291604, 148068946301164, 9560
148069054048724, 148069054056924, 8200
148069082715568, 148069082722588, 7020
148069116410188, 148069116418572, 8384
148069149465596, 148069149473780, 8184
148069160756644, 148069160765092, 8448
148069302178260, 148069302188400, 10140
148069307187496, 148069307195104, 7608
148069319007236, 148069319017952, 10716
148069323987460, 148069323994552, 7092
148069484257248, 148069484267456, 10208
148069755970712, 148069755980788, 10076
148070850299816, 148070850310192, 10376
148071133494144, 148071133504556, 10412
148071237257816, 148071237269972, 12156
148071253107008, 148071253115204, 8196
148071286213336, 148071286222244, 8908
148071358857860, 148071358868400, 10540
148071431002428, 148071431010624, 8196
148071491589980, 148071491599948, 9968
148071501345640, 148071501354516, 8876
148071573883672, 148071573893848, 10176
148071614269304, 148071614278708, 9404
148071625552364, 148071625562256, 9892
148071647966800, 148071647976328, 9528
148071681151276, 148071681161056, 9780
148071703524080, 148071703533680, 9600
148071799507340, 148071799516628, 9288
148071821478752, 148071821489992, 11240
148071875867052, 148071875878000, 10948
148071907173256, 148071907183640, 10384
148071961579568, 148071961589020, 9452
148071994731692, 148071994740788, 9096
148072114382300, 148072114392616, 10316
148072131350896, 148072131360444, 9548
148072142690812, 148072142700620, 9808
148072188397932, 148072188408960, 11028
148072199667996, 148072199676464, 8468
148072244279356, 148072244289392, 10036
148072814572776, 148072814583252, 10476
148074824705216, 148074824709472, 4256
148055273683308, 148055273694744, 11436
148055357401604, 148055357412584, 10980
148055368787976, 148055368796060, 8084
148055441348424, 148055441358072, 9648
148055446342452, 148055446349784, 7332
148055469072156, 148055469082416, 10260
148055473021080, 148055473029952, 8872
148055478093548, 148055478103820, 10272
148055484056456, 148055484064600, 8144
148055654515360, 148055654525916, 10556
148055756048108, 148055756057880, 9772
148055789294308, 148055789304080, 9772
148055794340948, 148055794348712, 7764
148055805742608, 148055805752028, 9420
148055857182104, 148055857192216, 10112
148055862179692, 148055862187652, 7960
148055873511520, 148055873518508, 6988
148055890513232, 148055890523608, 10376
148055897768984, 148055897779352, 10368
148055914712068, 148055914721088, 9020
148055931668728, 148055931675972, 7244
148055948634696, 148055948644316, 9620
148055964899256, 148055964909440, 10184
148055965572604, 148055965580820, 8216
148055982569416, 148055982579296, 9880
148056091252560, 148056091263560, 11000
148056114555468, 148056114565420, 9952
148056119551880, 148056119558876, 6996
148056130870416, 148056130878200, 7784
148056211679344, 148056211688344, 9000
148056223017816, 148056223024900, 7084
148056263498456, 148056263508632, 10176
148056274883784, 148056274894112, 10328
148056315729884, 148056315738744, 8860
148056382764096, 148056382774252, 10156
148056501068504, 148056501077584, 9080
148056572773000, 148056572781588, 8588
148056606438908, 148056606448508, 9600
148056686989540, 148056686998480, 8940
148056689472232, 148056689479624, 7392
148056729760140, 148056729769348, 9208
148056741324264, 148056741334884, 10620
148056781622840, 148056781632044, 9204
148056791462136, 148056791472352, 10216
148056793241756, 148056793250176, 8420
148056833451708, 148056833461944, 10236
148056843285856, 148056843293880, 8024
148056845023884, 148056845030864, 6980
148056885203948, 148056885212044, 8096
148056918299040, 148056918308584, 9544
148056986812156, 148056986824168, 12012
148056998089840, 148056998098292, 8452
148057069935676, 148057069945508, 9832
148057085779300, 148057085787744, 8444
148057097655672, 148057097666548, 10876
148057130804048, 148057130814184, 10136
148057142037320, 148057142045252, 7932
148057157891752, 148057157902068, 10316
148057229673480, 148057229682832, 9352
148057262756620, 148057262766120, 9500
148057274101880, 148057274111176, 9296
148057355613828, 148057355625340, 11512
148057372499392, 148057372507268, 7876
148057389446892, 148057389457148, 10256
148057406458188, 148057406466964, 8776
148057417825524, 148057417835764, 10240
148057423346668, 148057423355056, 8388
148057440292316, 148057440301852, 9536
148057450992176, 148057451000732, 8556
148057462330856, 148057462340064, 9208
148058861188600, 148058861200052, 11452
148059258979744, 148059258988896, 9152
148059269110672, 148059269120052, 9380
148059277941424, 148059277949648, 8224
148059358071604, 148059358080580, 8976
148059373975252, 148059373984884, 9632
148060863363736, 148060863373756, 10020
148061259351048, 148061259360196, 9148
148061270192476, 148061270202360, 9884
148061364012916, 148061364024340, 11424
148061493507024, 148061493518764, 11740
148061623128324, 148061623139368, 11044
148061647079568, 148061647091896, 12328
148061750743252, 148061750754488, 11236
148061816556728, 148061816565276, 8548
148061862439960, 148061862451892, 11932
148062033945000, 148062033956384, 11384
148062045181160, 148062045188876, 7716
148062078326108, 148062078336216, 10108
148062083863364, 148062083871708, 8344
148062320014356, 148062320023284, 8928
148062353666944, 148062353677432, 10488
148062425474356, 148062425483816, 9460
148062458630576, 148062458641788, 11212
148062469953088, 148062469961020, 7932
148062503842880, 148062503852196, 9316
148062557947576, 148062557956944, 9368
148062581748920, 148062581759384, 10464
148062698350356, 148062698359712, 9356
148062807699640, 148062807710276, 10636
148062909458232, 148062909466540, 8308
148062915354660, 148062915361468, 6808
148062932219304, 148062932228832, 9528
148063071053180, 148063071062664, 9484
148063143536800, 148063143547064, 10264
148063154822996, 148063154832368, 9372
148063264391220, 148063264403092, 11872
148063269370576, 148063269378304, 7728
148063280644100, 148063280651708, 7608
148063313745648, 148063313755080, 9432
148063323580728, 148063323588772, 8044
148063328615896, 148063328624760, 8864
148063340396368, 148063340403788, 7420
148063412183828, 148063412193416, 9588
148063423419004, 148063423427148, 8144
148063477581644, 148063477591372, 9728
148063597110152, 148063597120460, 10308
148063651278256, 148063651287396, 9140
148063661124412, 148063661132432, 8020
148063733120908, 148063733130096, 9188
148063744460184, 148063744470900, 10716
148063754458964, 148063754467280, 8316
148063759478688, 148063759486552, 7864
148064865681596, 148064865693204, 11608
148064985113084, 148064985122776, 9692
148065000973440, 148065000983060, 9620
148065006005200, 148065006014476, 9276
148065017308700, 148065017316380, 7680
148065021223680, 148065021231684, 8004
148065039215608, 148065039227424, 11816
148065140900480, 148065140912212, 11732
148065156726896, 148065156735384, 8488
148065186801560, 148065186814032, 12472
148065272545168, 148065272549716, 4548
148065340638224, 148065340647952, 9728
148065444042196, 148065444052828, 10632
148065545544880, 148065545555176, 10296
148065559641920, 148065559649484, 7564
148065577055780, 148065577065108, 9328
148065592064012, 148065592074672, 10660
148065664042828, 148065664052176, 9348
148065736243100, 148065736252892, 9792
148065807995940, 148065808005428, 9488
148065825455300, 148065825464768, 9468
148065841295576, 148065841302688, 7112
148065950546404, 148065950557764, 11360
148065961771244, 148065961778540, 7296
148065971660408, 148065971670012, 9604
148066116133640, 148066116142832, 9192
148066145998164, 148066146009440, 11276
148066221768164, 148066221784772, 16608
148066237620756, 148066237628556, 7800
148066270804808, 148066270813064, 8256
148066390393336, 148066390402540, 9204
148066462342204, 148066462351432, 9228
148066560777540, 148066560789316, 11776
148066685375188, 148066685383588, 8400
148066726893144, 148066726903368, 10224
148066744208740, 148066744217200, 8460
148066755457340, 148066755466576, 9236
148066772319128, 148066772329448, 10320
148066782158496, 148066782165856, 7360
148066799018500, 148066799029792, 11292
148066871194172, 148066871204296, 10124
148066979573092, 148066979583972, 10880
148067178950656, 148067178961724, 11068
148067280056692, 148067280065660, 8968
148067313146556, 148067313155796, 9240
148067385561488, 148067385570752, 9264
148067390330156, 148067390338224, 8068
148067411402660, 148067411410568, 7908
148067543998456, 148067544008508, 10052
148067761042796, 148067761051568, 8772
148067870942404, 148067870953444, 11040
148067904920980, 148067904930432, 9452
148067921861076, 148067921870100, 9024
148067933193864, 148067933203528, 9664
148067946692784, 148067946700856, 8072
148067958087400, 148067958097088, 9688
148067991309344, 148067991318328, 8984
148068034496676, 148068034509960, 13284
148068124317424, 148068124330028, 12604
148068146987592, 148068146997352, 9760
148068231526760, 148068231536768, 10008
148068237849340, 148068237856376, 7036
148068254762144, 148068254771976, 9832
148068271752792, 148068271762612, 9820
148068288749180, 148068288759648, 10468
148068305064156, 148068305073224, 9068
148068305664692, 148068305672684, 7992
148068323078300, 148068323085072, 6772
148068394407568, 148068394417648, 10080
148068513587716, 148068513597444, 9728
148068547020408, 148068547030500, 10092
148068619450452, 148068619459812, 9360
148068630815944, 148068630825916, 9972
148068664059108, 148068664068484, 9376
148068673970508, 148068673978160, 7652
148068690917936, 148068690926352, 8416
148068702249624, 148068702257428, 7804
148068810562276, 148068810571864, 9588
148068822427948, 148068822436160, 8212
148068832307072, 148068832316304, 9232
148068849145200, 148068849154828, 9628
148068860412812, 148068860420980, 8168
148068914267864, 148068914278208, 10344
148068986060332, 148068986068876, 8544
148068997342324, 148068997350288, 7964
148069008587360, 148069008595136, 7776
148069018403416, 148069018410204, 6788
148069090699332, 148069090706588, 7256
148069101933092, 148069101940084, 6992
148069111774160, 148069111781712, 7552
148069123054876, 148069123062644, 7768
148069139917292, 148069139924520, 7228
148069151144016, 148069151151896, 7880
148069153196872, 148069153203556, 6684
148069170040728, 148069170049144, 8416
148069175019324, 148069175026088, 6764
148069184877256, 148069184884444, 7188
148069196118220, 148069196125564, 7344
148069207426616, 148069207434464, 7848
148069209036284, 148069209043064, 6780
148069312785528, 148069312796872, 11344
148069414812944, 148069414823044, 10100
148069424661344, 148069424669608, 8264
148069435995560, 148069436005536, 9976
148069508269704, 148069508279500, 9796
148069519653884, 148069519662728, 8844
148069530905812, 148069530913116, 7304
148069650509064, 148069650518240, 9176
148069722490828, 148069722500548, 9720
148069755813036, 148069755823056, 10020
148069767101264, 148069767109940, 8676
148069777367928, 148069777378340, 10412
148069788648464, 148069788656068, 7604
148069908365056, 148069908375324, 10268
148070820397628, 148070820408824, 11196
148071683509028, 148071683517528, 8500
148071695778020, 148071695785148, 7128
148071712660880, 148071712669316, 8436
148071722542116, 148071722551692, 9576
148071919213880, 148071919225800, 11920
148071930480432, 148071930488644, 8212
148071971381672, 148071971391180, 9508
148071982663132, 148071982671676, 8544
148071992505832, 148071992514160, 8328
148072069516044, 148072069524928, 8884
148072080788468, 148072080797744, 9276
148072152895352, 148072152905544, 10192
148072272133904, 148072272143184, 9280
148072283495812, 148072283505356, 9544
148072293389972, 148072293397680, 7708
148072366390552, 148072366399700, 9148
148072388756924, 148072388766428, 9504
148072400085196, 148072400094856, 9660
148072422540408, 148072422549096, 8688
148072439634104, 148072439644988, 10884
148072450876740, 148072450883660, 6920
148072451584468, 148072451592232, 7764
148072473940160, 148072473948952, 8792
148072507166224, 148072507176192, 9968
148072529574160, 148072529584128, 9968
148072540924020, 148072540933712, 9692
148072649845836, 148072649854636, 8800
148072659733024, 148072659742284, 9260
148072682077756, 148072682086480, 8724
148072736366612, 148072736376568, 9956
148072809221960, 148072809231208, 9248
148072819046168, 148072819054356, 8188
148073020227716, 148073020236856, 9140
148073021935356, 148073021942252, 6896
148073062632032, 148073062640584, 8552
148073073863736, 148073073870880, 7144
148073114046672, 148073114053724, 7052
148073125277144, 148073125284756, 7612
148073158311572, 148073158319884, 8312
148073230017968, 148073230028640, 10672
148073252368120, 148073252377524, 9404
148073424852452, 148073424863572, 11120
148073439851468, 148073439859692, 8224
148073511963948, 148073511973876, 9928
148073523333408, 148073523340468, 7060
148073612293712, 148073612305548, 11836
148073617273744, 148073617282336, 8592
148073689347656, 148073689356496, 8840
148073734083668, 148073734092148, 8480
148073788286432, 148073788295360, 8928
148073793712804, 148073793722912, 10108
148073848672564, 148073848682768, 10204
148073858700824, 148073858710508, 9684
148073891793624, 148073891803268, 9644
148073963613232, 148073963622516, 9284
148074081925980, 148074081940284, 14304
148074104366260, 148074104376016, 9756
148074109365972, 148074109374024, 8052
148074110755420, 148074110762428, 7008
148074816741304, 148074816752320, 11016
148055417213388, 148055417225008, 11620
148056065213636, 148056065223144, 9508
148056070228264, 148056070235272, 7008
148056111379500, 148056111388192, 8692
148056144597392, 148056144607036, 9644
148056149593436, 148056149601320, 7884
148056221625916, 148056221634432, 8516
148056255371280, 148056255380236, 8956
148056364495032, 148056364505776, 10744
148056466052012, 148056466061212, 9200
148056474095084, 148056474102168, 7084
148056491069248, 148056491080124, 10876
148056502380252, 148056502388380, 8128
148056507998676, 148056508008696, 10020
148056531992116, 148056532001552, 9436
148056543291184, 148056543299308, 8124
148056851041920, 148056851052460, 10540
148056986816012, 148056986827528, 11516
148056996778312, 148056996786304, 7992
148057112377560, 148057112387764, 10204
148057213632892, 148057213642296, 9404
148057431360292, 148057431370668, 10376
148057463011952, 148057463021388, 9436
148057472871344, 148057472881140, 9796
148057544771192, 148057544780608, 9416
148057612970936, 148057612980712, 9776
148057724500580, 148057724512192, 11612
148057826006796, 148057826016444, 9648
148057830140948, 148057830148108, 7160
148057847596964, 148057847607132, 10168
148057915470780, 148057915479612, 8832
148058034511516, 148058034521400, 9884
148058045838848, 148058045847628, 8780
148058055663684, 148058055670704, 7020
148058067025940, 148058067035716, 9776
148058139452680, 148058139461020, 8340
148058172616304, 148058172625772, 9468
148058194942828, 148058194950968, 8140
148058228763400, 148058228772936, 9536
148058236961684, 148058236968708, 7024
148058253862624, 148058253872280, 9656
148058276183524, 148058276193320, 9796
148058301132572, 148058301141852, 9280
148058311016864, 148058311027060, 10196
148058392211992, 148058392221652, 9660
148058511176904, 148058511186028, 9124
148058550417828, 148058550428200, 10372
148058567313696, 148058567322952, 9256
148058639697324, 148058639713084, 15760
148058651013788, 148058651021596, 7808
148058660857080, 148058660863968, 6888
148058804840948, 148058804850352, 9404
148058838610632, 148058838620076, 9444
148058849034556, 148058849044508, 9952
148058865996972, 148058866006096, 9124
148058937785064, 148058937793032, 7968
148059009396688, 148059009404648, 7960
148060845433244, 148060845443468, 10224
148067312470876, 148067312480032, 9156
148067324369576, 148067324379852, 10276
148067370425816, 148067370430672, 4856
148067410726300, 148067410735552, 9252
148067482874364, 148067482884568, 10204
148067555045580, 148067555055800, 10220
148067566387764, 148067566395292, 7528
148067569794200, 148067569800940, 6740
148067581128848, 148067581139364, 10516
148067588123032, 148067588130996, 7964
148067599415096, 148067599424876, 9780
148067632623740, 148067632634020, 10280
148067645637684, 148067645648916, 11232
148067717623212, 148067717631508, 8296
148067728918400, 148067728928352, 9952
148067744761080, 148067744769324, 8244
148067749274592, 148067749284800, 10208
148067765116308, 148067765124088, 7780
148068126204616, 148068126215040, 10424
148068506506556, 148068506515784, 9228
148068523429040, 148068523437244, 8204
148068534823036, 148068534833160, 10124
148068544675292, 148068544683204, 7912
148068561662848, 148068561672972, 10124
148068573602036, 148068573611520, 9484
148068627670808, 148068627680608, 9800
148068644578640, 148068644585760, 7120
148068716903212, 148068716913068, 9856
148068733857772, 148068733867664, 9892
148068745193636, 148068745200704, 7068
148068779137164, 148068779146756, 9592
148068851712832, 148068851722012, 9180
148068885346484, 148068885354284, 7800
148068896669244, 148068896679312, 10068
148068906514364, 148068906524636, 10272
148068923371984, 148068923380084, 8100
148068956434192, 148068956441440, 7248
148068973270936, 148068973279120, 8184
148069092379296, 148069092387916, 8620
148069097372788, 148069097379580, 6792
148069454715820, 148069454725080, 9260
148069556089248, 148069556100328, 11080
148069624397668, 148069624407924, 10256
148069646682760, 148069646691120, 8360
148069757510920, 148069757521052, 10132
148069780054360, 148069780063688, 9328
148069923072100, 148069923083908, 11808
148069954766000, 148069954775224, 9224
148070074328604, 148070074339648, 11044
148070182523392, 148070182532724, 9332
148070193805716, 148070193816108, 10392
148070248134756, 148070248144004, 9248
148070281427668, 148070281437820, 10152
148070297417360, 148070297426728, 9368
148070370059848, 148070370069708, 9860
148070441306056, 148070441314092, 8036
148070573125204, 148070573136012, 10808
148070604902484, 148070604912372, 9888
148070714778664, 148070714789280, 10616
148070789376420, 148070789385664, 9244
148070799328728, 148070799338484, 9756
148070822258720, 148070822268308, 9588
148070855461076, 148070855470636, 9560
148070877764068, 148070877774260, 10192
148070949434080, 148070949442900, 8820
148070960712284, 148070960722116, 9832
148071032549216, 148071032559248, 10032
148072818662604, 148072818673728, 11124
148073008128560, 148073008138528, 9968
148073019361984, 148073019369560, 7576
148073024358276, 148073024365924, 7648
148073037888740, 148073037895712, 6972
148073042875852, 148073042883036, 7184
148073101620032, 148073101627208, 7176
148073106616512, 148073106623376, 6864
148073277245900, 148073277257932, 12032
148073292235760, 148073292243860, 8100
148073303535640, 148073303545564, 9924
148073358213988, 148073358223988, 10000
148073360946712, 148073360954796, 8084
148073372209780, 148073372216804, 7024
148073426419968, 148073426429760, 9792
148073534566204, 148073534577876, 11672
148073624774736, 148073624784800, 10064
148073679172396, 148073679182808, 10412
148073684175308, 148073684183500, 8192
148073756235480, 148073756245712, 10232
148073859533556, 148073859544392, 10836
148073870766400, 148073870774588, 8188
148073880612984, 148073880623416, 10432
148073891881768, 148073891889600, 7832
148073945902608, 148073945911256, 8648
148073947233248, 148073947241508, 8260
148073952218280, 148073952225228, 6948
148073963524380, 148073963533660, 9280
148073985887128, 148073985896908, 9780
148074040073448, 148074040083028, 9580
148074112901060, 148074112911204, 10144
148074231289724, 148074231298968, 9244
148074242664828, 148074242674048, 9220
148074252547980, 148074252555704, 7724
148074286020172, 148074286030024, 9852
148074291019816, 148074291027788, 7972
148074302927592, 148074302937032, 9440
148074312800540, 148074312808744, 8204
148074330115912, 148074330124244, 8332
148074335095220, 148074335102024, 6804
148074351031720, 148074351041468, 9748
148074377978752, 148074377989048, 10296
148074383017624, 148074383028412, 10788
148074475024268, 148074475033576, 9308
148074497370832, 148074497380416, 9584
148074617029612, 148074617039004, 9392
148074650286024, 148074650294980, 8956
148074661640520, 148074661649488, 8968
148074671463652, 148074671470656, 7004
148074713011840, 148074713021524, 9684
148074718081056, 148074718088888, 7832
148074734031140, 148074734041068, 9928
148074760938508, 148074760948552, 10044
148074765911596, 148074765918784, 7188
148074769641664, 148074769648908, 7244
148074940373496, 148074940384376, 10880
148074945352372, 148074945360644, 8272
148074956585700, 148074956592284, 6584
148074961569672, 148074961576344, 6672
148075068003044, 148075068014332, 11288
148075099684336, 148075099694800, 10464
148075152344496, 148075152353844, 9348
148075163590864, 148075163598528, 7664
148075179491776, 148075179501200, 9424
148075255443208, 148075255454516, 11308
148055265748888, 148055265759040, 10152
148055293590896, 148055293602580, 11684
148055375364440, 148055375375400, 10960
148055385408528, 148055385416928, 8400
148055504685136, 148055504695100, 9964
148055537904036, 148055537914216, 10180
148055542900440, 148055542908324, 7884
148055615614920, 148055615625076, 10156
148055625690196, 148055625699404, 9208
148055635522840, 148055635530696, 7856
148055664445884, 148055664456296, 10412
148055669420060, 148055669427772, 7712
148055702678552, 148055702688088, 9536
148055713983408, 148055713991912, 8504
148055719059896, 148055719069548, 9652
148055724270380, 148055724278740, 8360
148055735549236, 148055735556172, 6936
148055740327904, 148055740337712, 9808
148055812465160, 148055812475912, 10752
148055817596432, 148055817606384, 9952
148055890140276, 148055890150080, 9804
148055901646492, 148055901656796, 10304
148055904385088, 148055904393300, 8212
148055909370104, 148055909378256, 8152
148055939648184, 148055939658380, 10196
148055950983908, 148055950991960, 8052
148055951611168, 148055951618988, 7820
148055956669300, 148055956678512, 9212
148055999491908, 148055999501956, 10048
148056004470896, 148056004477940, 7044
148056033125096, 148056033134980, 9884
148056067070632, 148056067080008, 9376
148056139786500, 148056139795852, 9352
148056149719888, 148056149728056, 8168
148056183025824, 148056183035872, 10048
148056255213340, 148056255222440, 9100
148056265270720, 148056265280772, 10052
148056270695888, 148056270704264, 8376
148056343102336, 148056343111868, 9532
148056348670960, 148056348679228, 8268
148056360063772, 148056360072976, 9204
148056369934040, 148056369941928, 7888
148056370397024, 148056370403652, 6628
148056381763148, 148056381773024, 9876
148056382364028, 148056382371616, 7588
148056406371284, 148056406381616, 10332
148056424342388, 148056424349972, 7584
148056435718644, 148056435728684, 10040
148056476139664, 148056476148780, 9116
148056477984416, 148056477991064, 6648
148056478094996, 148056478103092, 8096
148056483116760, 148056483123836, 7076
148056525962552, 148056525971444, 8892
148056533975128, 148056533986696, 11568
148056574315300, 148056574326260, 10960
148056579329156, 148056579337448, 8292
148056596803152, 148056596812448, 9296
148056608103948, 148056608112344, 8396
148056609708692, 148056609715792, 7100
148056626660648, 148056626671284, 10636
148056631670696, 148056631679036, 8340
148056669537464, 148056669547016, 9552
148056674550300, 148056674560816, 10516
148056708432908, 148056708443100, 10192
148056717400232, 148056717409448, 9216
148056722387480, 148056722394536, 7056
148056782909580, 148056782918224, 8644
148057021150816, 148057021160020, 9204
148057032426000, 148057032434128, 8128
148057441319208, 148057441329004, 9796
148057491191472, 148057491200692, 9220
148057524429416, 148057524439584, 10168
148057535740832, 148057535749112, 8280
148057540719952, 148057540727724, 7772
148057554942204, 148057554952884, 10680
148057664755908, 148057664767160, 11252
148057679736960, 148057679745488, 8528
148057733865664, 148057733873928, 8264
148057738860376, 148057738868072, 7696
148057860117656, 148057860128560, 10904
148057882760128, 148057882769604, 9476
148057916493256, 148057916502852, 9596
148057926399028, 148057926408644, 9616
148057998414236, 148057998423400, 9164
148058031563328, 148058031572580, 9252
148058076282164, 148058076292140, 9976
148058093780604, 148058093790092, 9488
148058101373556, 148058101383604, 10048
148058118233268, 148058118240420, 7152
148058122056704, 148058122067192, 10488
148058144419604, 148058144428964, 9360
148058216487128, 148058216497580, 10452
148058227855680, 148058227865304, 9624
148058347407372, 148058347416564, 9192
148058364343552, 148058364353424, 9872
148058372569220, 148058372576216, 6996
148058389454924, 148058389464832, 9908
148058399299928, 148058399307816, 7888
148058471250324, 148058471260156, 9832
148058754235496, 148058754244956, 9460
148058871992092, 148058872001316, 9224
148058904945692, 148058904955040, 9348
148058916200164, 148058916208376, 8212
148059038780248, 148059038785292, 5044
148059158253608, 148059158262624, 9016
148059175138672, 148059175147948, 9276
148060855387720, 148060855398528, 10808
148061044567012, 148061044576092, 9080
148061077633896, 148061077642240, 8344
148061188435100, 148061188445940, 10840
148061198240380, 148061198248416, 8036
148061263450436, 148061263459360, 8924
148061382975392, 148061382984360, 8968
148061388081256, 148061388089064, 7808
148061460209488, 148061460219380, 9892
148061500711856, 148061500721220, 9364
148061503449768, 148061503457412, 7644
148061508466248, 148061508476136, 9888
148061627784212, 148061627793384, 9172
148061637627140, 148061637634708, 7568
148061648880876, 148061648891348, 10472
148061759225884, 148061759235596, 9712
148061862437260, 148061862446996, 9736
148061894103604, 148061894111920, 8316
148062063852836, 148062063863360, 10524
148062098276284, 148062098286288, 10004
148062108145104, 148062108154624, 9520
148062131627248, 148062131637096, 9848
148062142929552, 148062142938036, 8484
148062159823036, 148062159831940, 8904
148062171146908, 148062171154016, 7108
148062188052316, 148062188061164, 8848
148062203491432, 148062203501144, 9712
148062221432920, 148062221443372, 10452
148062297270188, 148062297281740, 11552
148062365434820, 148062365444312, 9492
148062376666044, 148062376673616, 7572
148062388064292, 148062388073632, 9340
148062405018380, 148062405028444, 10064
148062416365844, 148062416373712, 7868
148062426269512, 148062426278640, 9128
148062545404468, 148062545414220, 9752
148062562374496, 148062562382016, 7520
148062573722576, 148062573730700, 8124
148062576334376, 148062576341436, 7060
148062593781824, 148062593790316, 8492
148062665691784, 148062665700364, 8580
148062797741892, 148062797752564, 10672
148062820245100, 148062820254040, 8940
148062875671984, 148062875681888, 9904
148063019553888, 148063019564048, 10160
148063170639608, 148063170649780, 10172
148063278821988, 148063278832972, 10984
148063283808856, 148063283815812, 6956
148063392387820, 148063392395532, 7712
148063409238712, 148063409247220, 8508
148063541548052, 148063541557900, 9848
148063784835668, 148063784847084, 11416
148063875404096, 148063875412304, 8208
148063886787108, 148063886796172, 9064
148063920037216, 148063920046828, 9612
148064030138576, 148064030149356, 10780
148064132159188, 148064132168604, 9416
148064143463976, 148064143471260, 7284
148064153404256, 148064153413476, 9220
148064177670524, 148064177680472, 9948
148064188978000, 148064188986240, 8240
148064260960172, 148064260969344, 9172
148064272332356, 148064272343132, 10776
148064289233596, 148064289241712, 8116
148064305299160, 148064305309608, 10448
148064322261224, 148064322270764, 9540
148064334142112, 148064334151232, 9120
148064356482092, 148064356491856, 9764
148064373670924, 148064373680376, 9452
148064399093500, 148064399105692, 12192
148064410333536, 148064410342384, 8848
148064443632924, 148064443641580, 8656
148064542743700, 148064542748740, 5040
148064615252708, 148064615261584, 8876
148064625157600, 148064625167660, 10060
148064849755772, 148064849760260, 4488
148064983420024, 148064983429056, 9032
148065016484420, 148065016493264, 8844
148065026312972, 148065026320640, 7668
148065094789516, 148065094799044, 9528
148065166831036, 148065166841416, 10380
148065188791088, 148065188811612, 20524
148066642532832, 148066642543164, 10332
148067027407160, 148067027416276, 9116
148067038630544, 148067038638276, 7732
148067054475752, 148067054483244, 7492
148067103242612, 148067103253440, 10828
148068838137692, 148068838141828, 4136
148069032203928, 148069032213144, 9216
148069115582060, 148069115590124, 8064
148069187339836, 148069187348004, 8168
148069204176940, 148069204183940, 7000
148069276147068, 148069276157148, 10080
148069330694300, 148069330702864, 8564
148069583973376, 148069583983576, 10200
148069631676816, 148069631686204, 9388
148069648543664, 148069648551232, 7568
148070858255476, 148070858265792, 10316
148070997736036, 148070997745092, 9056
148071069970156, 148071069978592, 8436
148071155477640, 148071155488036, 10396
148071195998860, 148071196007352, 8492
148071205816456, 148071205823660, 7204
148071207219136, 148071207226256, 7120
148071247576680, 148071247587028, 10348
148072826526652, 148072826536340, 9688
148073695981112, 148073695990500, 9388
148075193150848, 148075193159920, 9072
148075212542476, 148075212556840, 14364
