148051125315552, 148051125323812, 8260
148051150692092, 148051150704168, 12076
148051184212064, 148051184221224, 9160
148055223857536, 148055223860820, 3284
148055233808356, 148055233815892, 7536
148055281621712, 148055281629416, 7704
148055323561544, 148055323564892, 3348
148055357567144, 148055357576656, 9512
148055374566884, 148055374576640, 9756
148055446838192, 148055446847416, 9224
148055463809464, 148055463817280, 7816
148055480636144, 148055480641276, 5132
148055497590392, 148055497595632, 5240
148055514660256, 148055514670012, 9756
148055526085984, 148055526092244, 6260
148055642587596, 148055642589720, 2124
148055653906540, 148055653912428, 5888
148055665377276, 148055665387420, 10144
148055708777376, 148055708785628, 8252
148055828095040, 148055828101116, 6076
148055947875284, 148055947882516, 7232
148055989971696, 148055989978312, 6616
148056110208908, 148056110217292, 8384
148056127237752, 148056127244348, 6596
148056144204708, 148056144209980, 5272
148056161109620, 148056161117800, 8180
148056172474532, 148056172482372, 7840
148056189459624, 148056189467124, 7500
148056309043580, 148056309051316, 7736
148056314060276, 148056314068696, 8420
148056347865304, 148056347872612, 7308
148056388402272, 148056388408220, 5948
148056428912960, 148056428921164, 8204
148056444253900, 148056444262212, 8312
148056449292108, 148056449299240, 7132
148056521419128, 148056521426568, 7440
148056541901092, 148056541903760, 2668
148056558885792, 148056558894680, 8888
148056631499492, 148056631507448, 7956
148056809167164, 148056809170024, 2860
148056826001992, 148056826007212, 5220
148056842862404, 148056842868148, 5744
148056860294856, 148056860299968, 5112
148056877159208, 148056877163764, 4556
148056894016092, 148056894022276, 6184
148056910907568, 148056910913144, 5576
148056927742068, 148056927746448, 4380
148056944652308, 148056944657044, 4736
148056961564772, 148056961570420, 5648
148056978509204, 148056978518464, 9260
148056988366940, 148056988372344, 5404
148057005234280, 148057005241972, 7692
148057010226212, 148057010234168, 7956
148057081989336, 148057081997196, 7860
148057091861240, 148057091868768, 7528
148057196038640, 148057196047880, 9240
148057211887500, 148057211900984, 13484
148057221765336, 148057221779100, 13764
148057267796736, 148057267803748, 7012
148057283652164, 148057283666872, 14708
148057294905664, 148057294919408, 13744
148057321662508, 148057321669340, 6832
148057339627112, 148057339632220, 5108
148058867167652, 148058867169644, 1992
148058878386568, 148058878392132, 5564
148058889627116, 148058889632240, 5124
148058900833484, 148058900838008, 4524
148058912073880, 148058912078324, 4444
148058923295956, 148058923300624, 4668
148058934514252, 148058934518636, 4384
148058945739872, 148058945743980, 4108
148058956974812, 148058956979276, 4464
148058968198428, 148058968202892, 4464
148058979430164, 148058979434396, 4232
148058990645184, 148058990649536, 4352
148059001873324, 148059001877828, 4504
148059013114580, 148059013119036, 4456
148059024324216, 148059024328380, 4164
148059035619768, 148059035625240, 5472
148059046854712, 148059046859340, 4628
148059058213864, 148059058219168, 5304
148059069509472, 148059069514028, 4556
148059080754992, 148059080759216, 4224
148059092612004, 148059092618276, 6272
148059103874260, 148059103882740, 8480
148059108912140, 148059108920808, 8668
148059110429532, 148059110430744, 1212
148059120478848, 148059120482644, 3796
148059137380272, 148059137389372, 9100
148059307910340, 148059307913708, 3368
148059362499664, 148059362505056, 5392
148059416747952, 148059416753092, 5140
148059471007440, 148059471016276, 8836
148059482363320, 148059482371308, 7988
148059492375676, 148059492383984, 8308
148059612454940, 148059612461068, 6128
148059622355636, 148059622362080, 6444
148059741950356, 148059741959244, 8888
148059796154204, 148059796161940, 7736
148059916465716, 148059916473888, 8172
148059927737528, 148059927745436, 7908
148059937656264, 148059937663604, 7340
148059953631340, 148059953640104, 8764
148059959943156, 148059959944480, 1324
148059971258432, 148059971266420, 7988
148059998143424, 148059998150656, 7232
148060014115932, 148060014123220, 7288
148060022144264, 148060022151456, 7192
148060095290108, 148060095298264, 8156
148060111434304, 148060111443436, 9132
148060165668348, 148060165675856, 7508
148060176968080, 148060176975932, 7852
148060192963980, 148060192971092, 7112
148060247202476, 148060247207560, 5084
148060301549008, 148060301557512, 8504
148060317499876, 148060317509012, 9136
148060328769248, 148060328777764, 8516
148060330866552, 148060330868048, 1496
148060385642848, 148060385650428, 7580
148060397038012, 148060397045688, 7676
148060412970444, 148060412978816, 8372
148060416617728, 148060416618976, 1248
148060470790288, 148060470799604, 9316
148060480636432, 148060480643900, 7468
148060513866096, 148060513873268, 7172
148060529819032, 148060529827452, 8420
148060583913712, 148060583920216, 6504
148060600389780, 148060600396856, 7076
148060654765468, 148060654773592, 8124
148060670651008, 148060670658108, 7100
148060673871448, 148060673872736, 1288
148060728110116, 148060728119036, 8920
148060837487860, 148060837490848, 2988
148060854415996, 148060854421768, 5772
148060871279800, 148060871287536, 7736
148060888154640, 148060888160400, 5760
148060904994472, 148060904999428, 4956
148060921852784, 148060921857116, 4332
148060938682004, 148060938690272, 8268
148061010490096, 148061010497164, 7068
148061020326848, 148061020334048, 7200
148061497485916, 148061497488924, 3008
148061551465652, 148061551470500, 4848
148061606036044, 148061606041652, 5608
148061659935836, 148061659940292, 4456
148061713975436, 148061713981020, 5584
148061767944200, 148061767948556, 4356
148061821947744, 148061821952896, 5152
148061876482776, 148061876488000, 5224
148061930442140, 148061930446532, 4392
148061984728896, 148061984734436, 5540
148062039103096, 148062039108704, 5608
148062093593016, 148062093597976, 4960
148062147615580, 148062147620436, 4856
148062875483724, 148062875486484, 2760
148062897787516, 148062897792788, 5272
148062920086992, 148062920092020, 5028
148062942379708, 148062942384912, 5204
148062964682400, 148062964686832, 4432
148062987003944, 148062987009892, 5948
148063009350060, 148063009355548, 5488
148063031653636, 148063031658768, 5132
148063053972872, 148063053978016, 5144
148063076482084, 148063076487752, 5668
148063099341276, 148063099346344, 5068
148063121670200, 148063121675592, 5392
148063143998568, 148063144003928, 5360
148063166307616, 148063166312444, 4828
148063188711248, 148063188715952, 4704
148063211079392, 148063211084744, 5352
148063233592280, 148063233598208, 5928
148063256007892, 148063256012932, 5040
148063278425256, 148063278431004, 5748
148063300767556, 148063300772880, 5324
148063323072960, 148063323078140, 5180
148063345902420, 148063345907848, 5428
148063368252416, 148063368261432, 9016
148063436624580, 148063436632272, 7692
148063508658456, 148063508666364, 7908
148063525660044, 148063525665300, 5256
148063559556604, 148063559573692, 17088
148063719058216, 148063719060328, 2112
148063735954936, 148063735960508, 5572
148063752860136, 148063752865728, 5592
148063769805360, 148063769810832, 5472
148063786702356, 148063786707556, 5200
148063803609316, 148063803614640, 5324
148063821056284, 148063821061292, 5008
148063838463792, 148063838468036, 4244
148063855389024, 148063855396164, 7140
148063865300896, 148063865307684, 6788
148063882241812, 148063882250900, 9088
148063898478500, 148063898479700, 1200
148063915458452, 148063915467556, 9104
148063926829404, 148063926837044, 7640
148063983216968, 148063983224316, 7348
148063994474988, 148063994481996, 7008
148064004389108, 148064004397216, 8108
148064076618284, 148064076627504, 9220
148064149108436, 148064149115280, 6844
148064160425616, 148064160433396, 7780
148064329373956, 148064329376692, 2736
148064340654872, 148064340660324, 5452
148064352010644, 148064352016288, 5644
148064363325788, 148064363334700, 8912
148064393129412, 148064393143384, 13972
148064484833548, 148064484836336, 2788
148064501677928, 148064501683060, 5132
148064518567744, 148064518572448, 4704
148064535490944, 148064535496240, 5296
148064552457120, 148064552462084, 4964
148064569366520, 148064569376200, 9680
148064581164788, 148064581172052, 7264
148064696193836, 148064696196592, 2756
148064707487032, 148064707492680, 5648
148064718891384, 148064718896868, 5484
148064730219724, 148064730227536, 7812
148064763460268, 148064763468988, 8720
148064774794416, 148064774800328, 5912
148064786177860, 148064786185900, 8040
148064858565604, 148064858571476, 5872
148064869809076, 148064869816472, 7396
148064881103584, 148064881108772, 5188
148064892392860, 148064892401104, 8244
148064962060624, 148064962065720, 5096
148065133020876, 148065133023488, 2612
148065137997576, 148065138003164, 5588
148065143009824, 148065143013988, 4164
148065147977112, 148065147983712, 6600
148065157847004, 148065157855668, 8664
148065268543324, 148065268546148, 2824
148065273520668, 148065273528628, 7960
148065284789028, 148065284794692, 5664
148065289787344, 148065289798056, 10712
148065362459976, 148065362466196, 6220
148065372341372, 148065372349048, 7676
148065543702552, 148065543705500, 2948
148065559520480, 148065559525688, 5208
148065575956364, 148065575966112, 9748
148065595677744, 148065595695076, 17332
148065693276544, 148065693279436, 2892
148065698251124, 148065698256900, 5776
148065703241424, 148065703247876, 6452
148065719146792, 148065719153052, 6260
148065724146012, 148065724153188, 7176
148065843751092, 148065843756204, 5112
148065963299080, 148065963306720, 7640
148065968276556, 148065968281880, 5324
148065973298044, 148065973306980, 8936
148066006387636, 148066006394588, 6952
148066011380224, 148066011386964, 6740
148066022676468, 148066022685028, 8560
148066032541020, 148066032547948, 6928
148066034286980, 148066034289744, 2764
148066051156624, 148066051163288, 6664
148066056201996, 148066056208212, 6216
148066074162860, 148066074164420, 1560
148066085394328, 148066085401448, 7120
148066102288892, 148066102294084, 5192
148066119185720, 148066119193040, 7320
148066136007808, 148066136024456, 16648
148066157957504, 148066157972844, 15340
148066227729132, 148066227731040, 1908
148066244607324, 148066244612432, 5108
148066261503376, 148066261508364, 4988
148066278435704, 148066278440624, 4920
148066393246208, 148066393248376, 2168
148066410089440, 148066410094752, 5312
148066426966436, 148066426971344, 4908
148066443881876, 148066443887368, 5492
148066460783132, 148066460788508, 5376
148066477678348, 148066477683464, 5116
148066494541976, 148066494551720, 9744
148066527671252, 148066527678116, 6864
148066537549108, 148066537556236, 7128
148066547889580, 148066547892584, 3004
148066640555244, 148066640557112, 1868
148066645531392, 148066645537328, 5936
148066650513872, 148066650520232, 6360
148066676659072, 148066676667760, 8688
148066687893596, 148066687900520, 6924
148066712363148, 148066712379828, 16680
148066729283388, 148066729291688, 8300
148066762390972, 148066762397116, 6144
148066778248164, 148066778257292, 9128
148066897549356, 148066897558668, 9312
148066927792420, 148066927807392, 14972
148067046603068, 148067046633032, 29964
148067057942320, 148067057950732, 8412
148067062921984, 148067062927924, 5940
148067172996104, 148067172998824, 2720
148067184217540, 148067184222372, 4832
148067195475876, 148067195483936, 8060
148067263958848, 148067263965448, 6600
148067279840752, 148067279849380, 8628
148067450179052, 148067450182200, 3148
148067461470696, 148067461475532, 4836
148067472829488, 148067472834284, 4796
148067484222832, 148067484230948, 8116
148067603834416, 148067603843400, 8984
148067713411296, 148067713414364, 3068
148067730266232, 148067730271512, 5280
148067747131840, 148067747136764, 4924
148067764028820, 148067764033908, 5088
148067780966524, 148067780971292, 4768
148067797923072, 148067797928260, 5188
148067814875224, 148067814885368, 10144
148067986614620, 148067986618596, 3976
148068008943740, 148068008949520, 5780
148068031322444, 148068031326872, 4428
148068053646304, 148068053651656, 5352
148068076589784, 148068076599100, 9316
148068148788524, 148068148797232, 8708
148068257848464, 148068257851208, 2744
148068269130664, 148068269135820, 5156
148068280569584, 148068280575124, 5540
148068291884952, 148068291893928, 8976
148068358309288, 148068358317824, 8536
148068375267096, 148068375271884, 4788
148068386617232, 148068386622740, 5508
148068396481824, 148068396486728, 4904
148068413383448, 148068413389120, 5672
148068424802052, 148068424809232, 7180
148068441693472, 148068441699732, 6260
148068513798692, 148068513806016, 7324
148068568617648, 148068568624264, 6616
148068585587656, 148068585592620, 4964
148068602593448, 148068602600568, 7120
148068721855308, 148068721862348, 7040
148068793804344, 148068793811028, 6684
148068827579632, 148068827585140, 5508
148068946284872, 148068946291392, 6520
148069000178316, 148069000182708, 4392
148069054041728, 148069054048252, 6524
148069071410496, 148069071418628, 8132
148069082709824, 148069082715116, 5292
148069099572356, 148069099577200, 4844
148069116401256, 148069116409996, 8740
148069149458396, 148069149465408, 7012
148069160749356, 148069160756440, 7084
148069230381364, 148069230387348, 5984
148069302169744, 148069302177928, 8184
148069307180400, 148069307187240, 6840
148069318999312, 148069319006952, 7640
148069323980128, 148069323987192, 7064
148069484253384, 148069484256752, 3368
148069538578040, 148069538583064, 5024
148069593391884, 148069593397852, 5968
148069647427256, 148069647432268, 5012
148069701606784, 148069701611876, 5092
148069755961468, 148069755970520, 9052
148070850296684, 148070850299428, 2744
148070861608484, 148070861613420, 4936
148070872933204, 148070872938328, 5124
148070884216504, 148070884221368, 4864
148070895537048, 148070895542084, 5036
148070906824228, 148070906829244, 5016
148070918147896, 148070918153988, 6092
148070929424716, 148070929429700, 4984
148070940761780, 148070940766884, 5104
148070952080236, 148070952085440, 5204
148070963357244, 148070963361740, 4496
148070974677944, 148070974683428, 5484
148070985965184, 148070985969724, 4540
148070997273836, 148070997279248, 5412
148071008560524, 148071008565668, 5144
148071019858740, 148071019863600, 4860
148071031134852, 148071031139744, 4892
148071042432348, 148071042436648, 4300
148071053758724, 148071053763780, 5056
148071065573672, 148071065578104, 4432
148071076891712, 148071076896604, 4892
148071088181660, 148071088186128, 4468
148071099525312, 148071099531516, 6204
148071110914904, 148071110920836, 5932
148071133490356, 148071133493924, 3568
148071237254584, 148071237257600, 3016
148071253098944, 148071253106812, 7868
148071286203532, 148071286213140, 9608
148071358850744, 148071358857644, 6900
148071430994796, 148071431002196, 7400
148071491580492, 148071491589748, 9256
148071501338960, 148071501345436, 6476
148071573873940, 148071573883456, 9516
148071614260764, 148071614269116, 8352
148071625543696, 148071625552148, 8452
148071647957220, 148071647966588, 9368
148071681142412, 148071681151064, 8652
148071703514856, 148071703523860, 9004
148071745309588, 148071745315252, 5664
148071799497528, 148071799506972, 9444
148071821473268, 148071821478272, 5004
148071875853568, 148071875866764, 13196
148071907165736, 148071907172960, 7224
148071961565092, 148071961579192, 14100
148071994719152, 148071994731500, 12348
148072114368900, 148072114382016, 13116
148072131338168, 148072131350688, 12520
148072142675892, 148072142690448, 14556
148072165028664, 148072165039780, 11116
148072188392568, 148072188397708, 5140
148072199657128, 148072199667800, 10672
148072244273400, 148072244279132, 5732
148072814569848, 148072814572552, 2704
148072831402844, 148072831408628, 5784
148072848241160, 148072848246024, 4864
148072865087212, 148072865091968, 4756
148072881910588, 148072881915080, 4492
148072898760720, 148072898765240, 4520
148072915610240, 148072915615468, 5228
148072932482120, 148072932486612, 4492
148072949410292, 148072949415308, 5016
148072966296204, 148072966301604, 5400
148072983203292, 148072983208284, 4992
148073000112044, 148073000117176, 5132
148073016976296, 148073016981048, 4752
148073033797056, 148073033801716, 4660
148073050652360, 148073050656944, 4584
148073068022204, 148073068026724, 4520
148073084854936, 148073084859244, 4308
148073101707484, 148073101712392, 4908
148073118537472, 148073118541896, 4424
148073135366552, 148073135371464, 4912
148073152211256, 148073152215748, 4492
148073169045244, 148073169049660, 4416
148073185892808, 148073185897124, 4316
148073202755964, 148073202760772, 4808
148073219646572, 148073219651660, 5088
148073236561548, 148073236566700, 5152
148073253424352, 148073253428792, 4440
148073270295244, 148073270300180, 4936
148073287252312, 148073287257800, 5488
148073304170572, 148073304175876, 5304
148073321621320, 148073321626252, 4932
148073338574968, 148073338581048, 6080
148074824703188, 148074824704976, 1788
148074841529072, 148074841534032, 4960
148074858402868, 148074858409008, 6140
148074875281324, 148074875286640, 5316
148074892137084, 148074892142232, 5148
148074909017932, 148074909023412, 5480
148074925863960, 148074925869256, 5296
148074942720396, 148074942725160, 4764
148074959548188, 148074959553112, 4924
148074976396516, 148074976400988, 4472
148074993275684, 148074993280892, 5208
148075010205076, 148075010210876, 5800
148075027110736, 148075027116356, 5620
148075043961732, 148075043967288, 5556
148075061389488, 148075061394104, 4616
148075078273244, 148075078278708, 5464
148075095156000, 148075095160936, 4936
148075112022044, 148075112027104, 5060
148075128890752, 148075128896160, 5408
148075145760340, 148075145766060, 5720
148075162609140, 148075162613932, 4792
148075179503132, 148075179508228, 5096
148075196359464, 148075196363784, 4320
148075213222756, 148075213227480, 4724
148075230125100, 148075230129924, 4824
148075247026936, 148075247031224, 4288
148075263947708, 148075263952084, 4376
148075280852688, 148075280859140, 6452
148075297789908, 148075297794880, 4972
148075315362184, 148075315367948, 5764
148075332394108, 148075332400920, 6812
148075349506768, 148075349513912, 7144
148075366528524, 148075366551436, 22912
148075383472976, 148075383476872, 3896
148075400559908, 148075400565204, 5296
148075417563588, 148075417568136, 4548
148075434563856, 148075434568844, 4988
148075451622320, 148075451628032, 5712
148075468747756, 148075468753076, 5320
148075485931900, 148075485937132, 5232
148075502849364, 148075502852560, 3196
148075519844428, 148075519849996, 5568
148075536855588, 148075536860484, 4896
148075554450776, 148075554456120, 5344
148075571425764, 148075571431156, 5392
148075588522552, 148075588528104, 5552
148075605637604, 148075605642404, 4800
148075622569184, 148075622572924, 3740
148075639552944, 148075639557492, 4548
148075656504076, 148075656509100, 5024
148075673456872, 148075673462176, 5304
148075690562116, 148075690566304, 4188
148075707754796, 148075707759680, 4884
148075724671648, 148075724677992, 6344
148055273679632, 148055273683116, 3484
148055273699820, 148055273706612, 6792
148055296197592, 148055296205520, 7928
148055357397388, 148055357401408, 4020
148055368778376, 148055368787784, 9408
148055441339540, 148055441348232, 8692
148055446335064, 148055446342260, 7196
148055457719892, 148055457727388, 7496
148055469063896, 148055469071940, 8044
148055473019576, 148055473020888, 1312
148055478084052, 148055478093348, 9296
148055484049056, 148055484056264, 7208
148055654512072, 148055654515164, 3092
148055671389596, 148055671395852, 6256
148055688299076, 148055688305388, 6312
148055705309836, 148055705316664, 6828
148055722234328, 148055722239692, 5364
148055739173760, 148055739179156, 5396
148055756036500, 148055756047916, 11416
148055789286316, 148055789294116, 7800
148055794332620, 148055794340760, 8140
148055805733320, 148055805742392, 9072
148055822711932, 148055822718272, 6340
148055839661352, 148055839667260, 5908
148055857174840, 148055857181912, 7072
148055862172192, 148055862179496, 7304
148055873504960, 148055873511336, 6376
148055890503936, 148055890513032, 9096
148055897767108, 148055897768780, 1672
148055914702684, 148055914711856, 9172
148055931667216, 148055931668540, 1324
148055948626244, 148055948634492, 8248
148055964890748, 148055964899064, 8316
148055965571144, 148055965572412, 1268
148055982562792, 148055982569228, 6436
148056091249332, 148056091252364, 3032
148056103083204, 148056103088832, 5628
148056114548292, 148056114555288, 6996
148056119544952, 148056119551684, 6732
148056130862852, 148056130870224, 7372
148056171332980, 148056171339056, 6076
148056211668092, 148056211679128, 11036
148056223010820, 148056223017624, 6804
148056263490280, 148056263498264, 7984
148056274877364, 148056274883572, 6208
148056315720344, 148056315729688, 9344
148056382754816, 148056382763908, 9092
148056501061748, 148056501068296, 6548
148056572764016, 148056572772808, 8792
148056606430620, 148056606438716, 8096
148056646706964, 148056646713004, 6040
148056686980192, 148056686989340, 9148
148056689470832, 148056689472040, 1208
148056729751952, 148056729759952, 8000
148056741322492, 148056741324068, 1576
148056781613696, 148056781622636, 8940
148056791452712, 148056791461908, 9196
148056793240412, 148056793241560, 1148
148056833443768, 148056833451516, 7748
148056843277984, 148056843285656, 7672
148056845022200, 148056845023632, 1432
148056885196576, 148056885203748, 7172
148056918290280, 148056918298824, 8544
148056986808196, 148056986811960, 3764
148056998081020, 148056998089648, 8628
148057069927196, 148057069935480, 8284
148057085771096, 148057085779104, 8008
148057097647520, 148057097655464, 7944
148057130795956, 148057130803836, 7880
148057142030456, 148057142037108, 6652
148057157884516, 148057157891556, 7040
148057229665252, 148057229673288, 8036
148057262749580, 148057262756404, 6824
148057274092264, 148057274101664, 9400
148057291000468, 148057291005188, 4720
148057307903800, 148057307908744, 4944
148057324745620, 148057324749748, 4128
148057355605636, 148057355613636, 8000
148057372486740, 148057372499196, 12456
148057389440284, 148057389446700, 6416
148057406444108, 148057406457988, 13880
148057417812780, 148057417825328, 12548
148057423340772, 148057423346484, 5712
148057440279292, 148057440292100, 12808
148057450980516, 148057450991976, 11460
148057462317148, 148057462330672, 13524
148058861185368, 148058861188408, 3040
148058876987120, 148058876992328, 5208
148058892826872, 148058892832376, 5504
148058908640588, 148058908645240, 4652
148058924450220, 148058924454780, 4560
148058940256128, 148058940260476, 4348
148058956080936, 148058956085456, 4520
148058971905336, 148058971910496, 5160
148058987719936, 148058987724364, 4428
148059003537732, 148059003542852, 5120
148059019346744, 148059019351512, 4768
148059035194680, 148059035200256, 5576
148059051099816, 148059051105372, 5556
148059067021156, 148059067026776, 5620
148059082895476, 148059082901248, 5772
148059099288464, 148059099293268, 4804
148059115174892, 148059115180260, 5368
148059131048088, 148059131053188, 5100
148059146896840, 148059146902756, 5916
148059162737992, 148059162743644, 5652
148059178562828, 148059178567140, 4312
148059194528652, 148059194533524, 4872
148059210481132, 148059210486636, 5504
148059226899336, 148059226905528, 6192
148059242988968, 148059242994384, 5416
148059258971276, 148059258979548, 8272
148059269101576, 148059269110476, 8900
148059277939828, 148059277941236, 1408
148059293874216, 148059293883972, 9756
148059358064400, 148059358071412, 7012
148059373967816, 148059373975056, 7240
148060863360468, 148060863363432, 2964
148060874632348, 148060874637584, 5236
148060885928396, 148060885933392, 4996
148060897191644, 148060897196304, 4660
148060908481504, 148060908485992, 4488
148060919764732, 148060919769284, 4552
148060931037752, 148060931042336, 4584
148060942313848, 148060942318272, 4424
148060953598412, 148060953603092, 4680
148060964865316, 148060964870100, 4784
148060976143832, 148060976148636, 4804
148060987436248, 148060987440960, 4712
148060998694272, 148060998698764, 4492
148061009988448, 148061009992856, 4408
148061021265748, 148061021270136, 4388
148061032535636, 148061032540552, 4916
148061043826692, 148061043831096, 4404
148061055099052, 148061055103784, 4732
148061066368020, 148061066372784, 4764
148061077643824, 148061077648300, 4476
148061089475448, 148061089479904, 4456
148061100770876, 148061100775372, 4496
148061112133300, 148061112138664, 5364
148061123509904, 148061123516000, 6096
148061134800828, 148061134805844, 5016
148061146151772, 148061146157704, 5932
148061157479292, 148061157484404, 5112
148061168837228, 148061168843084, 5856
148061180109812, 148061180114372, 4560
148061191472496, 148061191478576, 6080
148061202775312, 148061202780456, 5144
148061214077380, 148061214082724, 5344
148061225407060, 148061225413220, 6160
148061236730792, 148061236735420, 4628
148061248044692, 148061248049928, 5236
148061259342124, 148061259350836, 8712
148061270187688, 148061270192264, 4576
148061364009800, 148061364012708, 2908
148061379849396, 148061379854892, 5496
148061493504800, 148061493506816, 2016
148061509302236, 148061509307084, 4848
148061623125292, 148061623128108, 2816
148061634398592, 148061634403256, 4664
148061647076592, 148061647079340, 2748
148061750741260, 148061750743016, 1756
148061755712264, 148061755717748, 5484
148061760674336, 148061760682676, 8340
148061816547964, 148061816556516, 8552
148061862431176, 148061862439740, 8564
148062033941808, 148062033944780, 2972
148062045172404, 148062045180952, 8548
148062078316728, 148062078325888, 9160
148062083854984, 148062083863180, 8196
148062200454876, 148062200459804, 4928
148062320004640, 148062320014136, 9496
148062353658040, 148062353666724, 8684
148062425468480, 148062425474140, 5660
148062458621116, 148062458630360, 9244
148062469945764, 148062469952876, 7112
148062486852600, 148062486858172, 5572
148062503834576, 148062503842692, 8116
148062557937816, 148062557947356, 9540
148062581739920, 148062581748724, 8804
148062698340696, 148062698350132, 9436
148062807696560, 148062807699452, 2892
148062824540548, 148062824546168, 5620
148062841963284, 148062841968816, 5532
148062858837492, 148062858843124, 5632
148062875735940, 148062875741132, 5192
148062892595836, 148062892600812, 4976
148062909448896, 148062909458016, 9120
148062915353044, 148062915354444, 1400
148062932210844, 148062932219112, 8268
148063071038784, 148063071052948, 14164
148063143528284, 148063143536604, 8320
148063154814672, 148063154822804, 8132
148063264387956, 148063264390936, 2980
148063269362436, 148063269370360, 7924
148063280635680, 148063280643880, 8200
148063313738688, 148063313745432, 6744
148063323572632, 148063323580516, 7884
148063328607844, 148063328615696, 7852
148063340388928, 148063340396156, 7228
148063412175940, 148063412183632, 7692
148063423412284, 148063423418816, 6532
148063477572656, 148063477581428, 8772
148063597101312, 148063597109960, 8648
148063651269076, 148063651278036, 8960
148063661117088, 148063661124216, 7128
148063733111332, 148063733120688, 9356
148063744451560, 148063744459972, 8412
148063754451084, 148063754458752, 7668
148063759470592, 148063759478496, 7904
148064865678496, 148064865681364, 2868
148064870658732, 148064870663932, 5200
148064875619908, 148064875627280, 7372
148064880599336, 148064880603856, 4520
148064885561740, 148064885566944, 5204
148064890555304, 148064890560204, 4900
148064895517836, 148064895522384, 4548
148064900496896, 148064900501608, 4712
148064905457988, 148064905462604, 4616
148064910452584, 148064910456192, 3608
148064915411408, 148064915415284, 3876
148064920394020, 148064920398592, 4572
148064925358152, 148064925362396, 4244
148064930351000, 148064930355408, 4408
148064935308940, 148064935313320, 4380
148064940292732, 148064940296344, 3612
148064945253552, 148064945257768, 4216
148064950284684, 148064950290576, 5892
148064955244720, 148064955248536, 3816
148064960225844, 148064960229316, 3472
148064965180808, 148064965185788, 4980
148064970196144, 148064970201392, 5248
148064975159196, 148064975162988, 3792
148064980145492, 148064980149272, 3780
148064985104496, 148064985112884, 8388
148065000965212, 148065000973212, 8000
148065005994096, 148065006005000, 10904
148065017300800, 148065017308512, 7712
148065021221988, 148065021223496, 1508
148065039198584, 148065039215416, 16832
148065140897372, 148065140900268, 2896
148065156716708, 148065156726684, 9976
148065186786664, 148065186801368, 14704
148065272542812, 148065272544976, 2164
148065289375636, 148065289381236, 5600
148065306222592, 148065306227324, 4732
148065323121472, 148065323126924, 5452
148065340629668, 148065340637916, 8248
148065444040160, 148065444041980, 1820
148065460867656, 148065460872476, 4820
148065477894472, 148065477898936, 4464
148065494799196, 148065494804492, 5296
148065511734636, 148065511739804, 5168
148065528674376, 148065528679856, 5480
148065545534580, 148065545544680, 10100
148065559640200, 148065559641724, 1524
148065577046912, 148065577055584, 8672
148065582048640, 148065582052916, 4276
148065587072060, 148065587076724, 4664
148065592056344, 148065592063824, 7480
148065664032896, 148065664042620, 9724
148065736236008, 148065736242908, 6900
148065807986864, 148065807995752, 8888
148065825446304, 148065825455064, 8760
148065841287556, 148065841295376, 7820
148065950544152, 148065950546196, 2044
148065961763472, 148065961771020, 7548
148065971651860, 148065971660212, 8352
148066043582748, 148066043588064, 5316
148066116126032, 148066116133440, 7408
148066145979620, 148066145997948, 18328
148066221765196, 148066221767968, 2772
148066237612564, 148066237620564, 8000
148066270797420, 148066270804624, 7204
148066390385944, 148066390393120, 7176
148066462334488, 148066462342008, 7520
148066560757692, 148066560777352, 19660
148066680361012, 148066680371340, 10328
148066685366716, 148066685374992, 8276
148066726889316, 148066726892952, 3636
148066744206204, 148066744208548, 2344
148066755449368, 148066755457124, 7756
148066772311404, 148066772318932, 7528
148066782151208, 148066782158304, 7096
148066799009144, 148066799018296, 9152
148066871186788, 148066871193968, 7180
148066979570060, 148066979572900, 2840
148066996399644, 148066996404428, 4784
148067013256420, 148067013262376, 5956
148067030120372, 148067030125276, 4904
148067046942188, 148067046946824, 4636
148067063776692, 148067063780944, 4252
148067178948700, 148067178950460, 1760
148067195770784, 148067195776344, 5560
148067212616708, 148067212621964, 5256
148067229494276, 148067229499608, 5332
148067246341660, 148067246346924, 5264
148067263191964, 148067263196736, 4772
148067280047368, 148067280056500, 9132
148067313138772, 148067313146364, 7592
148067385552956, 148067385561280, 8324
148067390327612, 148067390329964, 2352
148067406250784, 148067406258820, 8036
148067411395468, 148067411402468, 7000
148067543995152, 148067543998268, 3116
148067598551224, 148067598556232, 5008
148067652650528, 148067652655720, 5192
148067707001004, 148067707006828, 5824
148067761033940, 148067761042572, 8632
148067870939052, 148067870942192, 3140
148067882217068, 148067882222500, 5432
148067893619508, 148067893624672, 5164
148067904912080, 148067904920792, 8712
148067921853364, 148067921860884, 7520
148067933185304, 148067933193652, 8348
148067946691216, 148067946692528, 1312
148067958079360, 148067958087192, 7832
148067991300460, 148067991309152, 8692
148068008174408, 148068008179384, 4976
148068034489144, 148068034496480, 7336
148068124314268, 148068124317200, 2932
148068135621364, 148068135626684, 5320
148068146978672, 148068146987384, 8712
148068163850552, 148068163855056, 4504
148068180737492, 148068180742076, 4584
148068197731084, 148068197736384, 5300
148068214649204, 148068214654120, 4916
148068231517536, 148068231526556, 9020
148068237847968, 148068237849144, 1176
148068254752548, 148068254761944, 9396
148068271751016, 148068271752584, 1568
148068288740436, 148068288748980, 8544
148068305055152, 148068305063948, 8796
148068305663216, 148068305664512, 1296
148068323072980, 148068323078108, 5128
148068394399600, 148068394407356, 7756
148068513581196, 148068513587524, 6328
148068547013696, 148068547020212, 6516
148068619443052, 148068619450244, 7192
148068630809244, 148068630815748, 6504
148068664051748, 148068664058916, 7168
148068673964532, 148068673970316, 5784
148068690911976, 148068690917736, 5760
148068702244092, 148068702249436, 5344
148068756356768, 148068756362420, 5652
148068810555856, 148068810562080, 6224
148068822423236, 148068822427752, 4516
148068832299972, 148068832306884, 6912
148068849140040, 148068849145004, 4964
148068860407632, 148068860412616, 4984
148068914260984, 148068914267656, 6672
148068986054016, 148068986060144, 6128
148068997336260, 148068997342128, 5868
148069008581652, 148069008587164, 5512
148069018398436, 148069018403220, 4784
148069090693908, 148069090699132, 5224
148069101928176, 148069101932896, 4720
148069111765840, 148069111773960, 8120
148069123048084, 148069123054680, 6596
148069139909880, 148069139917100, 7220
148069151135828, 148069151143820, 7992
148069153195476, 148069153196684, 1208
148069170032932, 148069170040532, 7600
148069175012444, 148069175019128, 6684
148069184870624, 148069184877032, 6408
148069196112912, 148069196118028, 5116
148069207418780, 148069207426420, 7640
148069209035004, 148069209036092, 1088
148069312782496, 148069312785332, 2836
148069330167768, 148069330172708, 4940
148069347051292, 148069347056596, 5304
148069363899448, 148069363904612, 5164
148069380805952, 148069380811196, 5244
148069397765200, 148069397770500, 5300
148069414804912, 148069414812724, 7812
148069424652040, 148069424661136, 9096
148069435987488, 148069435995348, 7860
148069508262068, 148069508269488, 7420
148069519645516, 148069519653632, 8116
148069530898364, 148069530905620, 7256
148069650500592, 148069650508872, 8280
148069722481808, 148069722490636, 8828
148069755804120, 148069755812820, 8700
148069767092384, 148069767101052, 8668
148069777366276, 148069777367732, 1456
148069788641796, 148069788648264, 6468
148069908357640, 148069908364844, 7204
148070820394440, 148070820397396, 2956
148070837254440, 148070837259904, 5464
148070854135656, 148070854141600, 5944
148070870997608, 148070871003532, 5924
148070887840612, 148070887845832, 5220
148070904702148, 148070904707204, 5056
148070921538036, 148070921543560, 5524
148070938390664, 148070938395556, 4892
148070955236864, 148070955241896, 5032
148070972105112, 148070972110160, 5048
148070988972952, 148070988977904, 4952
148071005848168, 148071005853912, 5744
148071022677120, 148071022681848, 4728
148071039493288, 148071039497876, 4588
148071056363372, 148071056368884, 5512
148071073768648, 148071073774580, 5932
148071090650664, 148071090655400, 4736
148071107556108, 148071107561748, 5640
148071124475512, 148071124480624, 5112
148071141363700, 148071141369776, 6076
148071158290208, 148071158295580, 5372
148071175229456, 148071175235368, 5912
148071192239296, 148071192245388, 6092
148071209186524, 148071209194284, 7760
148071226117904, 148071226123432, 5528
148071242995380, 148071243001200, 5820
148071259818948, 148071259823624, 4676
148071276676192, 148071276681716, 5524
148071293548488, 148071293553960, 5472
148071310975448, 148071310981084, 5636
148071327949660, 148071327955112, 5452
148071344847752, 148071344853548, 5796
148071361783444, 148071361788704, 5260
148071378683424, 148071378688460, 5036
148071395626536, 148071395632116, 5580
148071412573728, 148071412579348, 5620
148071429449688, 148071429455088, 5400
148071446361556, 148071446366740, 5184
148071463267580, 148071463273732, 6152
148071480210456, 148071480217432, 6976
148071497064392, 148071497069060, 4668
148071514017804, 148071514023224, 5420
148071530917692, 148071530923776, 6084
148071547778672, 148071547794272, 15600
148071565205852, 148071565211576, 5724
148071582122356, 148071582127412, 5056
148071598968072, 148071598973116, 5044
148071615869000, 148071615874092, 5092
148071632770352, 148071632775100, 4748
148071649677600, 148071649683072, 5472
148071666625048, 148071666630520, 5472
148071683499620, 148071683508832, 9212
148071695776656, 148071695777820, 1164
148071712653736, 148071712660664, 6928
148071722533644, 148071722541924, 8280
148071919210128, 148071919213680, 3552
148071930470884, 148071930480240, 9356
148071971373092, 148071971381480, 8388
148071982655124, 148071982662936, 7812
148071992499384, 148071992505640, 6256
148072014830692, 148072014840760, 10068
148072069506824, 148072069515836, 9012
148072080780124, 148072080788260, 8136
148072152888516, 148072152895140, 6624
148072272126320, 148072272133696, 7376
148072283486636, 148072283495600, 8964
148072293382428, 148072293389760, 7332
148072366382672, 148072366390344, 7672
148072388747940, 148072388756704, 8764
148072400077516, 148072400084860, 7344
148072422532748, 148072422540192, 7444
148072439631888, 148072439633908, 2020
148072450871124, 148072450876548, 5424
148072451583160, 148072451584280, 1120
148072473931328, 148072473939944, 8616
148072507158696, 148072507166008, 7312
148072529566448, 148072529573904, 7456
148072540915252, 148072540923804, 8552
148072595519888, 148072595525520, 5632
148072649838176, 148072649845620, 7444
148072659725736, 148072659732828, 7092
148072682070112, 148072682077540, 7428
148072736357468, 148072736366400, 8932
148072809214812, 148072809221748, 6936
148072819037164, 148072819045952, 8788
148072859255016, 148072859260744, 5728
148072899415628, 148072899420564, 4936
148072939682368, 148072939687412, 5044
148072979925580, 148072979930152, 4572
148073020219092, 148073020227520, 8428
148073021933896, 148073021935168, 1272
148073062623908, 148073062631832, 7924
148073073857692, 148073073863544, 5852
148073114040044, 148073114046476, 6432
148073125269816, 148073125276960, 7144
148073158303792, 148073158311384, 7592
148073230009296, 148073230017736, 8440
148073252359504, 148073252367904, 8400
148073424849272, 148073424852264, 2992
148073429868264, 148073429873348, 5084
148073434847172, 148073434850888, 3716
148073439843040, 148073439851284, 8244
148073511956320, 148073511963732, 7412
148073523326036, 148073523333188, 7152
148073612285812, 148073612293376, 7564
148073617262152, 148073617273552, 11400
148073689334248, 148073689347464, 13216
148073711694708, 148073711705576, 10868
148073734068192, 148073734083468, 15276
148073788271584, 148073788286228, 14644
148073793705596, 148073793712612, 7016
148073848657048, 148073848672372, 15324
148073853708524, 148073853720484, 11960
148073858688908, 148073858700628, 11720
148073891781332, 148073891793432, 12100
148073963601352, 148073963613040, 11688
148074081909964, 148074081925768, 15804
148074104351636, 148074104366048, 14412
148074109355156, 148074109365780, 10624
148074110749796, 148074110755232, 5436
148074816738100, 148074816741096, 2996
148074870664012, 148074870669148, 5136
148074924577940, 148074924583664, 5724
148074978489956, 148074978495340, 5384
148075032513916, 148075032519356, 5440
148075087023980, 148075087028588, 4608
148075140968884, 148075140974360, 5476
148075194898348, 148075194903368, 5020
148075248860460, 148075248864720, 4260
148075303617900, 148075303625148, 7248
148075358053236, 148075358060116, 6880
148075412528308, 148075412533824, 5516
148075467067108, 148075467073668, 6560
148051200468060, 148051200476152, 8092
148055417209624, 148055417213084, 3460
148055417229948, 148055417237532, 7584
148055457580460, 148055457587876, 7416
148055498086168, 148055498092320, 6152
148055538530948, 148055538537516, 6568
148055579144036, 148055579151080, 7044
148055620182492, 148055620188244, 5752
148055660611192, 148055660616744, 5552
148055701001108, 148055701006412, 5304
148055741379348, 148055741384784, 5436
148055781765728, 148055781771168, 5440
148055822080820, 148055822085864, 5044
148055863010468, 148055863015824, 5356
148055903484808, 148055903490536, 5728
148055943859992, 148055943865540, 5548
148055984309676, 148055984314896, 5220
148056024620660, 148056024626120, 5460
148056065204300, 148056065213268, 8968
148056070221560, 148056070227980, 6420
148056111369920, 148056111379300, 9380
148056144589640, 148056144597060, 7420
148056149584540, 148056149592964, 8424
148056221616048, 148056221625564, 9516
148056238517520, 148056238522884, 5364
148056255364324, 148056255371084, 6760
148056364492664, 148056364494832, 2168
148056381381652, 148056381387024, 5372
148056398273636, 148056398278768, 5132
148056415309356, 148056415315076, 5720
148056432235684, 148056432241832, 6148
148056449173716, 148056449179336, 5620
148056466042612, 148056466051640, 9028
148056474093624, 148056474094888, 1264
148056491057808, 148056491068840, 11032
148056502371712, 148056502379676, 7964
148056507996784, 148056507998324, 1540
148056531984484, 148056531991756, 7272
148056543278328, 148056543290988, 12660
148056851039104, 148056851041580, 2476
148056862309532, 148056862314640, 5108
148056873606132, 148056873610628, 4496
148056884871808, 148056884876504, 4696
148056896194360, 148056896198932, 4572
148056986812032, 148056986815676, 3644
148056991788196, 148056991793332, 5136
148056996770480, 148056996778116, 7636
148057112374696, 148057112377368, 2672
148057129208820, 148057129213980, 5160
148057146069364, 148057146074072, 4708
148057162936492, 148057162941312, 4820
148057179827084, 148057179831532, 4448
148057196774008, 148057196779300, 5292
148057213624952, 148057213632424, 7472
148057431356996, 148057431359960, 2964
148057447163256, 148057447168312, 5056
148057463002616, 148057463011720, 9104
148057472861344, 148057472871144, 9800
148057544764040, 148057544771000, 6960
148057561672884, 148057561678364, 5480
148057578609096, 148057578613440, 4344
148057596036528, 148057596042408, 5880
148057612963728, 148057612970572, 6844
148057724498216, 148057724500304, 2088
148057741336324, 148057741342068, 5744
148057758193360, 148057758197848, 4488
148057775193016, 148057775198568, 5552
148057792116808, 148057792122588, 5780
148057809089732, 148057809095576, 5844
148057825995476, 148057826006604, 11128
148057830139488, 148057830140760, 1272
148057847589740, 148057847596740, 7000
148057915463484, 148057915470568, 7084
148058034503632, 148058034511200, 7568
148058045832128, 148058045838640, 6512
148058055656400, 148058055663492, 7092
148058067016748, 148058067025744, 8996
148058139442728, 148058139452496, 9768
148058172609884, 148058172616108, 6224
148058194936004, 148058194942540, 6536
148058211824416, 148058211829944, 5528
148058228754800, 148058228763004, 8204
148058236960208, 148058236961500, 1292
148058253852896, 148058253862240, 9344
148058276174908, 148058276183244, 8336
148058301124528, 148058301132224, 7696
148058311007088, 148058311016668, 9580
148058351887056, 148058351892484, 5428
148058392203680, 148058392211800, 8120
148058511169016, 148058511176712, 7696
148058528081260, 148058528091132, 9872
148058550409600, 148058550417636, 8036
148058567306280, 148058567313504, 7224
148058639689916, 148058639697112, 7196
148058651005664, 148058651013596, 7932
148058660849536, 148058660856884, 7348
148058732915328, 148058732920744, 5416
148058804831404, 148058804840484, 9080
148058821709508, 148058821714372, 4864
148058838602764, 148058838610408, 7644
148058849027576, 148058849034360, 6784
148058865988600, 148058865996756, 8156
148058937778056, 148058937784872, 6816
148059009388796, 148059009396500, 7704
148060845430336, 148060845433044, 2708
148060885668892, 148060885675020, 6128
148060925845388, 148060925850488, 5100
148060966017108, 148060966022144, 5036
148061006197176, 148061006201824, 4648
148061046379092, 148061046383972, 4880
148061087118364, 148061087123016, 4652
148061127610732, 148061127615704, 4972
148061167989920, 148061167994776, 4856
148061208341032, 148061208346176, 5144
148061248636748, 148061248641664, 4916
148061288870128, 148061288880356, 10228
148061329341052, 148061329346624, 5572
148061370185512, 148061370191076, 5564
148061410585056, 148061410590256, 5200
148061450965364, 148061450970788, 5424
148061491397356, 148061491403628, 6272
148061531678592, 148061531683932, 5340
148061571978680, 148061571983532, 4852
148061612779064, 148061612784440, 5376
148061652985796, 148061652990980, 5184
148061693284448, 148061693289816, 5368
148061733616440, 148061733626188, 9748
148061773818692, 148061773823428, 4736
148061814079808, 148061814085060, 5252
148061854950436, 148061854955472, 5036
148061895121608, 148061895125944, 4336
148061935364736, 148061935369720, 4984
148061975847308, 148061975852676, 5368
148062016270104, 148062016275136, 5032
148062056592024, 148062056597384, 5360
148062097371220, 148062097376212, 4992
148062137604444, 148062137610576, 6132
148062177887136, 148062177892848, 5712
148062218224316, 148062218229488, 5172
148062258825272, 148062258831072, 5800
148062299323016, 148062299328608, 5592
148062340273996, 148062340279436, 5440
148062380531016, 148062380536052, 5036
148062420875112, 148062420880812, 5700
148062461211800, 148062461217604, 5804
148062501578308, 148062501583792, 5484
148062541842868, 148062541848208, 5340
148062582705464, 148062582710812, 5348
148062623009568, 148062623014400, 4832
148062663228436, 148062663234172, 5736
148062703538184, 148062703543844, 5660
148062743980392, 148062743985452, 5060
148062784418984, 148062784424968, 5984
148062824818856, 148062824824688, 5832
148062865683996, 148062865689484, 5488
148062905932088, 148062905937208, 5120
148062946175692, 148062946181436, 5744
148062986436676, 148062986441036, 4360
148063026714660, 148063026720160, 5500
148063066997784, 148063067003172, 5388
148063107802224, 148063107808188, 5964
148063148071308, 148063148076740, 5432
148063188417368, 148063188423228, 5860
148063228814732, 148063228819904, 5172
148063269250400, 148063269255972, 5572
148063309548288, 148063309553360, 5072
148063350394996, 148063350400304, 5308
148063390667180, 148063390672220, 5040
148063430900628, 148063430905520, 4892
148063471209400, 148063471215264, 5864
148063511570892, 148063511581144, 10252
148063551884484, 148063551890220, 5736
148063592771488, 148063592776884, 5396
148063633138808, 148063633144884, 6076
148063673437980, 148063673442904, 4924
148063713799712, 148063713804676, 4964
148063754130764, 148063754136540, 5776
148063794486116, 148063794491220, 5104
148063835930936, 148063835936092, 5156
148063876292364, 148063876297812, 5448
148063916704240, 148063916710436, 6196
148063957116472, 148063957121608, 5136
148063997774312, 148063997779656, 5344
148064038333604, 148064038339092, 5488
148064079187408, 148064079192528, 5120
148064119509224, 148064119514492, 5268
148064159853036, 148064159858384, 5348
148064200173584, 148064200178416, 4832
148064240441140, 148064240446872, 5732
148064280802984, 148064280808332, 5348
148064321196860, 148064321202188, 5328
148064362020500, 148064362025568, 5068
148064402259348, 148064402264128, 4780
148064442622704, 148064442628280, 5576
148064482941876, 148064482947300, 5424
148064523323932, 148064523329920, 5988
148064563677048, 148064563683064, 6016
148064604507340, 148064604511880, 4540
148064644925152, 148064644930544, 5392
148064685603152, 148064685609172, 6020
148064725950836, 148064725956052, 5216
148064766269636, 148064766274748, 5112
148064806522024, 148064806526676, 4652
148064847434320, 148064847439760, 5440
148064887642420, 148064887648064, 5644
148064927784200, 148064927789368, 5168
148064967966764, 148064967972404, 5640
148065008171876, 148065008176800, 4924
148065048396288, 148065048401612, 5324
148065089334840, 148065089340252, 5412
148065129920304, 148065129926060, 5756
148065170157192, 148065170162104, 4912
148065210550604, 148065210556292, 5688
148065251081788, 148065251087736, 5948
148065291511504, 148065291516536, 5032
148065332328584, 148065332334192, 5608
148065372665984, 148065372671000, 5016
148065412987580, 148065412992996, 5416
148065453329692, 148065453334620, 4928
148065493725840, 148065493731432, 5592
148065534090248, 148065534096144, 5896
148065574892972, 148065574898664, 5692
148065615223184, 148065615228600, 5416
148065655742124, 148065655747512, 5388
148065696237152, 148065696242696, 5544
148065736529000, 148065736534120, 5120
148065776841016, 148065776845892, 4876
148065817111476, 148065817116708, 5232
148065857917940, 148065857931768, 13828
148065898423180, 148065898428716, 5536
148065938931856, 148065938937012, 5156
148065979293268, 148065979298252, 4984
148066019597736, 148066019603128, 5392
148066059940228, 148066059945196, 4968
148066100735668, 148066100741472, 5804
148066141031532, 148066141036428, 4896
148066181550072, 148066181556184, 6112
148066222189576, 148066222194936, 5360
148066262467328, 148066262472724, 5396
148066302766060, 148066302770788, 4728
148066343674204, 148066343679596, 5392
148066384048188, 148066384053728, 5540
148066424313508, 148066424318760, 5252
148066464602784, 148066464608440, 5656
148066504929580, 148066504934796, 5216
148066545236728, 148066545241672, 4944
148066586366988, 148066586373016, 6028
148066626795892, 148066626801904, 6012
148066667025860, 148066667031624, 5764
148066707219520, 148066707224472, 4952
148066747456244, 148066747461392, 5148
148066787679312, 148066787684832, 5520
148066828442956, 148066828448236, 5280
148066868595600, 148066868600316, 4716
148066908778368, 148066908782904, 4536
148066949149516, 148066949155088, 5572
148066989460256, 148066989465592, 5336
148067029677948, 148067029683392, 5444
148067070371380, 148067070375892, 4512
148067110993712, 148067110998900, 5188
148067151514516, 148067151519932, 5416
148067191844424, 148067191850224, 5800
148067232057000, 148067232061632, 4632
148067272263788, 148067272269460, 5672
148067312462344, 148067312470504, 8160
148067324361016, 148067324369120, 8104
148067370417148, 148067370425316, 8168
148067410710112, 148067410725948, 15836
148067482861436, 148067482874152, 12716
148067555031364, 148067555045200, 13836
148067566374612, 148067566387300, 12688
148067569788252, 148067569793856, 5604
148067581115432, 148067581128656, 13224
148067588111580, 148067588122664, 11084
148067599402592, 148067599414720, 12128
148067632610980, 148067632623428, 12448
148067645629720, 148067645637472, 7752
148067717610252, 148067717623020, 12768
148067728904184, 148067728918056, 13872
148067744749956, 148067744760740, 10784
148067749267344, 148067749274212, 6868
148067765105924, 148067765115844, 9920
148068126201208, 148068126204264, 3056
148068180355280, 148068180360892, 5612
148068234710376, 148068234715596, 5220
148068288922384, 148068288927568, 5184
148068343647120, 148068343651960, 4840
148068397951296, 148068397956752, 5456
148068452274840, 148068452280496, 5656
148068506498044, 148068506506360, 8316
148068523422496, 148068523428680, 6184
148068534815964, 148068534822672, 6708
148068544670540, 148068544674900, 4360
148068561657184, 148068561662640, 5456
148068573594832, 148068573601704, 6872
148068627663156, 148068627670232, 7076
148068644572392, 148068644578444, 6052
148068716896480, 148068716902940, 6460
148068733850928, 148068733857376, 6448
148068745189052, 148068745193440, 4388
148068762203108, 148068762208720, 5612
148068779131812, 148068779136944, 5132
148068851705956, 148068851712636, 6680
148068868536608, 148068868541840, 5232
148068885340216, 148068885346028, 5812
148068896662240, 148068896668920, 6680
148068906507584, 148068906514036, 6452
148068923365184, 148068923371712, 6528
148068956428796, 148068956434000, 5204
148068973264868, 148068973270576, 5708
148069092373184, 148069092379104, 5920
148069097366164, 148069097372592, 6428
148069215931492, 148069215936152, 4660
148069335331908, 148069335337200, 5292
148069454707000, 148069454715628, 8628
148069556086324, 148069556088964, 2640
148069573503852, 148069573508880, 5028
148069590478756, 148069590484416, 5660
148069607391564, 148069607396892, 5328
148069624387908, 148069624397480, 9572
148069646674232, 148069646682572, 8340
148069757507340, 148069757510724, 3384
148069768738288, 148069768743468, 5180
148069780045364, 148069780053892, 8528
148069923068640, 148069923071724, 3084
148069938910932, 148069938916844, 5912
148069954757208, 148069954765808, 8600
148070074320512, 148070074328412, 7900
148070128440756, 148070128446596, 5840
148070182514108, 148070182522828, 8720
148070193798780, 148070193805340, 6560
148070248125164, 148070248134400, 9236
148070281419024, 148070281427308, 8284
148070297407512, 148070297416792, 9280
148070370052104, 148070370059380, 7276
148070441298348, 148070441305852, 7504
148070573121988, 148070573124716, 2728
148070588982096, 148070588987268, 5172
148070604894716, 148070604902260, 7544
148070714776644, 148070714778448, 1804
148070730639832, 148070730645452, 5620
148070746523080, 148070746530756, 7676
148070789368156, 148070789376036, 7880
148070799320592, 148070799328428, 7836
148070822249384, 148070822258412, 9028
148070855451108, 148070855460756, 9648
148070877754840, 148070877763680, 8840
148070949425360, 148070949433872, 8512
148070960702896, 148070960711980, 9084
148071032540248, 148071032548912, 8664
148071073326368, 148071073331696, 5328
148071113621300, 148071113626036, 4736
148072818659504, 148072818662264, 2760
148072823638056, 148072823643996, 5940
148072828619284, 148072828623832, 4548
148072833583884, 148072833588232, 4348
148072838595480, 148072838600308, 4828
148072843557172, 148072843561964, 4792
148072848538268, 148072848542668, 4400
148072853498352, 148072853503088, 4736
148072858473076, 148072858477408, 4332
148072863448468, 148072863453128, 4660
148072868427104, 148072868431420, 4316
148072873387580, 148072873391892, 4312
148072878367204, 148072878371652, 4448
148072883341708, 148072883346260, 4552
148072888320296, 148072888323656, 3360
148072893284204, 148072893288472, 4268
148072898248984, 148072898253320, 4336
148072903237900, 148072903242172, 4272
148072908198520, 148072908203080, 4560
148072913180180, 148072913184280, 4100
148072918145744, 148072918149960, 4216
148072923193992, 148072923199364, 5372
148072928156404, 148072928160760, 4356
148072933160852, 148072933164980, 4128
148072938147688, 148072938151848, 4160
148072943203236, 148072943208544, 5308
148072948186360, 148072948190028, 3668
148072953163064, 148072953169444, 6380
148072958152784, 148072958156480, 3696
148072963189668, 148072963195048, 5380
148072968191340, 148072968196056, 4716
148072973162476, 148072973166676, 4200
148072978142392, 148072978145916, 3524
148072983161612, 148072983166812, 5200
148072988162404, 148072988166984, 4580
148072993132544, 148072993136116, 3572
148072998114624, 148072998119392, 4768
148073003146392, 148073003151756, 5364
148073008122364, 148073008128372, 6008
148073019355536, 148073019361788, 6252
148073024346540, 148073024358084, 11544
148073037887340, 148073037888548, 1208
148073042869016, 148073042875660, 6644
148073101614740, 148073101619836, 5096
148073106610048, 148073106616328, 6280
148073277242884, 148073277245704, 2820
148073282244408, 148073282249736, 5328
148073287258700, 148073287263680, 4980
148073292228360, 148073292235568, 7208
148073303526884, 148073303535432, 8548
148073358202972, 148073358213792, 10820
148073360945216, 148073360946516, 1300
148073372203596, 148073372209584, 5988
148073426411072, 148073426419780, 8708
148073534562924, 148073534565988, 3064
148073557470360, 148073557476288, 5928
148073579784320, 148073579790440, 6120
148073602226416, 148073602231872, 5456
148073624764788, 148073624774272, 9484
148073679162412, 148073679172008, 9596
148073684168636, 148073684175084, 6448
148073756226824, 148073756235068, 8244
148073859530524, 148073859533224, 2700
148073870759708, 148073870766196, 6488
148073880603308, 148073880612648, 9340
148073891873908, 148073891881396, 7488
148073945894576, 148073945902396, 7820
148073947230700, 148073947232872, 2172
148073952211608, 148073952218080, 6472
148073963515392, 148073963523976, 8584
148073985878752, 148073985886628, 7876
148074040063160, 148074040073040, 9880
148074112892292, 148074112900872, 8580
148074231279972, 148074231289352, 9380
148074242655272, 148074242664336, 9064
148074252541892, 148074252547760, 5868
148074286011272, 148074286019704, 8432
148074291013604, 148074291019468, 5864
148074302376048, 148074302927132, 551084
148074312793140, 148074312800168, 7028
148074330114192, 148074330115448, 1256
148074335088420, 148074335094844, 6424
148074351023980, 148074351031260, 7280
148074377976620, 148074377978376, 1756
148074383008592, 148074383017164, 8572
148074475017128, 148074475023912, 6784
148074497362712, 148074497370628, 7916
148074617020692, 148074617029196, 8504
148074650278212, 148074650285832, 7620
148074661631244, 148074661640144, 8900
148074671455524, 148074671463384, 7860
148074713008884, 148074713011460, 2576
148074718072908, 148074718080856, 7948
148074734024572, 148074734030808, 6236
148074760936560, 148074760938120, 1560
148074765905412, 148074765911376, 5964
148074769634320, 148074769641204, 6884
148074940370752, 148074940373284, 2532
148074945342896, 148074945352176, 9280
148074956580564, 148074956585508, 4944
148074961563528, 148074961569484, 5956
148075067999032, 148075068002656, 3624
148075083817888, 148075083823024, 5136
148075099675004, 148075099684128, 9124
148075152335372, 148075152344284, 8912
148075163583524, 148075163590652, 7128
148075179487216, 148075179491552, 4336
148075255440044, 148075255443004, 2960
148055265745552, 148055265748520, 2968
148055265763620, 148055265769284, 5664
148055293583308, 148055293590692, 7384
148055375361276, 148055375364248, 2972
148055380355856, 148055380362044, 6188
148055385362796, 148055385408072, 45276
148055504675948, 148055504684860, 8912
148055537895716, 148055537903708, 7992
148055542891696, 148055542900148, 8452
148055615607756, 148055615614732, 6976
148055620702464, 148055620709564, 7100
148055625682056, 148055625690012, 7956
148055635515324, 148055635522656, 7332
148055664443996, 148055664445668, 1672
148055669413852, 148055669419840, 5988
148055702670772, 148055702678360, 7588
148055713975856, 148055713983224, 7368
148055719051668, 148055719059688, 8020
148055724268948, 148055724270192, 1244
148055735543324, 148055735549044, 5720
148055740318912, 148055740327712, 8800
148055812457860, 148055812464956, 7096
148055817588324, 148055817596232, 7908
148055890133144, 148055890140084, 6940
148055901636808, 148055901646292, 9484
148055904378660, 148055904384892, 6232
148055909363836, 148055909369912, 6076
148055939646396, 148055939647992, 1596
148055950977224, 148055950983720, 6496
148055951609904, 148055951610976, 1072
148055956662000, 148055956669100, 7100
148055999489956, 148055999491716, 1760
148056004464408, 148056004470700, 6292
148056033115944, 148056033124908, 8964
148056050138252, 148056050143048, 4796
148056067061656, 148056067070252, 8596
148056139779192, 148056139786076, 6884
148056149711828, 148056149719504, 7676
148056183018208, 148056183025640, 7432
148056255204584, 148056255213024, 8440
148056260260692, 148056260265992, 5300
148056265262432, 148056265270524, 8092
148056270694388, 148056270695696, 1308
148056343093948, 148056343102144, 8196
148056348662224, 148056348670772, 8548
148056360053984, 148056360063580, 9596
148056369926840, 148056369933848, 7008
148056370395664, 148056370396832, 1168
148056381755024, 148056381762944, 7920
148056382362560, 148056382363836, 1276
148056406347180, 148056406371092, 23912
148056424336240, 148056424342204, 5964
148056435704876, 148056435718448, 13572
148056476125760, 148056476139468, 13708
148056477974664, 148056477984224, 9560
148056478089080, 148056478094808, 5728
148056483106616, 148056483116568, 9952
148056525959612, 148056525962344, 2732
148056533967496, 148056533974928, 7432
148056574300960, 148056574315060, 14100
148056579316100, 148056579328960, 12860
148056596787120, 148056596802940, 15820
148056608092152, 148056608103764, 11612
148056609703176, 148056609708504, 5328
148056626647516, 148056626660452, 12936
148056631658724, 148056631670500, 11776
148056669530132, 148056669537252, 7120
148056674536356, 148056674550108, 13752
148056708418056, 148056708432712, 14656
148056717392744, 148056717400040, 7296
148056722377548, 148056722387292, 9744
148056782896144, 148056782909388, 13244
148056902143628, 148056902148744, 5116
148057021143564, 148057021150456, 6892
148057032417948, 148057032425716, 7768
148057441315260, 148057441318828, 3568
148057446301980, 148057446306908, 4928
148057451277296, 148057451281992, 4696
148057456240996, 148057456245572, 4576
148057461201012, 148057461205584, 4572
148057466216996, 148057466222064, 5068
148057471182392, 148057471188976, 6584
148057476180636, 148057476184964, 4328
148057481173948, 148057481178768, 4820
148057486206804, 148057486212140, 5336
148057491182704, 148057491191272, 8568
148057524421056, 148057524429200, 8144
148057535733704, 148057535740620, 6916
148057540713368, 148057540719756, 6388
148057554940344, 148057554942004, 1660
148057664753544, 148057664755700, 2156
148057669762796, 148057669768488, 5692
148057674766532, 148057674771344, 4812
148057679728968, 148057679736776, 7808
148057733858212, 148057733865456, 7244
148057738853040, 148057738860176, 7136
148057860114580, 148057860117384, 2804
148057871405216, 148057871410828, 5612
148057882752840, 148057882759920, 7080
148057899587592, 148057899592472, 4880
148057916484756, 148057916493052, 8296
148057926389948, 148057926398836, 8888
148057998404872, 148057998414040, 9168
148058031556116, 148058031563136, 7020
148058053875364, 148058053881136, 5772
148058076271796, 148058076281960, 10164
148058093771536, 148058093780260, 8724
148058101371480, 148058101373228, 1748
148058118226128, 148058118233068, 6940
148058122047844, 148058122056344, 8500
148058144413068, 148058144419128, 6060
148058216480028, 148058216486924, 6896
148058227846540, 148058227855380, 8840
148058347400108, 148058347407172, 7064
148058364333688, 148058364343172, 9484
148058372567836, 148058372569036, 1200
148058389445956, 148058389454596, 8640
148058399292132, 148058399299736, 7604
148058471242328, 148058471249960, 7632
148058511614260, 148058511619484, 5224
148058551973804, 148058551978728, 4924
148058592901580, 148058592907544, 5964
148058633164300, 148058633169800, 5500
148058673482656, 148058673488496, 5840
148058713836424, 148058713842288, 5864
148058754227452, 148058754235116, 7664
148058871985252, 148058871991884, 6632
148058904937948, 148058904945308, 7360
148058916192760, 148058916199708, 6948
148059038774640, 148059038779920, 5280
148059158238976, 148059158253420, 14444
148059175123976, 148059175138324, 14348
148060855384640, 148060855387480, 2840
148060860362392, 148060860368124, 5732
148060865349084, 148060865352812, 3728
148060870313432, 148060870317944, 4512
148060875293928, 148060875298404, 4476
148060880273272, 148060880277108, 3836
148060885256500, 148060885261068, 4568
148060890225032, 148060890229660, 4628
148060895191628, 148060895196032, 4404
148060900187944, 148060900192364, 4420
148060905155248, 148060905159520, 4272
148060910142256, 148060910146768, 4512
148060915107236, 148060915110472, 3236
148060920103464, 148060920107804, 4340
148060925068412, 148060925072812, 4400
148060930057692, 148060930061936, 4244
148060935019616, 148060935024008, 4392
148060940019556, 148060940023676, 4120
148060944985328, 148060944989700, 4372
148060949969336, 148060949973608, 4272
148060954933168, 148060954937412, 4244
148060959933212, 148060959936776, 3564
148060964895564, 148060964899736, 4172
148060969881592, 148060969886216, 4624
148060974845552, 148060974849796, 4244
148060979838680, 148060979843128, 4448
148060984803720, 148060984807108, 3388
148060989791024, 148060989795336, 4312
148060994755396, 148060994759764, 4368
148060999754364, 148060999758584, 4220
148061004717944, 148061004721764, 3820
148061009709584, 148061009713812, 4228
148061014671104, 148061014675344, 4240
148061019673844, 148061019678404, 4560
148061024636404, 148061024641160, 4756
148061029626096, 148061029629760, 3664
148061034590944, 148061034595180, 4236
148061039588608, 148061039592812, 4204
148061044559764, 148061044566796, 7032
148061077626732, 148061077633676, 6944
148061188431880, 148061188434884, 3004
148061198232176, 148061198240188, 8012
148061263442868, 148061263450152, 7284
148061382968024, 148061382975200, 7176
148061388073672, 148061388081064, 7392
148061460200288, 148061460209260, 8972
148061500704788, 148061500711652, 6864
148061503447544, 148061503449576, 2032
148061508456644, 148061508466052, 9408
148061627777084, 148061627784020, 6936
148061637618844, 148061637626944, 8100
148061648872672, 148061648880664, 7992
148061759217768, 148061759225672, 7904
148061862433816, 148061862437032, 3216
148061878251460, 148061878256344, 4884
148061894095016, 148061894103224, 8208
148062063849796, 148062063852532, 2736
148062075125204, 148062075130304, 5100
148062086983568, 148062086989272, 5704
148062098267492, 148062098275800, 8308
148062108136888, 148062108144728, 7840
148062131624984, 148062131626916, 1932
148062142920740, 148062142929188, 8448
148062159814012, 148062159822812, 8800
148062171141272, 148062171146692, 5420
148062188044696, 148062188051984, 7288
148062203476560, 148062203491080, 14520
148062221419252, 148062221432512, 13260
148062297267744, 148062297269864, 2120
148062314121304, 148062314126620, 5316
148062331624288, 148062331630352, 6064
148062348513576, 148062348519364, 5788
148062365427208, 148062365434608, 7400
148062376657484, 148062376665832, 8348
148062388056204, 148062388064100, 7896
148062405011380, 148062405018152, 6772
148062416358636, 148062416365628, 6992
148062426261964, 148062426269288, 7324
148062545384024, 148062545404252, 20228
148062562337344, 148062562346264, 8920
148062562371736, 148062562374308, 2572
148062573715388, 148062573722376, 6988
148062576332996, 148062576334180, 1184
148062593773328, 148062593781612, 8284
148062665683212, 148062665691592, 8380
148062797739016, 148062797741692, 2676
148062808969412, 148062808975036, 5624
148062820236032, 148062820244632, 8600
148062875663904, 148062875671680, 7776
148062947542160, 148062947547060, 4900
148063019545168, 148063019553664, 8496
148063170636144, 148063170639412, 3268
148063224692200, 148063224697500, 5300
148063278814640, 148063278821636, 6996
148063283800520, 148063283808504, 7984
148063338366368, 148063338371596, 5228
148063392380272, 148063392387604, 7332
148063409230356, 148063409238496, 8140
148063431605496, 148063431610992, 5496
148063541544748, 148063541547676, 2928
148063614098748, 148063614104608, 5860
148063784832664, 148063784835452, 2788
148063807173812, 148063807179224, 5412
148063830616384, 148063830621464, 5080
148063853010220, 148063853014640, 4420
148063875396776, 148063875403904, 7128
148063886778068, 148063886786752, 8684
148063920029952, 148063920037000, 7048
148064030135220, 148064030138228, 3008
148064046997700, 148064047003140, 5440
148064063876352, 148064063882348, 5996
148064081381600, 148064081386640, 5040
148064098316840, 148064098322256, 5416
148064115236276, 148064115241564, 5288
148064132152040, 148064132158996, 6956
148064143455972, 148064143463784, 7812
148064153395880, 148064153404044, 8164
148064177668676, 148064177670312, 1636
148064188971708, 148064188977784, 6076
148064260951404, 148064260959980, 8576
148064272322656, 148064272332132, 9476
148064289225684, 148064289233404, 7720
148064305297256, 148064305298948, 1692
148064322253752, 148064322261032, 7280
148064334132868, 148064334141896, 9028
148064356473540, 148064356481904, 8364
148064373662708, 148064373670724, 8016
148064399078864, 148064399093308, 14444
148064410315632, 148064410333288, 17656
148064443609548, 148064443632728, 23180
148064542727908, 148064542743504, 15596
148064615232424, 148064615252516, 20092
148064625137616, 148064625157388, 19772
148064849753400, 148064849755560, 2160
148064872035276, 148064872040604, 5328
148064894299576, 148064894304304, 4728
148064916559092, 148064916564288, 5196
148064938819692, 148064938824064, 4372
148064961109192, 148064961113992, 4800
148064983411764, 148064983419636, 7872
148065016476144, 148065016484220, 8076
148065026305344, 148065026312692, 7348
148065094779896, 148065094789232, 9336
148065166822316, 148065166830676, 8360
148065188772540, 148065188790620, 18080
148066642529472, 148066642532536, 3064
148066653804584, 148066653809712, 5128
148066665108072, 148066665113432, 5360
148066676399412, 148066676404620, 5208
148066687682532, 148066687687296, 4764
148066698971580, 148066698976088, 4508
148066710313980, 148066710318928, 4948
148066721625544, 148066721630592, 5048
148066732965508, 148066732970508, 5000
148066744255552, 148066744262740, 7188
148066755538296, 148066755543436, 5140
148066766856412, 148066766861592, 5180
148066778142700, 148066778147344, 4644
148066789442548, 148066789448460, 5912
148066800723696, 148066800728180, 4484
148066812006968, 148066812010656, 3688
148066823834668, 148066823840288, 5620
148066835160004, 148066835164792, 4788
148066846468840, 148066846473372, 4532
148066857731160, 148066857736052, 4892
148066869038420, 148066869042676, 4256
148066880318680, 148066880323084, 4404
148066891621992, 148066891628076, 6084
148066902926484, 148066902931836, 5352
148066914227180, 148066914231720, 4540
148066925545448, 148066925550552, 5104
148066936870620, 148066936874472, 3852
148066948231288, 148066948236132, 4844
148066959556524, 148066959562596, 6072
148066970906348, 148066970911404, 5056
148066982206656, 148066982211376, 4720
148066993529676, 148066993535036, 5360
148067004823152, 148067004828552, 5400
148067016102264, 148067016107132, 4868
148067027398864, 148067027406948, 8084
148067038621452, 148067038630348, 8896
148067054467532, 148067054475556, 8024
148067103226336, 148067103242416, 16080
148068838135620, 148068838137488, 1868
148068843094988, 148068843100304, 5316
148068848052376, 148068848055948, 3572
148068853030296, 148068853034756, 4460
148068858004912, 148068858009016, 4104
148068863022056, 148068863028000, 5944
148068867983456, 148068867987220, 3764
148068872967336, 148068872971908, 4572
148068877926628, 148068877930000, 3372
148068882938844, 148068882943852, 5008
148068887904916, 148068887908924, 4008
148068892892804, 148068892896324, 3520
148068897860888, 148068897865100, 4212
148068902876396, 148068902881856, 5460
148068907838440, 148068907842740, 4300
148068912816516, 148068912820196, 3680
148068917775864, 148068917780300, 4436
148068922769692, 148068922774240, 4548
148068927728884, 148068927733216, 4332
148068932708928, 148068932712732, 3804
148068937670412, 148068937674100, 3688
148068942664216, 148068942667900, 3684
148068947626756, 148068947631276, 4520
148068952610096, 148068952613728, 3632
148068957571804, 148068957576068, 4264
148068962565416, 148068962570328, 4912
148068967528476, 148068967532704, 4228
148068972508600, 148068972512944, 4344
148068977471088, 148068977475348, 4260
148068982463976, 148068982467372, 3396
148068987423976, 148068987428116, 4140
148068992408744, 148068992413032, 4288
148068997370120, 148068997374152, 4032
148069002364136, 148069002368736, 4600
148069007327940, 148069007332640, 4700
148069012306992, 148069012311952, 4960
148069017269512, 148069017273844, 4332
148069022255436, 148069022259612, 4176
148069027218268, 148069027222432, 4164
148069032198316, 148069032203740, 5424
148069043483460, 148069043489192, 5732
148069115575612, 148069115581864, 6252
148069187332924, 148069187339636, 6712
148069204169248, 148069204176748, 7500
148069276138892, 148069276146872, 7980
148069330685584, 148069330694108, 8524
148069583969864, 148069583973180, 3316
148069599829400, 148069599834760, 5360
148069615780888, 148069615786364, 5476
148069631669256, 148069631676588, 7332
148069648534940, 148069648543468, 8528
148070858251628, 148070858255256, 3628
148070863225188, 148070863230940, 5752
148070868210360, 148070868214264, 3904
148070873180816, 148070873185440, 4624
148070878143764, 148070878147524, 3760
148070883156912, 148070883162432, 5520
148070888118524, 148070888125436, 6912
148070893105532, 148070893109668, 4136
148070898066908, 148070898071308, 4400
148070903076476, 148070903081600, 5124
148070908047816, 148070908052216, 4400
148070913032860, 148070913037528, 4668
148070918004244, 148070918008132, 3888
148070923022108, 148070923028176, 6068
148070927989380, 148070927993460, 4080
148070932973384, 148070932978056, 4672
148070937938464, 148070937941944, 3480
148070942949040, 148070942954680, 5640
148070947916036, 148070947919572, 3536
148070952893648, 148070952898352, 4704
148070957856836, 148070957861640, 4804
148070962878620, 148070962883980, 5360
148070967844240, 148070967849112, 4872
148070972830044, 148070972834376, 4332
148070977793768, 148070977798380, 4612
148070982810780, 148070982815908, 5128
148070987781400, 148070987785708, 4308
148070992766124, 148070992770840, 4716
148070997727768, 148070997735588, 7820
148071069961672, 148071069969844, 8172
148071155469604, 148071155477372, 7768
148071195983680, 148071195998588, 14908
148071205805044, 148071205816184, 11140
148071207213872, 148071207218872, 5000
148071247563860, 148071247576372, 12512
148072826523324, 148072826526320, 2996
148072842326964, 148072842332012, 5048
148072858150748, 148072858155552, 4804
148072873965148, 148072873969984, 4836
148072889781924, 148072889786460, 4536
148072905592028, 148072905596084, 4056
148072921425704, 148072921429940, 4236
148072937285008, 148072937289968, 4960
148072953160108, 148072953166248, 6140
148072969030044, 148072969035384, 5340
148072984847616, 148072984852140, 4524
148073000709644, 148073000714824, 5180
148073016551604, 148073016556412, 4808
148073032377800, 148073032382788, 4988
148073048201280, 148073048206156, 4876
148073064548616, 148073064553036, 4420
148073080375256, 148073080379972, 4716
148073096200808, 148073096205464, 4656
148073112031292, 148073112036060, 4768
148073127861724, 148073127866320, 4596
148073143683492, 148073143688260, 4768
148073159498608, 148073159502808, 4200
148073175331616, 148073175335900, 4284
148073191177984, 148073191182976, 4992
148073207023120, 148073207028652, 5532
148073222851904, 148073222856812, 4908
148073238710196, 148073238715712, 5516
148073695977728, 148073695980736, 3008
148073736268012, 148073736273900, 5888
148073776609708, 148073776615068, 5360
148073817849728, 148073817855696, 5968
148073858434812, 148073858440880, 6068
148073898787000, 148073898791900, 4900
148073939122712, 148073939128048, 5336
148073979467728, 148073979473304, 5576
148074019809364, 148074019815008, 5644
148074060658516, 148074060663988, 5472
148074101065888, 148074101071088, 5200
148074141581688, 148074141586992, 5304
148074182036124, 148074182041520, 5396
148074222497328, 148074222502764, 5436
148074263114376, 148074263120156, 5780
148074304044288, 148074304049352, 5064
148074344494056, 148074344499984, 5928
148074384895972, 148074384901152, 5180
148074425209192, 148074425214456, 5264
148074465568172, 148074465573848, 5676
148074505941164, 148074505946356, 5192
148074546307204, 148074546312588, 5384
148074587252504, 148074587257776, 5272
148074627787660, 148074627792448, 4788
148074668112808, 148074668118016, 5208
148074708521060, 148074708526256, 5196
148074749105268, 148074749110900, 5632
148074789450424, 148074789456088, 5664
148074830243884, 148074830249036, 5152
148074870444200, 148074870449364, 5164
148074910694132, 148074910699728, 5596
148074950888840, 148074950893936, 5096
148074991153428, 148074991158332, 4904
148075031468308, 148075031473536, 5228
148075072331584, 148075072336724, 5140
148075112535996, 148075112540860, 4864
148075152842316, 148075152847104, 4788
148075193146336, 148075193150440, 4104
148075212538228, 148075212542212, 3984
