21991041985018, 21991041989558, 4540
21991071904092, 21991071913004, 8912
21991159681092, 21991159685048, 3956
21991241483532, 21991241486280, 2748
21991243666404, 21991243672332, 5928
21991247475500, 21991247479332, 3832
21991335263504, 21991335267968, 4464
21991648539256, 21991648542804, 3548
21991675574596, 21991675579292, 4696
21991750285080, 21991750287928, 2848
21991752471660, 21991752476276, 4616
21991762252668, 21991762259616, 6948
21991766244088, 21991766251368, 7280
21991854039340, 21991854041964, 2624
21991961787832, 21991961796624, 8792
21992404735056, 21992404738056, 3000
21992452183832, 21992452188788, 4956
21992500508356, 21992500512980, 4624
21992598275700, 21992598278344, 2644
21992690063764, 21992690069168, 5404
21992771786356, 21992771788844, 2488
21992893490420, 21992893497252, 6832
21993541952624, 21993541955828, 3204
21993557507496, 21993557512204, 4708
21993573069624, 21993573074424, 4800
21993588625724, 21993588629728, 4004
21993604184052, 21993604187804, 3752
21993619720792, 21993619725536, 4744
21993635279440, 21993635282712, 3272
21993651401856, 21993651405864, 4008
21993705568648, 21993705575692, 7044
21993821301828, 21993821305708, 3880
21993950981928, 21993950984780, 2852
21993968933656, 21993968939864, 6208
21994064720172, 21994064722700, 2528
21994108612280, 21994108619892, 7612
21994202391872, 21994202394704, 2832
21994204578512, 21994204583020, 4508
21994216362216, 21994216366888, 4672
21994224341848, 21994224345924, 4076
21994405904428, 21994405907320, 2892
21994531606284, 21994531609008, 2724
21994571520552, 21994571525308, 4756
21994687238092, 21994687245160, 7068
21994768973416, 21994768975944, 2528
21994802892928, 21994802900212, 7284
21994846786216, 21994846793056, 6840
21994982464140, 21994982466964, 2824
21995108161940, 21995108164416, 2476
21995233863000, 21995233866784, 3784
21995285760424, 21995285767976, 7552
21995323655020, 21995323662656, 7636
21995373535776, 21995373542968, 7192
21995461335644, 21995461340332, 4688
21995630928116, 21995630931464, 3348
21995756620140, 21995756623040, 2900
21995930212248, 21995930215476, 3228
21996018011800, 21996018016332, 4532
21996159668964, 21996159672004, 3040
21996191600140, 21996191607568, 7428
21996285374892, 21996285376952, 2060
21996411071156, 21996411074188, 3032
21996458968292, 21996458973500, 5208
21996538773228, 21996538780892, 7664
21996654494024, 21996654500112, 6088
21996839980360, 21996839983024, 2664
21997131288404, 21997131291692, 3288
21997133472024, 21997133476828, 4804
21997135642220, 21997135645288, 3068
21997137815632, 21997137818568, 2936
21997140545388, 21997140548500, 3112
21997142717640, 21997142720760, 3120
21997144890364, 21997144893496, 3132
21997147060408, 21997147063328, 2920
21997149246612, 21997149249776, 3164
21997151417600, 21997151420704, 3104
21997179174288, 21997179179196, 4908
21997209114684, 21997209124678, 9994
21997253002932, 21997253005156, 2224
21997452527288, 21997452530404, 3116
21997582218916, 21997582221604, 2688
21997602178460, 21997602181036, 2576
21997695947916, 21997695951048, 3132
21997841601212, 21997841603840, 2628
21997971294804, 21997971297180, 2376
21998077050856, 21998077054060, 3204
21998079237560, 21998079243552, 5992
21998081412144, 21998081415884, 3740
21998100995496, 21998100997856, 2360
21998292542520, 21998292545836, 3316
21998418231600, 21998418234572, 2972
21998563886412, 21998563889204, 2792
21998566075268, 21998566079092, 3824
21998568245172, 21998568248372, 3200
21998570412908, 21998570415832, 2924
21998585846024, 21998585857412, 11388
21998795274824, 21998795281288, 6464
21998823211816, 21998823214120, 2304
21998893035268, 21998893038244, 2976
21999006767316, 21999006769828, 2512
21999134463104, 21999134470872, 7768
21999645256588, 21999645259480, 2892
21999671748852, 21999671753432, 4580
21999698225608, 21999698229500, 3892
21999785492116, 21999785494408, 2292
21999922589280, 21999922592444, 3164
21999978471212, 21999978477464, 6252
22000522748936, 22000522753796, 4860
22000570242540, 22000570246164, 3624
22000650874712, 22000650880320, 5608
22000680795768, 22000680802760, 6992
22000716644264, 22000716646900, 2636
22000796466100, 22000796468828, 2728
22000878253508, 22000878260832, 7324
22000956072044, 22000956079980, 7936
22001051850112, 22001051855260, 5148
22001223442772, 22001223445860, 3088
22001349131276, 22001349133368, 2092
22001474833680, 22001474836488, 2808
22001514750304, 22001514754712, 4408
22001582591416, 22001582593988, 2572
22001782104400, 22001782107416, 3016
22001797656388, 22001797661492, 5104
22001869920404, 22001869924824, 4420
22001979645964, 22001979648768, 2804
22002093387598, 22002093398524, 10926
22002368719896, 22002368722900, 3004
22002384836892, 22002384841132, 4240
22002400363772, 22002400367744, 3972
22002415903396, 22002415906460, 3064
22002530330856, 22002530333616, 2760
22002560592208, 22002560601828, 9620
22002614133704, 22002614140788, 7084
22002671996780, 22002672004072, 7292
22002799631388, 22002799634136, 2748
22002911361528, 22002911366156, 4628
22003021094772, 22003021097712, 2940
22003106899940, 22003106907920, 7980
22003134841304, 22003134846732, 5428
22003164753472, 22003164760980, 7508
22003194681724, 22003194688888, 7164
22003224613980, 22003224621108, 7128
22003258525312, 22003258528132, 2820
22003302435356, 22003302440348, 4992
22003495964820, 22003495967668, 2848
22003695491832, 22003695494888, 3056
22003734061936, 22003734068548, 6612
22003871090072, 22003871094758, 4686
22004070601284, 22004070603244, 1960
22004270127288, 22004270130084, 2796
22004308677380, 22004308682300, 4920
22004445710460, 22004445713148, 2688
22004575403416, 22004575406212, 2796
22004591368884, 22004591373040, 4156
22004689065860, 22004689068664, 2804
22004769722108, 22004769725052, 2944
22004820758200, 22004820760024, 1824
22004898569424, 22004898572196, 2772
22004986363440, 22004986367960, 4520
22005036240880, 22005036243424, 2544
22005149964200, 22005149967200, 3000
22005275663712, 22005275666824, 3112
22005389401820, 22005389409212, 7392
22005690680728, 22005690684068, 3340
22005717160536, 22005717165408, 4872
22005842320828, 22005842323940, 3112
22005989974020, 22005989976636, 2616
22006005528700, 22006005532824, 4124
22006119666600, 22006119669316, 2716
22006237393808, 22006237397096, 3288
22006410973628, 22006410976620, 2992
22006458464328, 22006458473680, 9352
22006526708076, 22006526712500, 4424
22006684251108, 22006684253936, 2828
22006716187228, 22006716191752, 4524
22006780042976, 22006780048120, 5144
22006905737548, 22006905742952, 5404
22006935660652, 22006935667768, 7116
22007015469464, 22007015471712, 2248
22007214991644, 22007214994632, 2988
22007302789164, 22007302791432, 2268
22007432476740, 22007432479820, 3080
22007474383292, 22007474391280, 7988
22007604081224, 22007604086600, 5376
22007707829764, 22007707832664, 2900
22007797614300, 22007797621772, 7472
22007903362436, 22007903369672, 7236
22007995171312, 22007995228172, 56860
22008120842032, 22008120844980, 2948
22008266495392, 22008266498436, 3044
22008350303660, 22008350305876, 2216
22008396195500, 22008396198340, 2840
22008515901984, 22008515909792, 7808
22008581759116, 22008581766680, 7564
22008679445328, 22008679456372, 11044
22008811137108, 22008811139872, 2764
22008813322048, 22008813327188, 5140
22008815495840, 22008815499180, 3340
22008821106248, 22008821112204, 5956
22008851032204, 22008851038508, 6304
22008880961092, 22008880966904, 5812
22008910890680, 22008910896520, 5840
22008940818456, 22008940824040, 5584
22008970748360, 22008970754492, 6132
22009000676148, 22009000681592, 5444
22009030606104, 22009030611620, 5516
22009050564272, 22009050566916, 2644
22009180255556, 22009180258468, 2912
22009453606516, 22009453609048, 2532
22009577324012, 22009577326568, 2556
22009730946484, 22009730952556, 6072
22009769505348, 22009769518048, 12700
22009846678828, 22009846685764, 6936
22009950439228, 22009950444452, 5224
22010100129596, 22010100133192, 3596
22010171928876, 22010171931684, 2808
22010251722064, 22010251726584, 4520
22010341512000, 22010341519532, 7532
22010425311260, 22010425316864, 5604
22010806324660, 22010806327536, 2876
22010821874768, 22010821879640, 4872
22010837429220, 22010837432512, 3292
22010852969672, 22010852972992, 3320
22010869059820, 22010869063148, 3328
22010947993612, 22010947996860, 3248
22011075688128, 22011075702064, 13936
21986965634204, 21986965642340, 8136
21986981869312, 21986981882316, 13004
21986990084848, 21986990093368, 8520
21991000077158, 21991000081832, 4674
21991089869564, 21991089876318, 6754
21991195605624, 21991195610232, 4608
21991301350296, 21991301354744, 4448
21991407095080, 21991407099688, 4608
21991648545008, 21991648548976, 3968
21991679345980, 21991679352332, 6352
21991810135572, 21991810138552, 2980
21991822104936, 21991822109252, 4316
21991852040468, 21991852044480, 4012
21991881961072, 21991881966716, 5644
21991911893288, 21991911894828, 1540
21991941816484, 21991941822132, 5648
21991983725640, 21991983728816, 3176
21992109428448, 21992109431452, 3004
21992157324552, 21992157329896, 5344
21992418698776, 21992418702312, 3536
21992420883884, 21992420889944, 6060
21992450608108, 21992450614140, 6032
21992480540184, 21992480546096, 5912
21992510473404, 21992510477240, 3836
21992540396976, 21992540402788, 5812
21992570332168, 21992570336484, 4316
21992600257384, 21992600261456, 4072
21992630186456, 21992630192440, 5984
21992660115764, 21992660121568, 5804
21992723887356, 21992723890164, 2808
21992879533232, 21992879537828, 4596
21992969316588, 21992969319364, 2776
21993095020188, 21993095023036, 2848
21993294544720, 21993294547848, 3128
21993424238696, 21993424241608, 2912
21993450717424, 21993450726836, 9412
21993525994320, 21993526001728, 7408
21993597834060, 21993597837004, 2944
21993637733384, 21993637737792, 4408
21993721529548, 21993721537360, 7812
21993761435736, 21993761443456, 7720
21993917068892, 21993917076592, 7700
21994120589984, 21994120593344, 3360
21994206379444, 21994206386480, 7036
21994368001180, 21994368003728, 2548
21994505672772, 21994505675460, 2688
21994521214704, 21994521221372, 6668
21994583483404, 21994583485296, 1892
21994671282120, 21994671286672, 4552
21994735057944, 21994735060580, 2636
21994894673124, 21994894678532, 5408
21995463330972, 21995463334396, 3424
21995563284808, 21995563290284, 5476
21995663798612, 21995663803220, 4608
21995763645956, 21995763650808, 4852
21995863537012, 21995863541540, 4528
21995964049772, 21995964053552, 3780
21996063965588, 21996063969132, 3544
21996263444718, 21996263448738, 4020
21996462959720, 21996462961756, 2036
21996562947928, 21996562953260, 5332
21996762173876, 21996762176808, 2932
21996907825860, 21996907828824, 2964
21997045489068, 21997045495796, 6728
21997249009676, 21997249012056, 2380
21997428581224, 21997428585732, 4508
21997494430784, 21997494433488, 2704
21997568266592, 21997568272152, 5560
21997608170324, 21997608173008, 2684
21997703942632, 21997703945380, 2748
21997743843768, 21997743848312, 4544
21997817668624, 21997817671184, 2560
21997963320628, 21997963323456, 2828
21997965507088, 21997965512152, 5064
21997967675532, 21997967680516, 4984
21997969846240, 21997969849632, 3392
21997987258692, 21997987265612, 6920
21997997233692, 21997997240652, 6960
21998160846404, 21998160849268, 2864
21998300522044, 21998300525444, 3400
21998302709428, 21998302714756, 5328
21998304882188, 21998304885736, 3548
21998307053520, 21998307056356, 2836
21998316469240, 21998316475132, 5892
21998346394880, 21998346401456, 6576
21998420234196, 21998420236976, 2780
21998593826952, 21998593831712, 4760
21998755369684, 21998755374212, 4528
21998831185244, 21998831188240, 2996
21998855131924, 21998855136896, 4972
21998944941798, 21998944999920, 58122
21999034702940, 21999034705996, 3056
21999142437780, 21999142444052, 6272
21999278120024, 21999278123032, 3008
21999316599476, 21999316603812, 4336
21999453714408, 21999453717060, 2652
21999627291060, 21999627293584, 2524
21999666390784, 21999666395548, 4764
21999778940132, 21999778944816, 4684
21999894661148, 21999894667976, 6828
22000052291744, 22000052294840, 3096
22000177984664, 22000177987108, 2444
22000303683712, 22000303686608, 2896
22000441366380, 22000441369660, 3280
22000531151748, 22000531159780, 8032
22000561077376, 22000561084444, 7068
22000571055484, 22000571058220, 2736
22000696680316, 22000696684608, 4292
22000760539284, 22000760544728, 5444
22000840348564, 22000840352884, 4320
22000995984648, 22000995987892, 3244
22001029885924, 22001029891404, 5480
22001151606088, 22001151613672, 7584
22001341151228, 22001341154100, 2872
22001343335420, 22001343340544, 5124
22001345514220, 22001345517716, 3496
22001347690100, 22001347693416, 3316
22001369087132, 22001369094052, 6920
22001448898124, 22001448900992, 2868
22001578593640, 22001578596428, 2788
22001606517196, 22001606534760, 17564
22001812044368, 22001812047776, 3408
22001850534368, 22001850538968, 4600
22001889549840, 22001889553196, 3356
22002027523760, 22002027526736, 2976
22002029708328, 22002029712664, 4336
22002031878296, 22002031881156, 2860
22002034045096, 22002034048572, 3476
22002057445128, 22002057451104, 5976
22002087392804, 22002087401584, 8780
22002109338004, 22002109340948, 2944
22002239018512, 22002239021372, 2860
22002241201808, 22002241205924, 4116
22002243368948, 22002243371856, 2908
22002266950996, 22002266956804, 5808
22002296879960, 22002296885132, 5172
22002344768092, 22002344770412, 2320
22002470471408, 22002470474092, 2684
22002472653740, 22002472659316, 5576
22002474826300, 22002474829660, 3360
22002476997360, 22002477000288, 2928
22002552287432, 22002552290212, 2780
22002572225660, 22002572231120, 5460
22002660024688, 22002660031912, 7224
22002747743296, 22002747750288, 6992
22002797626812, 22002797629504, 2692
22002903373876, 22002903381048, 7172
22003116874128, 22003116877272, 3144
22003147650708, 22003147655500, 4792
22003276489752, 22003276492448, 2696
22003284467776, 22003284474980, 7204
22003378243096, 22003378246364, 3268
22003503943768, 22003503946848, 3080
22003749363296, 22003749366140, 2844
22003879059148, 22003879061244, 2096
22004008751432, 22004008754252, 2820
22004060627152, 22004060634256, 7104
22004146429084, 22004146432076, 2992
22004248178824, 22004248181568, 2744
22004263730640, 22004263736164, 5524
22004377869016, 22004377872080, 3064
22004503574988, 22004503577864, 2876
22004542094964, 22004542100864, 5900
22004639253496, 22004639260484, 6988
22004679168384, 22004679170908, 2524
22004754905212, 22004754912728, 7516
22004934475824, 22004934479508, 3684
22004950008536, 22004950013668, 5132
22005022269996, 22005022274340, 4344
22005167933700, 22005167936480, 2780
22005305596052, 22005305599116, 3064
22005391400888, 22005391409220, 8332
22005722616792, 22005722619568, 2776
22005822500816, 22005822505512, 4696
22005923025944, 22005923029892, 3948
22006121662884, 22006121665704, 2820
22006171544308, 22006171551584, 7276
22006335157628, 22006335160408, 2780
22006464851160, 22006464854044, 2884
22006486788296, 22006486794828, 6532
22006516718208, 22006516723872, 5664
22006546644316, 22006546649884, 5568
22006576579412, 22006576583256, 3844
22006666371716, 22006666374320, 2604
22006792000848, 22006792003552, 2704
22007444457896, 22007444461172, 3276
22007491886372, 22007491891192, 4820
22007539359900, 22007539363472, 3572
22007586776528, 22007586780444, 3916
22007733756308, 22007733759380, 3072
22007833727772, 22007833732540, 4768
22008033055648, 22008033057612, 1964
22008232580228, 22008232584092, 3864
22008358280288, 22008358282940, 2652
22008374406180, 22008374411040, 4860
22008454059968, 22008454064524, 4556
22008541844864, 22008541851836, 6972
22008587740116, 22008587742684, 2568
22008629659132, 22008629670898, 11766
22008713363572, 22008713366492, 2920
22008777217484, 22008777222900, 5416
22008863006868, 22008863014108, 7240
22009052565948, 22009052569300, 3352
22009224157784, 22009224160812, 3028
22009369806112, 22009369807936, 1824
22009515465464, 22009515468224, 2760
22009531002092, 22009531006800, 4708
22009559375968, 22009559378080, 2112
22009744915044, 22009744917788, 2744
22009904536896, 22009904541556, 4660
22009974375636, 22009974378300, 2664
22010078131532, 22010078139380, 7848
22010108057824, 22010108065520, 7696
22010137984296, 22010137991272, 6976
22010145972912, 22010145977916, 5004
22010421305008, 22010421307564, 2556
22010547011556, 22010547013480, 1924
22010672642512, 22010672645420, 2908
22010784387716, 22010784390532, 2816
22010786574824, 22010786580384, 5560
22010788748212, 22010788751588, 3376
22010796344136, 22010796362164, 18028
22010826270696, 22010826281704, 11008
22010856198780, 22010856211920, 13140
22010892112860, 22010892115568, 2708
22010958845860, 22010958850360, 4500
22011003855704, 22011003858432, 2728
22011133984372, 22011133988960, 4588
21986973894816, 21986973906744, 11928
21988989935256, 21988989940800, 5544
21988989979652, 21988989982784, 3132
21988990009756, 21988990012468, 2712
21988990035316, 21988990036868, 1552
21988990060828, 21988990063204, 2376
21988990089492, 21988990092024, 2532
21988990118316, 21988990120880, 2564
21988990147044, 21988990149476, 2432
21988990177108, 21988990179512, 2404
21990984166604, 21990984172040, 5436
21990984185252, 21990984197120, 11868
21991014048358, 21991014055192, 6834
21991043968992, 21991043978092, 9100
21991073880652, 21991073886120, 5468
21991103809168, 21991103814248, 5080
21991133737892, 21991133743168, 5276
21991163666048, 21991163671736, 5688
21991179628776, 21991179634964, 6188
21991329278168, 21991329280476, 2308
21991331464792, 21991331470468, 5676
21991333640048, 21991333643280, 3232
21991343243348, 21991343244500, 1152
21991373168096, 21991373173420, 5324
21991403099136, 21991403104828, 5692
21991435023972, 21991435026396, 2424
21991548755100, 21991548757732, 2632
21991550939016, 21991550944264, 5248
21991553111904, 21991553116504, 4600
21991555284772, 21991555288200, 3428
21991582675876, 21991582679840, 3964
21991656498468, 21991656500800, 2332
21991686424860, 21991686430124, 5264
21991774216588, 21991774222240, 5652
21991862008464, 21991862014880, 6416
21991949803368, 21991949808888, 5520
21991999690956, 21991999694288, 3332
21992001875848, 21992001882148, 6300
21992031612280, 21992031617092, 4812
21992037602152, 21992037612644, 10492
21992061541468, 21992061548580, 7112
21992091470460, 21992091477736, 7276
21992125384012, 21992125390212, 6200
21992203210672, 21992203213584, 2912
21992352844544, 21992352851208, 6664
21992548382040, 21992548388864, 6824
21992743848872, 21992743854104, 5232
21992901481848, 21992901485632, 3784
21993067079048, 21993067085288, 6240
21993138920676, 21993138923236, 2560
21993182813888, 21993182818588, 4700
21993264615664, 21993264618308, 2644
21993330464872, 21993330467544, 2672
21993348435924, 21993348471180, 35256
21993378344392, 21993378351232, 6840
21993408277392, 21993408281696, 4304
21993432218768, 21993432221480, 2712
21993587840796, 21993587847048, 6252
21993617767224, 21993617774460, 7236
21993647704116, 21993647708248, 4132
21993677625580, 21993677631112, 5532
21993707559768, 21993707563764, 3996
21993737482552, 21993737488388, 5836
21993767412752, 21993767418492, 5740
21993797347960, 21993797350216, 2256
21993861189864, 21993861192336, 2472
21994008844004, 21994008846936, 2932
21994124580724, 21994124583924, 3200
21994140141000, 21994140151236, 10236
21994144518212, 21994144523800, 5588
21994232316888, 21994232323796, 6908
21994320106892, 21994320112064, 5172
21994585484088, 21994585487456, 3368
21994632946196, 21994632951072, 4876
21994774951608, 21994774959440, 7832
21994960513556, 21994960516176, 2620
21995034340968, 21995034348476, 7508
21995098218898, 21995098223164, 4266
21995371535140, 21995371537008, 1868
21995545124860, 21995545127832, 2972
21995670823568, 21995670830000, 6432
21996540774412, 21996540777740, 3328
21996542958048, 21996542962696, 4648
21996545130476, 21996545133400, 2924
21996547300012, 21996547302924, 2912
21996549470468, 21996549473204, 2736
21996551640152, 21996551643928, 3776
21996553812504, 21996553815932, 3428
21996555982428, 21996555985316, 2888
21996558155640, 21996558158480, 2840
21996560325680, 21996560328900, 3220
21996562495116, 21996562497848, 2732
21996564664580, 21996564668216, 3636
21996566849768, 21996566852488, 2720
21996569020468, 21996569023196, 2728
21996571189440, 21996571192300, 2860
21996573357320, 21996573360252, 2932
21996575525256, 21996575528484, 3228
21996577693924, 21996577696808, 2884
21996579863424, 21996579866556, 3132
21996582032440, 21996582035144, 2704
21996584199384, 21996584202092, 2708
21996586368096, 21996586370800, 2704
21996588534580, 21996588537308, 2728
21996590717712, 21996590721284, 3572
21996592886332, 21996592889048, 2716
21996595054108, 21996595056860, 2752
21996597221804, 21996597224540, 2736
21996599392528, 21996599395608, 3080
21996601562408, 21996601565484, 3076
21996610601020, 21996610607856, 6836
21996640532588, 21996640539948, 7360
21996702311904, 21996702314796, 2892
21996828014584, 21996828017564, 2980
21996875906108, 21996875908028, 1920
21997049480512, 21997049483680, 3168
21997133303012, 21997133306324, 3312
21997241031988, 21997241039836, 7848
21997536324920, 21997536327516, 2596
21997662030720, 21997662033592, 2872
21997664212368, 21997664217692, 5324
21997687963724, 21997687970124, 6400
21997717893404, 21997717898608, 5204
21997747825520, 21997747829692, 4172
21997777752876, 21997777757112, 4236
21997837619740, 21997837621808, 2068
21997839792796, 21997839798524, 5728
21997841966908, 21997841973520, 6612
21998023168732, 21998023175540, 6808
21998170826144, 21998170829172, 3028
21998173011152, 21998173015960, 4808
21998175187060, 21998175192156, 5096
21998276569628, 21998276572652, 3024
21998376361824, 21998376419584, 57760
21998406267452, 21998406275080, 7628
21998436194016, 21998436201208, 7192
21998521984992, 21998521988040, 3048
21998651678464, 21998651681140, 2676
21998653864240, 21998653869704, 5464
21998675618588, 21998675625304, 6716
21998705470980, 21998705477224, 6244
21998735399176, 21998735405136, 5960
21998765328788, 21998765334792, 6004
21998809238536, 21998809241204, 2668
21998968872864, 21998968883872, 11008
21999007447996, 21999007461028, 13032
21999084582264, 21999084589560, 7296
21999196342798, 21999196400636, 57838
21999654996036, 21999654999536, 3500
21999685232120, 21999685237028, 4908
21999715440608, 21999715444060, 3452
21999802883508, 21999802886336, 2828
22000078219704, 22000078222364, 2660
22000126109604, 22000126116836, 7232
22000215901112, 22000215903724, 2612
22000389484048, 22000389486112, 2064
22000563071328, 22000563073968, 2640
22000704658736, 22000704667460, 8724
22000820383880, 22000820389416, 5536
22000936115460, 22000936122616, 7156
22001091741468, 22001091745624, 4156
22001221445624, 22001221448424, 2800
22001283292632, 22001283299644, 7012
22001444903380, 22001444906400, 3020
22002111332808, 22002111336068, 3260
22002138368056, 22002138373668, 5612
22002164808620, 22002164813180, 4560
22002290900180, 22002290903088, 2908
22002329438752, 22002329444216, 5464
22002566242348, 22002566245080, 2732
22002568426620, 22002568432284, 5664
22002570599684, 22002570603604, 3920
22002596169192, 22002596175088, 5896
22002626103028, 22002626107288, 4260
22002656023380, 22002656029444, 6064
22002685954368, 22002685959808, 5440
22002813583516, 22002813586008, 2492
22002967216100, 22002967218684, 2584
22003112871876, 22003112874912, 3036
22003386220544, 22003386223340, 2796
22003515917916, 22003515919920, 2004
22003655584496, 22003655590920, 6424
22003829176216, 22003829184064, 7848
22004084576916, 22004084580236, 3320
22004111037400, 22004111042376, 4976
22004236212424, 22004236215148, 2724
22004435740752, 22004435742972, 2220
22004535711300, 22004535716464, 5164
22004697042556, 22004697050292, 7736
22005066170784, 22005066173464, 2680
22005166649096, 22005166654452, 5356
22005266578092, 22005266582216, 4124
22005421329900, 22005421333800, 3900
22005551029624, 22005551034372, 4748
22005566629020, 22005566633616, 4596
22005644796244, 22005644804148, 7904
22005732585576, 22005732592756, 7180
22005820372116, 22005820378904, 6788
22005880239372, 22005880242348, 2976
22006053821000, 22006053824108, 3108
22006101296824, 22006101306436, 9612
22006147613556, 22006147620772, 7216
22006259348476, 22006259356548, 8072
22006337154128, 22006337162088, 7960
22006347128676, 22006347135760, 7084
22006367073976, 22006367080280, 6304
22006397009360, 22006397016396, 7036
22006426938320, 22006426945080, 6760
22006444899204, 22006444901716, 2512
22006606513512, 22006606518920, 5408
22006636433444, 22006636439004, 5560
22006666362980, 22006666368808, 5828
22006696218508, 22006696224408, 5900
22006726147120, 22006726153736, 6616
22006756076704, 22006756082436, 5732
22006803966276, 22006803968528, 2252
22006829906244, 22006829908412, 2168
22006873811036, 22006873812588, 1552
22006955614184, 22006955616816, 2632
22007017467840, 22007017476168, 8328
22007127206896, 22007127215208, 8312
22007558182716, 22007558186096, 3380
22007560364724, 22007560369412, 4688
22007562535620, 22007562538548, 2928
22007564703536, 22007564706324, 2788
22007566871036, 22007566873796, 2760
22007569039256, 22007569042260, 3004
22007571205712, 22007571208500, 2788
22007573374096, 22007573376820, 2724
22007575539708, 22007575542488, 2780
22007577704024, 22007577707488, 3464
22007579869040, 22007579871800, 2760
22007582034972, 22007582037896, 2924
22007594094680, 22007594102036, 7356
22007683879456, 22007683882496, 3040
22007809578868, 22007809581180, 2312
22007995164158, 22007995176078, 11920
22008110861504, 22008110869104, 7600
22008226586572, 22008226594052, 7480
22008342317280, 22008342324564, 7284
22008458045012, 22008458049608, 4596
22008573778698, 22008573791612, 12914
22008721355160, 22008721357540, 2380
22008799165104, 22008799167928, 2824
22008972744664, 22008972750804, 6140
22009158309588, 22009158312184, 2596
22009160495176, 22009160500444, 5268
22009162667264, 22009162670720, 3456
22009164835624, 22009164838752, 3128
22009168281172, 22009168287084, 5912
22009266056420, 22009266059052, 2632
22009363819316, 22009363827100, 7784
22009563346208, 22009563349780, 3572
22009978371240, 22009978374124, 2884
22009993926432, 22009993931916, 5484
22010009489604, 22010009493460, 3856
22010025039948, 22010025043512, 3564
22010040579428, 22010040582964, 3536
22010056095440, 22010056098876, 3436
22010122023304, 22010122031420, 8116
22010169912644, 22010169915288, 2644
22010197843108, 22010197850340, 7232
22010209816436, 22010209822872, 6436
22010227764680, 22010227770024, 5344
22010257700532, 22010257707492, 6960
22010287630088, 22010287636964, 6876
22010297605348, 22010297612052, 6704
22010317552300, 22010317557936, 5636
22010347487052, 22010347494312, 7260
22010377416384, 22010377423336, 6952
22010385397024, 22010385403796, 6772
22010407345220, 22010407352200, 6980
22010471196984, 22010471199672, 2688
22010600881824, 22010600884964, 3140
22010774398688, 22010774400624, 1936
22010999324596, 22010999328600, 4004
22011014885700, 22011014890736, 5036
21986997140480, 21986997148968, 8488
21991049957104, 21991049962532, 5428
21991099819616, 21991099825564, 5948
21991215550832, 21991215557844, 7012
21991331272296, 21991331277148, 4852
21991439021992, 21991439025320, 3328
21991447001092, 21991447008240, 7148
21991540782652, 21991540785376, 2724
21991562726540, 21991562734088, 7548
21991654504720, 21991654507704, 2984
21991656687600, 21991656693052, 5452
21991672465940, 21991672473048, 7108
21991678454096, 21991678460936, 6840
21991794169808, 21991794176160, 6352
21991909898252, 21991909903424, 5172
21992057546272, 21992057548564, 2292
21992141358616, 21992141363168, 4552
21992213192308, 21992213195148, 2840
21992257083728, 21992257088180, 4452
21992372805076, 21992372809756, 4680
21992488527312, 21992488532064, 4752
21992604246248, 21992604252788, 6540
21992829646296, 21992829648624, 2328
21992868117132, 21992868122544, 5412
21992951357348, 21992951364872, 7524
21993122948172, 21993122951224, 3052
21993240666864, 21993240673692, 6828
21993510031944, 21993510033852, 1908
21993610070996, 21993610077196, 6200
21994010852324, 21994010855604, 3280
21994013037412, 21994013042756, 5344
21994015211000, 21994015214440, 3440
21994017380244, 21994017384008, 3764
21994019550484, 21994019553432, 2948
21994021720532, 21994021724276, 3744
21994023889800, 21994023892724, 2924
21994026061472, 21994026064904, 3432
21994036781364, 21994036788464, 7100
21994066708456, 21994066713448, 4992
21994096632600, 21994096638252, 5652
21994126572416, 21994126574668, 2252
21994252265928, 21994252268552, 2624
21994276203648, 21994276209804, 6156
21994306137828, 21994306142244, 4416
21994336067568, 21994336071716, 4148
21994365991988, 21994365997132, 5144
21994439821768, 21994439823588, 1820
21994441992284, 21994441996556, 4272
21994543578364, 21994543579696, 1332
21994545759204, 21994545763796, 4592
21994547931992, 21994547935724, 3732
21994550103932, 21994550106896, 2964
21994575496328, 21994575501836, 5508
21994605422608, 21994605428512, 5904
21994635352840, 21994635358740, 5900
21994665282088, 21994665287968, 5880
21994695215468, 21994695219664, 4196
21994725067508, 21994725072392, 4884
21994754996668, 21994754997912, 1244
21994784925980, 21994784931500, 5520
21994814853168, 21994814858536, 5368
21994844788872, 21994844793852, 4980
21994874713276, 21994874717408, 4132
21994904645836, 21994904649840, 4004
21994950537332, 21994950538808, 1476
21994978471620, 21994978473328, 1708
21994994432012, 21994994436644, 4632
21995024358924, 21995024362872, 3948
21995054291256, 21995054292596, 1340
21995084215456, 21995084221508, 6052
21995114144316, 21995114149716, 5400
21995144079116, 21995144083584, 4468
21995174000744, 21995174007048, 6304
21995203933276, 21995203937188, 3912
21995233858020, 21995233864436, 6416
21995263788024, 21995263793604, 5580
21995355574384, 21995355576888, 2504
21995481282828, 21995481285276, 2448
21995654867208, 21995654870368, 3160
21995657051048, 21995657056016, 4968
21995659220628, 21995659224312, 3684
21995661391584, 21995661394388, 2804
21995676813024, 21995676815368, 2344
21995872346920, 21995872354488, 7568
21995962145960, 21995962148748, 2788
21996075865084, 21996075872156, 7072
21996199573120, 21996199576000, 2880
21996345225420, 21996345228388, 2968
21996518814500, 21996518817504, 3004
21996744205432, 21996744206992, 1560
21996849954648, 21996849963044, 8396
21996869907292, 21996869909728, 2436
21996917912736, 21996917921096, 8360
21997049492812, 21997049498252, 5440
21997239031880, 21997239038212, 6332
21997241219388, 21997241232076, 12688
21997268971580, 21997268976152, 4572
21997298898612, 21997298900288, 1676
21997328814828, 21997328822004, 7176
21997358745904, 21997358749876, 3972
21997388680192, 21997388684784, 4592
21997418598404, 21997418604492, 6088
21997436562364, 21997436568448, 6084
21997632096564, 21997632103472, 6908
21997827633732, 21997827640648, 6916
21998067075576, 21998067079196, 3620
21998218705492, 21998218712308, 6816
21998414247648, 21998414252944, 5296
21998609777060, 21998609784744, 7684
21998815221208, 21998815223148, 1940
21999070614696, 21999070617344, 2648
21999086137244, 21999086142708, 5464
21999148432808, 21999148440164, 7356
21999236227568, 21999236232064, 4496
21999353940180, 21999353942244, 2064
21999411808096, 21999411815536, 7440
21999467675348, 21999467677900, 2552
21999605342916, 21999605346028, 3112
21999703121208, 21999703125936, 4728
21999892661756, 21999892666188, 4432
22000052284632, 22000052287792, 3160
22000183974740, 22000183979664, 4924
22000810413456, 22000810415516, 2060
22000910941360, 22000910946684, 5324
22001010911588, 22001010915644, 4056
22001110885224, 22001110889120, 3896
22001211356592, 22001211360376, 3784
22001311297276, 22001311300396, 3120
22001411761964, 22001411765688, 3724
22001586567488, 22001586570848, 3360
22001738206848, 22001738213688, 6840
22001933740344, 22001933746464, 6120
22002007918972, 22002007932080, 13108
22002135277648, 22002135281160, 3512
22002147232076, 22002147238296, 6220
22002167185132, 22002167190828, 5696
22002336788196, 22002336791024, 2828
22002440542436, 22002440550932, 8496
22002973214052, 22002973217376, 3324
22002999682472, 22002999687296, 4824
22003026144080, 22003026147604, 3524
22003150782944, 22003150786248, 3304
22003304416536, 22003304422348, 5812
22003396208992, 22003396223024, 14032
22003493975324, 22003493983084, 7760
22003533873760, 22003533876384, 2624
22003745379676, 22003745382860, 3184
22003873071616, 22003873079948, 8332
22004086570368, 22004086573744, 3376
22004216254164, 22004216256432, 2268
22004345945952, 22004345948972, 3020
22004415779064, 22004415787060, 7996
22004559441884, 22004559444608, 2724
22004671170772, 22004671177068, 6296
22004866633540, 22004866640224, 6684
22005062171064, 22005062178152, 7088
22005257707928, 22005257716188, 8260
22005293631724, 22005293634536, 2812
22005381421308, 22005381429104, 7796
22005453251268, 22005453259144, 7876
22005564989296, 22005564992796, 3500
22005648796036, 22005648804160, 8124
22005678713624, 22005678721488, 7864
22005708634072, 22005708641180, 7108
22005738565152, 22005738570912, 5760
22005796426848, 22005796428468, 1620
22005798596460, 22005798600956, 4496
22005828352208, 22005828358132, 5924
22005858280488, 22005858286292, 5804
22005888210240, 22005888215896, 5656
22005918142480, 22005918146408, 3928
22005948066988, 22005948072816, 5828
22005977996144, 22005978002172, 6028
22006007925104, 22006007930620, 5516
22006037854348, 22006037860268, 5920
22006067782940, 22006067788416, 5476
22006099709680, 22006099711092, 1412
22006127641200, 22006127647632, 6432
22006157569660, 22006157575768, 6108
22006187496860, 22006187502672, 5812
22006217425936, 22006217432004, 6068
22006247359540, 22006247365236, 5696
22006277286836, 22006277292220, 5384
22006307214264, 22006307219740, 5476
22006500760156, 22006500762512, 2356
22006522702864, 22006522709056, 6192
22006610495868, 22006610503836, 7968
22006698214748, 22006698220760, 6012
22006786007672, 22006786028952, 21280
22006815935624, 22006815941168, 5544
22006845864532, 22006845869828, 5296
22006875792324, 22006875797564, 5240
22006987527504, 22006987530252, 2748
22007085294636, 22007085300104, 5468
22007214990280, 22007214992064, 1784
22007310767720, 22007310770684, 2964
22007510289240, 22007510292236, 2996
22007639981648, 22007639984472, 2824
22007647964604, 22007647971308, 6704
22007763686576, 22007763694268, 7692
22007841515844, 22007841518472, 2628
22007879418476, 22007879425376, 6900
22008070958416, 22008070960668, 2252
22008168726684, 22008168734900, 8216
22008791181252, 22008791183424, 2172
22008891656808, 22008891661872, 5064
22008991555680, 22008991559280, 3600
22009091490168, 22009091493356, 3188
22009191952620, 22009191956112, 3492
22009291885888, 22009291889312, 3424
22009392314980, 22009392319456, 4476
22009567335568, 22009567339028, 3460
22010301605076, 22010301608968, 3892
22010349072580, 22010349077332, 4752
22010397101360, 22010397105132, 3772
22010444569528, 22010444573292, 3764
22010507109280, 22010507116360, 7080
22010590918816, 22010590921488, 2672
22010593104396, 22010593109120, 4724
22010616855036, 22010616859600, 4564
22010646776696, 22010646783788, 7092
22010676633880, 22010676640700, 6820
22010696592336, 22010696596644, 4308
22010794357856, 22010794360688, 2832
22010886140036, 22010886151712, 11676
22010916065592, 22010916079404, 13812
22010932031996, 22010932034852, 2856
22011123573676, 22011123576224, 2548
21986957408176, 21986957416492, 8316
21991249463436, 21991249477616, 14180
21991249500932, 21991249508568, 7636
21991349383508, 21991349388488, 4980
21991544762832, 21991544768932, 6100
21991632892584, 21991632897908, 5324
21991724334904, 21991724341896, 6992
21991830098272, 21991830102760, 4488
21991935846388, 21991935850816, 4428
21992041595768, 21992041600092, 4324
21992147342568, 21992147346900, 4332
21992253141552, 21992253145960, 4408
21992358841084, 21992358845216, 4132
21992464591268, 21992464595604, 4336
21992642164476, 21992642166812, 2336
21992730848472, 21992730854604, 6132
21992818938548, 21992818942636, 4088
21992907553996, 21992907557992, 3996
21992995650868, 21992995654436, 3568
21993099006268, 21993099013400, 7132
21993204759720, 21993204764132, 4412
21993609790480, 21993609793756, 3276
21993648878736, 21993648884060, 5324
21993687392384, 21993687396344, 3960
21993725891396, 21993725894944, 3548
21993764349612, 21993764352980, 3368
21993877153000, 21993877158716, 5716
21994134558988, 21994134561840, 2852
21994234943500, 21994234948060, 4560
21994334836636, 21994334840936, 4300
21994533599280, 21994533601340, 2060
21994633581500, 21994633586452, 4952
21994820847924, 21994820850132, 2208
21994996429512, 21994996432696, 3184
21995022374648, 21995022379368, 4720
21995110166044, 21995110167532, 1488
21995197958348, 21995197962960, 4612
21995323650212, 21995323653136, 2924
21995325833824, 21995325839680, 5856
21995353581136, 21995353585464, 4328
21995383509512, 21995383513772, 4260
21995413430196, 21995413436956, 6760
21995443362448, 21995443367988, 5540
21995473291876, 21995473297472, 5596
21995503223128, 21995503227344, 4216
21995559087680, 21995559090380, 2700
21995704744516, 21995704747612, 3096
21995712725868, 21995712730248, 4380
21995722696436, 21995722702220, 5784
21995902287356, 21995902290152, 2796
21996067882112, 21996067889024, 6912
21996542759564, 21996542763040, 3476
21996558293196, 21996558297864, 4668
21996573824956, 21996573828792, 3836
21996589346248, 21996589350224, 3976
21996604888488, 21996604891940, 3452
21996620396556, 21996620399652, 3096
21996690416860, 21996690421552, 4692
21996816040876, 21996816043436, 2560
21997251014440, 21997251017832, 3392
21997266555780, 21997266561748, 5968
21997282097320, 21997282101452, 4132
21997297633052, 21997297636580, 3528
21997313164016, 21997313167484, 3468
21997328671180, 21997328674324, 3144
21997392668928, 21997392674048, 5120
21997474473720, 21997474477204, 3484
21997478475140, 21997478479844, 4704
21997508395676, 21997508403208, 7532
21997538314272, 21997538321940, 7668
21997644070272, 21997644072648, 2376
21997865552088, 21997865554936, 2848
21997919415460, 21997919416972, 1512
21998007205556, 21998007211540, 5984
21998094994548, 21998095000572, 6024
21998182794192, 21998182798144, 3952
21998270583556, 21998270587440, 3884
21998286127080, 21998286140032, 12952
21998358385456, 21998358389884, 4428
21998446173800, 21998446180688, 6888
21998533967408, 21998533971756, 4348
21998631725708, 21998631728528, 2820
21998737406728, 21998737413692, 6964
21998853128088, 21998853132948, 4860
21999242214064, 21999242216992, 2928
21999244396412, 21999244402192, 5780
21999246567412, 21999246571092, 3680
21999248735984, 21999248738960, 2976
21999250905724, 21999250908560, 2836
21999253077468, 21999253081236, 3768
21999255246428, 21999255249984, 3556
21999257414728, 21999257417492, 2764
21999259579888, 21999259582816, 2928
21999261748020, 21999261750676, 2656
21999274132004, 21999274138688, 6684
21999304060276, 21999304067140, 6864
21999361925968, 21999361928732, 2764
21999499599012, 21999499602296, 3284
21999587389080, 21999587393072, 3992
21999613331040, 21999613333808, 2768
21999633289416, 21999633294052, 4636
21999663211064, 21999663218000, 6936
21999675185676, 21999675190012, 4336
21999693127916, 21999693133924, 6008
21999723066928, 21999723073752, 6824
21999752996968, 21999753004140, 7172
21999762971784, 21999762978788, 7004
21999850763328, 21999850770236, 6908
21999938555056, 21999938562252, 7196
22000026346336, 22000026353196, 6860
22000114134216, 22000114136012, 1796
22000227866104, 22000227868904, 2800
22000357563648, 22000357565984, 2336
22000473286804, 22000473292192, 5388
22000589008360, 22000589012804, 4444
22000806423248, 22000806426248, 3000
22000808609880, 22000808615272, 5392
22000810780460, 22000810783768, 3308
22000812950300, 22000812953120, 2820
22000830362068, 22000830366512, 4444
22000860286212, 22000860292736, 6524
22000890216324, 22000890222396, 6072
22000920145584, 22000920150968, 5384
22000950074516, 22000950079848, 5332
22000980005340, 22000980010832, 5492
22001009932168, 22001009937260, 5092
22001039865644, 22001039870252, 4608
22001069793812, 22001069797688, 3876
22001099725388, 22001099729792, 4404
22001129649320, 22001129655264, 5944
22001159577748, 22001159583308, 5560
22001189506500, 22001189511484, 4984
22001223441832, 22001223444268, 2436
22001225618036, 22001225626116, 8080
22001399015796, 22001399021968, 6172
22001428938060, 22001428943884, 5824
22001458867872, 22001458873460, 5588
22001488794536, 22001488800332, 5796
22001590556320, 22001590559256, 2936
22001746188612, 22001746196236, 7624
22002017554476, 22002017558032, 3556
22002045471964, 22002045477712, 5748
22002131276916, 22002131279624, 2708
22002404622344, 22002404624256, 1912
22002578214660, 22002578216712, 2052
22002715820820, 22002715828784, 7964
22002745749424, 22002745756984, 7560
22002775668900, 22002775676576, 7676
22002805596736, 22002805602564, 5828
22002851490572, 22002851491968, 1396
22002865455356, 22002865460708, 5352
22002895383484, 22002895389748, 6264
22002953248288, 22002953249720, 1432
22002955420836, 22002955425120, 4284
22002985170960, 22002985176228, 5268
22003015100352, 22003015106016, 5664
22003045028364, 22003045033532, 5168
22003074955368, 22003074962568, 7200
22003104884780, 22003104891032, 6252
22003156766060, 22003156768628, 2568
22003250555396, 22003250563028, 7632
22003356298004, 22003356304848, 6844
22003462048372, 22003462055084, 6712
22003567796172, 22003567803496, 7324
22003673545360, 22003673552464, 7104
22003779293660, 22003779300728, 7068
22003885046092, 22003885054712, 8620
22003990791592, 22003990799016, 7424
22004685081196, 22004685084888, 3692
22004759220436, 22004759225340, 4904
22004833911668, 22004833915296, 3628
22004908604120, 22004908608040, 3920
22004982688172, 22004982691808, 3636
22005134004720, 22005134008788, 4068
22005205835520, 22005205842896, 7376
22005347493968, 22005347496728, 2760
22005608888204, 22005608892532, 4328
22005756522936, 22005756525888, 2952
22005912153216, 22005912159388, 6172
22006085747200, 22006085749588, 2388
22006285269904, 22006285272036, 2132
22006484796196, 22006484798360, 2164
22006614492832, 22006614495264, 2432
22006987530856, 22006987533392, 2536
22006995510452, 22006995514432, 3980
22007025438136, 22007025443964, 5828
22007087302188, 22007087305288, 3100
22007137173696, 22007137178232, 4536
22007214987688, 22007214990300, 2612
22007442448944, 22007442450624, 1680
22007669920184, 22007669922748, 2564
22007799608640, 22007799611236, 2596
22008074946452, 22008074948324, 1872
22008202652472, 22008202654704, 2232
22008475995020, 22008475996788, 1768
22008649612238, 22008649615564, 3326
22008823103552, 22008823106320, 2768
22008990700792, 22008990706644, 5852
22009180256736, 22009180262696, 5960
22009242104816, 22009242106340, 1524
22009244274840, 22009244279996, 5156
22009270045932, 22009270047188, 1256
22009299964420, 22009299970240, 5820
22009329900452, 22009329904448, 3996
22009359826596, 22009359832308, 5712
22009395740296, 22009395745424, 5128
22009557375624, 22009557386624, 11000
22010307588964, 22010307591540, 2576
22010408117052, 22010408122612, 5560
22010508053724, 22010508057680, 3956
22010608525868, 22010608529720, 3852
22010708525456, 22010708531156, 5700
22010808456512, 22010808460792, 4280
22010908879888, 22010908884760, 4872
22011008838096, 22011008841360, 3264
21991345247476, 21991345251184, 3708
21991345266652, 21991345273292, 6640
21991375499504, 21991375504044, 4540
21991504888098, 21991504916384, 28286
21991704389468, 21991704391672, 2204
21991903919840, 21991903921844, 2004
21992071518504, 21992071520864, 2360
21992271040024, 21992271042232, 2208
21992470565204, 21992470567460, 2256
21992570518532, 21992570523800, 5268
21992769787352, 21992769789592, 2240
21993122952060, 21993122954796, 2736
21993258623980, 21993258631064, 7084
21993288549108, 21993288554592, 5484
21993352426172, 21993352430972, 4800
21993441082100, 21993441087888, 5788
21993529160432, 21993529164856, 4424
21993627752400, 21993627760212, 7812
21993733507088, 21993733511500, 4412
21993839256396, 21993839260672, 4276
21994816858192, 21994816861328, 3136
21994847085164, 21994847090484, 5320
21994877308884, 21994877313044, 4160
21994908063628, 21994908067888, 4260
21994938271624, 21994938275584, 3960
21994968481084, 21994968486420, 5336
21994998700704, 21994998704412, 3708
21995150066348, 21995150072284, 5936
21995265784008, 21995265790912, 6904
21995381511268, 21995381517468, 6200
21995579048876, 21995579050736, 1860
21995617529780, 21995617534712, 4932
21995728697480, 21995728699288, 1808
21995866362016, 21995866364392, 2376
21996004034960, 21996004037924, 2964
21996267412428, 21996267415424, 2996
21996397107360, 21996397110240, 2880
21996435613580, 21996435618168, 4588
21996572689448, 21996572692464, 3016
21996712285264, 21996712291032, 5768
21996885871092, 21996885879564, 8472
21997001606764, 21997001620264, 13500
21997151240008, 21997151243036, 3028
21997270955288, 21997270960320, 5032
21997406636880, 21997406641932, 5052
21997676004704, 21997676007416, 2712
21997775963916, 21997775968652, 4736
21997975285252, 21997975287600, 2348
21998274576244, 21998274579032, 2788
21998476096184, 21998476098524, 2340
21998675621768, 21998675624112, 2344
21998807245204, 21998807247248, 2044
21999254179920, 21999254182396, 2476
21999354045148, 21999354050752, 5604
21999454518108, 21999454522572, 4464
21999554443616, 21999554447280, 3664
21999752995348, 21999752997624, 2276
21999852892192, 21999852898664, 6472
22000052284960, 22000052287372, 2412
22000251808812, 22000251811828, 3016
22000289722660, 22000289730124, 7464
22000381507372, 22000381510400, 3028
22000383690788, 22000383699772, 8984
22000411427628, 22000411433164, 5536
22000441362780, 22000441370076, 7296
22000471292896, 22000471300756, 7860
22000501219996, 22000501226968, 6972
22000565069016, 22000565071924, 2908
22001223436932, 22001223439636, 2704
22001408985364, 22001408991316, 5952
22001598538312, 22001598548020, 9708
22001750192440, 22001750195712, 3272
22001788104380, 22001788112592, 8212
22001818022192, 22001818029908, 7716
22001847952352, 22001847959800, 7448
22001877889220, 22001877893872, 4652
22001907801280, 22001907807552, 6272
22001919775796, 22001919782652, 6856
22002466488636, 22002466491140, 2504
22002566382696, 22002566388592, 5896
22002666881324, 22002666885420, 4096
22002766885880, 22002766889668, 3788
22002866839676, 22002866843920, 4244
22002967367368, 22002967371196, 3828
22003180722268, 22003180724780, 2512
22003312403544, 22003312405992, 2448
22003481998044, 22003482006160, 8116
22003759349048, 22003759352672, 3624
22003761535756, 22003761540740, 4984
22003763707232, 22003763710488, 3256
22003765874536, 22003765877460, 2924
22003768043488, 22003768046192, 2704
22003770212228, 22003770215240, 3012
22003772379560, 22003772382260, 2700
22003774544192, 22003774547392, 3200
22003776711488, 22003776714140, 2652
22003793263396, 22003793270744, 7348
22003823180320, 22003823186760, 6440
22003853112544, 22003853117904, 5360
22003883039760, 22003883045456, 5696
22003912970976, 22003912976636, 5660
22003942901948, 22003942906548, 4600
22003972826300, 22003972832532, 6232
22004076591352, 22004076592912, 1560
22004078770684, 22004078775444, 4760
22004080947608, 22004080951452, 3844
22004092542716, 22004092548580, 5864
22004182331672, 22004182334432, 2760
22004270407732, 22004270412144, 4412
22004358526836, 22004358530580, 3744
22004447087028, 22004447090852, 3824
22004535179308, 22004535182828, 3520
22004625297316, 22004625301972, 4656
22004730962932, 22004730970000, 7068
22004836712704, 22004836720156, 7452
22004942462048, 22004942469168, 7120
22005048210060, 22005048217616, 7556
22005153960212, 22005153967456, 7244
22005620850656, 22005620852928, 2272
22005708912208, 22005708917268, 5060
22005796979392, 22005796982860, 3468
22005885602352, 22005885605872, 3520
22005973660180, 22005973663808, 3628
22006061738828, 22006061742452, 3624
22006150429984, 22006150433768, 3784
22006238450760, 22006238455344, 4584
22006326552252, 22006326555672, 3420
22006415165660, 22006415169224, 3564
22006503272216, 22006503275856, 3640
22006591350880, 22006591354256, 3376
22006680088728, 22006680092724, 3996
22006768272252, 22006768275948, 3696
22006856411476, 22006856415472, 3996
22006945059488, 22006945062832, 3344
22007033139200, 22007033144112, 4912
22007121837504, 22007121841176, 3672
22007209895160, 22007209898836, 3676
22007297954840, 22007297958176, 3336
22007386604088, 22007386608348, 4260
22007480365676, 22007480372976, 7300
22007586115432, 22007586123212, 7780
22007674725096, 22007674738512, 13416
22007853473016, 22007853478744, 5728
22008015093232, 22008015096268, 3036
22008114853456, 22008114861248, 7792
22008220609984, 22008220617312, 7328
22008326386072, 22008326398018, 11946
22009571336564, 22009571339272, 2708
22009659994532, 22009659999604, 5072
22009748009860, 22009748014820, 4960
22009836125348, 22009836129044, 3696
22009924738572, 22009924742356, 3784
22010012863700, 22010012867776, 4076
22010100895236, 22010100898780, 3544
22010189548680, 22010189552096, 3416
22010277607844, 22010277611084, 3240
22010366263336, 22010366267388, 4052
22010454377048, 22010454381404, 4356
22010542470844, 22010542474728, 3884
22010631133792, 22010631138476, 4684
22010719313600, 22010719317320, 3720
22010807427608, 22010807432232, 4624
22010896059368, 22010896063272, 3904
22010984209752, 22010984214044, 4292
22011072359620, 22011072363372, 3752
22011161041816, 22011161046288, 4472
22011249093108, 22011249096744, 3636
22011337120716, 22011337124240, 3524
22011425740880, 22011425744848, 3968
22011513806536, 22011513810248, 3712
22011601861428, 22011601865140, 3712
22011690504492, 22011690508136, 3644
21991049968012, 21991050003996, 35984
21991173647124, 21991173652132, 5008
21991363195608, 21991363200284, 4676
21991552746588, 21991552751156, 4568
21991742297352, 21991742302880, 5528
21991931841916, 21991931847896, 5980
21992121399816, 21992121405132, 5316
21992151321832, 21992151327752, 5920
21992181248828, 21992181254472, 5644
21992211177312, 21992211182952, 5640
21992241109412, 21992241114716, 5304
21992271037412, 21992271043432, 6020
21992300966360, 21992300972068, 5708
21992330894212, 21992330899660, 5448
21992360824500, 21992360830028, 5528
21992394744328, 21992394746920, 2592
21992546387908, 21992546391936, 4028
21992719908828, 21992719913836, 5008
21992813681044, 21992813682400, 1356
21992815858996, 21992815863316, 4320
21992818028660, 21992818031920, 3260
21992839617004, 21992839621668, 4664
21992869544424, 21992869549200, 4776
21992899479040, 21992899483276, 4236
21992929402376, 21992929408792, 6416
21992959330116, 21992959335448, 5332
21992989259812, 21992989265600, 5788
21993019185168, 21993019191952, 6784
21993049115772, 21993049121832, 6060
21993079047096, 21993079052556, 5460
21993108976224, 21993108981936, 5712
21993138905748, 21993138911352, 5604
21993168834656, 21993168840336, 5680
21993198763176, 21993198768552, 5376
21993228695876, 21993228697196, 1320
21993470121404, 21993470124028, 2624
21993472300836, 21993472306140, 5304
21993498051444, 21993498057368, 5924
21993527981216, 21993527986748, 5532
21993557911824, 21993557917476, 5652
21993972930016, 21993972932736, 2720
21994061039436, 21994061044536, 5100
21994248280468, 21994248282580, 2112
21994336380340, 21994336385676, 5336
21994425073808, 21994425077904, 4096
21994513091080, 21994513096260, 5180
21994601281016, 21994601284776, 3760
21994689958916, 21994689962988, 4072
21994790926020, 21994790930804, 4784
21994896667492, 21994896672076, 4584
21995002422148, 21995002426668, 4520
21995108171648, 21995108176304, 4656
21995213947572, 21995213999248, 51676
21995319693758, 21995319740440, 46682
21995425420376, 21995425425140, 4764
21995531167888, 21995531172368, 4480
21995636916272, 21995636920748, 4476
21995754635824, 21995754639180, 3356
21995848409472, 21995848416756, 7284
21995954159664, 21995954167136, 7472
21996059915124, 21996059919680, 4556
21996165655840, 21996165663404, 7564
21996271405272, 21996271412812, 7540
21996377159712, 21996377164084, 4372
21996482909656, 21996482913984, 4328
21996588658500, 21996588662716, 4216
21996694406860, 21996694411228, 4368
21996800082284, 21996800086432, 4148
21996888175624, 21996888184488, 8864
21996905817704, 21996905819236, 1532
21997011580392, 21997011584588, 4196
21997280938636, 21997280940968, 2332
21997369023020, 21997369028240, 5220
21997457625004, 21997457629068, 4064
21997545670788, 21997545674628, 3840
21997633698020, 21997633702524, 4504
21997722410768, 21997722414388, 3620
21997810506264, 21997810509820, 3556
21997899187372, 21997899191084, 3712
21997987187408, 21997987190976, 3568
21998075327144, 21998075330424, 3280
21998174814152, 21998174821428, 7276
21998278569840, 21998278573268, 3428
21998280558808, 21998280560352, 1544
21998386371320, 21998386375856, 4536
21998492064544, 21998492071916, 7372
21998597816740, 21998597820892, 4152
21998703496064, 21998703500400, 4336
21998809242180, 21998809247024, 4844
21999363926568, 21999363929136, 2568
21999452584536, 21999452589212, 4676
21999540695944, 21999540699644, 3700
21999628808452, 21999628812684, 4232
21999717497424, 21999717501528, 4104
21999805542704, 21999805546348, 3644
21999894209956, 21999894213896, 3940
21999982269216, 21999982272740, 3524
22000070365480, 22000070369436, 3956
22000158992396, 22000158996072, 3676
22000247054664, 22000247059232, 4568
22000335115436, 22000335119132, 3696
22000423763024, 22000423766512, 3488
22000511834300, 22000511837488, 3188
22000599962924, 22000599966688, 3764
22000688549748, 22000688553296, 3548
22000776730856, 22000776734484, 3628
22000864860176, 22000864863872, 3696
22000953529028, 22000953533040, 4012
22001041683244, 22001041686996, 3752
22001130387148, 22001130390888, 3740
22001218493644, 22001218497584, 3940
22001306598104, 22001306601592, 3488
22001395250112, 22001395253564, 3452
22001483342460, 22001483345892, 3432
22001571389584, 22001571394424, 4840
22001664380788, 22001664384964, 4176
22001770142964, 22001770147460, 4496
22001875891532, 22001875895960, 4428
22001995599516, 22001995601596, 2080
22002183153852, 22002183155896, 2044
22002271190896, 22002271196068, 5172
22002359313624, 22002359318168, 4544
22002447957968, 22002447961748, 3780
22002536034044, 22002536037812, 3768
22002624218784, 22002624222364, 3580
22002721810024, 22002721814652, 4628
22002827571104, 22002827572728, 1624
22002933308192, 22002933312904, 4712
22003039057496, 22003039062164, 4668
22003144807220, 22003144811464, 4244
22003380240908, 22003380244416, 3508
22003382428120, 22003382432636, 4516
22003384597932, 22003384600952, 3020
22003404179836, 22003404183808, 3972
22003434110092, 22003434114520, 4428
22003464040728, 22003464044472, 3744
22003511928116, 22003511930944, 2828
22003695494384, 22003695496156, 1772
22003968839124, 22003968840948, 1824
22004142428656, 22004142431884, 3228
22004252172972, 22004252180212, 7240
22004441716344, 22004441722644, 6300
22004784833588, 22004784836516, 2928
22004815058028, 22004815062532, 4504
22004892578576, 22004892581132, 2556
22005044212656, 22005044218392, 5736
22005217806128, 22005217811900, 5772
22005333527244, 22005333533528, 6284
22005449251848, 22005449258076, 6228
22006532685836, 22006532688444, 2608
22006571169256, 22006571174452, 5196
22006609639820, 22006609644232, 4412
22006648697464, 22006648701608, 4144
22006687290924, 22006687294912, 3988
22006725810500, 22006725813856, 3356
22006764338980, 22006764342692, 3712
22006802818244, 22006802821944, 3700
22006841316052, 22006841319368, 3316
22006880406492, 22006880410032, 3540
22006918877648, 22006918881688, 4040
22006957343808, 22006957347900, 4092
22006995827332, 22006995831188, 3856
22007089294048, 22007089297372, 3324
22007091481496, 22007091487488, 5992
22007115241268, 22007115246044, 4776
22007145166492, 22007145171004, 4512
22007175085904, 22007175090280, 4376
22007205011460, 22007205017000, 5540
22007292807624, 22007292810396, 2772
22007312758540, 22007312762460, 3920
22007400560452, 22007400564972, 4520
22007488348368, 22007488350004, 1636
22007576127276, 22007576137180, 9904
22007703829472, 22007703832512, 3040
22007706011984, 22007706017116, 5132
22007713802528, 22007713809016, 6488
22007743732556, 22007743737516, 4960
22007773659656, 22007773664872, 5216
22007803595932, 22007803600228, 4296
22007833518736, 22007833524412, 5676
22007863447120, 22007863453320, 6200
22007893374028, 22007893379752, 5724
22007923307696, 22007923311872, 4176
22007953232644, 22007953238648, 6004
22007983163868, 22007983169748, 5880
22008013098944, 22008013102584, 3640
22008106876740, 22008106878204, 1464
22008109046920, 22008109050800, 3880
22008111218488, 22008111222796, 4308
22008132809416, 22008132815296, 5880
22008162734752, 22008162740600, 5848
22008192670644, 22008192674760, 4116
22008222596284, 22008222601948, 5664
22008234579728, 22008234582552, 2824
22008422124192, 22008422130316, 6124
22008611685164, 22008611687364, 2200
22008641605128, 22008641609244, 4116
22008671533252, 22008671538652, 5400
22008701387028, 22008701392912, 5884
22008775231904, 22008775236438, 4534
22008805145728, 22008805147052, 1324
22008892937348, 22008892942412, 5064
22008980729360, 22008980734232, 4872
22009068519408, 22009068523760, 4352
22009156309832, 22009156315764, 5932
22009244102612, 22009244107276, 4664
22009331891064, 22009331896660, 5596
22009417693220, 22009417696288, 3068
22009419882432, 22009419887584, 5152
22009449611044, 22009449617744, 6700
22009479539564, 22009479544716, 5152
22009509468372, 22009509474276, 5904
22009539397876, 22009539403292, 5416
22009569324752, 22009569330108, 5356
22009599253372, 22009599259092, 5720
22009629188452, 22009629193996, 5544
22009659113520, 22009659119940, 6420
22009689046196, 22009689050408, 4212
22009718972224, 22009718977572, 5348
22009776842128, 22009776843720, 1592
22009779022752, 22009779027492, 4740
22009808758164, 22009808764268, 6104
22009838690892, 22009838694768, 3876
22009868620084, 22009868624060, 3976
22009898550284, 22009898554780, 4496
22009928479088, 22009928483068, 3980
22009958403604, 22009958409196, 5592
22009980353728, 22009980356392, 2664
22010118032364, 22010118034308, 1944
22010193858516, 22010193862940, 4424
22010309570384, 22010309577020, 6636
22010455233328, 22010455236312, 2984
22010467199832, 22010467203824, 3992
22010497124232, 22010497130140, 5908
22010527052468, 22010527058492, 6024
22010556990608, 22010556993064, 2456
22010656759684, 22010656764140, 4456
22010770410452, 22010770413416, 2964
22010928030780, 22010928043620, 12840
21986934172548, 21986934185368, 12820
21986941262748, 21986941275656, 12908
21986949302604, 21986949311040, 8436
21991598649188, 21991598652968, 3780
21991598671264, 21991598679264, 8000
21991673342400, 21991673346740, 4340
21991747473464, 21991747477048, 3584
21991821601956, 21991821605560, 3604
21992292989620, 21992292992652, 3032
21992308524372, 21992308529048, 4676
21992388763644, 21992388768980, 5336
21992404882116, 21992404895424, 13308
21992476563288, 21992476567972, 4684
21992564356568, 21992564361128, 4560
21992652134316, 21992652140692, 6376
21992739864964, 21992739869808, 4844
21992755395240, 21992755407780, 12540
21992827658024, 21992827663160, 5136
21992915443092, 21992915450372, 7280
21992939393848, 21992939399728, 5880
21993529984456, 21993529987016, 2560
21993604173488, 21993604178588, 5100
21993678931712, 21993678935308, 3596
21993753054800, 21993753058140, 3340
21994112598528, 21994112600840, 2312
21994310127340, 21994310129168, 1828
21994503670016, 21994503676548, 6532
21994530131272, 21994530142568, 11296
21994699204144, 21994699210484, 6340
21994978465804, 21994978468496, 2692
21995154054064, 21995154059128, 5064
21995343598824, 21995343604900, 6076
21995533153912, 21995533160532, 6620
21995624931900, 21995624934348, 2448
21995640469536, 21995640474440, 4904
21995724708496, 21995724713000, 4504
21995812499468, 21995812504352, 4884
21995900280600, 21995900286792, 6192
21995988069324, 21995988075724, 6400
21996305321628, 21996305323912, 2284
21996480904412, 21996480909292, 4880
21996670452564, 21996670460052, 7488
21996700384924, 21996700388788, 3864
21996730235028, 21996730240976, 5948
21996760162140, 21996760167872, 5732
21996790095116, 21996790099312, 4196
21996820022004, 21996820028332, 6328
21996901827864, 21996901830248, 2384
21997059455364, 21997059461868, 6504
21997233072798, 21997233104696, 31898
21997348771092, 21997348776196, 5104
21997464505988, 21997464510640, 4652
21997701943852, 21997701946120, 2268
21997740464016, 21997740468792, 4776
21997811676428, 21997811683828, 7400
21997927420268, 21997927424956, 4688
21998043124364, 21998043129116, 4752
21998158858996, 21998158863664, 4668
21998282554876, 21998282559180, 4304
21998390302720, 21998390307356, 4636
21998506021876, 21998506028228, 6352
21998621757740, 21998621763168, 5428
21998637869292, 21998637881792, 12500
21998709479396, 21998709484256, 4860
21998797269568, 21998797274252, 4684
21998885054436, 21998885063260, 8824
21998914998004, 21998915008358, 10354
21999066634004, 21999066638398, 4394
21999339973732, 21999339976176, 2444
21999363916696, 21999363921068, 4372
21999393840868, 21999393846196, 5328
21999423769812, 21999423775816, 6004
21999453697808, 21999453703280, 5472
21999483627608, 21999483632844, 5236
21999541493752, 21999541495356, 1604
21999543670252, 21999543674404, 4152
21999573414876, 21999573420312, 5436
21999609333508, 21999609336036, 2528
21999782927144, 21999782929144, 2000
21999812845892, 21999812851828, 5936
21999842773960, 21999842779716, 5756
21999872703560, 21999872709136, 5576
21999902636960, 21999902640968, 4008
21999932561288, 21999932566840, 5552
21999962488532, 21999962495148, 6616
21999992423080, 21999992428580, 5500
22000022346352, 22000022352320, 5968
22000052277332, 22000052283244, 5912
22000084206324, 22000084207964, 1640
22000112133464, 22000112139780, 6316
22000142068924, 22000142073280, 4356
22000171994860, 22000172000472, 5612
22000269764908, 22000269766496, 1588
22000271943312, 22000271947560, 4248
22000274115924, 22000274119208, 3284
22000291706672, 22000291712916, 6244
22000321637676, 22000321643604, 5928
22000351568436, 22000351574116, 5680
22000385492832, 22000385495336, 2504
22000465301888, 22000465307184, 5296
22000553094452, 22000553099044, 4592
22000595001696, 22000595004548, 2852
22000620933816, 22000620937728, 3912
22000640878356, 22000640885416, 7060
22000728604744, 22000728609156, 4412
22000816396732, 22000816400944, 4212
22000904186796, 22000904190632, 3836
22000991976032, 22000991981488, 5456
22001079770120, 22001079775748, 5628
22001255349448, 22001255355288, 5840
22001343148484, 22001343152868, 4384
22001430947784, 22001430952396, 4612
22001518741352, 22001518746880, 5528
22001548654444, 22001548660460, 6016
22001578582652, 22001578588672, 6020
22001608513636, 22001608525540, 11904
22001638439668, 22001638454088, 14420
22001668366288, 22001668372964, 6676
22001698294784, 22001698301060, 6276
22001728226872, 22001728233064, 6192
22001758158000, 22001758163648, 5648
22001806045552, 22001806047940, 2388
22001977637388, 22001977644936, 7548
22002350754512, 22002350756924, 2412
22002356738568, 22002356740268, 1700
22002358916324, 22002358924584, 8260
22002546287096, 22002546293428, 6332
22002735762880, 22002735769124, 6244
22002905363700, 22002905366792, 3092
22002923318276, 22002923324136, 5860
22003011109276, 22003011117652, 8376
22003098911192, 22003098919276, 8084
22003186701464, 22003186710344, 8880
22003274493524, 22003274501092, 7568
22003362277088, 22003362285016, 7928
22003450079992, 22003450091798, 11806
22003537860608, 22003537866760, 6152
22003625653724, 22003625659604, 5880
22003721427904, 22003721429080, 1176
22003736975848, 22003736983640, 7792
22003801250400, 22003801257660, 7260
22003889048472, 22003889055804, 7332
22003976826788, 22003976834300, 7512
22004064612796, 22004064618764, 5968
22004152412660, 22004152421952, 9292
22004182330200, 22004182338032, 7832
22004212259196, 22004212265260, 6064
22004242187460, 22004242193272, 5812
22004272117236, 22004272123368, 6132
22004302046132, 22004302052336, 6204
22004331975856, 22004331982024, 6168
22004361909380, 22004361910780, 1400
22004391836232, 22004391837564, 1332
22004421761140, 22004421767568, 6428
22004451689948, 22004451695720, 5772
22004481618472, 22004481624652, 6180
22004511548816, 22004511555196, 6380
22004541477828, 22004541484016, 6188
22004571408096, 22004571413896, 5800
22004601336556, 22004601342100, 5544
22004663191844, 22004663193644, 1800
22004665364160, 22004665368884, 4724
22004691047860, 22004691053344, 5484
22004720977668, 22004720983712, 6044
22004750907540, 22004750913380, 5840
22004780838128, 22004780843796, 5668
22004810765988, 22004810772464, 6476
22004840693504, 22004840699464, 5960
22004886589656, 22004886591232, 1576
22004900553240, 22004900558996, 5756
22004930481488, 22004930487088, 5600
22004960410012, 22004960416224, 6212
22004990340684, 22004990346200, 5516
22005020269208, 22005020274572, 5364
22005050198304, 22005050204268, 5964
22005080124724, 22005080131144, 6420
22005110052868, 22005110059320, 6452
22005139982780, 22005139989096, 6316
22005169912876, 22005169918828, 5952
22005221803608, 22005221805432, 1824
22005229771364, 22005229776900, 5536
22005259702188, 22005259708120, 5932
22005289629512, 22005289635104, 5592
22005319556304, 22005319562100, 5796
22005349484668, 22005349490836, 6168
22005379415832, 22005379422680, 6848
22005409343496, 22005409350196, 6700
22005439276112, 22005439282484, 6372
22005487161540, 22005487163444, 1904
22005499136504, 22005499142484, 5980
22005529078964, 22005529088578, 9614
22005558990940, 22005558996988, 6048
22005588926572, 22005588927836, 1264
22005618851588, 22005618857668, 6080
22005664743676, 22005664746328, 2652
22005844315740, 22005844322132, 6392
22006039852988, 22006039858952, 5964
22006235390356, 22006235398908, 8552
22006430923796, 22006430932944, 9148
22006684261136, 22006684263692, 2556
22006857840856, 22006857842824, 1968
22007133181232, 22007133184024, 2792
22007185066076, 22007185073576, 7500
22007300790200, 22007300797820, 7620
22007416517028, 22007416524152, 7124
22007532233796, 22007532241488, 7692
22007701833012, 22007701836092, 3080
22007751713216, 22007751720504, 7288
22007839504852, 22007839511044, 6192
22007927295760, 22007927302848, 7088
22008015095268, 22008015097004, 1736
22008102880492, 22008102888420, 7928
22008228584692, 22008228586680, 1988
22008344307432, 22008344309956, 2524
22008346486588, 22008346491232, 4644
22008348656260, 22008348659708, 3448
22008350834304, 22008350837688, 3384
22008372241732, 22008372248028, 6296
22008402170060, 22008402175484, 5424
22008432099148, 22008432105304, 6156
22008462026500, 22008462031880, 5380
22008491957192, 22008491962896, 5704
22008521884524, 22008521890200, 5676
22008551819752, 22008551821044, 1292
22008813133480, 22008813136284, 2804
22008920874480, 22008920881724, 7244
22009080489120, 22009080491372, 2252
22009152323828, 22009152330796, 6968
22009268041956, 22009268049684, 7728
22009417691868, 22009417694172, 2304
22009499522358, 22009499581480, 59122
22009615220564, 22009615227912, 7348
22009754893784, 22009754896636, 2852
22010028238204, 22010028240664, 2460
22010030421068, 22010030425976, 4908
22010048189288, 22010048195204, 5916
22010794348916, 22010794351340, 2424
22010945990876, 22010946002816, 11940
