39026692918070, 39026692953324, 35254
39026792663352, 39026792671796, 8444
39026845195608, 39026845204208, 8600
39026923091148, 39026923099908, 8760
39026991040088, 39026991048032, 7944
39027002104452, 39027002111348, 6896
39027079982448, 39027079990708, 8260
39027097499200, 39027097507500, 8300
39027111896452, 39027111903388, 6936
39027120653952, 39027120660740, 6788
39027173650828, 39027173658964, 8136
39027281501164, 39027281511888, 10724
39027342785732, 39027342794328, 8596
39027410160572, 39027410169060, 8488
39027415762984, 39027415770904, 7920
39027426827936, 39027426836268, 8332
39027435608148, 39027435614716, 6568
39027441211108, 39027441218992, 7884
39027549450180, 39027549458512, 8332
39027555054064, 39027555061904, 7840
39027689773752, 39027689782000, 8248
39027788199644, 39027788208336, 8692
39027796977032, 39027796984976, 7944
39027889088080, 39027889096284, 8204
39027909016872, 39027909024724, 7852
39027943455964, 39027943463712, 7748
39027949059140, 39027949066748, 7608
39028002517504, 39028002524652, 7148
39028013690436, 39028013698176, 7740
39028027714272, 39028027721088, 6816
39028033293904, 39028033300544, 6640
39028117520644, 39028117530096, 9452
39028126291192, 39028126299468, 8276
39028215284996, 39028215295940, 10944
39028417488792, 39028417497192, 8400
39028423090012, 39028423097272, 7260
39028428942196, 39028428950244, 8048
39028472625212, 39028472636056, 10844
39028486401588, 39028486408812, 7224
39028507318420, 39028507325404, 6984
39028514209396, 39028514218000, 8604
39028536055136, 39028536063888, 8752
39028644192476, 39028644203496, 11020
39028705397364, 39028705405016, 7652
39028711801560, 39028711808876, 7316
39028789723504, 39028789732412, 8908
39028817796648, 39028817808140, 11492
39028839575380, 39028839582768, 7388
39028917428200, 39028917436932, 8732
39028924346056, 39028924353368, 7312
39028931505352, 39028931512000, 6648
39028938398592, 39028938405572, 6980
39028955459972, 39028955468592, 8620
39028964786520, 39028964795004, 8484
39029051232676, 39029051243900, 11224
39029067996016, 39029068004528, 8512
39029075162012, 39029075168800, 6788
39029080743968, 39029080750496, 6528
39029280681776, 39029280692488, 10712
39029302483028, 39029302490436, 7408
39029380383636, 39029380390872, 7236
39029402215072, 39029402223444, 8372
39029409124608, 39029409131908, 7300
39029443561452, 39029443569564, 8112
39029452339536, 39029452347528, 7992
39029458756820, 39029458764748, 7928
39029465648684, 39029465656456, 7772
39029476732012, 39029476740300, 8288
39029482198592, 39029482205632, 7040
39029489087784, 39029489094576, 6792
39029698928812, 39029698937068, 8256
39029726709324, 39029726717260, 7936
39029733624528, 39029733631788, 7260
39029744688508, 39029744696564, 8056
39029745568052, 39029745574700, 6648
39029752456264, 39029752463104, 6840
39029769516156, 39029769523396, 7240
39029796715836, 39029796723684, 7848
39029802572040, 39029802578836, 6796
39029816365104, 39029816373444, 8340
39029817398656, 39029817405440, 6784
39029824288132, 39029824295964, 7832
39029859326512, 39029859333640, 7128
39029873098100, 39029873105092, 6992
39029881879792, 39029881887628, 7836
39029889227092, 39029889234016, 6924
39029897228144, 39029897238832, 10688
39029994986324, 39029994997588, 11264
39030022192556, 39030022199884, 7328
39030026897368, 39030026904148, 6780
39030054107500, 39030054115276, 7776
39030059711632, 39030059720296, 8664
39030062811400, 39030062817952, 6552
39030068391268, 39030068398128, 6860
39030069573732, 39030069581116, 7384
39032000163960, 39032000174428, 10468
39033096684668, 39033096694524, 9856
39033174591712, 39033174600356, 8644
39033179662320, 39033179670872, 8552
39033186559140, 39033186567016, 7876
39033240012400, 39033240019988, 7588
39033317907524, 39033317916080, 8556
39033418629552, 39033418637784, 8232
39033458150744, 39033458158940, 8196
39033471934240, 39033471942452, 8212
39033483012864, 39033483020300, 7436
39033488618152, 39033488625300, 7148
39033494454772, 39033494461800, 7028
39033602115124, 39033602123956, 8832
39033771876000, 39033771886592, 10592
39033853446728, 39033853455124, 8396
39033920828320, 39033920836436, 8116
39033974252364, 39033974260076, 7712
39033995131620, 39033995138788, 7168
39034000731572, 39034000738736, 7164
39034108384020, 39034108392116, 8096
39034113986536, 39034113993692, 7156
39034133992064, 39034134003800, 11736
39034240763652, 39034240766960, 3308
39034293304804, 39034293314472, 9668
39034298914336, 39034298922816, 8480
39034404309796, 39034404321840, 12044
39034555943928, 39034555955096, 11168
39034617223692, 39034617232880, 9188
39034695632536, 39034695640636, 8100
39034715517648, 39034715524812, 7164
39034726584456, 39034726591820, 7364
39034753489388, 39034753500708, 11320
39034773434560, 39034773443220, 8660
39034840789856, 39034840797792, 7936
39034877199332, 39034877210656, 11324
39034945093160, 39034945101844, 8684
39034980937580, 39034980945452, 7872
39035048276652, 39035048284236, 7584
39035084687976, 39035084695116, 7140
39035152035324, 39035152043556, 8232
39035984555540, 39035984566472, 10932
39036163276040, 39036163285040, 9000
39036263897656, 39036263908728, 11072
39036284806872, 39036284815420, 8548
39036519214896, 39036519226220, 11324
39036580493104, 39036580502092, 8988
39036607717356, 39036607725696, 8340
39036642167648, 39036642175184, 7536
39036716752696, 39036716764252, 11556
39036751772852, 39036751781388, 8536
39036819177320, 39036819185808, 8488
39036840081420, 39036840088860, 7440
39036940216080, 39036940227000, 10920
39037022026100, 39037022037172, 11072
39037099899180, 39037099906980, 7800
39037114229148, 39037114236672, 7524
39037135145500, 39037135153140, 7640
39037142061592, 39037142069756, 8164
39037147924280, 39037147931388, 7108
39037168829604, 39037168837784, 8180
39037175744416, 39037175751552, 7136
39037254202960, 39037254211764, 8804
39037453208880, 39037453219908, 11028
39037518648208, 39037518657268, 9060
39037566727572, 39037566738924, 11352
39037803354464, 39037803365304, 10840
39038275907436, 39038275917616, 10180
39038282806520, 39038282814900, 8380
39038302741348, 39038302748664, 7316
39038370108380, 39038370116848, 8468
39039980930264, 39039980941116, 10852
39040417633236, 39040417642780, 9544
39040428827660, 39040428835760, 8100
39040438160936, 39040438168720, 7784
39040467712604, 39040467724064, 11460
39040477676396, 39040477683664, 7268
39040483262540, 39040483269980, 7440
39040581104332, 39040581113004, 8672
39040592313624, 39040592322572, 8948
39040599215404, 39040599222184, 6780
39040615355756, 39040615367080, 11324
39040627328024, 39040627338916, 10892
39040639301688, 39040639312472, 10784
39041986097816, 39041986108428, 10612
39042650447808, 39042650459332, 11524
39042692381844, 39042692389560, 7716
39042703449816, 39042703456988, 7172
39042710358032, 39042710366396, 8364
39042722275972, 39042722286728, 10756
39042731047104, 39042731055220, 8116
39042818053976, 39042818065136, 11160
39042857840764, 39042857848304, 7540
39042868918360, 39042868926500, 8140
39042893859228, 39042893866420, 7192
39042913766244, 39042913773452, 7208
39042919625232, 39042919633588, 8356
39042927094712, 39042927102160, 7448
39042961711684, 39042961720560, 8876
39042968611756, 39042968618980, 7224
39042985643324, 39042985650380, 7056
39042992532980, 39042992541016, 8036
39043059899080, 39043059907844, 8764
39043066800308, 39043066807728, 7420
39043072661328, 39043072669756, 8428
39043099889492, 39043099897884, 8392
39043119824968, 39043119832016, 7048
39043140503892, 39043140511792, 7900
39043151590156, 39043151598636, 8480
39043153244832, 39043153251908, 7076
39043160136920, 39043160143996, 7076
39043187917884, 39043187925244, 7360
39043584224756, 39043584228092, 3336
39043743183360, 39043743193328, 9968
39043748786468, 39043748794376, 7908
39043801660036, 39043801668708, 8672
39043868983500, 39043868990884, 7384
39043880168360, 39043880176252, 7892
39043889503260, 39043889514124, 10864
39043903471748, 39043903482976, 11228
39043971420220, 39043971429096, 8876
39043978320704, 39043978328720, 8016
39044007475740, 39044007483836, 8096
39044018650272, 39044018658312, 8040
39044039132704, 39044039139736, 7032
39044044715400, 39044044722776, 7376
39044050574912, 39044050582724, 7812
39044158174548, 39044158181948, 7400
39044164032624, 39044164040624, 8000
39044171502568, 39044171509912, 7344
39044269447824, 39044269456648, 8824
39044296671724, 39044296679560, 7836
39044349541596, 39044349549616, 8020
39044354383252, 39044354390208, 6956
39044496004108, 39044496015684, 11576
39044539615612, 39044539624092, 8480
39044659602728, 39044659614028, 11300
39044701506804, 39044701514964, 8160
39044709478000, 39044709485028, 7028
39044716367828, 39044716374604, 6776
39044786318148, 39044786326528, 8380
39044793209760, 39044793217280, 7520
39044814135080, 39044814143424, 8344
39044835953700, 39044835961500, 7800
39044940950372, 39044940960872, 10500
39045044692120, 39045044703764, 11644
39045066497688, 39045066506228, 8540
39045086440276, 39045086447944, 7668
39045120895792, 39045120903928, 8136
39045230245084, 39045230255800, 10716
39045289998812, 39045290006852, 8040
39045324144836, 39045324153480, 8644
39045445733444, 39045445743748, 10304
39045580422352, 39045580431240, 8888
39045663222860, 39045663234060, 11200
39045741676464, 39045741685112, 8648
39045768885380, 39045768893936, 8556
39046006398488, 39046006409672, 11184
39046419352904, 39046419363180, 10276
39046576979048, 39046576990036, 10988
39046616815604, 39046616824008, 8404
39046622420792, 39046622427996, 7204
39046628277212, 39046628285544, 8332
39046637058056, 39046637065840, 7784
39046642817436, 39046642824276, 6840
39046648407536, 39046648414540, 7004
39046648803612, 39046648810496, 6884
39046657575404, 39046657583164, 7760
39046711028988, 39046711037684, 8696
39046792480004, 39046792490992, 10988
39024687768636, 39024687775540, 6904
39024687798940, 39024687805988, 7048
39024687829256, 39024687836012, 6756
39024687858468, 39024687864852, 6384
39024687887552, 39024687893948, 6396
39024687915968, 39024687922572, 6604
39024687943636, 39024687950400, 6764
39024687972668, 39024687979192, 6524
39024688001008, 39024688007820, 6812
39024688031360, 39024688038068, 6708
39024688060444, 39024688067092, 6648
39024688088540, 39024688095220, 6680
39024688117940, 39024688124748, 6808
39024688146328, 39024688153140, 6812
39026681005344, 39026681018672, 13328
39026681035660, 39026681042900, 7240
39026681056672, 39026681063224, 6552
39026681075624, 39026681082328, 6704
39026681094816, 39026681101868, 7052
39026681114048, 39026681120552, 6504
39026681132696, 39026681139096, 6400
39026681150972, 39026681157536, 6564
39026704926816, 39026704935784, 8968
39026728839984, 39026728843770, 3786
39026752758604, 39026752760696, 2092
39026776722130, 39026776725716, 3586
39026800643844, 39026800651364, 7520
39026816607468, 39026816615672, 8204
39026836518136, 39026836525512, 7376
39026894425384, 39026894437544, 12160
39026929491784, 39026929499832, 8048
39026949425572, 39026949432512, 6940
39026958184976, 39026958191664, 6688
39026978701568, 39026978708504, 6936
39026987456436, 39026987464120, 7684
39026993317692, 39026993325944, 8252
39027000229020, 39027000236912, 7892
39027016125676, 39027016132704, 7028
39027023011324, 39027023018944, 7620
39027073908816, 39027073916772, 7956
39027080817692, 39027080825512, 7820
39027178661800, 39027178669844, 8044
39027283497756, 39027283508868, 11112
39027305856756, 39027305865084, 8328
39027309425200, 39027309431812, 6612
39027315006688, 39027315014008, 7320
39027339353452, 39027339360128, 6676
39027344945240, 39027344952732, 7492
39027442791964, 39027442800108, 8144
39027521260248, 39027521268516, 8268
39027541196960, 39027541205068, 8108
39027575631284, 39027575638608, 7324
39027595567168, 39027595575236, 8068
39027703185220, 39027703193220, 8000
39027723661108, 39027723669544, 8436
39027729513512, 39027729521380, 7868
39027803694132, 39027803702048, 7916
39027856570308, 39027856577972, 7664
39027874092836, 39027874100956, 8120
39027878070584, 39027878077196, 6612
39027886831604, 39027886838520, 6916
39028018147816, 39028018156404, 8588
39028052587548, 39028052595708, 8160
39028078853336, 39028078862068, 8732
39028098775028, 39028098782944, 7916
39028109851948, 39028109858812, 6864
39028129774440, 39028129781752, 7312
39028182591020, 39028182598276, 7256
39028209420688, 39028209428720, 8032
39028215282060, 39028215289636, 7576
39028313167896, 39028313175808, 7912
39028318755368, 39028318763420, 8052
39028338680200, 39028338688316, 8116
39028349761056, 39028349768632, 7576
39028384186360, 39028384193468, 7108
39028392955316, 39028392962900, 7584
39028463235760, 39028463243120, 7360
39028530574356, 39028530582368, 8012
39028608403236, 39028608411352, 8116
39028626245940, 39028626249124, 3184
39028722015244, 39028722026372, 11128
39028761845220, 39028761852792, 7572
39028895595624, 39028895606252, 10628
39028912379000, 39028912387016, 8016
39028918243324, 39028918251580, 8256
39029026380264, 39029026388656, 8392
39029037450716, 39029037457792, 7076
39029043298204, 39029043306372, 8168
39029141115000, 39029141123364, 8364
39029146700632, 39029146707532, 6900
39029157774672, 39029157781408, 6736
39029164968184, 39029164978736, 10552
39029262728800, 39029262739996, 11196
39029304038836, 39029304046488, 7652
39029356925356, 39029356932848, 7492
39029454776932, 39029454785084, 8152
39029477149380, 39029477156404, 7024
39029574970848, 39029574978920, 8072
39029652825580, 39029652833560, 7980
39029672272244, 39029672278968, 6724
39029750716864, 39029750725180, 8316
39029771682896, 39029771690804, 7908
39029862270924, 39029862279208, 8284
39029889478872, 39029889486728, 7856
39029916547976, 39029916555152, 7176
39029969877020, 39029969884332, 7312
39029991686432, 39029991694752, 8320
39029998577972, 39029998584944, 6972
39030009652260, 39030009659136, 6876
39030016541756, 39030016548428, 6672
39030114401572, 39030114408916, 7344
39030141610308, 39030141618004, 7696
39030147207696, 39030147215512, 7816
39030152597188, 39030152603700, 6512
39030158179120, 39030158185564, 6444
39030274316588, 39030274327424, 10836
39030315645820, 39030315654068, 8248
39030441861740, 39030441873100, 11360
39030483709408, 39030483717076, 7668
39030487741428, 39030487747992, 6564
39030494625992, 39030494632592, 6600
39030511685920, 39030511692756, 6836
39030518578188, 39030518585168, 6980
39030524431292, 39030524438260, 6968
39030629410792, 39030629421720, 10928
39030670698584, 39030670706364, 7780
39030749138888, 39030749146372, 7484
39030783560196, 39030783568032, 7836
39030797345600, 39030797352476, 6876
39030875219016, 39030875227088, 8072
39030879971496, 39030879979780, 8284
39030978416024, 39030978425020, 8996
39031028315176, 39031028323092, 7916
39031076903252, 39031076910740, 7488
39031097778744, 39031097786732, 7988
39031119586888, 39031119593924, 7036
39031217961496, 39031217969632, 8136
39031224868644, 39031224876004, 7360
39031229974336, 39031229981036, 6700
39031236868192, 39031236874740, 6548
39031242847780, 39031242855232, 7452
39031253919012, 39031253925720, 6708
39031260808512, 39031260815384, 6872
39031313671048, 39031313678964, 7916
39031335477052, 39031335483940, 6888
39031433335568, 39031433343684, 8116
39031454802020, 39031454808816, 6796
39031507673688, 39031507680712, 7024
39031605512144, 39031605519544, 7400
39031626405628, 39031626413276, 7648
39031633312264, 39031633319908, 7644
39031655129096, 39031655136012, 6916
39031708522888, 39031708529828, 6940
39031730334804, 39031730342304, 7500
39031744120180, 39031744128112, 7932
39031899859884, 39031899867688, 7804
39031910933920, 39031910941420, 7500
39031917822956, 39031917830500, 7544
39031924322020, 39031924328684, 6664
39031931208008, 39031931214668, 6660
39031946553252, 39031946560828, 7576
39031952974088, 39031952981020, 6932
39031959865580, 39031959872856, 7276
39031994307400, 39031994315748, 8348
39032159776592, 39032159788664, 12072
39032201696624, 39032201704700, 8076
39032222595976, 39032222604400, 8424
39032320481428, 39032320489920, 8492
39032342295784, 39032342303640, 7856
39032450612488, 39032450620880, 8392
39032584698232, 39032584709392, 11160
39032612657876, 39032612665900, 8024
39032633549084, 39032633557408, 8324
39032636567196, 39032636573684, 6488
39032642147684, 39032642154096, 6412
39032645018736, 39032645026592, 7856
39032651906732, 39032651914640, 7908
39032671849144, 39032671856196, 7052
39032677448436, 39032677456492, 8056
39032696423056, 39032696429700, 6644
39032702575600, 39032702583332, 7732
39032726353296, 39032726359972, 6676
39032731938184, 39032731944784, 6600
39032751347584, 39032751355620, 8036
39032772016076, 39032772023264, 7188
39032777869096, 39032777876724, 7628
39032812312776, 39032812319660, 6884
39032826078992, 39032826086536, 7544
39032837272924, 39032837279756, 6832
39032844180624, 39032844188252, 7628
39032846068844, 39032846075104, 6260
39032851649988, 39032851656740, 6752
39033003702404, 39033003713248, 10844
39033031654356, 39033031662304, 7948
39033055570960, 39033055577660, 6700
39033061152352, 39033061160560, 8208
39033168778616, 39033168786788, 8172
39033203785960, 39033203794028, 8068
39033230991160, 39033230998796, 7636
39033242065428, 39033242073696, 8268
39033248960520, 39033248968788, 8268
39033352875140, 39033352886888, 11748
39033405394996, 39033405403328, 8332
39033602275532, 39033602287252, 11720
39033643584764, 39033643592752, 7988
39033721950688, 39033721958916, 8228
39033742861724, 39033742869096, 7372
39033853679128, 39033853690420, 11292
39033906223016, 39033906230652, 7636
39033912087252, 39033912095480, 8228
39033918982512, 39033918989488, 6976
39033935491532, 39033935502500, 10968
39033944257788, 39033944265976, 8188
39034847254340, 39034847264920, 10580
39035228978808, 39035228988364, 9556
39035250772228, 39035250780224, 7996
39035256628116, 39035256635976, 7860
39035267690000, 39035267697292, 7292
39035393957592, 39035393968772, 11180
39035414852492, 39035414859868, 7376
39035420710640, 39035420717820, 7180
39035474149148, 39035474157460, 8312
39035501340812, 39035501347720, 6908
39035507193616, 39035507201608, 7992
39035585068812, 39035585076932, 8120
39035587486008, 39035587493900, 7892
39035596246816, 39035596253460, 6644
39035701221696, 39035701232972, 11276
39035755625672, 39035755633912, 8240
39035768353500, 39035768361836, 8336
39035846234928, 39035846242504, 7576
39035954381924, 39035954390380, 8456
39035981597756, 39035981605664, 7908
39036079427164, 39036079434884, 7720
39036101240132, 39036101247552, 7420
39036143037992, 39036143045956, 7964
39036762645524, 39036762656144, 10620
39036817961428, 39036817970420, 8992
39036940230228, 39036940241304, 11076
39037142711216, 39037142720144, 8928
39037196133264, 39037196141332, 8068
39037201991204, 39037201999328, 8124
39037208878408, 39037208886408, 8000
39037316450280, 39037316457704, 7424
39037327517300, 39037327524092, 6792
39037333365344, 39037333372232, 6888
39037411251932, 39037411259584, 7652
39037432143816, 39037432151796, 7980
39037508148364, 39037508156600, 8236
39037516923884, 39037516931756, 7872
39037803366804, 39037803377056, 10252
39037868775192, 39037868783728, 8536
39037882567420, 39037882575500, 8080
39037961034692, 39037961043052, 8360
39037985737040, 39037985748888, 11848
39038007531488, 39038007539580, 8092
39038055367656, 39038055376308, 8652
39038173294484, 39038173305308, 10824
39038180197528, 39038180204984, 7456
39038202541936, 39038202549124, 7188
39038209454756, 39038209461936, 7180
39038215317940, 39038215325312, 7372
39038235232580, 39038235239916, 7336
39038288094064, 39038288101764, 7700
39038309927724, 39038309935956, 8232
39038316835188, 39038316843368, 8180
39038316940600, 39038316947424, 6824
39038340892036, 39038340895268, 3232
39039994891612, 39039994902280, 10668
39040785091028, 39040785100564, 9536
39040791985188, 39040791993408, 8220
39040859364720, 39040859372608, 7888
39042018021012, 39042018031552, 10540
39042286694080, 39042286703360, 9280
39042364695656, 39042364702920, 7264
39042370298884, 39042370306832, 7948
39042396549400, 39042396557288, 7888
39042417450156, 39042417456956, 6800
39042495821676, 39042495829232, 7556
39042517631040, 39042517638444, 7404
39042523486928, 39042523494076, 7148
39042576312044, 39042576319596, 7552
39042596205608, 39042596213228, 7620
39042706314004, 39042706324936, 10932
39042843980440, 39042843991632, 11192
39042905278652, 39042905287396, 8744
39042948304808, 39042948312312, 7504
39043046111412, 39043046119788, 8376
39043053006420, 39043053014528, 8108
39043072942012, 39043072949624, 7612
39043125825824, 39043125833464, 7640
39043160248060, 39043160255968, 7908
39043237047668, 39043237056044, 8376
39043256945040, 39043256952136, 7096
39043309800988, 39043309809224, 8236
39043377134096, 39043377141892, 7796
39043388192868, 39043388200384, 7516
39043393791676, 39043393798536, 6860
39043447212164, 39043447218872, 6708
39043458378428, 39043458386120, 7692
39043478300352, 39043478307904, 7552
39043512738348, 39043512745944, 7596
39043539926520, 39043539933928, 7408
39043551113368, 39043551120984, 7616
39043556966876, 39043556973824, 6948
39043560271684, 39043560278284, 6600
39043565854252, 39043565862028, 7776
39043643768548, 39043643776860, 8312
39043663693440, 39043663701152, 7712
39043679993392, 39043680004612, 11220
39043685588676, 39043685595928, 7252
39043763493172, 39043763501536, 8364
39043769357444, 39043769365612, 8168
39043783174964, 39043783183680, 8716
39043803114432, 39043803122768, 8336
39043828559160, 39043828566656, 7496
39043936747400, 39043936755056, 7656
39043942357568, 39043942364536, 6968
39043953442952, 39043953450684, 7732
39044051342604, 39044051350440, 7836
39044114964880, 39044114976340, 11460
39044142501512, 39044142509072, 7560
39044220971700, 39044220979716, 8016
39044240918068, 39044240926144, 8076
39044753376840, 39044753387996, 11156
39044870692216, 39044870700888, 8672
39044876551836, 39044876560276, 8440
39044903764372, 39044903772508, 8136
39044928968504, 39044928971764, 3260
39045080612076, 39045080623504, 11428
39045122402184, 39045122410280, 8096
39045128257660, 39045128264856, 7196
39045149162120, 39045149170380, 8260
39045256187716, 39045256198912, 11196
39045283762764, 39045283770524, 7760
39045284112548, 39045284119064, 6516
39045290998212, 39045291005248, 7036
39045302080092, 39045302088288, 8196
39045427775884, 39045427786288, 10404
39045467595952, 39045467603644, 7692
39045471662044, 39045471668596, 6552
39045589444040, 39045589452996, 8956
39045754996860, 39045755008524, 11664
39045796332136, 39045796340140, 8004
39045830763212, 39045830770580, 7368
39045942550344, 39045942561120, 10776
39045982381248, 39045982388664, 7416
39046035274864, 39046035283360, 8496
39046042167784, 39046042175640, 7856
39046050285020, 39046050291616, 6596
39046057178368, 39046057185344, 6976
39046091613824, 39046091621692, 7868
39046118829052, 39046118836736, 7684
39046140645820, 39046140653920, 8100
39046219112272, 39046219119228, 6956
39046240913064, 39046240919736, 6672
39046319658832, 39046319669984, 11152
39046341449360, 39046341456656, 7296
39046371465804, 39046371473732, 7928
39046449796976, 39046449804620, 7644
39046502591044, 39046502598548, 7504
39046600315548, 39046600322960, 7412
39046634751816, 39046634760096, 8280
39046654688664, 39046654696760, 8096
39046659677660, 39046659685504, 7844
39046760540804, 39046760549024, 8220
39026896427720, 39026896441840, 14120
39026941124216, 39026941132588, 8372
39026994561692, 39026994570436, 8744
39027101928656, 39027101940640, 11984
39027124276868, 39027124285136, 8268
39027129853640, 39027129860376, 6736
39027135431856, 39027135438588, 6732
39027140952456, 39027140960824, 8368
39027168527012, 39027168534420, 7408
39027174118524, 39027174126960, 8436
39027194030048, 39027194039340, 9292
39027302047776, 39027302055436, 7660
39027313098848, 39027313106820, 7972
39027387422960, 39027387430752, 7792
39027421834784, 39027421843192, 8408
39027489707880, 39027489716368, 8488
39027530320844, 39027530329372, 8528
39027535922424, 39027535930680, 8256
39027562188864, 39027562197160, 8296
39027573258808, 39027573265828, 7020
39027582016600, 39027582024976, 8376
39027587617356, 39027587625488, 8132
39027590755696, 39027590762672, 6976
39027599506864, 39027599513868, 7004
39027608712008, 39027608718748, 6740
39027614290704, 39027614297292, 6588
39027614697772, 39027614704444, 6672
39027623452452, 39027623459240, 6788
39027630659504, 39027630667708, 8204
39027638642544, 39027638649708, 7164
39027644226964, 39027644234056, 7092
39027656170452, 39027656177280, 6828
39027673685960, 39027673693036, 7076
39027709794372, 39027709802324, 7952
39027715946048, 39027715954468, 8420
39027724721632, 39027724729768, 8136
39027728427096, 39027728433700, 6604
39027734003492, 39027734011468, 7976
39027734414584, 39027734421348, 6764
39027743179404, 39027743186236, 6832
39027758357672, 39027758364420, 6748
39027767111752, 39027767118484, 6732
39027772706400, 39027772714440, 8040
39027792617268, 39027792624360, 7092
39027798193888, 39027798201928, 8040
39027809267204, 39027809275364, 8160
39027907101456, 39027907110064, 8608
39027915855024, 39027915862776, 7752
39027925958628, 39027925965412, 6784
39027934711376, 39027934718108, 6732
39028032809548, 39028032817920, 8372
39028100152024, 39028100159768, 7744
39028207685340, 39028207693916, 8576
39028212666520, 39028212674564, 8044
39028223747512, 39028223754432, 6920
39028331371224, 39028331379244, 8020
39028345729620, 39028345737748, 8128
39028356938488, 39028356946964, 8476
39028363830936, 39028363837724, 6788
39028380875192, 39028380881936, 6744
39028387756728, 39028387763536, 6808
39028393350980, 39028393357744, 6764
39028404757744, 39028404764488, 6744
39028411640656, 39028411648024, 7368
39028433447088, 39028433454304, 7216
39028530273812, 39028530282116, 8304
39028537182868, 39028537190000, 7132
39028546435780, 39028546447236, 11456
39028737980388, 39028737991540, 11152
39028779761168, 39028779769980, 8812
39028860904852, 39028860912936, 8084
39028880806900, 39028880814132, 7232
39028948140684, 39028948148444, 7760
39028963427984, 39028963435136, 7152
39029030674584, 39029030682432, 7848
39029083472264, 39029083480256, 7992
39029110638472, 39029110646840, 8368
39029194920930, 39029194980280, 59350
39029855322684, 39029855326308, 3624
39030000926212, 39030000935932, 9720
39030002954900, 39030002961920, 7020
39030008531764, 39030008538504, 6740
39030084406344, 39030084414888, 8544
39030093179676, 39030093187548, 7872
39030098783124, 39030098790672, 7548
39030151601896, 39030151610236, 8340
39030172259344, 39030172266492, 7148
39030306241044, 39030306253208, 12164
39030328594184, 39030328602804, 8620
39030335491572, 39030335498504, 6932
39030341091280, 39030341098208, 6928
39030362100028, 39030362106992, 6964
39030367683296, 39030367691288, 7992
39030378762928, 39030378770340, 7412
39030505706644, 39030505718320, 11676
39030545516308, 39030545524020, 7712
39030566409928, 39030566417428, 7500
39030588210260, 39030588218536, 8276
39030695725188, 39030695734024, 8836
39030702612916, 39030702620944, 8028
39030703349632, 39030703356364, 6732
39030710230992, 39030710237676, 6684
39030807872440, 39030807880728, 8288
39030912548268, 39030912556532, 8264
39030918399928, 39030918407948, 8020
39030929477168, 39030929484840, 7672
39030950352920, 39030950360696, 7776
39030985337996, 39030985345072, 7076
39031006213596, 39031006221240, 7644
39031010496296, 39031010503032, 6736
39031016335360, 39031016343256, 7896
39031023235716, 39031023242756, 7040
39031132214960, 39031132226380, 11420
39031173524992, 39031173533140, 8148
39031182089160, 39031182095916, 6756
39031188973816, 39031188980956, 7140
39031194828724, 39031194836776, 8052
39031302943868, 39031302952040, 8172
39031316721020, 39031316728376, 7356
39031322569080, 39031322576976, 7896
39031325747272, 39031325754096, 6824
39031332633512, 39031332640136, 6624
39031350367192, 39031350374196, 7004
39031357256588, 39031357264208, 7620
39031368320108, 39031368328096, 7988
39031373632744, 39031373639640, 6896
39031380516648, 39031380523292, 6644
39031397573920, 39031397580744, 6824
39031404470860, 39031404477436, 6576
39031416553824, 39031416561920, 8096
39031421518844, 39031421525532, 6688
39031428403612, 39031428410180, 6568
39031445262548, 39031445270492, 7944
39031445463012, 39031445469692, 6680
39031452905404, 39031452912484, 7080
39031458758280, 39031458765124, 6844
39031463420048, 39031463426776, 6728
39031469404716, 39031469411228, 6512
39031476287940, 39031476294676, 6736
39031492120872, 39031492127540, 6668
39031493348160, 39031493354844, 6684
39031500233832, 39031500240764, 6932
39031505459540, 39031505466964, 7424
39031526342692, 39031526349632, 6940
39031539081252, 39031539088296, 7044
39031541234132, 39031541240740, 6608
39031548115012, 39031548121492, 6480
39031565176512, 39031565183360, 6848
39031572066004, 39031572072668, 6664
39031587322612, 39031587330416, 7804
39031589119896, 39031589126544, 6648
39031596007264, 39031596014168, 6904
39031672057060, 39031672065516, 8456
39031770387140, 39031770394388, 7248
39031804807740, 39031804815720, 7980
39031811700224, 39031811708252, 8028
39031833508212, 39031833516344, 8132
39031854396492, 39031854403576, 7084
39031868174980, 39031868183148, 8168
39031976302644, 39031976311016, 8372
39031983191460, 39031983199340, 7880
39032004992016, 39032004999044, 7028
39032011883884, 39032011891604, 7720
39032020093672, 39032020100788, 7116
39032026982132, 39032026989028, 6896
39032134611244, 39032134619476, 8232
39032213031504, 39032213039828, 8324
39032219940540, 39032219948724, 8184
39032287271380, 39032287279800, 8420
39032308173136, 39032308180688, 7552
39032328833628, 39032328840680, 7052
39032331350988, 39032331357772, 6784
39032338237768, 39032338245580, 7812
39032391216712, 39032391225388, 8676
39032413016944, 39032413024628, 7684
39032426800832, 39032426808984, 8152
39032427066216, 39032427072880, 6664
39032433956632, 39032433964384, 7752
39032439557120, 39032439563600, 6480
39032445181272, 39032445188768, 7496
39032456803404, 39032456810488, 7084
39032463709944, 39032463716468, 6524
39032469306784, 39032469313400, 6616
39032514856676, 39032514864740, 8064
39032535733832, 39032535740640, 6808
39032543037588, 39032543044836, 7248
39032610372868, 39032610380348, 7480
39032621446576, 39032621454488, 7912
39032628339188, 39032628346248, 7060
39032662783540, 39032662790520, 6980
39032673842524, 39032673850032, 7508
39032680746624, 39032680753700, 7076
39032690439256, 39032690446144, 6888
39032697321584, 39032697329672, 8088
39032786519568, 39032786528188, 8620
39032806436556, 39032806444528, 7972
39032873768792, 39032873776860, 8068
39032880675600, 39032880683304, 7704
39032905946564, 39032905957980, 11416
39034027279308, 39034027289700, 10392
39034506115472, 39034506124668, 9196
39034511953012, 39034511961428, 8416
39034589798336, 39034589806572, 8236
39034595399016, 39034595406760, 7744
39034606474776, 39034606482652, 7876
39034739512072, 39034739523404, 11332
39034781292476, 39034781300328, 7852
39034834166456, 39034834174656, 8200
39034854075480, 39034854082920, 7440
39034962158008, 39034962165548, 7540
39034973231352, 39034973238448, 7096
39034979087204, 39034979094320, 7116
39035013495912, 39035013504360, 8448
39035020384604, 39035020392344, 7740
39035120954000, 39035120961808, 7808
39035141841740, 39035141849752, 8012
39035163651388, 39035163658132, 6744
39035174467188, 39035174473844, 6656
39035195894896, 39035195901756, 6860
39035391957180, 39035391968544, 11364
39035435694724, 39035435702508, 7784
39035470675520, 39035470683712, 8192
39035480054700, 39035480062936, 8236
39035491714304, 39035491722580, 8276
39035500481192, 39035500489196, 8004
39035696620824, 39035696629304, 8480
39035707694940, 39035707703176, 8236
39035775000016, 39035775007584, 7568
39035786071436, 39035786079532, 8096
39035813282612, 39035813289888, 7276
39035880545020, 39035880552384, 7364
39035901436532, 39035901444932, 8400
39035979848040, 39035979856160, 8120
39036022470440, 39036022482640, 12200
39036130061052, 39036130069948, 8896
39036197919144, 39036197926676, 7532
39036305459548, 39036305467604, 8056
39036326368656, 39036326377100, 8444
39036404361900, 39036404369212, 7312
39036776598896, 39036776610280, 11384
39036838045144, 39036838053828, 8684
39036940244756, 39036940255028, 10272
39036980058148, 39036980066740, 8592
39037000440832, 39037000449456, 8624
39037007329992, 39037007337088, 7096
39037027250856, 39037027258076, 7220
39037034155560, 39037034163684, 8124
39037142232560, 39037142240500, 7940
39037153287016, 39037153294804, 7788
39037160201636, 39037160209984, 8348
39037228072892, 39037228081196, 8304
39037234960716, 39037234968488, 7772
39037263466404, 39037263478652, 12248
39037270359884, 39037270367304, 7420
39037337664360, 39037337672856, 8496
39037344556924, 39037344565292, 8368
39037359227664, 39037359238920, 11256
39037367994440, 39037368002064, 7624
39037383156832, 39037383163972, 7140
39037391913952, 39037391921672, 7720
39037407101280, 39037407109860, 8580
39037413990808, 39037413997752, 6944
39037431042132, 39037431049156, 7024
39037438491468, 39037438499448, 7980
39037449566044, 39037449574316, 8272
39037534805308, 39037534816964, 11656
39038067539624, 39038067550728, 11104
39038312639184, 39038312647964, 8780
39038318501720, 39038318510296, 8576
39038416276344, 39038416284012, 7668
39038582247392, 39038582258744, 11352
39038643480592, 39038643488824, 8232
39038696897668, 39038696906568, 8900
39038717561860, 39038717570008, 8148
39038723905940, 39038723913116, 7176
39038730791756, 39038730799980, 8224
39038739548600, 39038739556272, 7672
39038745398652, 39038745406720, 8068
39038747845492, 39038747852224, 6732
39038756601648, 39038756609796, 8148
39038771789864, 39038771796820, 6956
39038780545872, 39038780553552, 7680
39038801429024, 39038801435992, 6968
39038810202024, 39038810209968, 7944
39038821259000, 39038821266268, 7268
39038830031560, 39038830039748, 8188
39038836923416, 39038836931288, 7872
39038843618212, 39038843625196, 6984
39038850502836, 39038850509580, 6744
39038859257672, 39038859265780, 8108
39038867560360, 39038867567472, 7112
39038874447884, 39038874454560, 6676
39038891505660, 39038891512656, 6996
39038898392100, 39038898398812, 6712
39038902258648, 39038902266832, 8184
39038911009728, 39038911016568, 6840
39038915446936, 39038915453828, 6892
39038924195404, 39038924202000, 6596
39038930849864, 39038930857744, 7880
39038937267368, 39038937275032, 7664
39038939392092, 39038939400068, 7976
39038946281692, 39038946288508, 6816
39038955037456, 39038955044328, 6872
39038963332552, 39038963339112, 6560
39038972080020, 39038972087844, 7824
39038987275912, 39038987282936, 7024
39038996027464, 39038996034216, 6752
39039000763068, 39039000769852, 6784
39039027199004, 39039027210216, 11212
39039068012388, 39039068020272, 7884
39039079089720, 39039079098036, 8316
39039131944260, 39039131953244, 8984
39039166982356, 39039166990996, 8640
39039187473864, 39039187482324, 8460
39039992901216, 39039992912428, 11212
39040317073120, 39040317082364, 9244
39040328152836, 39040328160304, 7468
39040335046468, 39040335053932, 7464
39040355944720, 39040355951708, 6988
39040362849900, 39040362857740, 7840
39040571461420, 39040571473476, 12056
39040731072892, 39040731084112, 11220
39040772393104, 39040772401160, 8056
39040783582768, 39040783591072, 8304
39040792343852, 39040792351968, 8116
39040798199732, 39040798207864, 8132
39040806891140, 39040806898028, 6888
39040815649296, 39040815655928, 6632
39040821246524, 39040821254340, 7816
39040828137056, 39040828143616, 6560
39040830543992, 39040830551856, 7864
39040830828724, 39040830835292, 6568
39040837715332, 39040837722088, 6756
39040843317032, 39040843323808, 6776
39040852073216, 39040852079896, 6680
39040854772696, 39040854779552, 6856
39040863526952, 39040863535212, 8260
39040878716848, 39040878723944, 7096
39040887467304, 39040887473840, 6536
39040970697684, 39040970705196, 7512
39040981750084, 39040981758424, 8340
39041089286056, 39041089293764, 7708
39041095147232, 39041095155604, 8372
39041102043628, 39041102051248, 7620
39041118144836, 39041118151868, 7032
39041125030832, 39041125037428, 6596
39041129858388, 39041129865376, 6988
39041142089336, 39041142096344, 7008
39041148978812, 39041148986028, 7216
39041247393816, 39041247401392, 7576
39041268290532, 39041268298496, 7964
39041277051904, 39041277060176, 8272
39041304268728, 39041304277016, 8288
39041310127352, 39041310136020, 8668
39041317016000, 39041317023872, 7872
39041406594028, 39041406602340, 8312
39041413502052, 39041413509588, 7536
39041434957296, 39041434964376, 7080
39041440811624, 39041440818680, 7056
39041461721980, 39041461729740, 7760
39041470479112, 39041470486376, 7264
39041568339584, 39041568347004, 7420
39041589249896, 39041589257548, 7652
39041623665244, 39041623673420, 8176
39041630557844, 39041630565640, 7796
39041698442604, 39041698450356, 7752
39041725622612, 39041725630732, 8120
39041788298356, 39041788305572, 7216
39041815508196, 39041815516608, 8412
39041824267340, 39041824274596, 7256
39041877137640, 39041877144996, 7356
39041904337960, 39041904345776, 7816
39041974469432, 39041974477132, 7700
39042001673472, 39042001681972, 8500
39042027947188, 39042027955064, 7876
39042027979904, 39042027986200, 6296
39042036735520, 39042036742148, 6628
39042037955976, 39042037963576, 7600
39042058858480, 39042058865388, 6908
39042067614904, 39042067622792, 7888
39042075864092, 39042075870776, 6684
39042084617360, 39042084624076, 6716
39042211647988, 39042211656232, 8244
39042255405316, 39042255412360, 7044
39042322755680, 39042322763404, 7724
39043059476076, 39043059486940, 10864
39043194041652, 39043194050660, 9008
39043301571272, 39043301579760, 8488
39043321495820, 39043321504288, 8468
39043398506152, 39043398513416, 7264
39043476917792, 39043476925916, 8124
39043482519296, 39043482527400, 8104
39043590070164, 39043590078732, 8568
39043617290032, 39043617297992, 7960
39043628476436, 39043628484444, 8008
39043662900332, 39043662908348, 8016
39043668754156, 39043668761048, 6892
39043776912928, 39043776920484, 7556
39043787993468, 39043788001084, 7616
39043891496508, 39043891508292, 11784
39043933391004, 39043933400208, 9204
39043953302704, 39043953310344, 7640
39044006174068, 39044006182536, 8468
39044013065932, 39044013074108, 8176
39044015187500, 39044015194592, 7092
39044022076812, 39044022084012, 7200
39044041996848, 39044042004080, 7232
39044048882892, 39044048889768, 6876
39044150882492, 39044150894680, 12188
39044173797452, 39044173805348, 7896
39044208230724, 39044208238988, 8264
39044222018292, 39044222026660, 8368
39044329617948, 39044329625844, 7896
39044448106576, 39044448118308, 11732
39044489847716, 39044489855496, 7780
39044500931056, 39044500939808, 8752
39044507825800, 39044507833548, 7748
39044517932856, 39044517939672, 6816
39044524825288, 39044524833728, 8440
39044525916692, 39044525924928, 8236
39044553125104, 39044553133424, 8320
39044630952592, 39044630959996, 7404
39044741410196, 39044741421664, 11468
39044763215688, 39044763224344, 8656
39044777003016, 39044777010732, 7716
39044811462072, 39044811470008, 7936
39044818354820, 39044818363064, 8244
39044896221760, 39044896230204, 8444
39044907293972, 39044907301804, 7832
39044912872920, 39044912879604, 6684
39045262177972, 39045262188828, 10856
39045574089744, 39045574099180, 9436
39045601277656, 39045601285188, 7532
39045628841980, 39045628850532, 8552
39045639922024, 39045639930648, 8624
39045643254672, 39045643261884, 7212
39045650144632, 39045650151300, 6668
39045745239096, 39045745247444, 8348
39045765162876, 39045765171084, 8208
39045771014988, 39045771023444, 8456
39045838358840, 39045838366196, 7356
39045956521160, 39045956532516, 11356
39045997850656, 39045997858948, 8292
39046002400868, 39046002407696, 6828
39046009287492, 39046009294228, 6736
39046015828660, 39046015836872, 8212
39046035760176, 39046035768156, 7980
39046041619104, 39046041626632, 7528
39046139466676, 39046139473912, 7236
39046145322032, 39046145328928, 6896
39046243723456, 39046243732024, 8568
39046289732196, 39046289743980, 11784
39046648823860, 39046648835328, 11468
39046738942424, 39046738951136, 8712
39026704898490, 39026704934528, 36038
39026748791604, 39026748824796, 33192
39026804634484, 39026804645608, 11124
39026908383872, 39026908392388, 8516
39026942826320, 39026942834296, 7976
39027041198388, 39027041206884, 8496
39027048104308, 39027048112804, 8496
39027155656220, 39027155664296, 8076
39027234011844, 39027234019748, 7904
39027301285792, 39027301294168, 8376
39027341109748, 39027341117556, 7808
39027369649324, 39027369657396, 8072
39027375235200, 39027375243316, 8116
39027392754568, 39027392761828, 7260
39027398606672, 39027398613364, 6692
39027399211100, 39027399217684, 6584
39027407960520, 39027407967276, 6756
39027447218528, 39027447226332, 7804
39027455969080, 39027455975944, 6864
39027462379464, 39027462387232, 7768
39027467977468, 39027467984376, 6908
39027471040668, 39027471047528, 6860
39027479783496, 39027479790096, 6600
39027488997852, 39027489004568, 6716
39027494577152, 39027494585124, 7972
39027592386632, 39027592394680, 8048
39027595135764, 39027595143596, 7832
39027672974684, 39027672982456, 7772
39027678572044, 39027678579636, 7592
39027689635624, 39027689643616, 7992
39027698389032, 39027698397140, 8108
39027733369212, 39027733377192, 7980
39027800692748, 39027800701036, 8288
39027806550592, 39027806558612, 8020
39027815305452, 39027815313292, 7840
39027893150372, 39027893158496, 8124
39027915480364, 39027915488496, 8132
39027935408636, 39027935416600, 7964
39027946481688, 39027946488692, 7004
39027952334292, 39027952342488, 8196
39027961658276, 39027961665360, 7084
39027969853372, 39027969860184, 6812
39027973841912, 39027973848472, 6560
39027982598784, 39027982605584, 6800
39027997788360, 39027997795116, 6756
39028006540404, 39028006547300, 6896
39028007303744, 39028007309900, 6156
39028076995516, 39028077003932, 8416
39028082594720, 39028082601596, 6876
39028087570184, 39028087576676, 6492
39028093144708, 39028093151200, 6492
39028094050124, 39028094057928, 7804
39028102802364, 39028102809184, 6820
39028180605872, 39028180612856, 6984
39028191783808, 39028191791540, 7732
39028207286448, 39028207292992, 6544
39028213436032, 39028213443960, 7928
39028222191840, 39028222199264, 7424
39028237218860, 39028237225784, 6924
39028242801012, 39028242808816, 7804
39028262718004, 39028262724664, 6660
39028267143488, 39028267150036, 6548
39028272722072, 39028272728452, 6380
39028287759136, 39028287765804, 6668
39028322748412, 39028322755324, 6912
39028479036404, 39028479044264, 7860
39028490091924, 39028490099068, 7144
39028793850332, 39028793861228, 10896
39028897031564, 39028897039864, 8300
39028949888528, 39028949896824, 8296
39029028243532, 39029028250976, 7444
39030016941596, 39030016952516, 10920
39031770324344, 39031770334048, 9704
39031777231440, 39031777239316, 7876
39031780666124, 39031780673024, 6900
39031787547856, 39031787554348, 6492
39031805028156, 39031805035356, 7200
39031872320648, 39031872328664, 8016
39031970687788, 39031970695544, 7756
39032023519000, 39032023527000, 8000
39032036253680, 39032036261748, 8068
39032047308100, 39032047315848, 7748
39032053166472, 39032053173340, 6868
39032150985756, 39032150992752, 6996
39032162055288, 39032162062164, 6876
39032215453700, 39032215461764, 8064
39032237259468, 39032237267736, 8268
39032244173552, 39032244181528, 7976
39032322047040, 39032322053964, 6924
39032333100276, 39032333108448, 8172
39032398055052, 39032398063244, 8192
39032403656268, 39032403662860, 6592
39032570733652, 39032570745656, 12004
39032612056288, 39032612063968, 7680
39032710425352, 39032710433268, 7916
39032777707556, 39032777716020, 8464
39032855572876, 39032855581000, 8124
39032875499232, 39032875506856, 7624
39032881350420, 39032881358148, 7728
39032979646892, 39032979654684, 7792
39033000331460, 39033000338888, 7428
39033001699704, 39033001706324, 6620
39033008583564, 39033008590220, 6656
39033018304156, 39033018310928, 6772
39033025641868, 39033025648316, 6448
39033032530344, 39033032537196, 6852
39033038388812, 39033038396544, 7732
39033049584328, 39033049590996, 6668
39033056476356, 39033056484140, 7784
39033059705940, 39033059712596, 6656
39033075731572, 39033075738728, 7156
39033082613692, 39033082620388, 6696
39033093690960, 39033093698612, 7652
39033099275324, 39033099282236, 6912
39033106176216, 39033106184368, 8152
39033114932996, 39033114940140, 7144
39033115427512, 39033115434352, 6840
39033121005468, 39033121012344, 6876
39033121414992, 39033121421504, 6512
39033130165664, 39033130173780, 8116
39033198060024, 39033198068312, 8288
39033206819028, 39033206826688, 7660
39033212418004, 39033212425980, 7976
39033226203780, 39033226210796, 7016
39033293532856, 39033293540776, 7920
39033300422468, 39033300430248, 7780
39033306023780, 39033306031968, 8188
39033312957528, 39033312964188, 6660
39033320958092, 39033320968856, 10764
39033388281624, 39033388290160, 8536
39033393885040, 39033393893176, 8136
39033400797672, 39033400805620, 7948
39033414720156, 39033414727348, 7192
39033420317200, 39033420324272, 7072
39033427227472, 39033427234712, 7240
39033444648176, 39033444654892, 6716
39033450806836, 39033450813732, 6896
39033500722852, 39033500730384, 7532
39033535142276, 39033535150288, 8012
39033546317752, 39033546325020, 7268
39033564364084, 39033564371128, 7044
39033569951368, 39033569959420, 8052
39033597155400, 39033597162264, 6864
39033602757320, 39033602765152, 7832
39033613820336, 39033613828284, 7948
39033624227800, 39033624236028, 8228
39033632987504, 39033632996124, 8620
39033648167604, 39033648174628, 7024
39033656918752, 39033656925620, 6868
39033723008796, 39033723017376, 8580
39033812225856, 39033812233364, 7508
39033910049004, 39033910056768, 7764
39033921111960, 39033921120260, 8300
39033999500296, 39033999508012, 7716
39034007314740, 39034007322384, 7644
39034041232652, 39034041243976, 11324
39034075666520, 39034075674344, 7824
39034103104240, 39034103115252, 11012
39034111872636, 39034111881268, 8632
39034127039304, 39034127042388, 3084
39034133929040, 39034133938372, 9332
39034142999228, 39034143010452, 11224
39034150972596, 39034150980036, 7440
39034218848464, 39034218856480, 8016
39034253269676, 39034253277904, 8228
39034267068812, 39034267076420, 7608
39034272928464, 39034272935716, 7252
39034279818728, 39034279826000, 7272
39034332657160, 39034332665164, 8004
39034353524976, 39034353532036, 7060
39034359375616, 39034359384008, 8392
39034426801432, 39034426809116, 7684
39034437862380, 39034437869592, 7212
39034472855040, 39034472862484, 7444
39034540127496, 39034540135224, 7728
39034561945388, 39034561953188, 7800
39034602767356, 39034602775664, 8308
39034608628808, 39034608637044, 8236
39034960994324, 39034961005092, 10768
39035127223692, 39035127231852, 8160
39035132567528, 39035132574200, 6672
39035141319612, 39035141326196, 6584
39035141850492, 39035141857948, 7456
39035152930944, 39035152938536, 7592
39035187349360, 39035187357708, 8348
39035265705984, 39035265714128, 8144
39035385971576, 39035385983176, 11600
39035588432168, 39035588441240, 9072
39035622847816, 39035622855740, 7924
39035643749364, 39035643757884, 8520
39035665555964, 39035665563048, 7084
39035743958144, 39035743966124, 7980
39035796791332, 39035796799032, 7700
39035916710684, 39035916722796, 12112
39035969777908, 39035969786508, 8600
39035970573904, 39035970580580, 6676
39035979328320, 39035979335060, 6740
39035994533744, 39035994545112, 11368
39036024464976, 39036024476832, 11856
39036091798280, 39036091806112, 7832
39036126824400, 39036126832304, 7904
39036132676756, 39036132683672, 6916
39036138173548, 39036138180112, 6564
39036146933904, 39036146942336, 8432
39036267873724, 39036267884864, 11140
39036320396604, 39036320405056, 8452
39036327286028, 39036327294128, 8100
39036523208484, 39036523219872, 11388
39036725595060, 39036725603368, 8308
39036731450000, 39036731456928, 6928
39036752330252, 39036752338580, 8328
39036859924784, 39036859932696, 7912
39036870979492, 39036870987592, 8100
39036969222564, 39036969230236, 7672
39037010998344, 39037011005664, 7320
39037117798652, 39037117809268, 10616
39037179046760, 39037179054424, 7664
39037214021256, 39037214029112, 7856
39037311803724, 39037311811744, 8020
39037325580500, 39037325587696, 7196
39037346462084, 39037346469056, 6972
39037380872148, 39037380879296, 7148
39037394651380, 39037394658376, 6996
39037493053588, 39037493061400, 7812
39037513945548, 39037513953512, 7964
39037620591168, 39037620602592, 11424
39037661887872, 39037661895592, 7720
39037715300812, 39037715309104, 8292
39037735216888, 39037735225072, 8184
39037738305264, 39037738312196, 6932
39037758207468, 39037758215500, 8032
39037865795304, 39037865803376, 8072
39037873652388, 39037873659372, 6984
39037873984840, 39037873993308, 8468
39037895783192, 39037895790060, 6868
39038017666148, 39038017677996, 11848
39038024561668, 39038024569368, 7700
39038102421600, 39038102429964, 8364
39038265068716, 39038265080272, 11556
39038352563464, 39038352571408, 7944
39038363640600, 39038363647904, 7304
39038416508476, 39038416515992, 7516
39038430269928, 39038430277216, 7288
39038450742240, 39038450749968, 7728
39038471624952, 39038471632732, 7780
39038477482992, 39038477490144, 7152
39038484475360, 39038484482212, 6852
39038504344444, 39038504351372, 6928
39038531761368, 39038531768304, 6936
39038552629548, 39038552637008, 7460
39038619917492, 39038619924796, 7304
39038625771768, 39038625778512, 6744
39038646668176, 39038646674932, 6756
39038714543952, 39038714551684, 7732
39038725599880, 39038725607920, 8040
39038739216992, 39038739224160, 7168
39038773624648, 39038773632308, 7660
39038778392148, 39038778400152, 8004
39038785282864, 39038785290896, 8032
39038795732856, 39038795739876, 7020
39038802618632, 39038802625608, 6976
39038899773836, 39038899781748, 7912
39038919687928, 39038919695756, 7828
39038926574548, 39038926581276, 6728
39039034680924, 39039034688916, 7992
39039101980628, 39039101988476, 7848
39039121886808, 39039121894876, 8068
39039142775264, 39039142783340, 8076
39039170323164, 39039170330132, 6968
39039238161864, 39039238169088, 7224
39039258054028, 39039258061584, 7556
39039355815976, 39039355823704, 7728
39039366881368, 39039366889096, 7728
39039386795156, 39039386802888, 7732
39039392399024, 39039392407312, 8288
39039409898940, 39039409906440, 7500
39039430801452, 39039430809432, 7980
39039436962424, 39039436969152, 6728
39039456873708, 39039456880972, 7264
39039460149232, 39039460156048, 6816
39039465734752, 39039465741596, 6844
39039486633988, 39039486641632, 7644
39039504141544, 39039504148256, 6712
39039514021452, 39039514028212, 6760
39039522775688, 39039522782484, 6796
39039533937768, 39039533945348, 7580
39039537962872, 39039537969636, 6764
39039546710692, 39039546718496, 7804
39039549933948, 39039549940960, 7012
39039555511968, 39039555518744, 6776
39039576405044, 39039576413060, 8016
39039587459300, 39039587467672, 8372
39039596227684, 39039596235552, 7868
39039694544708, 39039694552736, 8028
39039734364052, 39039734371684, 7632
39039747288424, 39039747296392, 7968
39039854874544, 39039854882660, 8116
39039860476272, 39039860484376, 8104
39039927793136, 39039927800860, 7724
39039934202584, 39039934209708, 7124
39040041762592, 39040041771000, 8408
39040081615996, 39040081623956, 7960
39040148956064, 39040148963920, 7856
39040154197392, 39040154205128, 7736
39040252596188, 39040252603596, 7408
39040360129768, 39040360137832, 8064
39040365713484, 39040365720612, 7128
39040418657112, 39040418665268, 8156
39040441019312, 39040441026348, 7036
39040548546820, 39040548554040, 7220
39040568467464, 39040568474856, 7392
39040579544912, 39040579552068, 7156
39040587406252, 39040587412988, 6736
39042012038604, 39042012049968, 11364
39042404937784, 39042404946740, 8956
39042410536800, 39042410543708, 6908
39042416385352, 39042416393400, 8048
39042425715340, 39042425722204, 6864
39042434965640, 39042434977292, 11652
39042452928824, 39042452939732, 10908
39042458899408, 39042458906788, 7380
39042467650816, 39042467658172, 7356
39042575205604, 39042575214432, 8828
39042648304108, 39042648311904, 7796
39042669220400, 39042669227504, 7104
39042737156644, 39042737165308, 8664
39042764358316, 39042764365144, 6828
39042831525488, 39042831532820, 7332
39042939652204, 39042939660204, 8000
39043773785156, 39043773795920, 10764
39044247309944, 39044247318856, 8912
39044325187992, 39044325195960, 7968
39044761359388, 39044761370428, 11040
39044972867712, 39044972870940, 3228
39045756994700, 39045756998176, 3476
39046303708720, 39046303720112, 11392
39046455269904, 39046455280904, 11000
39046589707916, 39046589716624, 8708
