39022679030496, 39022679038276, 7780
39026692912504, 39026692917390, 4886
39026792660236, 39026792663160, 2924
39026801425540, 39026801431444, 5904
39026810172416, 39026810177344, 4928
39026818929940, 39026818934884, 4944
39026827680772, 39026827685804, 5032
39026836423504, 39026836427236, 3732
39026845187260, 39026845195416, 8156
39026923083188, 39026923090952, 7764
39026991032940, 39026991039900, 6960
39027002097744, 39027002104260, 6516
39027079974016, 39027079982256, 8240
39027088743560, 39027088747296, 3736
39027097491200, 39027097498716, 7516
39027111894940, 39027111896248, 1308
39027120647432, 39027120653444, 6012
39027173642012, 39027173650632, 8620
39027281498896, 39027281500956, 2060
39027290255664, 39027290262308, 6644
39027299003584, 39027299008332, 4748
39027307769692, 39027307774512, 4820
39027316515508, 39027316520200, 4692
39027325263712, 39027325268252, 4540
39027334028336, 39027334031924, 3588
39027342777176, 39027342785544, 8368
39027410153856, 39027410160376, 6520
39027415755256, 39027415762492, 7236
39027426819164, 39027426827740, 8576
39027435601776, 39027435607952, 6176
39027441204660, 39027441210912, 6252
39027549443244, 39027549449700, 6456
39027555047324, 39027555053852, 6528
39027622405356, 39027622410020, 4664
39027689765912, 39027689773556, 7644
39027788193044, 39027788199456, 6412
39027796968744, 39027796976836, 8092
39027889081948, 39027889087892, 5944
39027909011156, 39027909016676, 5520
39027943447548, 39027943455768, 8220
39027949051824, 39027949058948, 7124
39028002511264, 39028002517320, 6056
39028008110824, 39028008115572, 4748
39028013682872, 39028013690048, 7176
39028027712836, 39028027714080, 1244
39028033287400, 39028033293720, 6320
39028117515104, 39028117520144, 5040
39028126277028, 39028126291004, 13976
39028215281608, 39028215284628, 3020
39028282653512, 39028282659528, 6016
39028350022604, 39028350027256, 4652
39028417480576, 39028417488404, 7828
39028423082564, 39028423089820, 7256
39028428935616, 39028428942000, 6384
39028472622348, 39028472624996, 2648
39028479515800, 39028479521328, 5528
39028486394112, 39028486401392, 7280
39028507311916, 39028507318228, 6312
39028514201456, 39028514209200, 7744
39028536046548, 39028536054952, 8404
39028644190324, 39028644192288, 1964
39028652936260, 39028652941420, 5160
39028661674400, 39028661679008, 4608
39028670423692, 39028670427524, 3832
39028679155532, 39028679159184, 3652
39028687886064, 39028687890472, 4408
39028696643864, 39028696647176, 3312
39028705391360, 39028705397168, 5808
39028711794612, 39028711801368, 6756
39028789716492, 39028789723316, 6824
39028817793588, 39028817796452, 2864
39028839568008, 39028839575188, 7180
39028917419572, 39028917428004, 8432
39028924339436, 39028924345868, 6432
39028931503820, 39028931505156, 1336
39028938391992, 39028938398396, 6404
39028955453100, 39028955459788, 6688
39028964773388, 39028964786324, 12936
39029051229528, 39029051232484, 2956
39029056814516, 39029056819980, 5464
39029062401292, 39029062405536, 4244
39029067988832, 39029067995816, 6984
39029075160484, 39029075161820, 1336
39029080737416, 39029080743772, 6356
39029280678836, 39029280681580, 2744
39029302473328, 39029302482840, 9512
39029380378204, 39029380383444, 5240
39029402208208, 39029402214884, 6676
39029409118096, 39029409124420, 6324
39029443554764, 39029443561256, 6492
39029452332888, 39029452339336, 6448
39029458749360, 39029458756632, 7272
39029465640488, 39029465648492, 8004
39029476723916, 39029476731820, 7904
39029482197104, 39029482198404, 1300
39029489082180, 39029489087592, 5412
39029591292908, 39029591297868, 4960
39029698921976, 39029698928440, 6464
39029726701188, 39029726709136, 7948
39029733615688, 39029733624336, 8648
39029744681688, 39029744688016, 6328
39029745566604, 39029745567664, 1060
39029752450688, 39029752456072, 5384
39029769514692, 39029769515964, 1272
39029796708348, 39029796715644, 7296
39029802565372, 39029802571852, 6480
39029809476076, 39029809480660, 4584
39029816358332, 39029816364908, 6576
39029817397428, 39029817398460, 1032
39029824281004, 39029824287932, 6928
39029833043240, 39029833046896, 3656
39029841812628, 39029841816044, 3416
39029850554740, 39029850558332, 3592
39029859319588, 39029859326116, 6528
39029866213540, 39029866217756, 4216
39029873091492, 39029873097904, 6412
39029881873864, 39029881879596, 5732
39029889225792, 39029889226892, 1100
39029897223372, 39029897227956, 4584
39029994982988, 39029994986128, 3140
39030022185432, 39030022192360, 6928
39030026895996, 39030026897176, 1180
39030054100780, 39030054107312, 6532
39030059702944, 39030059711436, 8492
39030062810180, 39030062811208, 1028
39030068385504, 39030068391076, 5572
39030069567860, 39030069573544, 5684
39032000160948, 39032000163768, 2820
39032008919856, 39032008925716, 5860
39032017669344, 39032017674076, 4732
39032026439740, 39032026444244, 4504
39032035191552, 39032035196152, 4600
39032043944572, 39032043948880, 4308
39032052708952, 39032052713456, 4504
39032061459796, 39032061464224, 4428
39032070226940, 39032070231308, 4368
39032078972084, 39032078976132, 4048
39032087716708, 39032087720952, 4244
39032096484948, 39032096489120, 4172
39032105230892, 39032105235100, 4208
39032114000216, 39032114004564, 4348
39032122747824, 39032122752100, 4276
39032131495724, 39032131499900, 4176
39032140262436, 39032140266676, 4240
39032149009724, 39032149013916, 4192
39032157773536, 39032157778168, 4632
39032166523236, 39032166527520, 4284
39032175271264, 39032175275580, 4316
39032184039760, 39032184044188, 4428
39032192788732, 39032192793100, 4368
39032202118104, 39032202122676, 4572
39032210864940, 39032210869400, 4460
39032219627956, 39032219632656, 4700
39032228374104, 39032228378412, 4308
39032237123024, 39032237127284, 4260
39032245895444, 39032245899928, 4484
39032254646048, 39032254650676, 4628
39032263392772, 39032263397452, 4680
39032272162832, 39032272167040, 4208
39032280908892, 39032280913136, 4244
39032289675508, 39032289679684, 4176
39032298424192, 39032298428332, 4140
39032307170496, 39032307175068, 4572
39032315937084, 39032315941564, 4480
39032324683172, 39032324687896, 4724
39032333449356, 39032333453344, 3988
39032342195908, 39032342200092, 4184
39032350942224, 39032350946352, 4128
39032359708716, 39032359712744, 4028
39032368459156, 39032368463524, 4368
39032377204364, 39032377208852, 4488
39032386067088, 39032386071292, 4204
39032394816828, 39032394821388, 4560
39032403583180, 39032403587916, 4736
39032412334092, 39032412338588, 4496
39032421105132, 39032421109656, 4524
39032429850980, 39032429855752, 4772
39032438597488, 39032438601852, 4364
39032447363840, 39032447368176, 4336
39032456671260, 39032456675536, 4276
39032465438128, 39032465442436, 4308
39032474184448, 39032474188132, 3684
39032482947688, 39032482951932, 4244
39032491690856, 39032491694688, 3832
39032500431600, 39032500435732, 4132
39032509190052, 39032509193496, 3444
39032517926748, 39032517931176, 4428
39032526665544, 39032526669740, 4196
39032535424912, 39032535429008, 4096
39032544167840, 39032544171956, 4116
39032552934368, 39032552938936, 4568
39032561679636, 39032561683764, 4128
39032570427360, 39032570430988, 3628
39032579189732, 39032579193988, 4256
39032587936876, 39032587940940, 4064
39032596706668, 39032596711220, 4552
39032605456028, 39032605460708, 4680
39032614203212, 39032614207840, 4628
39032622966988, 39032622971784, 4796
39032631718148, 39032631722264, 4116
39032640462344, 39032640466792, 4448
39032649228932, 39032649233384, 4452
39032657975388, 39032657979624, 4236
39032666739288, 39032666743896, 4608
39032675488576, 39032675492732, 4156
39032684233156, 39032684237252, 4096
39032692996668, 39032693000964, 4296
39032702294472, 39032702298880, 4408
39032711053604, 39032711058124, 4520
39032719794636, 39032719798996, 4360
39032728560676, 39032728565328, 4652
39032737300020, 39032737304028, 4008
39032746040972, 39032746045312, 4340
39032754801840, 39032754806212, 4372
39032763544460, 39032763548652, 4192
39032772311556, 39032772316128, 4572
39032781058944, 39032781062888, 3944
39032789804832, 39032789809592, 4760
39032798567540, 39032798571204, 3664
39032807316656, 39032807320600, 3944
39032816064688, 39032816069328, 4640
39032824827432, 39032824831844, 4412
39032833578216, 39032833582584, 4368
39032842347236, 39032842351516, 4280
39032851094356, 39032851098484, 4128
39032859837324, 39032859841508, 4184
39032868605864, 39032868610140, 4276
39032877351632, 39032877356148, 4516
39032886112624, 39032886116688, 4064
39032894854988, 39032894858524, 3536
39032903595660, 39032903598628, 2968
39032912352136, 39032912356224, 4088
39032921088988, 39032921092620, 3632
39032929827380, 39032929830984, 3604
39032938581256, 39032938584856, 3600
39032947321428, 39032947325128, 3700
39032956633104, 39032956636712, 3608
39032965371716, 39032965375872, 4156
39032974133156, 39032974136704, 3548
39032982872376, 39032982875880, 3504
39032991617944, 39032991622164, 4220
39033000381460, 39033000385868, 4408
39033009126768, 39033009131352, 4584
39033017891276, 39033017895836, 4560
39033026639396, 39033026644016, 4620
39033035385296, 39033035389592, 4296
39033044153084, 39033044156964, 3880
39033052903856, 39033052908428, 4572
39033061669988, 39033061674088, 4100
39033070416288, 39033070420492, 4204
39033079167400, 39033079172072, 4672
39033087934124, 39033087938600, 4476
39033096678260, 39033096684476, 6216
39033174583148, 39033174591520, 8372
39033179653356, 39033179662132, 8776
39033186552488, 39033186558944, 6456
39033240005092, 39033240012212, 7120
39033317900076, 39033317907332, 7256
39033418622732, 39033418629356, 6624
39033458143128, 39033458150548, 7420
39033465049332, 39033465053880, 4548
39033471928136, 39033471934036, 5900
39033483005484, 39033483012672, 7188
39033488611140, 39033488617956, 6816
39033494447928, 39033494454580, 6652
39033602107100, 39033602114764, 7664
39033610891584, 39033610896416, 4832
39033771872344, 39033771875804, 3460
39033799057236, 39033799062736, 5500
39033826252052, 39033826256584, 4532
39033853439196, 39033853446540, 7344
39033920821324, 39033920828128, 6804
39033974244048, 39033974252172, 8124
39033995124688, 39033995131424, 6736
39034000723816, 39034000731376, 7560
39034108376816, 39034108383824, 7008
39034113979568, 39034113986348, 6780
39034133988568, 39034133991872, 3304
39034240760964, 39034240763456, 2492
39034249513288, 39034249519484, 6196
39034258266776, 39034258271252, 4476
39034267036904, 39034267041388, 4484
39034275782248, 39034275786844, 4596
39034284529532, 39034284534284, 4752
39034293296756, 39034293304428, 7672
39034298904924, 39034298913836, 8912
39034404306768, 39034404309540, 2772
39034413067248, 39034413073108, 5860
39034421814692, 39034421819380, 4688
39034430584424, 39034430588948, 4524
39034439330368, 39034439334536, 4168
39034448657376, 39034448661752, 4376
39034555941704, 39034555943684, 1980
39034564705312, 39034564710860, 5548
39034573448728, 39034573453236, 4508
39034582209700, 39034582214596, 4896
39034590959484, 39034590964312, 4828
39034599703096, 39034599707580, 4484
39034608466724, 39034608471016, 4292
39034617214796, 39034617223488, 8692
39034695624320, 39034695632344, 8024
39034715511040, 39034715517456, 6416
39034726577236, 39034726584276, 7040
39034753484084, 39034753489196, 5112
39034773421948, 39034773434368, 12420
39034840778296, 39034840789664, 11368
39034877191896, 39034877199136, 7240
39034945080240, 39034945092968, 12728
39034980933408, 39034980937388, 3980
39035048265900, 39035048276460, 10560
39035084681136, 39035084687780, 6644
39035152023716, 39035152035128, 11412
39035984552660, 39035984555320, 2660
39035990136564, 39035990141160, 4596
39035995720456, 39035995724628, 4172
39036001306848, 39036001310488, 3640
39036006890560, 39036006893672, 3112
39036012467912, 39036012472636, 4724
39036018032872, 39036018036476, 3604
39036023616812, 39036023621184, 4372
39036029202872, 39036029207032, 4160
39036034794760, 39036034799496, 4736
39036040369896, 39036040373524, 3628
39036045960192, 39036045964556, 4364
39036051548060, 39036051552556, 4496
39036057135800, 39036057140136, 4336
39036062723636, 39036062727992, 4356
39036068293000, 39036068297352, 4352
39036073880468, 39036073884872, 4404
39036079471516, 39036079475412, 3896
39036085062032, 39036085066832, 4800
39036090647736, 39036090652332, 4596
39036096217824, 39036096222164, 4340
39036101810012, 39036101814644, 4632
39036107403120, 39036107407528, 4408
39036112990036, 39036112994104, 4068
39036118578576, 39036118582892, 4316
39036124151204, 39036124155740, 4536
39036129741496, 39036129745760, 4264
39036135331712, 39036135336052, 4340
39036140921728, 39036140926512, 4784
39036146512540, 39036146517352, 4812
39036152084116, 39036152088136, 4020
39036157677868, 39036157680904, 3036
39036163267676, 39036163275780, 8104
39036263893820, 39036263897348, 3528
39036284796772, 39036284806612, 9840
39036352168616, 39036352173468, 4852
39036519211944, 39036519214704, 2760
39036527971132, 39036527976420, 5288
39036536717068, 39036536721752, 4684
39036545481852, 39036545486208, 4356
39036554223736, 39036554228180, 4444
39036562973344, 39036562977932, 4588
39036571734280, 39036571738328, 4048
39036580485508, 39036580492904, 7396
39036607710172, 39036607717160, 6988
39036642160784, 39036642167452, 6668
39036716749532, 39036716752496, 2964
39036725517276, 39036725521636, 4360
39036734261240, 39036734265464, 4224
39036743022684, 39036743026284, 3600
39036751764180, 39036751772656, 8476
39036819169864, 39036819177128, 7264
39036840074444, 39036840081232, 6788
39036940211696, 39036940215860, 4164
39037022018184, 39037022025744, 7560
39037099887532, 39037099898840, 11308
39037107317044, 39037107326028, 8984
39037114217256, 39037114228960, 11704
39037135133776, 39037135145316, 11540
39037142050268, 39037142061408, 11140
39037147914960, 39037147924088, 9128
39037168817644, 39037168829408, 11764
39037175733632, 39037175744228, 10596
39037254190948, 39037254202772, 11824
39037453205696, 39037453208688, 2992
39037475033972, 39037475039560, 5588
39037496827916, 39037496832528, 4612
39037518640036, 39037518648016, 7980
39037566724360, 39037566727372, 3012
39037803350544, 39037803354268, 3724
39037870717808, 39037870723032, 5224
39037938714512, 39037938719668, 5156
39038006059440, 39038006063788, 4348
39038073386716, 39038073391000, 4284
39038140743512, 39038140747620, 4108
39038208568596, 39038208573408, 4812
39038275899320, 39038275907240, 7920
39038282797868, 39038282806328, 8460
39038302735348, 39038302741152, 5804
39038370100028, 39038370108188, 8160
39039980927192, 39039980930068, 2876
39040002724200, 39040002729748, 5548
39040024549036, 39040024553672, 4636
39040046360028, 39040046364864, 4836
39040068168264, 39040068173372, 5108
39040089974008, 39040089978400, 4392
39040111776320, 39040111780764, 4444
39040133584864, 39040133589556, 4692
39040155391456, 39040155395668, 4212
39040177190596, 39040177194764, 4168
39040199552284, 39040199556944, 4660
39040221362112, 39040221366380, 4268
39040243162368, 39040243166208, 3840
39040264947208, 39040264951088, 3880
39040286734032, 39040286738620, 4588
39040308521084, 39040308525228, 4144
39040330328668, 39040330332792, 4124
39040352134444, 39040352138516, 4072
39040374027628, 39040374031420, 3792
39040395813840, 39040395818116, 4276
39040417625256, 39040417632748, 7492
39040423229176, 39040423233404, 4228
39040428820104, 39040428827472, 7368
39040438154044, 39040438160740, 6696
39040467709872, 39040467712420, 2548
39040477671900, 39040477676204, 4304
39040483251476, 39040483262348, 10872
39040581091956, 39040581104132, 12176
39040586702024, 39040586710740, 8716
39040592300628, 39040592312784, 12156
39040599203856, 39040599215020, 11164
39040615347992, 39040615355548, 7556
39040627323408, 39040627327824, 4416
39040639293744, 39040639301476, 7732
39041986094584, 39041986097476, 2892
39042006032748, 39042006038424, 5676
39042025943488, 39042025948184, 4696
39042045870460, 39042045875352, 4892
39042065796084, 39042065800648, 4564
39042085719524, 39042085723788, 4264
39042105638656, 39042105642676, 4020
39042125545952, 39042125550588, 4636
39042145459972, 39042145464540, 4568
39042165373684, 39042165378236, 4552
39042185873584, 39042185878348, 4764
39042205793920, 39042205798592, 4672
39042225715464, 39042225719920, 4456
39042245635964, 39042245640144, 4180
39042265557388, 39042265561724, 4336
39042285479760, 39042285484328, 4568
39042305402160, 39042305406672, 4512
39042325322232, 39042325326376, 4144
39042345239492, 39042345243964, 4472
39042365265028, 39042365269760, 4732
39042385175296, 39042385179644, 4348
39042405078708, 39042405083288, 4580
39042425542580, 39042425547540, 4960
39042445433700, 39042445437704, 4004
39042465322692, 39042465326860, 4168
39042485222152, 39042485226532, 4380
39042505130520, 39042505135052, 4532
39042525046668, 39042525050676, 4008
39042657339168, 39042657344884, 5716
39042664221532, 39042664225828, 4296
39042671120916, 39042671125472, 4556
39042678598020, 39042678602472, 4452
39042685479976, 39042685484392, 4416
39042692374048, 39042692381480, 7432
39042703443568, 39042703449624, 6056
39042710351520, 39042710357840, 6320
39042722269928, 39042722275744, 5816
39042731034276, 39042731046916, 12640
39042818050728, 39042818053600, 2872
39042837932780, 39042837937812, 5032
39042857833276, 39042857840572, 7296
39042868910456, 39042868918164, 7708
39042893857524, 39042893859032, 1508
39042913759740, 39042913766052, 6312
39042919618096, 39042919625032, 6936
39042927088112, 39042927094516, 6404
39042961706044, 39042961711488, 5444
39042968601216, 39042968611560, 10344
39042985637296, 39042985643128, 5832
39042992522460, 39042992532788, 10328
39043059885548, 39043059898888, 13340
39043066787804, 39043066800108, 12304
39043072650048, 39043072661132, 11084
39043099877116, 39043099889304, 12188
39043119813640, 39043119824772, 11132
39043126709476, 39043126718388, 8912
39043133613160, 39043133621700, 8540
39043140493460, 39043140503700, 10240
39043151578560, 39043151589964, 11404
39043153239480, 39043153244640, 5160
39043160126148, 39043160136728, 10580
39043187906660, 39043187917696, 11036
39043584222120, 39043584224560, 2440
39043591106676, 39043591112388, 5712
39043597986792, 39043597991472, 4680
39043604887568, 39043604891408, 3840
39043611768088, 39043611771764, 3676
39043618667252, 39043618671572, 4320
39043625545080, 39043625549352, 4272
39043632442216, 39043632446720, 4504
39043639321332, 39043639324944, 3612
39043646218596, 39043646223108, 4512
39043653097052, 39043653101676, 4624
39043659974212, 39043659978120, 3908
39043666870988, 39043666875292, 4304
39043674315152, 39043674319364, 4212
39043681192604, 39043681197172, 4568
39043688088880, 39043688093024, 4144
39043694965328, 39043694968896, 3568
39043701848320, 39043701852480, 4160
39043708743012, 39043708747260, 4248
39043715618660, 39043715623076, 4416
39043722518440, 39043722522328, 3888
39043729398416, 39043729402784, 4368
39043736293856, 39043736297912, 4056
39043743175932, 39043743183156, 7224
39043748778140, 39043748786280, 8140
39043801651216, 39043801659836, 8620
39043868975876, 39043868983308, 7432
39043874574604, 39043874578888, 4284
39043880160644, 39043880168020, 7376
39043889495768, 39043889502784, 7016
39043903467000, 39043903471532, 4532
39043971407156, 39043971420028, 12872
39043978308004, 39043978320208, 12204
39044007469312, 39044007475548, 6236
39044013052652, 39044013057980, 5328
39044018642120, 39044018650076, 7956
39044039131252, 39044039132512, 1260
39044044709392, 39044044715212, 5820
39044050567888, 39044050574720, 6832
39044158168916, 39044158174352, 5436
39044164026308, 39044164032440, 6132
39044171495988, 39044171502376, 6388
39044269438936, 39044269447632, 8696
39044296664440, 39044296671540, 7100
39044349519632, 39044349541404, 21772
39044354381720, 39044354383064, 1344
39044496000484, 39044496003912, 3428
39044517800284, 39044517805540, 5256
39044539607468, 39044539615296, 7828
39044659599444, 39044659602444, 3000
39044666491860, 39044666497064, 5204
39044673944700, 39044673948772, 4072
39044680821172, 39044680824648, 3476
39044687717008, 39044687720308, 3300
39044694591552, 39044694595804, 4252
39044701497832, 39044701506616, 8784
39044709476460, 39044709477812, 1352
39044716362392, 39044716367636, 5244
39044786309520, 39044786317952, 8432
39044793201712, 39044793209568, 7856
39044814127188, 39044814134880, 7692
39044835945696, 39044835953504, 7808
39044940948020, 39044940950172, 2152
39044947835608, 39044947840916, 5308
39044954708692, 39044954712556, 3864
39044961593888, 39044961597916, 4028
39044968461644, 39044968465628, 3984
39044975345972, 39044975349732, 3760
39045066487708, 39045066496868, 9160
39045086432988, 39045086440080, 7092
39045120888724, 39045120895596, 6872
39045126491028, 39045126496068, 5040
39045230243088, 39045230244884, 1796
39045250147760, 39045250152716, 4956
39045270067664, 39045270072356, 4692
39045289991212, 39045289998624, 7412
39045324138076, 39045324144640, 6564
39045445730196, 39045445733248, 3052
39045513075968, 39045513081420, 5452
39045580415996, 39045580421864, 5868
39045663214540, 39045663222412, 7872
39045741662732, 39045741675972, 13240
39045768872780, 39045768885180, 12400
39046006395232, 39046006398276, 3044
39046073751012, 39046073756552, 5540
39046141096868, 39046141101552, 4684
39046209016176, 39046209019828, 3652
39046419348960, 39046419352704, 3744
39046439243816, 39046439249500, 5684
39046459148260, 39046459152632, 4372
39046576976848, 39046576978852, 2004
39046596890668, 39046596896416, 5748
39046616807752, 39046616815232, 7480
39046622412916, 39046622420596, 7680
39046628269636, 39046628277012, 7376
39046637049976, 39046637057860, 7884
39046642815928, 39046642817040, 1112
39046648404216, 39046648407028, 2812
39046648802044, 39046648803424, 1380
39046657572004, 39046657575200, 3196
39046711020616, 39046711028796, 8180
39046792474732, 39046792479656, 4924
39024687690880, 39024687696492, 5612
39024687765244, 39024687768440, 3196
39024687796112, 39024687798740, 2628
39024687826660, 39024687829064, 2404
39024687855728, 39024687858276, 2548
39024687884564, 39024687887356, 2792
39024687913236, 39024687915780, 2544
39024687941160, 39024687943444, 2284
39024687970016, 39024687972472, 2456
39024687998256, 39024688000816, 2560
39024688028816, 39024688031164, 2348
39024688057812, 39024688060248, 2436
39024688086000, 39024688088344, 2344
39024688115208, 39024688117756, 2548
39024688143564, 39024688146136, 2572
39026681000728, 39026681005148, 4420
39026681023336, 39026681035464, 12128
39026681046732, 39026681056472, 9740
39026681066716, 39026681075424, 8708
39026681086112, 39026681094616, 8504
39026681105740, 39026681113852, 8112
39026681124440, 39026681132496, 8056
39026681143068, 39026681150776, 7708
39026704893016, 39026704926620, 33604
39026728833476, 39026728839664, 6188
39026752754656, 39026752758412, 3756
39026776716050, 39026776721810, 5760
39026800639764, 39026800643656, 3892
39026816602756, 39026816607276, 4520
39026836506384, 39026836517940, 11556
39026894422400, 39026894425188, 2788
39026903200532, 39026903207460, 6928
39026911940360, 39026911944912, 4552
39026920704820, 39026920709168, 4348
39026929482864, 39026929491528, 8664
39026949420072, 39026949425372, 5300
39026958178520, 39026958184780, 6260
39026978694992, 39026978701368, 6376
39026987448512, 39026987456240, 7728
39026993309532, 39026993317496, 7964
39027000220480, 39027000228824, 8344
39027016123980, 39027016125464, 1484
39027023004736, 39027023011124, 6388
39027073900488, 39027073908616, 8128
39027080811056, 39027080817496, 6440
39027178654108, 39027178661604, 7496
39027283494596, 39027283497560, 2964
39027289079988, 39027289086004, 6016
39027294669604, 39027294674148, 4544
39027300258032, 39027300262780, 4748
39027305847700, 39027305856552, 8852
39027309423728, 39027309424992, 1264
39027314999664, 39027315006492, 6828
39027339351876, 39027339353236, 1360
39027344938324, 39027344945036, 6712
39027442785812, 39027442791756, 5944
39027521252064, 39027521260044, 7980
39027541189144, 39027541196756, 7612
39027575624564, 39027575631076, 6512
39027595560068, 39027595566964, 6896
39027703179308, 39027703185020, 5712
39027723653668, 39027723660904, 7236
39027729505316, 39027729513308, 7992
39027803687472, 39027803693932, 6460
39027856563188, 39027856570116, 6928
39027865319440, 39027865324180, 4740
39027874085944, 39027874092644, 6700
39027878069228, 39027878070348, 1120
39027886826548, 39027886831412, 4864
39027950224456, 39027950228888, 4432
39028018140044, 39028018147620, 7576
39028052580504, 39028052587344, 6840
39028061341268, 39028061346072, 4804
39028070099204, 39028070103996, 4792
39028078844464, 39028078853140, 8676
39028098766856, 39028098774828, 7972
39028109845476, 39028109851752, 6276
39028129768216, 39028129774248, 6032
39028182584276, 39028182590824, 6548
39028191352200, 39028191356636, 4436
39028200094508, 39028200099252, 4744
39028209412640, 39028209420484, 7844
39028215274224, 39028215281864, 7640
39028313159220, 39028313167696, 8476
39028318746792, 39028318755172, 8380
39028338673384, 39028338680000, 6616
39028349753544, 39028349760856, 7312
39028384179732, 39028384186164, 6432
39028392948636, 39028392955120, 6484
39028463229288, 39028463235564, 6276
39028530566592, 39028530574172, 7580
39028608395028, 39028608403036, 8008
39028613972968, 39028613977840, 4872
39028626238596, 39028626245744, 7148
39028722011288, 39028722015048, 3760
39028741920660, 39028741926244, 5584
39028761838392, 39028761845020, 6628
39028895592860, 39028895595428, 2568
39028901187220, 39028901192928, 5708
39028906780580, 39028906785016, 4436
39028912371168, 39028912378800, 7632
39028918235396, 39028918243124, 7728
39029026371984, 39029026380060, 8076
39029037444396, 39029037450520, 6124
39029043291836, 39029043298016, 6180
39029141106332, 39029141114800, 8468
39029146694400, 39029146700432, 6032
39029157769080, 39029157774472, 5392
39029164963360, 39029164967996, 4636
39029262725856, 39029262728608, 2752
39029269612360, 39029269618500, 6140
39029276489956, 39029276493804, 3848
39029283382852, 39029283387148, 4296
39029290257732, 39029290262248, 4516
39029297155308, 39029297159832, 4524
39029304030308, 39029304038636, 8328
39029356918392, 39029356925152, 6760
39029454770032, 39029454776732, 6700
39029477143536, 39029477149176, 5640
39029574963596, 39029574970656, 7060
39029652817412, 39029652825388, 7976
39029672266224, 39029672272048, 5824
39029750709096, 39029750716668, 7572
39029771674864, 39029771682696, 7832
39029862262944, 39029862270728, 7784
39029889471244, 39029889478672, 7428
39029916540852, 39029916547776, 6924
39029969869964, 39029969876816, 6852
39029991678472, 39029991686236, 7764
39029998569024, 39029998577712, 8688
39030009645880, 39030009652072, 6192
39030016534772, 39030016541564, 6792
39030114393772, 39030114401372, 7600
39030141602372, 39030141610100, 7728
39030147200472, 39030147207496, 7024
39030152595388, 39030152596976, 1588
39030158173152, 39030158178924, 5772
39030274313476, 39030274316396, 2920
39030281209276, 39030281215028, 5752
39030288087704, 39030288092216, 4512
39030294987528, 39030294992024, 4496
39030301866164, 39030301870696, 4532
39030308761160, 39030308764668, 3508
39030315637780, 39030315645616, 7836
39030441858832, 39030441861536, 2704
39030448745760, 39030448751232, 5472
39030456193132, 39030456197624, 4492
39030463071628, 39030463075744, 4116
39030469955832, 39030469959420, 3588
39030476826220, 39030476830560, 4340
39030483701492, 39030483709200, 7708
39030487739556, 39030487741220, 1664
39030494619544, 39030494625796, 6252
39030501670968, 39030501678432, 7464
39030511684300, 39030511685720, 1420
39030518571956, 39030518577984, 6028
39030524423680, 39030524431092, 7412
39030629408452, 39030629410592, 2140
39030636296596, 39030636301444, 4848
39030643173100, 39030643176584, 3484
39030650057720, 39030650062484, 4764
39030656932040, 39030656935808, 3768
39030663821844, 39030663825360, 3516
39030670692152, 39030670698392, 6240
39030749131508, 39030749138696, 7188
39030783552920, 39030783560000, 7080
39030790443852, 39030790447984, 4132
39030797340108, 39030797345400, 5292
39030875211832, 39030875218820, 6988
39030879964120, 39030879971300, 7180
39030978407500, 39030978415808, 8308
39031028308240, 39031028314976, 6736
39031076896468, 39031076903060, 6592
39031097771160, 39031097778540, 7380
39031119581608, 39031119586688, 5080
39031217953496, 39031217961300, 7804
39031224861004, 39031224868444, 7440
39031229972500, 39031229974124, 1624
39031236861704, 39031236867988, 6284
39031242840828, 39031242847580, 6752
39031253917188, 39031253918796, 1608
39031260802356, 39031260808304, 5948
39031313663008, 39031313670852, 7844
39031335469968, 39031335476852, 6884
39031433329116, 39031433335372, 6256
39031454794864, 39031454801824, 6960
39031507666720, 39031507673484, 6764
39031605505988, 39031605511940, 5952
39031626398352, 39031626405432, 7080
39031633305616, 39031633312068, 6452
39031655122376, 39031655128892, 6516
39031708516740, 39031708522688, 5948
39031730328552, 39031730334608, 6056
39031737235420, 39031737240000, 4580
39031744112872, 39031744119984, 7112
39031821992764, 39031821997180, 4416
39031899851448, 39031899859620, 8172
39031910926668, 39031910933724, 7056
39031917815220, 39031917822756, 7536
39031924319892, 39031924321800, 1908
39031931202440, 39031931207800, 5360
39031946547592, 39031946553052, 5460
39031952966932, 39031952973892, 6960
39031959859060, 39031959865380, 6320
39031994299116, 39031994307200, 8084
39032159773496, 39032159776388, 2892
39032166666156, 39032166672096, 5940
39032173548916, 39032173553684, 4768
39032180447384, 39032180452112, 4728
39032187327020, 39032187331380, 4360
39032194231632, 39032194236432, 4800
39032201687932, 39032201696424, 8492
39032222587576, 39032222595776, 8200
39032320475296, 39032320481228, 5932
39032342288440, 39032342295584, 7144
39032450606644, 39032450612296, 5652
39032584695060, 39032584698036, 2976
39032590281184, 39032590286756, 5572
39032595874332, 39032595878916, 4584
39032601465336, 39032601470072, 4736
39032607056376, 39032607061092, 4716
39032612649140, 39032612657672, 8532
39032633540756, 39032633548888, 8132
39032636565556, 39032636566984, 1428
39032642141356, 39032642147484, 6128
39032645011400, 39032645018540, 7140
39032651899588, 39032651906536, 6948
39032671841296, 39032671848952, 7656
39032677441200, 39032677448232, 7032
39032696421208, 39032696422848, 1640
39032702568496, 39032702575408, 6912
39032726351896, 39032726353084, 1188
39032731931628, 39032731937980, 6352
39032751339416, 39032751347388, 7972
39032758231944, 39032758236616, 4672
39032765130792, 39032765135740, 4948
39032772010564, 39032772015872, 5308
39032777862252, 39032777868888, 6636
39032812306644, 39032812312584, 5940
39032819191652, 39032819196648, 4996
39032826070160, 39032826078792, 8632
39032831676156, 39032831680136, 3980
39032837266620, 39032837272724, 6104
39032844173724, 39032844180424, 6700
39032846067528, 39032846068636, 1108
39032851643792, 39032851649784, 5992
39033003699348, 39033003702200, 2852
39033009285712, 39033009291524, 5812
39033014874480, 39033014878404, 3924
39033020467396, 39033020471980, 4584
39033026055460, 39033026060736, 5276
39033031646132, 39033031654160, 8028
39033055569388, 39033055570744, 1356
39033061144304, 39033061152148, 7844
39033168772812, 39033168778416, 5604
39033203777336, 39033203785760, 8424
39033230983076, 39033230990960, 7884
39033242058408, 39033242065224, 6816
39033248953516, 39033248960320, 6804
39033352871872, 39033352874880, 3008
39033361634712, 39033361639972, 5260
39033370382264, 39033370387136, 4872
39033379139048, 39033379143476, 4428
39033387886276, 39033387891060, 4784
39033396629032, 39033396634068, 5036
39033405387880, 39033405394800, 6920
39033602272260, 39033602275340, 3080
39033609162824, 39033609168564, 5740
39033616044384, 39033616048612, 4228
39033622940928, 39033622945300, 4372
39033629819228, 39033629823584, 4356
39033636707164, 39033636711580, 4416
39033643578940, 39033643584564, 5624
39033721942652, 39033721950484, 7832
39033742854268, 39033742861520, 7252
39033853676304, 39033853678932, 2628
39033862436708, 39033862442480, 5772
39033871187488, 39033871192480, 4992
39033879955052, 39033879959576, 4524
39033888698660, 39033888703376, 4716
39033897446176, 39033897450932, 4756
39033906215488, 39033906222816, 7328
39033912079856, 39033912087060, 7204
39033918974644, 39033918982316, 7672
39033935484532, 39033935491336, 6804
39033944244936, 39033944257596, 12660
39034847250432, 39034847254144, 3712
39034874413956, 39034874419184, 5228
39034901589608, 39034901593812, 4204
39034928777884, 39034928782616, 4732
39034956527192, 39034956531772, 4580
39034983728532, 39034983732516, 3984
39035010931768, 39035010936432, 4664
39035038112488, 39035038116896, 4408
39035065305724, 39035065309832, 4108
39035092494280, 39035092498616, 4336
39035119684392, 39035119689148, 4756
39035146898968, 39035146903268, 4300
39035174074340, 39035174078280, 3940
39035201810228, 39035201814276, 4048
39035228970560, 39035228978604, 8044
39035250765060, 39035250772028, 6968
39035256621108, 39035256627916, 6808
39035267682380, 39035267689796, 7416
39035393954548, 39035393957396, 2848
39035414844492, 39035414852300, 7808
39035420703248, 39035420710436, 7188
39035474140404, 39035474148956, 8552
39035501334972, 39035501340612, 5640
39035507187004, 39035507193420, 6416
39035585061040, 39035585068624, 7584
39035587483608, 39035587485792, 2184
39035596239912, 39035596246616, 6704
39035701218796, 39035701221500, 2704
39035728420720, 39035728426136, 5416
39035755618396, 39035755625472, 7076
39035768345184, 39035768353300, 8116
39035846227824, 39035846234740, 6916
39035954373692, 39035954381724, 8032
39035981590900, 39035981597568, 6668
39036079419492, 39036079426968, 7476
39036101231668, 39036101239928, 8260
39036122126616, 39036122131724, 5108
39036143029880, 39036143037804, 7924
39036762642384, 39036762645264, 2880
39036773702596, 39036773708316, 5720
39036784768180, 39036784773220, 5040
39036795814184, 39036795818944, 4760
39036806889464, 39036806893964, 4500
39036817954160, 39036817961224, 7064
39036940226360, 39036940230032, 3672
39037007562480, 39037007568340, 5860
39037074868748, 39037074873580, 4832
39037142702772, 39037142711012, 8240
39037196125692, 39037196133068, 7376
39037201983412, 39037201991008, 7596
39037208871168, 39037208878216, 7048
39037316442100, 39037316450088, 7988
39037327509948, 39037327517100, 7152
39037333359240, 39037333365140, 5900
39037411243780, 39037411251728, 7948
39037432135800, 39037432143632, 7832
39037508140928, 39037508148172, 7244
39037516915976, 39037516923684, 7708
39037803356888, 39037803366608, 9720
39037825172016, 39037825177660, 5644
39037846969240, 39037846974684, 5444
39037868767812, 39037868774996, 7184
39037875663372, 39037875668104, 4732
39037882560312, 39037882567228, 6916
39037961025696, 39037961034492, 8796
39037985734020, 39037985736844, 2824
39038007523536, 39038007531288, 7752
39038055359796, 39038055367456, 7660
39038173280920, 39038173294288, 13368
39038180177704, 39038180197336, 19632
39038202525832, 39038202541736, 15904
39038209437960, 39038209454552, 16592
39038215302356, 39038215317744, 15388
39038235219380, 39038235232380, 13000
39038288075800, 39038288093864, 18064
39038309909624, 39038309927524, 17900
39038316817932, 39038316834988, 17056
39038316929684, 39038316940384, 10700
39038340878556, 39038340891856, 13300
39039994887904, 39039994891404, 3500
39040022101936, 39040022108276, 6340
39040049308728, 39040049313836, 5108
39040076498912, 39040076503692, 4780
39040103704180, 39040103708484, 4304
39040130905040, 39040130910056, 5016
39040158091816, 39040158096056, 4240
39040185845664, 39040185850496, 4832
39040213046264, 39040213050668, 4404
39040240237588, 39040240241884, 4296
39040267407244, 39040267411616, 4372
39040294593588, 39040294597736, 4148
39040321767184, 39040321771820, 4636
39040348973800, 39040348978408, 4608
39040376275204, 39040376279604, 4400
39040403458080, 39040403462620, 4540
39040431218644, 39040431222740, 4096
39040458414668, 39040458419044, 4376
39040485580092, 39040485584168, 4076
39040512755708, 39040512759752, 4044
39040539924840, 39040539929240, 4400
39040567104496, 39040567109132, 4636
39040594310004, 39040594314040, 4036
39040621491372, 39040621495132, 3760
39040648643492, 39040648647940, 4448
39040675782312, 39040675786104, 3792
39040703500004, 39040703503764, 3760
39040730669300, 39040730673880, 4580
39040757868868, 39040757873912, 5044
39040785081216, 39040785090832, 9616
39040791977908, 39040791984988, 7080
39040859356236, 39040859364456, 8220
39042018017044, 39042018020824, 3780
39042023604496, 39042023609916, 5420
39042029198316, 39042029202812, 4496
39042034793624, 39042034798372, 4748
39042040378040, 39042040382828, 4788
39042045971388, 39042045976360, 4972
39042051542452, 39042051546016, 3564
39042057132152, 39042057137536, 5384
39042062724140, 39042062728472, 4332
39042068315252, 39042068320156, 4904
39042073910472, 39042073913900, 3428
39042079482116, 39042079486872, 4756
39042085074796, 39042085078924, 4128
39042090667656, 39042090671824, 4168
39042096253648, 39042096257156, 3508
39042101839776, 39042101844080, 4304
39042107409600, 39042107413564, 3964
39042112996832, 39042112999920, 3088
39042118582508, 39042118586320, 3812
39042124161232, 39042124165732, 4500
39042129754344, 39042129758584, 4240
39042135322700, 39042135326132, 3432
39042140912436, 39042140916188, 3752
39042146499120, 39042146503568, 4448
39042152083408, 39042152087748, 4340
39042157667316, 39042157670772, 3456
39042163234968, 39042163238416, 3448
39042168824640, 39042168828800, 4160
39042174413124, 39042174416404, 3280
39042180558328, 39042180561820, 3492
39042186149808, 39042186154232, 4424
39042191743212, 39042191747584, 4372
39042197312816, 39042197316412, 3596
39042202903388, 39042202908136, 4748
39042208495676, 39042208500024, 4348
39042214085068, 39042214089952, 4884
39042219677464, 39042219681668, 4204
39042225248212, 39042225252840, 4628
39042230834444, 39042230838620, 4176
39042236424072, 39042236428420, 4348
39042242008636, 39042242012964, 4328
39042247598800, 39042247603244, 4444
39042253170608, 39042253174524, 3916
39042258759336, 39042258763708, 4372
39042264347548, 39042264354216, 6668
39042269936964, 39042269941632, 4668
39042275529080, 39042275533352, 4272
39042281098224, 39042281101980, 3756
39042286685788, 39042286693880, 8092
39042364686548, 39042364695456, 8908
39042370291068, 39042370298680, 7612
39042379049728, 39042379053304, 3576
39042387802780, 39042387807336, 4556
39042396542224, 39042396549204, 6980
39042417444768, 39042417449956, 5188
39042495814040, 39042495821476, 7436
39042517624516, 39042517630856, 6340
39042523479620, 39042523486732, 7112
39042576304548, 39042576311848, 7300
39042596198804, 39042596205404, 6600
39042706311644, 39042706313804, 2160
39042726218304, 39042726224444, 6140
39042843977400, 39042843980244, 2844
39042852733016, 39042852738800, 5784
39042861479092, 39042861483856, 4764
39042870238808, 39042870243384, 4576
39042878987820, 39042878992468, 4648
39042887734820, 39042887740048, 5228
39042896516456, 39042896521292, 4836
39042905269744, 39042905278440, 8696
39042948296724, 39042948304608, 7884
39043046104528, 39043046111208, 6680
39043052998400, 39043053006220, 7820
39043072934732, 39043072941816, 7084
39043125817904, 39043125825620, 7716
39043160241424, 39043160247872, 6448
39043237039400, 39043237047472, 8072
39043256937900, 39043256944840, 6940
39043309794096, 39043309800788, 6692
39043377127668, 39043377133896, 6228
39043388185972, 39043388192664, 6692
39043393785732, 39043393791484, 5752
39043447206384, 39043447211968, 5584
39043452802068, 39043452806120, 4052
39043458371212, 39043458378236, 7024
39043478294100, 39043478300152, 6052
39043512731164, 39043512738140, 6976
39043539918388, 39043539926316, 7928
39043545519520, 39043545523668, 4148
39043551107164, 39043551113172, 6008
39043556959700, 39043556966680, 6980
39043560270100, 39043560271464, 1364
39043565846140, 39043565854056, 7916
39043643759956, 39043643768356, 8400
39043663685384, 39043663693236, 7852
39043679986400, 39043679993196, 6796
39043685577072, 39043685588484, 11412
39043763480788, 39043763492976, 12188
39043769346200, 39043769357248, 11048
39043776277416, 39043776285612, 8196
39043783164020, 39043783174776, 10756
39043803103432, 39043803114232, 10800
39043828548644, 39043828558960, 10316
39043936734988, 39043936747196, 12208
39043942345416, 39043942357372, 11956
39043953431640, 39043953442752, 11112
39044051335892, 39044051342404, 6512
39044114961244, 39044114964688, 3444
39044121850100, 39044121856028, 5928
39044128728348, 39044128732996, 4648
39044135616796, 39044135620780, 3984
39044142493332, 39044142501316, 7984
39044220964044, 39044220971512, 7468
39044240909476, 39044240917868, 8392
39044753373008, 39044753376636, 3628
39044758960996, 39044758966936, 5940
39044764551472, 39044764556468, 4996
39044770141012, 39044770145400, 4388
39044775730016, 39044775733552, 3536
39044781320168, 39044781324876, 4708
39044786897648, 39044786902092, 4444
39044792484880, 39044792489584, 4704
39044798074204, 39044798078440, 4236
39044803665848, 39044803670412, 4564
39044809254896, 39044809259624, 4728
39044814829720, 39044814834200, 4480
39044820421148, 39044820425460, 4312
39044826010236, 39044826014776, 4540
39044831600476, 39044831604668, 4192
39044837187252, 39044837191616, 4364
39044842761520, 39044842765680, 4160
39044848354140, 39044848357784, 3644
39044853939100, 39044853943404, 4304
39044859528948, 39044859533416, 4468
39044865114136, 39044865118892, 4756
39044870684312, 39044870692016, 7704
39044876542316, 39044876551644, 9328
39044903757492, 39044903764168, 6676
39044928960968, 39044928968312, 7344
39045080608244, 39045080611880, 3636
39045101508784, 39045101514984, 6200
39045122394508, 39045122402000, 7492
39045128251632, 39045128257464, 5832
39045149154344, 39045149161916, 7572
39045256183904, 39045256187520, 3616
39045263089088, 39045263095132, 6044
39045269971648, 39045269976652, 5004
39045276869512, 39045276874068, 4556
39045283754212, 39045283762560, 8348
39045284110796, 39045284112336, 1540
39045290991140, 39045290998008, 6868
39045302072592, 39045302079888, 7296
39045427772876, 39045427775684, 2808
39045447678876, 39045447684824, 5948
39045467588276, 39045467595744, 7468
39045471660736, 39045471661832, 1096
39045491583056, 39045491590384, 7328
39045589437876, 39045589443840, 5964
39045754993700, 39045754996656, 2956
39045761886328, 39045761892108, 5780
39045768762232, 39045768766920, 4688
39045775657920, 39045775662320, 4400
39045782547224, 39045782550768, 3544
39045789443308, 39045789447692, 4384
39045796325132, 39045796331936, 6804
39045830756888, 39045830763012, 6124
39045837662284, 39045837666992, 4708
39045942547316, 39045942550148, 2832
39045962453732, 39045962460036, 6304
39045982372408, 39045982381048, 8640
39046035265840, 39046035274664, 8824
39046042160156, 39046042167580, 7424
39046050283484, 39046050284812, 1328
39046057172540, 39046057178176, 5636
39046091606432, 39046091613624, 7192
39046118820728, 39046118828852, 8124
39046140637360, 39046140645624, 8264
39046219106348, 39046219112072, 5724
39046240907156, 39046240912868, 5712
39046319651160, 39046319658636, 7476
39046341435944, 39046341449160, 13216
39046371459720, 39046371465604, 5884
39046449785776, 39046449796780, 11004
39046502580400, 39046502590840, 10440
39046600302420, 39046600315344, 12924
39046634739064, 39046634751616, 12552
39046654677000, 39046654688464, 11464
39046659653668, 39046659677464, 23796
39046760534168, 39046760540608, 6440
39022677364996, 39022677391944, 26948
39022683025228, 39022683038920, 13692
39026896423568, 39026896427520, 3952
39026896446920, 39026896454920, 8000
39026902025288, 39026902029764, 4476
39026907610744, 39026907615244, 4500
39026913197904, 39026913202320, 4416
39026918783608, 39026918788076, 4468
39026924372808, 39026924377436, 4628
39026929944204, 39026929948640, 4436
39026935528884, 39026935532376, 3492
39026941114456, 39026941124024, 9568
39026994552436, 39026994561492, 9056
39027101925376, 39027101928464, 3088
39027107509028, 39027107514996, 5968
39027113097468, 39027113102144, 4676
39027118683340, 39027118687164, 3824
39027124267788, 39027124276672, 8884
39027129851748, 39027129853452, 1704
39027135426324, 39027135431660, 5336
39027140943304, 39027140952252, 8948
39027147856248, 39027147860696, 4448
39027154736072, 39027154739604, 3532
39027161623144, 39027161626760, 3616
39027168520404, 39027168526820, 6416
39027174111288, 39027174118320, 7032
39027194023560, 39027194029852, 6292
39027302039928, 39027302047560, 7632
39027313092212, 39027313098652, 6440
39027387415336, 39027387422772, 7436
39027421828532, 39027421834596, 6064
39027489699172, 39027489707684, 8512
39027530313644, 39027530320648, 7004
39027535913868, 39027535922228, 8360
39027544669476, 39027544673844, 4368
39027553434024, 39027553438736, 4712
39027562180984, 39027562188668, 7684
39027573253200, 39027573258612, 5412
39027582009968, 39027582016404, 6436
39027587610660, 39027587617160, 6500
39027590754400, 39027590755504, 1104
39027599501028, 39027599506664, 5636
39027608710476, 39027608711816, 1340
39027614285648, 39027614290504, 4856
39027614696560, 39027614697584, 1024
39027623447560, 39027623452256, 4696
39027630657292, 39027630659316, 2024
39027638641224, 39027638642352, 1128
39027644221220, 39027644226772, 5552
39027656163988, 39027656170260, 6272
39027664933512, 39027664937432, 3920
39027673679112, 39027673685768, 6656
39027709786392, 39027709794180, 7788
39027715938020, 39027715945864, 7844
39027724713388, 39027724721440, 8052
39027728425508, 39027728426904, 1396
39027733997476, 39027734003292, 5816
39027734413408, 39027734414396, 988
39027743175064, 39027743179208, 4144
39027758356140, 39027758357484, 1344
39027767105104, 39027767111560, 6456
39027772699628, 39027772706204, 6576
39027792612740, 39027792617076, 4336
39027798186476, 39027798193696, 7220
39027809259004, 39027809267012, 8008
39027907094964, 39027907101268, 6304
39027915847248, 39027915854828, 7580
39027925957184, 39027925958432, 1248
39027934706008, 39027934711180, 5172
39028032802456, 39028032809352, 6896
39028100144668, 39028100151772, 7104
39028207678364, 39028207685144, 6780
39028212658680, 39028212666332, 7652
39028223740600, 39028223747328, 6728
39028331362808, 39028331371028, 8220
39028336946280, 39028336955128, 8848
39028345723244, 39028345729424, 6180
39028356935980, 39028356938292, 2312
39028363823884, 39028363830744, 6860
39028380873712, 39028380875000, 1288
39028387749740, 39028387756540, 6800
39028393344772, 39028393350788, 6016
39028404756200, 39028404757552, 1352
39028411634020, 39028411640464, 6444
39028433441240, 39028433446892, 5652
39028530265852, 39028530273620, 7768
39028537175416, 39028537182668, 7252
39028546428252, 39028546435592, 7340
39028737977212, 39028737980192, 2980
39028758870016, 39028758875828, 5812
39028779752552, 39028779760952, 8400
39028860898508, 39028860904664, 6156
39028880799772, 39028880806712, 6940
39028948132884, 39028948140488, 7604
39028963426332, 39028963427796, 1464
39029030668000, 39029030674388, 6388
39029083465056, 39029083472072, 7016
39029110630876, 39029110638276, 7400
39029194907990, 39029194920610, 12620
39029855320276, 39029855322500, 2224
39029860895156, 39029860900988, 5832
39029866482348, 39029866487240, 4892
39029872067776, 39029872071400, 3624
39029877655772, 39029877660376, 4604
39029883246272, 39029883250636, 4364
39029888811068, 39029888815564, 4496
39029894400756, 39029894404552, 3796
39029899983808, 39029899987708, 3900
39029905564992, 39029905568548, 3556
39029911128300, 39029911131300, 3000
39029916705184, 39029916709368, 4184
39029922280508, 39029922284260, 3752
39029927853180, 39029927856076, 2896
39029933426736, 39029933429804, 3068
39029938991264, 39029938996028, 4764
39029944571784, 39029944576236, 4452
39029950150068, 39029950153540, 3472
39029956289564, 39029956293172, 3608
39029961866076, 39029961870640, 4564
39029967445668, 39029967448964, 3296
39029973025400, 39029973029856, 4456
39029978596724, 39029978600364, 3640
39029984180432, 39029984183928, 3496
39029989759856, 39029989764080, 4224
39029995347344, 39029995351608, 4264
39030000918016, 39030000926016, 8000
39030002953416, 39030002954708, 1292
39030008525644, 39030008531568, 5924
39030084399948, 39030084406148, 6200
39030093172100, 39030093179480, 7380
39030098774824, 39030098782928, 8104
39030151594912, 39030151601700, 6788
39030158485196, 39030158490272, 5076
39030165375976, 39030165380356, 4380
39030172251820, 39030172259152, 7332
39030306237940, 39030306240848, 2908
39030311823264, 39030311829000, 5736
39030317410784, 39030317415368, 4584
39030322999208, 39030323003808, 4600
39030328586140, 39030328593988, 7848
39030335485616, 39030335491376, 5760
39030341084944, 39030341091088, 6144
39030362098392, 39030362099848, 1456
39030367676040, 39030367683104, 7064
39030378756108, 39030378762740, 6632
39030505703348, 39030505706448, 3100
39030525607680, 39030525612780, 5100
39030545508904, 39030545516120, 7216
39030566401860, 39030566409736, 7876
39030588203256, 39030588210068, 6812
39030695717544, 39030695724996, 7452
39030702605504, 39030702612720, 7216
39030703348132, 39030703349448, 1316
39030710225808, 39030710230796, 4988
39030807864408, 39030807872248, 7840
39030912539684, 39030912548080, 8396
39030918392732, 39030918399736, 7004
39030929468944, 39030929476976, 8032
39030950344256, 39030950352724, 8468
39030985332168, 39030985337800, 5632
39031006206528, 39031006213404, 6876
39031010494848, 39031010496104, 1256
39031016328588, 39031016335148, 6560
39031023230524, 39031023235516, 4992
39031132212692, 39031132214760, 2068
39031139102964, 39031139108252, 5288
39031145978472, 39031145983036, 4564
39031152873524, 39031152877380, 3856
39031159749344, 39031159753088, 3744
39031166639624, 39031166644648, 5024
39031173516900, 39031173524796, 7896
39031182087572, 39031182088964, 1392
39031188967224, 39031188973628, 6404
39031194822084, 39031194828532, 6448
39031302936700, 39031302943676, 6976
39031309837912, 39031309841772, 3860
39031316713780, 39031316720832, 7052
39031322562320, 39031322568828, 6508
39031325745656, 39031325747080, 1424
39031332628196, 39031332633316, 5120
39031350359504, 39031350366996, 7492
39031357249356, 39031357256392, 7036
39031368312652, 39031368319916, 7264
39031373631036, 39031373632552, 1516
39031380511244, 39031380516448, 5204
39031397572280, 39031397573724, 1444
39031404465168, 39031404470660, 5492
39031416546576, 39031416553628, 7052
39031421517276, 39031421518656, 1380
39031428398432, 39031428403420, 4988
39031445254712, 39031445262348, 7636
39031445461372, 39031445462820, 1448
39031452898920, 39031452905208, 6288
39031458752280, 39031458758088, 5808
39031463418440, 39031463419860, 1420
39031469403272, 39031469404524, 1252
39031476282480, 39031476287740, 5260
39031492114420, 39031492120672, 6252
39031493346636, 39031493347968, 1332
39031500228152, 39031500233632, 5480
39031505453328, 39031505459344, 6016
39031526336128, 39031526342492, 6364
39031533222280, 39031533228632, 6352
39031539075824, 39031539081056, 5232
39031541232676, 39031541233944, 1268
39031548110404, 39031548114816, 4412
39031565175036, 39031565176332, 1296
39031572059352, 39031572065808, 6456
39031587316000, 39031587322424, 6424
39031589118424, 39031589119700, 1276
39031596001868, 39031596007068, 5200
39031672050736, 39031672056880, 6144
39031770381152, 39031770386948, 5796
39031804799496, 39031804807544, 8048
39031811693120, 39031811700024, 6904
39031833500220, 39031833508012, 7792
39031854389108, 39031854396300, 7192
39031861295204, 39031861299496, 4292
39031868168756, 39031868174784, 6028
39031976295300, 39031976302452, 7152
39031983183916, 39031983191268, 7352
39032004985036, 39032004991820, 6784
39032011876044, 39032011883688, 7644
39032020092068, 39032020093476, 1408
39032026975844, 39032026981936, 6092
39032134604628, 39032134610992, 6364
39032213024512, 39032213031308, 6796
39032219932240, 39032219940344, 8104
39032287265076, 39032287271128, 6052
39032308164472, 39032308172940, 8468
39032315054640, 39032315059356, 4716
39032321950036, 39032321954560, 4524
39032328826476, 39032328833440, 6964
39032331349644, 39032331350792, 1148
39032338230580, 39032338237572, 6992
39032391208252, 39032391216516, 8264
39032413007768, 39032413016748, 8980
39032419917496, 39032419922328, 4832
39032426794540, 39032426800632, 6092
39032427064924, 39032427066024, 1100
39032433948300, 39032433956436, 8136
39032439549840, 39032439556924, 7084
39032445173136, 39032445181076, 7940
39032456795812, 39032456803208, 7396
39032463703632, 39032463709748, 6116
39032469300392, 39032469306588, 6196
39032514853632, 39032514856476, 2844
39032535726944, 39032535733636, 6692
39032543030888, 39032543037396, 6508
39032610367452, 39032610372672, 5220
39032621439148, 39032621446388, 7240
39032628331496, 39032628339000, 7504
39032662776860, 39032662783348, 6488
39032673835748, 39032673842328, 6580
39032680740420, 39032680746424, 6004
39032690437668, 39032690439068, 1400
39032697314372, 39032697321388, 7016
39032786513840, 39032786519372, 5532
39032806428568, 39032806436364, 7796
39032873759952, 39032873768604, 8652
39032880666972, 39032880675404, 8432
39032905938296, 39032905946372, 8076
39034027275208, 39034027279112, 3904
39034047171752, 39034047177160, 5408
39034067073560, 39034067078548, 4988
39034086983096, 39034086987216, 4120
39034106884648, 39034106889196, 4548
39034126801020, 39034126805164, 4144
39034146701096, 39034146704916, 3820
39034166600732, 39034166605288, 4556
39034186494600, 39034186498824, 4224
39034206968628, 39034206973552, 4924
39034226870716, 39034226875632, 4916
39034246777824, 39034246782628, 4804
39034266691368, 39034266695804, 4436
39034286587276, 39034286592340, 5064
39034306500648, 39034306504244, 3596
39034326383732, 39034326388604, 4872
39034346275868, 39034346280156, 4288
39034366163396, 39034366167648, 4252
39034386155580, 39034386159892, 4312
39034406064856, 39034406069236, 4380
39034425976820, 39034425981352, 4532
39034446463700, 39034446467764, 4064
39034466354892, 39034466359320, 4428
39034486229872, 39034486234284, 4412
39034506108880, 39034506115284, 6404
39034511945460, 39034511952816, 7356
39034589789236, 39034589798144, 8908
39034595390960, 39034595398824, 7864
39034606467316, 39034606474588, 7272
39034739508696, 39034739511876, 3180
39034760399312, 39034760404240, 4928
39034781284176, 39034781292280, 8104
39034834160856, 39034834166260, 5404
39034854068156, 39034854075288, 7132
39034962150348, 39034962157812, 7464
39034973223556, 39034973231164, 7608
39034979080712, 39034979086948, 6236
39035013488436, 39035013495724, 7288
39035020376568, 39035020384352, 7784
39035120945812, 39035120953800, 7988
39035141833408, 39035141841544, 8136
39035163645920, 39035163651204, 5284
39035174465404, 39035174467000, 1596
39035195888864, 39035195894708, 5844
39035391953828, 39035391956984, 3156
39035400704292, 39035400710712, 6420
39035409453504, 39035409457260, 3756
39035418211224, 39035418215904, 4680
39035426951660, 39035426956184, 4524
39035435686920, 39035435694528, 7608
39035470666704, 39035470675336, 8632
39035480046724, 39035480054504, 7780
39035491711948, 39035491714116, 2168
39035500473040, 39035500480996, 7956
39035598278544, 39035598283196, 4652
39035696612908, 39035696620632, 7724
39035707686632, 39035707694680, 8048
39035774993616, 39035774999828, 6212
39035786064860, 39035786071248, 6388
39035813276136, 39035813282416, 6280
39035880537792, 39035880544828, 7036
39035901429184, 39035901436336, 7152
39035979839804, 39035979847856, 8052
39036022467216, 39036022470248, 3032
39036130053324, 39036130060856, 7532
39036197913700, 39036197918948, 5248
39036305450860, 39036305459360, 8500
39036326360452, 39036326368460, 8008
39036404354972, 39036404361700, 6728
39036776595392, 39036776598700, 3308
39036782181208, 39036782186928, 5720
39036787772520, 39036787777500, 4980
39036793363252, 39036793367772, 4520
39036798950824, 39036798955540, 4716
39036804538752, 39036804543400, 4648
39036810108420, 39036810113432, 5012
39036815700000, 39036815704524, 4524
39036821289336, 39036821294412, 5076
39036826879112, 39036826883836, 4724
39036832466416, 39036832471088, 4672
39036838037880, 39036838044948, 7068
39036940232316, 39036940244560, 12244
39036960157508, 39036960162936, 5428
39036980050692, 39036980057956, 7264
39037000431940, 39037000440640, 8700
39037007322360, 39037007329792, 7432
39037027245284, 39037027250660, 5376
39037034149068, 39037034155372, 6304
39037142224964, 39037142232364, 7400
39037153278620, 39037153286820, 8200
39037160193172, 39037160201440, 8268
39037228066428, 39037228072700, 6272
39037234952296, 39037234960520, 8224
39037263457816, 39037263466212, 8396
39037270348616, 39037270359692, 11076
39037337650784, 39037337664160, 13376
39037344545212, 39037344556728, 11516
39037359220552, 39037359227408, 6856
39037367982948, 39037367994248, 11300
39037383151128, 39037383156640, 5512
39037391902256, 39037391913756, 11500
39037407094768, 39037407101088, 6320
39037413980820, 39037413990612, 9792
39037431036636, 39037431041940, 5304
39037438480660, 39037438491272, 10612
39037449554144, 39037449565852, 11708
39037534797576, 39037534805116, 7540
39038067535716, 39038067539428, 3712
39038094722048, 39038094727808, 5760
39038121916884, 39038121921364, 4480
39038149081852, 39038149085712, 3860
39038176238516, 39038176242620, 4104
39038203944520, 39038203949320, 4800
39038231080096, 39038231084408, 4312
39038258260344, 39038258265160, 4816
39038285451008, 39038285455380, 4372
39038312631640, 39038312638980, 7340
39038318493456, 39038318501528, 8072
39038416269112, 39038416276144, 7032
39038582244388, 39038582247192, 2804
39038590997208, 39038591002932, 5724
39038599736504, 39038599740976, 4472
39038608492396, 39038608497288, 4892
39038617234600, 39038617239104, 4504
39038625969900, 39038625974104, 4204
39038634727356, 39038634731744, 4388
39038643472828, 39038643480396, 7568
39038696888488, 39038696897472, 8984
39038703781636, 39038703786316, 4680
39038710675544, 39038710679176, 3632
39038717553772, 39038717561668, 7896
39038723904376, 39038723905752, 1376
39038730784536, 39038730791572, 7036
39038739542108, 39038739548408, 6300
39038745391112, 39038745398448, 7336
39038747843896, 39038747845308, 1412
39038756594208, 39038756601456, 7248
39038771788420, 39038771789676, 1256
39038780538340, 39038780545676, 7336
39038801422408, 39038801428836, 6428
39038810195152, 39038810201828, 6676
39038821252452, 39038821258812, 6360
39038830023572, 39038830031364, 7792
39038836917560, 39038836923224, 5664
39038843616716, 39038843618024, 1308
39038850496292, 39038850502644, 6352
39038859250456, 39038859257476, 7020
39038867559004, 39038867560164, 1160
39038874442204, 39038874447688, 5484
39038891504276, 39038891505472, 1196
39038898386484, 39038898391904, 5420
39038902251108, 39038902258460, 7352
39038911004460, 39038911009532, 5072
39038915445140, 39038915446748, 1608
39038924189036, 39038924195204, 6168
39038930842668, 39038930849664, 6996
39038937259216, 39038937267180, 7964
39038939389644, 39038939391896, 2252
39038946275480, 39038946281492, 6012
39038955033068, 39038955037256, 4188
39038963330952, 39038963332364, 1412
39038972072852, 39038972079828, 6976
39038987274396, 39038987275716, 1320
39038996021624, 39038996027272, 5648
39039000757216, 39039000762868, 5652
39039007662160, 39039007666020, 3860
39039014542452, 39039014546736, 4284
39039027191936, 39039027198808, 6872
39039047092192, 39039047105928, 13736
39039067999884, 39039068012188, 12304
39039079079452, 39039079089532, 10080
39039131932524, 39039131944064, 11540
39039140691892, 39039140701276, 9384
39039149459200, 39039149467572, 8372
39039158209188, 39039158217912, 8724
39039166971028, 39039166982160, 11132
39039187462800, 39039187473672, 10872
39039992898128, 39039992901020, 2892
39039999789800, 39039999795940, 6140
39040006672632, 39040006677136, 4504
39040013578568, 39040013582280, 3712
39040020454468, 39040020459064, 4596
39040027350092, 39040027354544, 4452
39040034231212, 39040034235612, 4400
39040041123512, 39040041127832, 4320
39040047998616, 39040048003348, 4732
39040054897596, 39040054902076, 4480
39040061774464, 39040061779128, 4664
39040068653540, 39040068657968, 4428
39040075548992, 39040075553456, 4464
39040082427448, 39040082431736, 4288
39040089325572, 39040089329896, 4324
39040096204828, 39040096209100, 4272
39040103098188, 39040103102704, 4516
39040109976252, 39040109980252, 4000
39040116893024, 39040116897728, 4704
39040123764884, 39040123769604, 4720
39040130662396, 39040130665932, 3536
39040137536832, 39040137541012, 4180
39040144414800, 39040144418780, 3980
39040151309440, 39040151313476, 4036
39040158182520, 39040158186732, 4212
39040165079316, 39040165083724, 4408
39040171956824, 39040171961124, 4300
39040178853436, 39040178857780, 4344
39040186284204, 39040186288528, 4324
39040193185264, 39040193189740, 4476
39040200059716, 39040200063736, 4020
39040206951668, 39040206955696, 4028
39040213832160, 39040213836636, 4476
39040220727296, 39040220731584, 4288
39040227603812, 39040227607860, 4048
39040234500128, 39040234504288, 4160
39040241374200, 39040241378296, 4096
39040248276288, 39040248280564, 4276
39040255152140, 39040255156064, 3924
39040262015760, 39040262019752, 3992
39040268902340, 39040268905920, 3580
39040275774844, 39040275779032, 4188
39040282664400, 39040282668520, 4120
39040289534424, 39040289538580, 4156
39040296426644, 39040296431080, 4436
39040303297712, 39040303302236, 4524
39040310194292, 39040310198444, 4152
39040317067244, 39040317072920, 5676
39040328146408, 39040328152640, 6232
39040335037792, 39040335046268, 8476
39040355937200, 39040355944532, 7332
39040362843200, 39040362849708, 6508
39040571458644, 39040571461228, 2584
39040580217204, 39040580222820, 5616
39040588966336, 39040588970892, 4556
39040597730032, 39040597734272, 4240
39040606470948, 39040606475284, 4336
39040615210376, 39040615213948, 3572
39040623958032, 39040623961540, 3508
39040731069772, 39040731072700, 2928
39040737959112, 39040737964828, 5716
39040744835488, 39040744839652, 4164
39040751733996, 39040751738748, 4752
39040758610584, 39040758615148, 4564
39040765507112, 39040765511568, 4456
39040772386072, 39040772392912, 6840
39040777986404, 39040777990552, 4148
39040783573832, 39040783582572, 8740
39040792337460, 39040792343656, 6196
39040798192172, 39040798199540, 7368
39040806889668, 39040806890952, 1284
39040815641864, 39040815649100, 7236
39040821240224, 39040821246328, 6104
39040828132260, 39040828136868, 4608
39040830536764, 39040830543804, 7040
39040830827492, 39040830828536, 1044
39040837707300, 39040837715144, 7844
39040843310616, 39040843316776, 6160
39040852068520, 39040852073020, 4500
39040854771512, 39040854772508, 996
39040863519312, 39040863526752, 7440
39040878715644, 39040878716656, 1012
39040887462128, 39040887467108, 4980
39040970691116, 39040970697492, 6376
39040981742912, 39040981749892, 6980
39041089278228, 39041089285860, 7632
39041095139960, 39041095147048, 7088
39041102035212, 39041102043436, 8224
39041118143452, 39041118144648, 1196
39041125024720, 39041125030636, 5916
39041129850372, 39041129858192, 7820
39041142088084, 39041142089152, 1068
39041148972552, 39041148978624, 6072
39041247387780, 39041247393628, 5848
39041268283624, 39041268290332, 6708
39041277044464, 39041277051708, 7244
39041304262044, 39041304268532, 6488
39041310120368, 39041310127160, 6792
39041317009044, 39041317015804, 6760
39041406587236, 39041406593836, 6600
39041413493512, 39041413501864, 8352
39041434951488, 39041434957104, 5616
39041440805756, 39041440811432, 5676
39041461713776, 39041461721788, 8012
39041470473532, 39041470478916, 5384
39041568332340, 39041568339392, 7052
39041589242976, 39041589249700, 6724
39041623658304, 39041623665052, 6748
39041630549980, 39041630557648, 7668
39041698434676, 39041698442412, 7736
39041725615392, 39041725622416, 7024
39041788291236, 39041788298164, 6928
39041815500156, 39041815508008, 7852
39041824260720, 39041824267144, 6424
39041877130472, 39041877137444, 6972
39041904330828, 39041904337772, 6944
39041974462892, 39041974469244, 6352
39042001666016, 39042001673284, 7268
39042010444892, 39042010449744, 4852
39042019193224, 39042019197388, 4164
39042027940112, 39042027946996, 6884
39042027978624, 39042027979708, 1084
39042036729164, 39042036735320, 6156
39042037953740, 39042037955784, 2044
39042058851328, 39042058858284, 6956
39042067607864, 39042067614708, 6844
39042075862792, 39042075863900, 1108
39042084611524, 39042084617168, 5644
39042143740364, 39042143744832, 4468
39042211639080, 39042211647788, 8708
39042220400184, 39042220404968, 4784
39042229146780, 39042229151364, 4584
39042237908712, 39042237913688, 4976
39042246654868, 39042246659408, 4540
39042255399416, 39042255405116, 5700
39042322748500, 39042322755488, 6988
39043065058232, 39043065064220, 5988
39043070648036, 39043070652968, 4932
39043076235800, 39043076240532, 4732
39043081816288, 39043081820888, 4600
39043087407332, 39043087411204, 3872
39043092974208, 39043092977940, 3732
39043098559156, 39043098563876, 4720
39043104147020, 39043104151508, 4488
39043109733556, 39043109737400, 3844
39043115301688, 39043115305636, 3948
39043120891732, 39043120896368, 4636
39043126481928, 39043126485796, 3868
39043132069132, 39043132073432, 4300
39043137652628, 39043137657324, 4696
39043143222876, 39043143226808, 3932
39043148810788, 39043148814132, 3344
39043154396480, 39043154400968, 4488
39043159982380, 39043159985788, 3408
39043165570400, 39043165574752, 4352
39043171137732, 39043171141448, 3716
39043177293408, 39043177298156, 4748
39043182865492, 39043182868988, 3496
39043188451412, 39043188455812, 4400
39043194035488, 39043194041456, 5968
39043301564500, 39043301571092, 6592
39043321488512, 39043321495624, 7112
39043392643196, 39043392653640, 10444
39043398501412, 39043398505960, 4548
39043476909512, 39043476917600, 8088
39043482511892, 39043482519100, 7208
39043590062660, 39043590069968, 7308
39043617281540, 39043617289840, 8300
39043622881400, 39043622886304, 4904
39043628469092, 39043628476236, 7144
39043662892368, 39043662900132, 7764
39043668749012, 39043668753964, 4952
39043776904436, 39043776912736, 8300
39043787984712, 39043787993276, 8564
39043891493572, 39043891496312, 2740
39043898379068, 39043898384452, 5384
39043905256696, 39043905261196, 4500
39043912159644, 39043912163640, 3996
39043919034772, 39043919039292, 4520
39043926486100, 39043926491224, 5124
39043933382320, 39043933390808, 8488
39043953295848, 39043953302512, 6664
39044006164724, 39044006173880, 9156
39044013057588, 39044013065740, 8152
39044015186116, 39044015187304, 1188
39044022070208, 39044022076620, 6412
39044041990696, 39044041996652, 5956
39044048876456, 39044048882696, 6240
39044150878892, 39044150882300, 3408
39044156463676, 39044156469432, 5756
39044162051700, 39044162056684, 4984
39044167639588, 39044167643812, 4224
39044173789320, 39044173797260, 7940
39044208223940, 39044208230532, 6592
39044215133564, 39044215138332, 4768
39044222010340, 39044222018100, 7760
39044329611884, 39044329617764, 5880
39044448103324, 39044448106380, 3056
39044468970012, 39044468975936, 5924
39044489839556, 39044489847520, 7964
39044500922640, 39044500930872, 8232
39044507817868, 39044507825604, 7736
39044517931032, 39044517932664, 1632
39044524817672, 39044524825092, 7420
39044525914188, 39044525916504, 2316
39044553117516, 39044553124908, 7392
39044630945356, 39044630952396, 7040
39044741406984, 39044741410000, 3016
39044763205320, 39044763215496, 10176
39044770117036, 39044770121552, 4516
39044776995452, 39044777002820, 7368
39044811453424, 39044811461880, 8456
39044818346540, 39044818354632, 8092
39044896214964, 39044896221564, 6600
39044907287088, 39044907293772, 6684
39044912866148, 39044912872708, 6560
39045262175552, 39045262177776, 2224
39045340055124, 39045340060140, 5016
39045418367584, 39045418372792, 5208
39045496220252, 39045496224868, 4616
39045574083428, 39045574089552, 6124
39045601269308, 39045601277464, 8156
39045608176712, 39045608180724, 4012
39045615055296, 39045615059748, 4452
39045621957180, 39045621961236, 4056
39045628834972, 39045628841792, 6820
39045639915320, 39045639921832, 6512
39045643253012, 39045643254480, 1468
39045650139156, 39045650144440, 5284
39045745232056, 39045745238816, 6760
39045765155492, 39045765162676, 7184
39045771006520, 39045771014800, 8280
39045838351508, 39045838358648, 7140
39045956518036, 39045956520964, 2928
39045963413964, 39045963419600, 5636
39045970292124, 39045970297460, 5336
39045977191004, 39045977195640, 4636
39045984065144, 39045984069560, 4416
39045990963128, 39045990967288, 4160
39045997842632, 39045997850468, 7836
39046002399596, 39046002400676, 1080
39046009281060, 39046009287300, 6240
39046015820144, 39046015828464, 8320
39046035753156, 39046035759980, 6824
39046041611508, 39046041618896, 7388
39046139461492, 39046139466468, 4976
39046145315936, 39046145321848, 5912
39046243715200, 39046243723260, 8060
39046289723572, 39046289732000, 8428
39046648820620, 39046648823664, 3044
39046655716256, 39046655722116, 5860
39046662593700, 39046662598316, 4616
39046670046020, 39046670050276, 4256
39046676948236, 39046676952940, 4704
39046683825932, 39046683829628, 3696
39046690715360, 39046690719820, 4460
39046697594364, 39046697598920, 4556
39046704474368, 39046704477968, 3600
39046711372116, 39046711376388, 4272
39046718249604, 39046718253940, 4336
39046725142712, 39046725147252, 4540
39046732022280, 39046732025736, 3456
39046738937840, 39046738942216, 4376
39022539461816, 39022539475736, 13920
39022677267592, 39022677295108, 27516
39022678151076, 39022678162276, 11200
39022690021488, 39022690030588, 9100
39026704893204, 39026704898116, 4912
39026748784070, 39026748790964, 6894
39026804631440, 39026804634272, 2832
39026908381448, 39026908383688, 2240
39026915266668, 39026915273372, 6704
39026922150988, 39026922155540, 4552
39026929048676, 39026929052888, 4212
39026935924060, 39026935928592, 4532
39026942819040, 39026942826128, 7088
39027041189880, 39027041198012, 8132
39027048096260, 39027048103820, 7560
39027155648032, 39027155656028, 7996
39027234004228, 39027234011364, 7136
39027301277036, 39027301285600, 8564
39027321198716, 39027321203688, 4972
39027341102444, 39027341109548, 7104
39027369640776, 39027369649140, 8364
39027375228384, 39027375235008, 6624
39027384004496, 39027384008468, 3972
39027392748192, 39027392754088, 5896
39027398599632, 39027398606476, 6844
39027399209432, 39027399210908, 1476
39027407955952, 39027407960324, 4372
39027427298204, 39027427302876, 4672
39027447211316, 39027447218340, 7024
39027455962776, 39027455968888, 6112
39027462372720, 39027462379272, 6552
39027467970932, 39027467977276, 6344
39027471039328, 39027471040472, 1144
39027479779216, 39027479783304, 4088
39027488996280, 39027488997668, 1388
39027494569972, 39027494576960, 6988
39027592379956, 39027592386440, 6484
39027595128872, 39027595135580, 6708
39027672968188, 39027672974492, 6304
39027678565348, 39027678571848, 6500
39027689628580, 39027689635428, 6848
39027698381424, 39027698388836, 7412
39027733361064, 39027733369016, 7952
39027800684840, 39027800692548, 7708
39027806542248, 39027806550396, 8148
39027815297688, 39027815305256, 7568
39027893143824, 39027893150188, 6364
39027898738200, 39027898742928, 4728
39027904325228, 39027904329912, 4684
39027909889956, 39027909894696, 4740
39027915474620, 39027915479984, 5364
39027935401336, 39027935408444, 7108
39027946474956, 39027946481496, 6540
39027952326496, 39027952334100, 7604
39027961650272, 39027961658088, 7816
39027969852012, 39027969853184, 1172
39027973840640, 39027973841716, 1076
39027982593048, 39027982598588, 5540
39027997786876, 39027997787980, 1104
39028006534760, 39028006540220, 5460
39028007299444, 39028007303552, 4108
39028076987116, 39028076995316, 8200
39028082587564, 39028082594536, 6972
39028087568996, 39028087569988, 992
39028093138552, 39028093144300, 5748
39028094043392, 39028094049636, 6244
39028102797048, 39028102802172, 5124
39028180600008, 39028180605688, 5680
39028186193488, 39028186198308, 4820
39028191776404, 39028191783616, 7212
39028207285260, 39028207286260, 1000
39028213428280, 39028213435836, 7556
39028222185740, 39028222191652, 5912
39028237217640, 39028237218664, 1024
39028242793840, 39028242800828, 6988
39028262711632, 39028262717808, 6176
39028267142328, 39028267143300, 972
39028272716900, 39028272721880, 4980
39028287751020, 39028287758948, 7928
39028296502332, 39028296507296, 4964
39028305266832, 39028305271296, 4464
39028314003892, 39028314008376, 4484
39028322742636, 39028322748024, 5388
39028400708924, 39028400713828, 4904
39028479029048, 39028479036208, 7160
39028490084744, 39028490091732, 6988
39028793847260, 39028793850136, 2876
39028800748868, 39028800754348, 5480
39028807624212, 39028807628040, 3828
39028814512780, 39028814516296, 3516
39028821383908, 39028821387788, 3880
39028828269132, 39028828272720, 3588
39028835136340, 39028835139228, 2888
39028842016780, 39028842021364, 4584
39028848884376, 39028848887632, 3256
39028855767244, 39028855770856, 3612
39028862633944, 39028862638656, 4712
39028869500020, 39028869503292, 3272
39028876385248, 39028876388484, 3236
39028883260604, 39028883264720, 4116
39028890151060, 39028890155584, 4524
39028897025312, 39028897031368, 6056
39028949880424, 39028949888340, 7916
39029028235972, 39029028243336, 7364
39030016938532, 39030016941400, 2868
39030084255584, 39030084261252, 5668
39030151556776, 39030151561636, 4860
39030219412228, 39030219416508, 4280
39030286699604, 39030286703996, 4392
39030353993960, 39030353998356, 4396
39030421380864, 39030421384904, 4040
39030489209864, 39030489214384, 4520
39030556505552, 39030556510032, 4480
39030623781864, 39030623786012, 4148
39030690997768, 39030691002204, 4436
39030758854900, 39030758859580, 4680
39030826151564, 39030826156092, 4528
39030893441452, 39030893446216, 4764
39030961288560, 39030961293152, 4592
39031028577216, 39031028581320, 4104
39031095807764, 39031095812056, 4292
39031163081324, 39031163086328, 5004
39031230925588, 39031230930212, 4624
39031298224492, 39031298229276, 4784
39031365493656, 39031365498336, 4680
39031432763988, 39031432769020, 5032
39031500620360, 39031500625084, 4724
39031567901560, 39031567906400, 4840
39031635185260, 39031635189952, 4692
39031703029836, 39031703034736, 4900
39031770317172, 39031770323960, 6788
39031777222444, 39031777231248, 8804
39031780664436, 39031780665936, 1500
39031787541680, 39031787547368, 5688
39031805021036, 39031805027960, 6924
39031872314300, 39031872320452, 6152
39031970681864, 39031970687592, 5728
39032023510300, 39032023518808, 8508
39032036244740, 39032036253292, 8552
39032047300040, 39032047307908, 7868
39032053159716, 39032053166276, 6560
39032150980460, 39032150985564, 5104
39032162048960, 39032162055104, 6144
39032215446160, 39032215453500, 7340
39032237251000, 39032237259272, 8272
39032244165924, 39032244173072, 7148
39032322039728, 39032322046632, 6904
39032333093156, 39032333100080, 6924
39032398048216, 39032398054856, 6640
39032403650072, 39032403656080, 6008
39032570730160, 39032570733440, 3280
39032577621108, 39032577626804, 5696
39032584497208, 39032584501832, 4624
39032591394924, 39032591399428, 4504
39032598273172, 39032598277616, 4444
39032605170200, 39032605174716, 4516
39032612048988, 39032612056096, 7108
39032710419604, 39032710425164, 5560
39032777698840, 39032777707356, 8516
39032855564316, 39032855572688, 8372
39032875492304, 39032875499048, 6744
39032881342792, 39032881350224, 7432
39032979639968, 39032979646704, 6736
39032986546660, 39032986551096, 4436
39032993431972, 39032993436640, 4668
39033000324892, 39033000331268, 6376
39033001698004, 39033001699512, 1508
39033008577896, 39033008583368, 5472
39033018296540, 39033018303964, 7424
39033025640248, 39033025641672, 1424
39033032523664, 39033032530152, 6488
39033038382060, 39033038388616, 6556
39033049582712, 39033049584136, 1424
39033056468288, 39033056476160, 7872
39033059699356, 39033059705744, 6388
39033075725136, 39033075731380, 6244
39033082607004, 39033082613496, 6492
39033093684656, 39033093690768, 6112
39033099270032, 39033099275128, 5096
39033106169624, 39033106176020, 6396
39033114928152, 39033114932804, 4652
39033115426028, 39033115427328, 1300
39033120999680, 39033121005276, 5596
39033121413628, 39033121414804, 1176
39033130158800, 39033130165476, 6676
39033198051724, 39033198059828, 8104
39033206812036, 39033206818836, 6800
39033212410144, 39033212417812, 7668
39033219318816, 39033219322992, 4176
39033226198192, 39033226203400, 5208
39033293525168, 39033293532664, 7496
39033300414544, 39033300422252, 7708
39033306017664, 39033306023584, 5920
39033312955880, 39033312957336, 1456
39033320953160, 39033320957872, 4712
39033388267952, 39033388281232, 13280
39033393873588, 39033393884848, 11260
39033400785896, 39033400797480, 11584
39033414714368, 39033414719680, 5312
39033420305612, 39033420316828, 11216
39033427217936, 39033427226996, 9060
39033444642776, 39033444647988, 5212
39033450796524, 39033450806340, 9816
39033500711400, 39033500722456, 11056
39033535130936, 39033535141784, 10848
39033540732384, 39033540741432, 9048
39033546307460, 39033546317568, 10108
39033564358120, 39033564363888, 5768
39033569939820, 39033569951180, 11360
39033597145036, 39033597155204, 10168
39033602746288, 39033602757120, 10832
39033613809220, 39033613820140, 10920
39033624222088, 39033624227612, 5524
39033632974860, 39033632987308, 12448
39033648161592, 39033648167420, 5828
39033656908880, 39033656918564, 9684
39033722996900, 39033723008608, 11708
39033812216396, 39033812225664, 9268
39033910036648, 39033910048820, 12172
39033921099820, 39033921111768, 11948
39033999487668, 39033999500096, 12428
39034007310544, 39034007314544, 4000
39034041229012, 39034041232456, 3444
39034075659612, 39034075666332, 6720
39034084414928, 39034084419728, 4800
39034103099444, 39034103104020, 4576
39034111859272, 39034111872448, 13176
39034127034852, 39034127039104, 4252
39034133915612, 39034133928852, 13240
39034142991916, 39034142999024, 7108
39034150965644, 39034150972408, 6764
39034218836804, 39034218848272, 11468
39034253259100, 39034253269292, 10192
39034260152424, 39034260161608, 9184
39034267056648, 39034267068616, 11968
39034272917696, 39034272928272, 10576
39034279807012, 39034279818524, 11512
39034332645060, 39034332656964, 11904
39034353515308, 39034353524784, 9476
39034359365164, 39034359375428, 10264
39034426789172, 39034426801236, 12064
39034437851544, 39034437862184, 10640
39034472843416, 39034472854840, 11424
39034540115296, 39034540127292, 11996
39034561933484, 39034561945184, 11700
39034581851856, 39034581866104, 14248
39034602755380, 39034602767168, 11788
39034608616960, 39034608628612, 11652
39034960990256, 39034960994128, 3872
39034969749884, 39034969755480, 5596
39034978496196, 39034978500756, 4560
39034987256748, 39034987260496, 3748
39034995997396, 39034996001404, 4008
39035004737692, 39035004741932, 4240
39035013498880, 39035013503028, 4148
39035022245356, 39035022249436, 4080
39035031009300, 39035031013376, 4076
39035039742740, 39035039747048, 4308
39035048487800, 39035048491568, 3768
39035057242928, 39035057246020, 3092
39035065982784, 39035065986604, 3820
39035074741340, 39035074744644, 3304
39035083487168, 39035083490920, 3752
39035092226196, 39035092230388, 4192
39035100979048, 39035100983660, 4612
39035109718632, 39035109723120, 4488
39035118458516, 39035118462864, 4348
39035127215092, 39035127223504, 8412
39035132565836, 39035132567340, 1504
39035141312912, 39035141319412, 6500
39035141841632, 39035141850300, 8668
39035152923348, 39035152930760, 7412
39035187341676, 39035187349160, 7484
39035265697704, 39035265705788, 8084
39035385968176, 39035385971380, 3204
39035453828516, 39035453835048, 6532
39035521119716, 39035521125136, 5420
39035588425660, 39035588431976, 6316
39035622839728, 39035622847616, 7888
39035643741444, 39035643749172, 7728
39035665548204, 39035665555768, 7564
39035743950360, 39035743957952, 7592
39035796784376, 39035796791136, 6760
39035916707596, 39035916710488, 2892
39035925463828, 39035925470260, 6432
39035934207784, 39035934211636, 3852
39035943524820, 39035943529616, 4796
39035952266424, 39035952271312, 4888
39035961028148, 39035961033180, 5032
39035969769316, 39035969777712, 8396
39035970572624, 39035970573668, 1044
39035979321556, 39035979328128, 6572
39035994528640, 39035994533528, 4888
39036024462136, 39036024464776, 2640
39036091788836, 39036091798088, 9252
39036100568180, 39036100573456, 5276
39036109311148, 39036109316312, 5164
39036118050892, 39036118055140, 4248
39036126816100, 39036126824208, 8108
39036132668764, 39036132676556, 7792
39036138172268, 39036138173360, 1092
39036146926356, 39036146933708, 7352
39036267870580, 39036267873524, 2944
39036276626928, 39036276632888, 5960
39036285375620, 39036285380260, 4640
39036294138948, 39036294143892, 4944
39036302882672, 39036302887356, 4684
39036311621692, 39036311626588, 4896
39036320388312, 39036320396116, 7804
39036327279492, 39036327285840, 6348
39036523205352, 39036523208204, 2852
39036590499364, 39036590504808, 5444
39036657821764, 39036657825860, 4096
39036725586456, 39036725594864, 8408
39036731442804, 39036731449808, 7004
39036752322376, 39036752330064, 7688
39036859918844, 39036859924560, 5716
39036870972552, 39036870979256, 6704
39036969215044, 39036969222196, 7152
39036990117260, 39036990121708, 4448
39037010990960, 39037010998152, 7192
39037117794984, 39037117798456, 3472
39037126546092, 39037126551708, 5616
39037135293392, 39037135298232, 4840
39037144050648, 39037144055316, 4668
39037152788484, 39037152793076, 4592
39037161538552, 39037161542928, 4376
39037170292008, 39037170296572, 4564
39037179039924, 39037179046568, 6644
39037214014004, 39037214021060, 7056
39037311796812, 39037311803528, 6716
39037318683684, 39037318688140, 4456
39037325572392, 39037325580112, 7720
39037346454900, 39037346461884, 6984
39037380865624, 39037380871860, 6236
39037387768652, 39037387773304, 4652
39037394646060, 39037394651180, 5120
39037493045644, 39037493053392, 7748
39037513936992, 39037513945364, 8372
39037620588536, 39037620590856, 2320
39037627474056, 39037627479516, 5460
39037634348420, 39037634353264, 4844
39037641238168, 39037641242640, 4472
39037648113608, 39037648117900, 4292
39037655003792, 39037655007800, 4008
39037661881164, 39037661887492, 6328
39037715293240, 39037715300616, 7376
39037735208796, 39037735216504, 7708
39037738303356, 39037738304772, 1416
39037758200456, 39037758207276, 6820
39037865786604, 39037865795104, 8500
39037873645052, 39037873652192, 7140
39037873982012, 39037873984360, 2348
39037895775944, 39037895782800, 6856
39038017662700, 39038017665936, 3236
39038024552264, 39038024561468, 9204
39038102413536, 39038102421380, 7844
39038265064860, 39038265068368, 3508
39038273823624, 39038273829316, 5692
39038282573740, 39038282579052, 5312
39038291335288, 39038291339504, 4216
39038300080336, 39038300084944, 4608
39038308817960, 39038308822444, 4484
39038317579644, 39038317584208, 4564
39038326321512, 39038326325384, 3872
39038335080916, 39038335083824, 2908
39038343817628, 39038343821116, 3488
39038352556992, 39038352563268, 6276
39038363633176, 39038363640408, 7232
39038416501936, 39038416508292, 6356
39038423395448, 39038423400036, 4588
39038430262364, 39038430269560, 7196
39038450735128, 39038450742052, 6924
39038471617528, 39038471624760, 7232
39038477475212, 39038477482800, 7588
39038484473668, 39038484475172, 1504
39038504338992, 39038504344132, 5140
39038531756328, 39038531761076, 4748
39038552623356, 39038552629232, 5876
39038619911860, 39038619917184, 5324
39038625764744, 39038625771580, 6836
39038646661768, 39038646667980, 6212
39038714535268, 39038714543344, 8076
39038725591792, 39038725599684, 7892
39038739211204, 39038739216584, 5380
39038773616892, 39038773624240, 7348
39038778384148, 39038778391952, 7804
39038785275968, 39038785282476, 6508
39038795730828, 39038795732244, 1416
39038802611796, 39038802618432, 6636
39038899767080, 39038899773348, 6268
39038919679584, 39038919687736, 8152
39038926568624, 39038926574352, 5728
39039034673316, 39039034680728, 7412
39039101972964, 39039101980432, 7468
39039121879848, 39039121886428, 6580
39039142766688, 39039142775076, 8388
39039149672736, 39039149677372, 4636
39039156549804, 39039156554336, 4532
39039163441940, 39039163446760, 4820
39039170317680, 39039170322968, 5288
39039238156336, 39039238161668, 5332
39039258047616, 39039258053836, 6220
39039355808140, 39039355815788, 7648
39039366873196, 39039366881168, 7972
39039386789284, 39039386794876, 5592
39039392390232, 39039392398828, 8596
39039401151768, 39039401155796, 4028
39039409891252, 39039409898448, 7196
39039430792484, 39039430801260, 8776
39039436956748, 39039436962232, 5484
39039456867004, 39039456873512, 6508
39039460147772, 39039460148948, 1176
39039465729480, 39039465734568, 5088
39039486626352, 39039486633788, 7436
39039495383580, 39039495387492, 3912
39039504135532, 39039504141352, 5820
39039514019940, 39039514021264, 1324
39039522769060, 39039522775492, 6432
39039528362604, 39039528366824, 4220
39039533931976, 39039533937400, 5424
39039537961384, 39039537962680, 1296
39039546703716, 39039546710296, 6580
39039549932524, 39039549933756, 1232
39039555506592, 39039555511776, 5184
39039576397828, 39039576404852, 7024
39039587451856, 39039587459108, 7252
39039596221532, 39039596227488, 5956
39039694537876, 39039694544516, 6640
39039714459704, 39039714464252, 4548
39039734356072, 39039734363852, 7780
39039747280772, 39039747288228, 7456
39039854866164, 39039854874352, 8188
39039860468584, 39039860476080, 7496
39039927786052, 39039927792936, 6884
39039934196496, 39039934202392, 5896
39040041756388, 39040041762404, 6016
39040061695708, 39040061700960, 5252
39040081608784, 39040081615504, 6720
39040148948140, 39040148955868, 7728
39040154190032, 39040154197204, 7172
39040252588972, 39040252595908, 6936
39040360121968, 39040360129484, 7516
39040365706048, 39040365713156, 7108
39040418649932, 39040418656844, 6912
39040441012944, 39040441019116, 6172
39040548539584, 39040548546616, 7032
39040568461212, 39040568467272, 6060
39040579537160, 39040579544716, 7556
39040585375692, 39040585382824, 7132
39040587404780, 39040587405920, 1140
39042012035388, 39042012038240, 2852
39042033833528, 39042033839420, 5892
39042055627168, 39042055632200, 5032
39042077421640, 39042077426168, 4528
39042099209296, 39042099213396, 4100
39042120990464, 39042120994268, 3804
39042142778208, 39042142782552, 4344
39042164560320, 39042164564952, 4632
39042186913572, 39042186918316, 4744
39042208708036, 39042208712600, 4564
39042230506884, 39042230511460, 4576
39042252297636, 39042252302400, 4764
39042274087708, 39042274092016, 4308
39042295890560, 39042295894904, 4344
39042317687792, 39042317692304, 4512
39042339471144, 39042339475188, 4044
39042361252988, 39042361257356, 4368
39042383157420, 39042383161724, 4304
39042404929168, 39042404937596, 8428
39042410528880, 39042410536616, 7736
39042416378876, 39042416385164, 6288
39042425707548, 39042425715144, 7596
39042434957628, 39042434965444, 7816
39042452924172, 39042452928628, 4456
39042458895592, 39042458899216, 3624
39042467640536, 39042467650620, 10084
39042575192340, 39042575205412, 13072
39042642432668, 39042642449512, 16844
39042648293036, 39042648303920, 10884
39042669207508, 39042669220204, 12696
39042737144612, 39042737156448, 11836
39042764349100, 39042764358128, 9028
39042831513576, 39042831525292, 11716
39042939640672, 39042939652008, 11336
39043773781192, 39043773784956, 3764
39043782538384, 39043782544360, 5976
39043791285968, 39043791290628, 4660
39043800046424, 39043800050884, 4460
39043808790296, 39043808794788, 4492
39043817523336, 39043817527056, 3720
39043826274920, 39043826278884, 3964
39043835016252, 39043835019944, 3692
39043843767708, 39043843771680, 3972
39043852507944, 39043852511676, 3732
39043861242504, 39043861245812, 3308
39043869991912, 39043869996136, 4224
39043878729784, 39043878734172, 4388
39043887466700, 39043887472840, 6140
39043896227784, 39043896231844, 4060
39043904966332, 39043904970588, 4256
39043913727328, 39043913732168, 4840
39043923026056, 39043923030644, 4588
39043931793700, 39043931798228, 4528
39043940538388, 39043940543204, 4816
39043949282144, 39043949286584, 4440
39043958045136, 39043958049308, 4172
39043966787084, 39043966791376, 4292
39043975549820, 39043975553952, 4132
39043984292736, 39043984296960, 4224
39043993043676, 39043993048424, 4748
39044001811220, 39044001815956, 4736
39044010555392, 39044010560036, 4644
39044019314656, 39044019319064, 4408
39044028057604, 39044028061880, 4276
39044036802080, 39044036805644, 3564
39044045563488, 39044045567836, 4348
39044054306660, 39044054310476, 3816
39044063048868, 39044063052264, 3396
39044071800868, 39044071804460, 3592
39044080541984, 39044080544880, 2896
39044089290128, 39044089293540, 3412
39044098017420, 39044098021468, 4048
39044106752736, 39044106756168, 3432
39044115505360, 39044115509592, 4232
39044124244808, 39044124249024, 4216
39044132998288, 39044133002332, 4044
39044141736944, 39044141741440, 4496
39044150479096, 39044150483228, 4132
39044159237936, 39044159242340, 4404
39044167979784, 39044167984148, 4364
39044177301296, 39044177306084, 4788
39044186045376, 39044186049716, 4340
39044194810672, 39044194815156, 4484
39044203558608, 39044203563040, 4432
39044212301148, 39044212305032, 3884
39044221059368, 39044221063740, 4372
39044229804272, 39044229808672, 4400
39044238546272, 39044238550304, 4032
39044247301888, 39044247309548, 7660
39044325180400, 39044325187800, 7400
39044761356168, 39044761359176, 3008
39044770112952, 39044770118356, 5404
39044778857824, 39044778862260, 4436
39044787621112, 39044787625364, 4252
39044796363652, 39044796368116, 4464
39044805107692, 39044805111964, 4272
39044813872436, 39044813877092, 4656
39044822616320, 39044822620504, 4184
39044831373744, 39044831378416, 4672
39044840118364, 39044840122652, 4288
39044848863160, 39044848866892, 3732
39044857616196, 39044857620388, 4192
39044866354984, 39044866359464, 4480
39044875108740, 39044875113416, 4676
39044883850436, 39044883855164, 4728
39044892592548, 39044892596180, 3632
39044901348524, 39044901353332, 4808
39044910086296, 39044910090460, 4164
39044919399608, 39044919403496, 3888
39044928141064, 39044928144296, 3232
39044936879480, 39044936882676, 3196
39044945633756, 39044945638060, 4304
39044954366052, 39044954369516, 3464
39044963112704, 39044963116584, 3880
39044972860216, 39044972867428, 7212
39045765742288, 39045765747912, 5624
39045774487204, 39045774491800, 4596
39045783251088, 39045783255616, 4528
39045791992704, 39045791997024, 4320
39045800737368, 39045800741340, 3972
39045809500224, 39045809504432, 4208
39045818248164, 39045818252704, 4540
39045827014108, 39045827018576, 4468
39045835761180, 39045835764948, 3768
39045844503948, 39045844508008, 4060
39045853264444, 39045853268560, 4116
39045862004972, 39045862008756, 3784
39045870750624, 39045870754116, 3492
39045879479812, 39045879483548, 3736
39045888214768, 39045888218044, 3276
39045896956684, 39045896960024, 3340
39045905684012, 39045905687648, 3636
39045914408680, 39045914412076, 3396
39045923710908, 39045923715420, 4512
39045932439096, 39045932443012, 3916
39045941194824, 39045941198380, 3556
39045949930332, 39045949934544, 4212
39045958689656, 39045958693596, 3940
39045967432268, 39045967436808, 4540
39045976177804, 39045976182392, 4588
39045984941972, 39045984946856, 4884
39045993685904, 39045993690824, 4920
39046002454256, 39046002458416, 4160
39046011192292, 39046011196924, 4632
39046019938508, 39046019942844, 4336
39046028703136, 39046028707628, 4492
39046037448212, 39046037452472, 4260
39046046193728, 39046046198224, 4496
39046054952108, 39046054956532, 4424
39046063698224, 39046063702256, 4032
39046072463516, 39046072467408, 3892
39046081219152, 39046081223200, 4048
39046089961140, 39046089965340, 4200
39046098723464, 39046098727872, 4408
39046107468292, 39046107472556, 4264
39046116225632, 39046116229836, 4204
39046124966920, 39046124971372, 4452
39046133704516, 39046133708724, 4208
39046142467784, 39046142471888, 4104
39046151210908, 39046151215644, 4736
39046159959540, 39046159963596, 4056
39046169280844, 39046169285424, 4580
39046178044876, 39046178049548, 4672
39046186789804, 39046186794228, 4424
39046195533664, 39046195537932, 4268
39046303706228, 39046303708524, 2296
39046312461164, 39046312466980, 5816
39046321199404, 39046321203700, 4296
39046329950496, 39046329955136, 4640
39046338693744, 39046338698148, 4404
39046347435256, 39046347439564, 4308
39046455266416, 39046455269588, 3172
39046522479532, 39046522485344, 5812
39046589699068, 39046589707724, 8656
39046668110184, 39046668114524, 4340
