21952353257132, 21952353261638, 4506
21952447016204, 21952447020640, 4436
21952604652104, 21952604656420, 4316
21952762273720, 21952762281000, 7280
21952919853272, 21952919896732, 43460
21953077453728, 21953077457892, 4164
21953235074652, 21953235081100, 6448
21953392704756, 21953392708908, 4152
21953550332156, 21953550336472, 4316
21953707952876, 21953707959100, 6224
21953865654380, 21953865658544, 4164
21954023233764, 21954023240558, 6794
21954180829816, 21954180836080, 6264
21954338459916, 21954338464128, 4212
21954496076992, 21954496082484, 5492
21954653707780, 21954653714084, 6304
21954811265740, 21954811269852, 4112
21954968886772, 21954968893224, 6452
21955126516268, 21955126520520, 4252
21955284143292, 21955284147572, 4280
21955441785192, 21955441795764, 10572
21955599465392, 21955599469548, 4156
21955757039784, 21955757050332, 10548
21955914641788, 21955914648256, 6468
21956072272340, 21956072276588, 4248
21956229893364, 21956229900268, 6904
21956387524976, 21956387529236, 4260
21956545150988, 21956545155092, 4104
21956702772044, 21956702778428, 6384
21956860328888, 21956860333016, 4128
21957017955328, 21957017959440, 4112
21957175576504, 21957175583152, 6648
21957333233298, 21957333280096, 46798
21957490848392, 21957490901008, 52616
21957648454376, 21957648461084, 6708
21957806085216, 21957806089520, 4304
21957963705408, 21957963712008, 6600
21958121336404, 21958121340404, 4000
21958278962956, 21958278967032, 4076
21958436584388, 21958436590972, 6584
21958594215740, 21958594219984, 4244
21958751836912, 21958751843468, 6556
21958909394652, 21958909398896, 4244
21959067089428, 21959067093564, 4136
21959224641032, 21959224647288, 6256
21959382271484, 21959382275772, 4288
21959539899216, 21959539903452, 4236
21959697517268, 21959697523664, 6396
21959855150496, 21959855154548, 4052
21960012799752, 21960012844744, 44992
21960170417538, 21960170428712, 11174
21960328027664, 21960328031864, 4200
21960485648760, 21960485655420, 6660
21960643272240, 21960643279004, 6764
21960800832288, 21960800836548, 4260
21960958453500, 21960958460276, 6776
21961116083128, 21961116087356, 4228
21961273708660, 21961273712724, 4064
21961431330756, 21961431337436, 6680
21961588986558, 21961588993284, 6726
21961746604798, 21961746658872, 54074
21961904229212, 21961904285244, 56032
21962061838972, 21962061843308, 4336
21962219459168, 21962219465908, 6740
21962377089948, 21962377094276, 4328
21962534718748, 21962534723004, 4256
21962692337984, 21962692344660, 6676
21962921722216, 21962921723956, 1740
21963053828612, 21963053834684, 6072
21963185359868, 21963185363700, 3832
21963322773488, 21963322777736, 4248
21963480417818, 21963480450612, 32794
21963638042452, 21963638094680, 52228
21963795651352, 21963795655592, 4240
21963953272052, 21963953278788, 6736
21964110904116, 21964110908188, 4072
21964268529284, 21964268533348, 4064
21964426156436, 21964426160520, 4084
21964583781480, 21964583785568, 4088
21964741402924, 21964741409696, 6772
21964898960244, 21964898964352, 4108
21965056586604, 21965056590732, 4128
21965214228798, 21965214262520, 33722
21965371836664, 21965371840812, 4148
21965529463208, 21965529467376, 4168
21965687084236, 21965687090880, 6644
21965844716180, 21965844720404, 4224
21966002340996, 21966002345184, 4188
21966912108492, 21966912111768, 3276
21967011886016, 21967011891744, 5728
21967111089328, 21967111093904, 4576
21967210883120, 21967210887404, 4284
21967310091384, 21967310095312, 3928
21967409323568, 21967409327388, 3820
21967509209624, 21967509214284, 4660
21967608409448, 21967608412708, 3260
21967707640868, 21967707644524, 3656
21967807400024, 21967807403700, 3676
21967915727620, 21967915732180, 4560
21968091298604, 21968091304308, 5704
21968266895896, 21968266900612, 4716
21968442470940, 21968442475096, 4156
21968618050384, 21968618055832, 5448
21968793566008, 21968793572492, 6484
21968969147148, 21968969151524, 4376
21969144732096, 21969144736128, 4032
21969320309300, 21969320314628, 5328
21969495905040, 21969495909448, 4408
21969671475732, 21969671483588, 7856
21969847059588, 21969847066776, 7188
21970022655668, 21970022660256, 4588
21970198230836, 21970198234960, 4124
21970373809996, 21970373815472, 5476
21970549409624, 21970549418758, 9134
21970725013352, 21970725060248, 46896
21970900490956, 21970900495412, 4456
21971076069856, 21971076075380, 5524
21971251665044, 21971251669456, 4412
21971427240404, 21971427244580, 4176
21971602819228, 21971602824972, 5744
21971778405500, 21971778410908, 5408
21971953990256, 21971953994612, 4356
21972129576952, 21972129581044, 4092
21972305170944, 21972305180744, 9800
21952453011644, 21952453015140, 3496
21952464972512, 21952464978008, 5496
21952640558948, 21952640565436, 6488
21952816073488, 21952816077944, 4456
21952991651044, 21952991657852, 6808
21953167239196, 21953167243448, 4252
21953342816416, 21953342820564, 4148
21953518405376, 21953518409972, 4596
21953693990896, 21953693992452, 1556
21953869568800, 21953869575988, 7188
21954045153216, 21954045159344, 6128
21954220733208, 21954220739452, 6244
21954396322176, 21954396326388, 4212
21954571904160, 21954571908164, 4004
21954747490844, 21954747495508, 4664
21954922999264, 21954923003420, 4156
21955098582896, 21955098587004, 4108
21955274166264, 21955274170528, 4264
21955449745580, 21955449751936, 6356
21955625333236, 21955625337268, 4032
21955800911772, 21955800918296, 6524
21955976488596, 21955976494164, 5568
21956152082520, 21956152086660, 4140
21956327665616, 21956327669644, 4028
21956503250412, 21956503254808, 4396
21956678855784, 21956678862418, 6634
21956854337544, 21956854343788, 6244
21957029923364, 21957029931108, 7744
21957205506432, 21957205513136, 6704
21957381087340, 21957381094104, 6764
21957556671288, 21957556677888, 6600
21957732255212, 21957732261740, 6528
21957907837016, 21957907843584, 6568
21958083419960, 21958083426496, 6536
21958259025078, 21958259035518, 10440
21958434609278, 21958434663932, 54654
21958610167484, 21958610174280, 6796
21958785754064, 21958785760760, 6696
21958961264944, 21958961271256, 6312
21959136847764, 21959136854516, 6752
21959312431052, 21959312438012, 6960
21959488015512, 21959488022556, 7044
21959663598164, 21959663604728, 6564
21959839181648, 21959839187864, 6216
21960014768136, 21960014774816, 6680
21960190347552, 21960190354180, 6628
21960365930960, 21960365937408, 6448
21960541516752, 21960541523512, 6760
21960717097472, 21960717103952, 6480
21960892608720, 21960892615484, 6764
21961068192788, 21961068199400, 6612
21961243769556, 21961243776976, 7420
21961419357392, 21961419364120, 6728
21961594941476, 21961594947768, 6292
21961770525840, 21961770532832, 6992
21961946107024, 21961946113572, 6548
21962121691416, 21962121698684, 7268
21962297275832, 21962297282780, 6948
21962472859680, 21962472866928, 7248
21962648441548, 21962648448176, 6628
21962823951556, 21962823957692, 6136
21962999534452, 21962999540960, 6508
21963175117956, 21963175124564, 6608
21963350701440, 21963350708068, 6628
21963526285864, 21963526292628, 6764
21963701869444, 21963701876184, 6740
21963877447164, 21963877453808, 6644
21964053039440, 21964053047440, 8000
21964186716936, 21964186723396, 6460
21964320401816, 21964320408756, 6940
21964454081920, 21964454088676, 6756
21964587764704, 21964587771208, 6504
21964721461864, 21964721473704, 11840
21964855059592, 21964855065912, 6320
21964988742116, 21964988749312, 7196
21965122423848, 21965122430316, 6468
21965256100916, 21965256108104, 7188
21965389789356, 21965389796220, 6864
21965523472820, 21965523478888, 6068
21965657154956, 21965657161636, 6680
21965790836120, 21965790842560, 6440
21965924520624, 21965924527244, 6620
21966058201472, 21966058208056, 6584
21966191886684, 21966191893176, 6492
21966325568436, 21966325574568, 6132
21966459272724, 21966459283812, 11088
21966592935072, 21966592941712, 6640
21966726618104, 21966726625060, 6956
21966860225940, 21966860232112, 6172
21966993910440, 21966993917404, 6964
21967127591700, 21967127598780, 7080
21967261275360, 21967261282356, 6996
21967394957176, 21967394963424, 6248
21967528635372, 21967528648664, 13292
21967662322848, 21967662335820, 12972
21967796004960, 21967796021064, 16104
21967929687824, 21967929694504, 6680
21968063370232, 21968063376672, 6440
21968197074184, 21968197131340, 57156
21968330736588, 21968330743160, 6572
21968464419220, 21968464426112, 6892
21968598102632, 21968598109164, 6532
21968731786168, 21968731792432, 6264
21968865395772, 21968865402320, 6548
21968999077756, 21968999084804, 7048
21969132781932, 21969132792598, 10666
21969266436972, 21969266444224, 7252
21969400124836, 21969400131452, 6616
21969533809112, 21969533815764, 6652
21969667491220, 21969667498348, 7128
21969801205456, 21969801211924, 6468
21969934856448, 21969934863012, 6564
21970068538340, 21970068545004, 6664
21970202222600, 21970202229268, 6668
21970335905344, 21970335911268, 5924
21970469588172, 21970469594904, 6732
21970603270080, 21970603277276, 7196
21970736954784, 21970736961572, 6788
21970870583718, 21970870594598, 10880
21971004248224, 21971004255404, 7180
21971137927416, 21971137934056, 6640
21971271610732, 21971271617428, 6696
21971405293588, 21971405300044, 6456
21971538971200, 21971538978064, 6864
21971672658304, 21971672665004, 6700
21971806342460, 21971806349112, 6652
21971940025236, 21971940031768, 6532
21972073707028, 21972073713132, 6104
21972207392760, 21972207399740, 6980
21972341073920, 21972341080316, 6396
21964124862828, 21964124865568, 2740
21964228624240, 21964228631648, 7408
21964404216684, 21964404228892, 12208
21964579794184, 21964579807312, 13128
21964755369892, 21964755377292, 7400
21964930872040, 21964930879516, 7476
21965106457592, 21965106465112, 7520
21965282045572, 21965282052480, 6908
21965457623132, 21965457629428, 6296
21965633208468, 21965633215492, 7024
21965808788692, 21965808795272, 6580
21965984379440, 21965984385760, 6320
21966159975592, 21966160035120, 59528
21966317608898, 21966317619124, 10226
21966475214284, 21966475221468, 7184
21966632840436, 21966632846668, 6232
21966790391988, 21966790398696, 6708
21966948018324, 21966948025136, 6812
21967105643504, 21967105649912, 6408
21967263269372, 21967263275972, 6600
21967420898016, 21967420904548, 6532
21967578521216, 21967578533976, 12760
21967736147312, 21967736163732, 16420
21967893774340, 21967893787512, 13172
21968051421218, 21968051475200, 53982
21968209028536, 21968209036200, 7664
21968366652352, 21968366658716, 6364
21968524277020, 21968524283744, 6724
21968681902528, 21968681909412, 6884
21968839456780, 21968839463336, 6556
21968997084144, 21968997090872, 6728
21969154708408, 21969154714944, 6536
21969312334492, 21969312341212, 6720
21969469961372, 21969469968604, 7232
21969627606624, 21969627617398, 10774
21969785232904, 21969785244238, 11334
21969942836888, 21969942843412, 6524
21970100461860, 21970100468528, 6668
21970258088624, 21970258095060, 6436
21970415715644, 21970415722220, 6576
21970573341280, 21970573347440, 6160
21970730967716, 21970730974332, 6616
21970888521372, 21970888527596, 6224
21971046148012, 21971046154284, 6272
21971203768076, 21971203774728, 6652
21971361419532, 21971361476428, 56896
21971519024088, 21971519030840, 6752
21971676648888, 21971676655584, 6696
21971834275440, 21971834281944, 6504
21971991901316, 21971991907876, 6560
21972149527832, 21972149534416, 6584
21972307156240, 21972307162792, 6552
21948301928928, 21948301937192, 8264
21950294733448, 21950294737536, 4088
21950294775768, 21950294779524, 3756
21950294807468, 21950294810280, 2812
21952289408804, 21952289417712, 8908
21952423093258, 21952423099944, 6686
21952556757112, 21952556763492, 6380
21952690439028, 21952690445352, 6324
21952824049224, 21952824055792, 6568
21952957732328, 21952957738808, 6480
21953091419704, 21953091424052, 4348
21953225097748, 21953225104224, 6476
21953358779972, 21953358786184, 6212
21953492462800, 21953492468972, 6172
21953626145264, 21953626151824, 6560
21953759828940, 21953759836820, 7880
21953893510468, 21953893517248, 6780
21954027194524, 21954027201160, 6636
21954160899404, 21954160910218, 10814
21954294560804, 21954294567296, 6492
21954428242680, 21954428249200, 6520
21954561924936, 21954561931324, 6388
21954695608156, 21954695614500, 6344
21954829217232, 21954829223532, 6300
21954962901056, 21954962907632, 6576
21955096581748, 21955096588008, 6260
21955230265544, 21955230271924, 6380
21955363948120, 21955363954232, 6112
21955497632632, 21955497639112, 6480
21955631313600, 21955631320956, 7356
21955764998016, 21955765004472, 6456
21955898679644, 21955898686000, 6356
21956032363152, 21956032369424, 6272
21956166045264, 21956166051448, 6184
21956299728344, 21956299734812, 6468
21956433409348, 21956433415848, 6500
21956567097452, 21956567101888, 4436
21956700776096, 21956700782684, 6588
21956834385488, 21956834391740, 6252
21956968069176, 21956968086364, 17188
21957101750672, 21957101757400, 6728
21957235436084, 21957235442784, 6700
21957369117220, 21957369123612, 6392
21957502800060, 21957502807324, 7264
21957636483060, 21957636490140, 7080
21957770164276, 21957770171136, 6860
21957903847404, 21957903854232, 6828
21958037529948, 21958037537424, 7476
21958171213096, 21958171220036, 6940
21958304895420, 21958304902136, 6716
21958438578956, 21958438582164, 3208
21958572282804, 21958572295384, 12580
21958705943980, 21958705951756, 7776
21958839554000, 21958839561608, 7608
21958973238300, 21958973246044, 7744
21959106918140, 21959106925516, 7376
21959240602740, 21959240610796, 8056
21959374285040, 21959374292184, 7144
21959507967792, 21959507974796, 7004
21959641649632, 21959641656660, 7028
21959775333564, 21959775340832, 7268
21959909015368, 21959909022672, 7304
21960042698984, 21960042705824, 6840
21960176381428, 21960176387864, 6436
21960310085944, 21960310140992, 55048
21960443746240, 21960443753300, 7060
21960577429348, 21960577436240, 6892
21960711111456, 21960711118228, 6772
21960844722272, 21960844729140, 6868
21960978399804, 21960978407516, 7712
21961112087924, 21961112094536, 6612
21961245770892, 21961245778388, 7496
21961379452940, 21961379459904, 6964
21961513136728, 21961513144164, 7436
21961646818032, 21961646824952, 6920
21961780501148, 21961780507920, 6772
21961914183980, 21961914190408, 6428
21962047888464, 21962047921792, 33328
21962181549248, 21962181556092, 6844
21962315232300, 21962315239088, 6788
21962448916448, 21962448922876, 6428
21962582598444, 21962582605572, 7128
21962716279876, 21962716286680, 6804
21962849894476, 21962849900964, 6488
21962983573756, 21962983581128, 7372
21963117255004, 21963117262100, 7096
21963250940104, 21963250947568, 7464
21963384621308, 21963384627996, 6688
21963518305168, 21963518312388, 7220
21963651986284, 21963651993140, 6856
21963785669740, 21963785676864, 7124
21963919351908, 21963919358988, 7080
21948287430672, 21948287443872, 13200
21948294866808, 21948294875592, 8784
