38910309413740, 38910309425716, 11976
38910427167748, 38910427179428, 11680
38910556816616, 38910556827448, 10832
38910564260512, 38910564268764, 8252
38910748300552, 38910748311928, 11376
38910753475204, 38910753482588, 7384
38910813538656, 38910813547208, 8552
38910843526568, 38910843534496, 7928
38910846134480, 38910846142548, 8068
38910860936960, 38910860944200, 7240
38910891952964, 38910891960224, 7260
38910921903500, 38910921910608, 7108
38910957201668, 38910957208684, 7016
38910987750148, 38910987761088, 10940
38911035627620, 38911035638584, 10964
38911095661996, 38911095669824, 7828
38911110466604, 38911110474152, 7548
38911715999628, 38911716009992, 10364
38911851675048, 38911851686136, 11088
38911922290740, 38911922298428, 7688
38911972435628, 38911972443828, 8200
38911976170336, 38911976177800, 7464
38912036716076, 38912036723784, 7708
38912059892728, 38912059899716, 6988
38912136993612, 38912137002080, 8468
38912172313556, 38912172321324, 7768
38912232775356, 38912232786380, 11024
38912268632084, 38912268639680, 7596
38912328723716, 38912328731672, 7956
38912364041196, 38912364049408, 8212
38912416341004, 38912416352068, 11064
38912424312376, 38912424319932, 7556
38912472218100, 38912472229136, 11036
38912565972488, 38912565983552, 11064
38912725533656, 38912725544784, 11128
38912730707864, 38912730716112, 8248
38912756381780, 38912756388912, 7132
38912859214636, 38912859225812, 11176
38912884329068, 38912884337420, 8352
38912886919676, 38912886927176, 7500
38912891152736, 38912891163704, 10968
38912919072784, 38912919080500, 7716
38912927056104, 38912927063364, 7260
38912988917040, 38912988928004, 10964
38913048954044, 38913048961524, 7480
38913178455160, 38913178466484, 11324
38913185890644, 38913185898968, 8324
38913209089940, 38913209097716, 7776
38913259802980, 38913259810280, 7300
38913363494312, 38913363502456, 8144
38913477742108, 38913477753288, 11180
38913528424348, 38913528432372, 8024
38913627221548, 38913627229104, 7556
38913677390464, 38913677398400, 7936
38913738010400, 38913738018448, 8048
38913769063068, 38913769074340, 11272
38913862835048, 38913862846432, 11384
38913947329460, 38913947336868, 7408
38914051626508, 38914051635000, 8492
38914111685592, 38914111693256, 7664
38914194890608, 38914194897964, 7356
38914209685488, 38914209692732, 7244
38914232349276, 38914232355908, 6632
38914247154316, 38914247161236, 6920
38914371630640, 38914371642720, 12080
38914374230076, 38914374237384, 7308
38914533231660, 38914533242204, 10544
38914592444708, 38914592453244, 8536
38914622435964, 38914622443132, 7168
38914736687900, 38914736697768, 9868
38914741860424, 38914741867840, 7416
38914765055336, 38914765062500, 7164
38914795041588, 38914795048708, 7120
38914797631352, 38914797639184, 7832
38914812444368, 38914812451220, 6852
38914842443844, 38914842451124, 7280
38914946190988, 38914946197820, 6832
38914969369588, 38914969377308, 7720
38915069900992, 38915069911980, 10988
38915130407772, 38915130415800, 8028
38915265430576, 38915265441236, 10660
38915336083116, 38915336091404, 8288
38915359285148, 38915359292344, 7196
38915508849252, 38915508859396, 10144
38915532030508, 38915532037948, 7440
38915592116532, 38915592124756, 8224
38915594728100, 38915594735764, 7664
38915630615272, 38915630623744, 8472
38915691107036, 38915691114188, 7152
38915826100012, 38915826111368, 11356
38915831276224, 38915831284464, 8240
38915891362304, 38915891370124, 7820
38915995597068, 38915995604368, 7300
38916030938808, 38916030946884, 8076
38916039583244, 38916039591072, 7828
38916042171472, 38916042177948, 6476
38916217163936, 38916217175808, 11872
38916255069608, 38916255076568, 6960
38916290396916, 38916290405112, 8196
38916426671484, 38916426682960, 11476
38916576310956, 38916576322196, 11240
38916599494304, 38916599501732, 7428
38916634845716, 38916634852756, 7040
38916658137356, 38916658144516, 7160
38916693453280, 38916693461208, 7928
38916754526960, 38916754534216, 7256
38916789861628, 38916789868660, 7032
38916813027800, 38916813035572, 7772
38916829641996, 38916829648912, 6916
38916864953944, 38916864960932, 6988
38916925481184, 38916925488256, 7072
38916960795956, 38916960803532, 7576
38917047914760, 38917047923016, 8256
38917180810304, 38917180821492, 11188
38917241324184, 38917241332136, 7952
38917444186024, 38917444197492, 11468
38917449359560, 38917449366940, 7380
38917553658384, 38917553666928, 8544
38917613679380, 38917613686740, 7360
38917797346700, 38917797357980, 11280
38917802521272, 38917802528604, 7332
38918070693676, 38918070704356, 10680
38918141313560, 38918141321596, 8036
38918143906572, 38918143913904, 7332
38918170470816, 38918170482148, 11332
38918174194512, 38918174201944, 7432
38918266240236, 38918266250744, 10508
38918425858500, 38918425869772, 11272
38918433303324, 38918433310908, 7584
38918449784752, 38918449791396, 6644
38918453495904, 38918453502360, 6456
38918460237428, 38918460244584, 7156
38918520844824, 38918520852080, 7256
38918524581512, 38918524588404, 6892
38918607751988, 38918607763672, 11684
38918643062584, 38918643069520, 6936
38918649311264, 38918649318404, 7140
38918684743896, 38918684751280, 7384
38918735485820, 38918735493768, 7948
38918745031716, 38918745042300, 10584
38918784936472, 38918784945644, 9172
38919525184472, 38919525194792, 10320
38919571073572, 38919571084600, 11028
38919656858804, 38919656870656, 11852
38919816502296, 38919816563288, 60992
38919875724428, 38919875732908, 8480
38919878338172, 38919878345328, 7156
38919903451168, 38919903458736, 7568
38920061896928, 38920061907928, 11000
38920121119132, 38920121127464, 8332
38920139718360, 38920139729516, 11156
38920223517640, 38920223528720, 11080
38920248627572, 38920248634952, 7380
38920253432140, 38920253438812, 6672
38920278533576, 38920278540444, 6868
38920377532460, 38920377540800, 8340
38920411741424, 38920411749060, 7636
38920429031808, 38920429043044, 11236
38920533297228, 38920533305304, 8076
38920593792560, 38920593800028, 7468
38921326836672, 38921326847060, 10388
38921628431708, 38921628439648, 7940
38921631017556, 38921631024568, 7012
38921644065404, 38921644072496, 7092
38921669159296, 38921669166304, 7008
38921671744508, 38921671751764, 7256
38921776020668, 38921776029152, 8484
38921778840072, 38921778847920, 7848
38921804128428, 38921804135944, 7516
38921864607620, 38921864615636, 8016
38921870707148, 38921870714332, 7184
38921905445720, 38921905452604, 6884
38921935423520, 38921935430404, 6884
38921950844256, 38921950851188, 6932
38921953449244, 38921953455832, 6588
38922014453688, 38922014461680, 7992
38922098850980, 38922098858296, 7316
38922159343080, 38922159350828, 7748
38922274583016, 38922274594204, 11188
38922333828048, 38922333837228, 9180
38922336441164, 38922336449248, 8084
38922396516560, 38922396523820, 7260
38922541935844, 38922541946444, 10600
38922547110420, 38922547118676, 8256
38922671564320, 38922671575636, 11316
38922696673216, 38922696681588, 8372
38922699262516, 38922699269460, 6944
38922707472408, 38922707479112, 6704
38922831184976, 38922831196320, 11344
38922854363620, 38922854372012, 8392
38923002786308, 38923002797196, 10888
38923025962708, 38923025970636, 7928
38923129694996, 38923129702928, 7932
38923190160516, 38923190168632, 8116
38923324013492, 38923324024672, 11180
38923394655160, 38923394663700, 8540
38923517554908, 38923517565628, 10720
38923561957420, 38923561964980, 7560
38923585137156, 38923585144220, 7064
38923599956112, 38923599963312, 7200
38923650105412, 38923650113648, 8236
38923711180244, 38923711188648, 8404
38923725976524, 38923725984668, 8144
38923751101496, 38923751108392, 6896
38923910615464, 38923910626600, 11136
38923940227128, 38923940235564, 8436
38924124110040, 38924124121136, 11096
38924149218272, 38924149225528, 7256
38924172409964, 38924172417392, 7428
38924179968360, 38924179975128, 6768
38924205059668, 38924205067056, 7388
38924267779388, 38924267790296, 10908
38924365529764, 38924365541176, 11412
38924436099828, 38924436107496, 7668
38924496690192, 38924496697640, 7448
38924600408556, 38924600415968, 7412
38924625528436, 38924625535884, 7448
38924760532976, 38924760543748, 10772
38924819765036, 38924819773428, 8392
38924880252092, 38924880260688, 8596
38924915568660, 38924915576920, 8260
38924976190908, 38924976198160, 7252
38925059840828, 38925059852244, 11416
38925089841936, 38925089849568, 7632
38925249369404, 38925249380308, 10904
38925503228744, 38925503237868, 9124
38925504013076, 38925504020488, 7412
38925506606296, 38925506613196, 6900
38925666379024, 38925666390828, 11804
38925825999056, 38925826009964, 10908
38925885962072, 38925885970448, 8376
38925895828676, 38925895835380, 6704
38925925820784, 38925925827968, 7184
38926030069272, 38926030077140, 7868
38926090143128, 38926090151116, 7988
38926201102612, 38926201113716, 11104
38926261652188, 38926261660836, 8648
38926365379308, 38926365386888, 7580
38928242193880, 38928242204296, 10416
38928372346984, 38928372355800, 8816
38929048218920, 38929048229512, 10592
38929183886520, 38929183898176, 11656
38929189059896, 38929189068212, 8316
38929323555060, 38929323566216, 11156
38929331001612, 38929331009764, 8152
38929333611160, 38929333618284, 7124
38929393663592, 38929393670564, 6972
38929396249676, 38929396257724, 8048
38929480388308, 38929480399932, 11624
38909519301704, 38909519338864, 37160
38909575177050, 38909575189824, 12774
38909720798224, 38909720806772, 8548
38909780430268, 38909780438108, 7840
38909840897868, 38909840905964, 8096
38909925307308, 38909925314960, 7652
38909940096980, 38909940103452, 6472
38910001096432, 38910001103920, 7488
38910026191524, 38910026199636, 8112
38910028067188, 38910028073808, 6620
38910053155140, 38910053162128, 6988
38910103283032, 38910103291036, 8004
38910109871808, 38910109878964, 7156
38910134959012, 38910134965724, 6712
38910232008116, 38910232015224, 7108
38910257657228, 38910257665072, 7844
38910313451524, 38910313458800, 7276
38910363600160, 38910363608312, 8152
38910366190592, 38910366197264, 6672
38910426161856, 38910426168740, 6884
38910476253252, 38910476260784, 7532
38910580406716, 38910580415332, 8616
38910963789048, 38910963799392, 10344
38911139803584, 38911139811228, 7644
38911173295100, 38911173306068, 10968
38911269065452, 38911269076720, 11268
38911428681732, 38911428692912, 11180
38911478850212, 38911478858296, 8084
38911500503420, 38911500510508, 7088
38911624213780, 38911624225336, 11556
38911684032692, 38911684040380, 7688
38911707192608, 38911707199900, 7292
38911811411896, 38911811419460, 7564
38911849693396, 38911849704468, 11072
38911913537668, 38911913548964, 11296
38911936709604, 38911936716964, 7360
38911966686472, 38911966693980, 7508
38912009311892, 38912009322716, 10824
38912095098916, 38912095109792, 10876
38912130408944, 38912130417024, 8080
38912190471500, 38912190479356, 7856
38912197925540, 38912197933580, 8040
38912248739596, 38912248750380, 10784
38912252463168, 38912252470332, 7164
38912264689084, 38912264696312, 7228
38912287860592, 38912287867784, 7192
38912304607028, 38912304614648, 7620
38912308321612, 38912308328104, 6492
38912392396176, 38912392407428, 11252
38912466250576, 38912466261808, 11232
38912520078868, 38912520085980, 7112
38912555351000, 38912555357736, 6736
38912562080116, 38912562087516, 7400
38912615853676, 38912615861528, 7852
38912651091820, 38912651099208, 7388
38912674349828, 38912674357132, 7304
38912734393024, 38912734400676, 7652
38912838547648, 38912838554964, 7316
38912911109588, 38912911121480, 11892
38912966973600, 38912966984884, 11284
38914267873608, 38914267884492, 10884
38916271045232, 38916271055984, 10752
38916938136476, 38916938145988, 9512
38916955340592, 38916955347228, 6636
38916970148536, 38916970156124, 7588
38916997241048, 38916997247904, 6856
38917012042256, 38917012050120, 7864
38917039143492, 38917039150268, 6776
38917053950120, 38917053957348, 7228
38917188798520, 38917188810264, 11744
38917260021744, 38917260030548, 8804
38917344360840, 38917344368124, 7284
38917366364460, 38917366371264, 6804
38917549936052, 38917549947688, 11636
38917555113840, 38917555121696, 7856
38917605231080, 38917605238212, 7132
38917665662924, 38917665670316, 7392
38917707568668, 38917707579424, 10756
38917768136536, 38917768144376, 7840
38917791308776, 38917791317236, 8460
38917960966116, 38917960977792, 11676
38917968716544, 38917968723684, 7140
38918118585080, 38918118596588, 11508
38918278199440, 38918278210144, 10704
38918283378652, 38918283386328, 7676
38918306577256, 38918306584612, 7356
38918314106348, 38918314112992, 6644
38918316693756, 38918316700232, 6476
38918425863376, 38918425874752, 11376
38918497038944, 38918497046212, 7268
38918547203580, 38918547211700, 8120
38918647326372, 38918647337720, 11348
38918651152932, 38918651159956, 7024
38918673193656, 38918673200404, 6748
38918676906756, 38918676913408, 6652
38918678099528, 38918678106376, 6848
38918739182176, 38918739190496, 8320
38918776959948, 38918776971064, 11116
38918826844616, 38918826855420, 10804
38920225502464, 38920225513004, 10540
38920411075460, 38920411087468, 12008
38920522804288, 38920522815224, 10936
38920582773604, 38920582781740, 8136
38920704315904, 38920704327156, 11252
38920863926312, 38920863937580, 11268
38920935761132, 38920935771936, 10804
38920950573348, 38920950580840, 7492
38921021556076, 38921021567380, 11304
38921051104532, 38921051111748, 7216
38921061450660, 38921061457392, 6732
38921076248868, 38921076255920, 7052
38921099431568, 38921099438732, 7164
38921203119816, 38921203127012, 7196
38921227072076, 38921227082924, 10848
38921330774448, 38921330782356, 7908
38921333389756, 38921333398204, 8448
38921689972376, 38921689983104, 10728
38921870576948, 38921870585660, 8712
38921971294768, 38921971305556, 10788
38922114950124, 38922114961360, 11236
38922120125084, 38922120132876, 7792
38922170274392, 38922170281288, 6896
38922172880172, 38922172887972, 7800
38922356382140, 38922356393324, 11184
38922541933316, 38922541944552, 11236
38922710853096, 38922710861212, 8116
38922806858048, 38922806865312, 7264
38922831958928, 38922831966120, 7192
38922892438336, 38922892445132, 6796
38922996555012, 38922996562760, 7748
38923011364080, 38923011371368, 7288
38923170378404, 38923170389444, 11040
38923240223656, 38923240234820, 11164
38923328013120, 38923328025044, 11924
38923353120892, 38923353128244, 7352
38923511579048, 38923511589828, 10780
38923572048008, 38923572055536, 7528
38923632105328, 38923632113392, 8064
38923646912800, 38923646920700, 7900
38923672042676, 38923672060788, 18112
38923695249536, 38923695257752, 8216
38923778572664, 38923778579724, 7060
38923820837200, 38923820848528, 11328
38923924486572, 38923924494544, 7972
38924020364944, 38924020376152, 11208
38924123973888, 38924123981720, 7832
38924303689548, 38924303692716, 3168
38924489243652, 38924489254684, 11032
38924512426312, 38924512434748, 8436
38924626916596, 38924626927740, 11144
38924632094772, 38924632103116, 8344
38924736343668, 38924736351604, 7936
38924771642488, 38924771650892, 8404
38924775378292, 38924775385220, 6928
38924778484100, 38924778491820, 7720
38924808473012, 38924808480428, 7416
38924818390312, 38924818397004, 6692
38925041864912, 38925041875768, 10856
38925668385896, 38925668396300, 10404
38925987031024, 38925987039812, 8788
38926016996256, 38926017004172, 7916
38926023520628, 38926023527468, 6840
38926058820244, 38926058827124, 6880
38926088799580, 38926088807208, 7628
38926119306504, 38926119317512, 11008
38926154598388, 38926154605828, 7440
38926179693552, 38926179700412, 6860
38926240324628, 38926240332168, 7540
38928276122348, 38928276133012, 10664
38929476792892, 38929476801632, 8740
38929487159004, 38929487165784, 6780
38929517151732, 38929517159076, 7344
38907460666196, 38907460677004, 10808
38907460708592, 38907460715528, 6936
38907460740240, 38907460747396, 7156
38907460770008, 38907460776848, 6840
38907460799404, 38907460805920, 6516
38907460828072, 38907460834672, 6600
38907460856220, 38907460863208, 6988
38907460885304, 38907460892344, 7040
38907460914008, 38907460920876, 6868
38907460942572, 38907460949580, 7008
38907460970804, 38907460977844, 7040
38907460999540, 38907461006364, 6824
38909455516404, 38909455526972, 10568
38909455544252, 38909455551608, 7356
38909455565816, 38909455572480, 6664
38909455585608, 38909455592240, 6632
38909455605116, 38909455611600, 6484
38909497391068, 38909497398768, 7700
38909539237028, 38909539244784, 7756
38909581160576, 38909581190200, 29624
38909609129816, 38909609141396, 11580
38910285469980, 38910285480916, 10936
38910313882772, 38910313891064, 8292
38910429130040, 38910429141652, 11612
38910530875764, 38910530886888, 11124
38910581063640, 38910581071908, 8268
38910730346156, 38910730357744, 11588
38910766180140, 38910766188428, 8288
38910780999008, 38910781006952, 7944
38910783593536, 38910783600720, 7184
38910796179912, 38910796186904, 6992
38910810983432, 38910810990628, 7196
38910945830956, 38910945842632, 11676
38911067542920, 38911067553808, 10888
38911227179870, 38911227219840, 39970
38911286843440, 38911286852104, 8664
38911288086992, 38911288094336, 7344
38911298981088, 38911298987840, 6752
38911313770684, 38911313777788, 7104
38911417457660, 38911417465436, 7776
38911477462360, 38911477469716, 7356
38911513287336, 38911513294860, 7524
38911595873260, 38911595880728, 7468
38911719986484, 38911719997848, 11364
38911750160744, 38911750168216, 7472
38911810175064, 38911810183624, 8560
38911939465116, 38911939476504, 11388
38911946903176, 38911946911560, 8384
38912081130436, 38912081141948, 11512
38912088571080, 38912088579192, 8112
38912138701772, 38912138709352, 7580
38912168672552, 38912168680280, 7728
38912168911608, 38912168918160, 6552
38912296624744, 38912296635840, 11096
38912326631432, 38912326639128, 7696
38912466236508, 38912466247680, 11172
38912570389004, 38912570396748, 7744
38912673656496, 38912673667792, 11296
38912681088360, 38912681096444, 8084
38912695598760, 38912695605480, 6720
38912699312640, 38912699319220, 6580
38912833281432, 38912833292536, 11104
38912838453112, 38912838461084, 7972
38912861620468, 38912861628612, 8144
38913064732624, 38913064743772, 11148
38913214368712, 38913214380452, 11740
38913373989868, 38913374001356, 11488
38913433896956, 38913433905296, 8340
38913535610180, 38913535621392, 11212
38913595541204, 38913595549432, 8228
38913625142236, 38913625149204, 6968
38913655111892, 38913655118672, 6780
38913669930836, 38913669938836, 8000
38913687238896, 38913687245864, 6968
38913702040512, 38913702047492, 6980
38913732020240, 38913732027056, 6816
38913765072680, 38913765084012, 11332
38913846905724, 38913846962196, 56472
38913870069688, 38913870076896, 7208
38913930104908, 38913930112172, 7264
38913980287960, 38913980295556, 7596
38914030989344, 38914030996600, 7256
38914045783988, 38914045790984, 6996
38914070887288, 38914070893956, 6668
38914085682028, 38914085690116, 8088
38914106242500, 38914106249504, 7004
38914121046072, 38914121053120, 7048
38914146148804, 38914146155640, 6836
38914148142168, 38914148148716, 6548
38914261881008, 38914261892520, 11512
38914421493052, 38914421504440, 11388
38914581120712, 38914581132488, 11776
38914586296512, 38914586304468, 7956
38914775064628, 38914775072508, 7880
38914842452464, 38914842464840, 12376
38914934222996, 38914934235212, 12216
38915093839476, 38915093850708, 11232
38915099014480, 38915099022776, 8296
38915102747144, 38915102754288, 7144
38915153707672, 38915153718540, 10868
38915251466412, 38915251477484, 11072
38915274623608, 38915274631084, 7476
38915476929280, 38915476940368, 11088
38915482663368, 38915482670856, 7488
38915500864704, 38915500871780, 7076
38915503448544, 38915503455060, 6516
38915545743312, 38915545750608, 7296
38915650023776, 38915650032200, 8424
38915798164824, 38915798176308, 11484
38915821331140, 38915821338504, 7364
38915881810836, 38915881818960, 8124
38915919875452, 38915919882672, 7220
38916017640268, 38916017643564, 3296
38916020229572, 38916020239248, 9676
38916043397772, 38916043405076, 7304
38916093562812, 38916093570848, 8036
38916095450128, 38916095456688, 6560
38916217176528, 38916217187840, 11312
38916392754536, 38916392757736, 3200
38917063098408, 38917063109252, 10844
38917109001204, 38917109004436, 3232
38917787370452, 38917787373800, 3348
38917931026252, 38917931037952, 11700
38917934750656, 38917934758220, 7564
38918142666484, 38918142675304, 8820
38918290173812, 38918290184908, 11096
38918297616780, 38918297624852, 8072
38918707128228, 38918707138824, 10596
38918723205368, 38918723213764, 8396
38918842801460, 38918842812856, 11396
38918903198992, 38918903206688, 7696
38918953319416, 38918953326788, 7372
38919038236112, 38919038243708, 7596
38919061395828, 38919061403616, 7788
38919207927476, 38919207938792, 11316
38919271782340, 38919271793908, 11568
38919301755456, 38919301762888, 7432
38919361797232, 38919361805656, 8424
38919385511528, 38919385514756, 3228
38920293344844, 38920293355420, 10576
38920560708720, 38920560720476, 11756
38920590314124, 38920590322544, 8420
38920714284828, 38920714296636, 11808
38920738014864, 38920738022432, 7568
38920841714840, 38920841723116, 8276
38920902186328, 38920902193828, 7500
38920952314408, 38920952321840, 7432
38921087394580, 38921087406040, 11460
38921221077192, 38921221087480, 10288
38921324838128, 38921324847108, 8980
38921396666644, 38921396669880, 3236
38922288548664, 38922288559688, 11024
38922818958072, 38922818966992, 8920
38922878997788, 38922879006180, 8392
38922952903912, 38922952907064, 3152
38922978506164, 38922978515476, 9312
38923036702392, 38923036714368, 11976
38923051503824, 38923051511384, 7560
38923116513980, 38923116525496, 11516
38923146441580, 38923146452976, 11396
38923198324052, 38923198335308, 11256
38923223979224, 38923223987376, 8152
38923327480588, 38923327488384, 7796
38923357093856, 38923357101504, 7648
38923407226596, 38923407234532, 7936
38923900652564, 38923900663640, 11076
38924183464844, 38924183473536, 8692
38924226624088, 38924226631836, 7748
38924286670052, 38924286677240, 7188
38924435368204, 38924435379760, 11556
38924486087560, 38924486095724, 8164
38924614940820, 38924614952468, 11648
38924736589956, 38924736600244, 10288
38924786774300, 38924786782672, 8372
38924822094400, 38924822102284, 7884
38925023913952, 38925023925504, 11552
38925031348836, 38925031356036, 7200
38926213088176, 38926213099164, 10988
38928407815672, 38928407826616, 10944
38929136675552, 38929136684220, 8668
38929197660412, 38929197669088, 8676
38929299613920, 38929299625604, 11684
38929433292816, 38929433304104, 11288
38929519096980, 38929519107432, 10452
38929530825200, 38929530839328, 14128
38909521283536, 38909521293864, 10328
38909535267756, 38909535303964, 36208
38909615059816, 38909615062852, 3036
38909645046204, 38909645056292, 10088
38910309410344, 38910309421460, 11116
38910586756396, 38910586768280, 11884
38910592731040, 38910592738688, 7648
38911085496544, 38911085505644, 9100
38911118913208, 38911118920800, 7592
38911142081252, 38911142088360, 7108
38911145809740, 38911145817080, 7340
38911187247024, 38911187253964, 6940
38911190955724, 38911190962352, 6628
38911298990748, 38911299002084, 11336
38911330921920, 38911330933256, 11336
38911381024076, 38911381031828, 7752
38911410977324, 38911410985476, 8152
38911450644104, 38911450655456, 11352
38911498525604, 38911498536704, 11100
38911521667592, 38911521675020, 7428
38911571763756, 38911571772240, 8484
38912298623616, 38912298634664, 11048
38912711578104, 38912711589768, 11664
38912871186428, 38912871197896, 11468
38913030808640, 38913030819384, 10744
38913038251120, 38913038258680, 7560
38913061445132, 38913061453404, 8272
38913102786124, 38913102794244, 8120
38913179310644, 38913179317976, 7332
38913208903488, 38913208911304, 7816
38913226351208, 38913226362624, 11416
38913241725016, 38913241733476, 8460
38913326155680, 38913326163388, 7708
38913351247196, 38913351254184, 6988
38914299787748, 38914299798440, 10692
38916279027276, 38916279038080, 10804
38918302153324, 38918302156732, 3408
38918906657092, 38918906668688, 11596
38919076239616, 38919076251000, 11384
38919136683204, 38919136691872, 8668
38919171953416, 38919171960852, 7436
38919195116696, 38919195123848, 7152
38919287749532, 38919287760868, 11336
38919313675404, 38919313686592, 11188
38919415447520, 38919415458696, 11176
38919450699716, 38919450707636, 7920
38919501378504, 38919501386336, 7832
38919511204080, 38919511212780, 8700
38919541194272, 38919541201484, 7212
38919635036248, 38919635044632, 8384
38919670334884, 38919670341936, 7052
38920285368052, 38920285378760, 10708
38920660422020, 38920660425196, 3176
38920695660700, 38920695670128, 9428
38920756684616, 38920756692044, 7428
38920791984920, 38920791992228, 7308
38920821959104, 38920821967616, 8512
38920845143128, 38920845151384, 8256
38920851951396, 38920851958536, 7140
38920887253540, 38920887260996, 7456
38920947744712, 38920947756276, 11564
38921326840540, 38921326844072, 3532
38921537039188, 38921537049356, 10168
38921551844580, 38921551852752, 8172
38921564271356, 38921564282596, 11240
38921654047360, 38921654059388, 12028
38921813666336, 38921813678012, 11676
38921818842452, 38921818851012, 8560
38921833661700, 38921833669924, 8224
38921857556472, 38921857563588, 7116
38921872350184, 38921872357880, 7696
38921976586044, 38921976594084, 8040
38922077041420, 38922077053392, 11972
38922136964036, 38922136975048, 11012
38922241183884, 38922241191388, 7504
38922301633536, 38922301640744, 7208
38922405361448, 38922405368680, 7232
38923176368316, 38923176379156, 10840
38923328007440, 38923328019240, 11800
38923351172608, 38923351180308, 7700
38923411619716, 38923411627780, 8064
38923539505368, 38923539516384, 11016
38923589682956, 38923589691476, 8520
38923674140780, 38923674148844, 8064
38923695124848, 38923695131796, 6948
38923780132564, 38923780140520, 7956
38923816847276, 38923816858604, 11328
38923901223376, 38923901231136, 7760
38923924402932, 38923924410964, 8032
38924012381824, 38924012393384, 11560
38924273766572, 38924273777276, 10704
38924413428532, 38924413431844, 3312
38924428215840, 38924428225520, 9680
38924513208992, 38924513216620, 7628
38924563308236, 38924563316572, 8336
38924623338496, 38924623346088, 7592
38925049844104, 38925049854744, 10640
38925077781588, 38925077784736, 3148
38925080373928, 38925080383412, 9484
38925137646440, 38925137657692, 11252
38925205488124, 38925206055824, 567700
38925335168624, 38925335179964, 11340
38925340340664, 38925340349244, 8580
38925492799024, 38925492810260, 11236
38925495391640, 38925495398700, 7060
38925654408092, 38925654419848, 11756
38925659584336, 38925659592748, 8412
38925764152968, 38925764164052, 11084
38925848520804, 38925848528964, 8160
38925871689384, 38925871696976, 7592
38926247010496, 38926247021020, 10524
38926270955372, 38926270966064, 10692
38926368705864, 38926368717216, 11352
38926418920044, 38926418928284, 8240
38926523052364, 38926523059724, 7360
38926607496212, 38926607504620, 8408
38926626116000, 38926626122776, 6776
38926730422256, 38926730429548, 7292
38926889409680, 38926889421004, 11324
38927047035076, 38927047046284, 11208
38927070184816, 38927070192108, 7292
38927076955060, 38927076961948, 6888
38927100107736, 38927100115380, 7644
38927114927468, 38927114935504, 8036
38927130275224, 38927130283508, 8284
38927136811772, 38927136818484, 6712
38927151607908, 38927151614780, 6872
38927178713264, 38927178719972, 6708
38927193507968, 38927193514688, 6720
38927220915136, 38927220922380, 7244
38927235705228, 38927235712084, 6856
38927295723924, 38927295731264, 7340
38927444088944, 38927444100276, 11332
38927503808344, 38927503816856, 8512
38927506415404, 38927506423640, 8236
38927531877284, 38927531884732, 7448
38927627650492, 38927627662612, 12120
38927672039708, 38927672048124, 8416
38927681516408, 38927681523232, 6824
38927795253908, 38927795265460, 11552
38927899004324, 38927899013364, 9040
38927958707444, 38927958715812, 8368
38928060619400, 38928060630980, 11580
38928119780496, 38928119788364, 7868
38928142959612, 38928142968112, 8500
38928145549616, 38928145556288, 6672
38928220921276, 38928220929360, 8084
38928226218792, 38928226225684, 6892
38928249368416, 38928249375408, 6992
38928294249648, 38928294257656, 8008
38928296839252, 38928296846572, 7320
38928310020328, 38928310027168, 6840
38928312606024, 38928312612540, 6516
38928359483032, 38928359490852, 7820
38928369878020, 38928369884656, 6636
38928372462292, 38928372469032, 6740
38928395625192, 38928395633292, 8100
38928399360936, 38928399367796, 6860
38928450066164, 38928450073252, 7088
38928453796480, 38928453803196, 6716
38928481628276, 38928481639716, 11440
38928507561620, 38928507573008, 11388
38928585382248, 38928585393436, 11188
38928609317940, 38928609325500, 7560
38928644721836, 38928644729540, 7704
38928705348876, 38928705356632, 7756
38928740648572, 38928740656724, 8152
38928743261700, 38928743269860, 8160
38928768873496, 38928768884480, 10984
38928800798452, 38928800805772, 7320
38928836097012, 38928836104588, 7576
38928896575184, 38928896582800, 7616
38928938478500, 38928938481788, 3288
38928966411592, 38928966423192, 11600
38929026879144, 38929026887804, 8660
38929064178796, 38929064182088, 3292
38929106080604, 38929106083828, 3224
38929120871780, 38929120881968, 10188
38929521097640, 38929521109956, 12316
