38905380853516, 38905380866840, 13324
38910309410364, 38910309413476, 3112
38910309430856, 38910309439452, 8596
38910313141484, 38910313146284, 4800
38910316861904, 38910316866372, 4468
38910320584140, 38910320588060, 3920
38910324306332, 38910324310228, 3896
38910328027512, 38910328030600, 3088
38910331752868, 38910331757220, 4352
38910335474996, 38910335479612, 4616
38910339178196, 38910339181336, 3140
38910342901616, 38910342905068, 3452
38910346621524, 38910346624872, 3348
38910350342916, 38910350345992, 3076
38910354064016, 38910354068808, 4792
38910357785920, 38910357790436, 4516
38910361505056, 38910361508504, 3448
38910365208248, 38910365212812, 4564
38910427163516, 38910427167388, 3872
38910556813328, 38910556816404, 3076
38910560527656, 38910560533744, 6088
38910564252136, 38910564260320, 8184
38910748297560, 38910748300356, 2796
38910750889740, 38910750895644, 5904
38910753467480, 38910753474724, 7244
38910813530468, 38910813538464, 7996
38910843518460, 38910843526376, 7916
38910846128052, 38910846134288, 6236
38910860930968, 38910860936620, 5652
38910891951088, 38910891952676, 1588
38910921897124, 38910921903308, 6184
38910957194996, 38910957201316, 6320
38910987744884, 38910987749948, 5064
38911035622756, 38911035627408, 4652
38911095650800, 38911095661804, 11004
38911110454932, 38911110466408, 11476
38911715995912, 38911715999344, 3432
38911719711812, 38911719717408, 5596
38911723429972, 38911723434280, 4308
38911727148332, 38911727151872, 3540
38911730868148, 38911730871484, 3336
38911734587208, 38911734590492, 3284
38911738867668, 38911738872124, 4456
38911742586352, 38911742589812, 3460
38911746302040, 38911746305460, 3420
38911750022352, 38911750025752, 3400
38911851672152, 38911851674856, 2704
38911886968016, 38911886973364, 5348
38911922282420, 38911922290360, 7940
38911972428656, 38911972435432, 6776
38911976162608, 38911976170144, 7536
38912036709264, 38912036715880, 6616
38912059885672, 38912059892536, 6864
38912136991148, 38912136993420, 2272
38912172305600, 38912172313364, 7764
38912232767848, 38912232775148, 7300
38912268619752, 38912268631888, 12136
38912328717444, 38912328723516, 6072
38912364032972, 38912364041000, 8028
38912416335804, 38912416340784, 4980
38912424308020, 38912424312180, 4160
38912472212468, 38912472217888, 5420
38912565969492, 38912565972268, 2776
38912595935888, 38912595941332, 5444
38912725530728, 38912725533464, 2736
38912728121900, 38912728127764, 5864
38912730700168, 38912730707492, 7324
38912756373852, 38912756381592, 7740
38912859212580, 38912859214412, 1832
38912884320256, 38912884328876, 8620
38912886911244, 38912886919292, 8048
38912891147956, 38912891152536, 4580
38912919067064, 38912919072592, 5528
38912927052220, 38912927055904, 3684
38912988914012, 38912988916836, 2824
38913048944912, 38913048953680, 8768
38913178451748, 38913178454948, 3200
38913182165992, 38913182171800, 5808
38913185883372, 38913185890452, 7080
38913209082224, 38913209089744, 7520
38913259795676, 38913259802780, 7104
38913363485968, 38913363494120, 8152
38913477739172, 38913477741912, 2740
38913503332256, 38913503337516, 5260
38913528416132, 38913528423956, 7824
38913627215104, 38913627221348, 6244
38913677382604, 38913677390096, 7492
38913738003872, 38913738010204, 6332
38913769058292, 38913769062852, 4560
38913862832144, 38913862834832, 2688
38913947320800, 38913947329268, 8468
38914051620592, 38914051626312, 5720
38914111677876, 38914111685408, 7532
38914194884256, 38914194890416, 6160
38914209679468, 38914209685292, 5824
38914232347496, 38914232349084, 1588
38914247148804, 38914247154132, 5328
38914371627716, 38914371630404, 2688
38914374221744, 38914374229876, 8132
38914533228336, 38914533231284, 2948
38914548031140, 38914548036140, 5000
38914562822988, 38914562827400, 4412
38914577634472, 38914577638920, 4448
38914592436168, 38914592444512, 8344
38914622429500, 38914622435772, 6272
38914736684776, 38914736687704, 2928
38914739273188, 38914739278824, 5636
38914741851924, 38914741860028, 8104
38914765047316, 38914765055136, 7820
38914795034400, 38914795041396, 6996
38914797624944, 38914797631136, 6192
38914812439232, 38914812444024, 4792
38914842436800, 38914842443656, 6856
38914946187452, 38914946190792, 3340
38914969363200, 38914969369392, 6192
38915069897780, 38915069900640, 2860
38915130399752, 38915130407408, 7656
38915265428276, 38915265430368, 2092
38915300741120, 38915300746628, 5508
38915336074684, 38915336082916, 8232
38915359277512, 38915359284952, 7440
38915508847092, 38915508849056, 1964
38915532021940, 38915532030316, 8376
38915592109452, 38915592116336, 6884
38915594720544, 38915594727900, 7356
38915630608356, 38915630615068, 6712
38915691100028, 38915691106844, 6816
38915826097060, 38915826099816, 2756
38915828688388, 38915828693996, 5608
38915831268560, 38915831275916, 7356
38915891354608, 38915891362108, 7500
38915995589724, 38915995596784, 7060
38916030930976, 38916030938624, 7648
38916039580896, 38916039583056, 2160
38916042165320, 38916042171276, 5956
38916217160396, 38916217163592, 3196
38916253035316, 38916253043788, 8472
38916255067772, 38916255069232, 1460
38916290390272, 38916290396720, 6448
38916426668152, 38916426671268, 3116
38916576307960, 38916576310756, 2796
38916599485336, 38916599494120, 8784
38916634839716, 38916634845524, 5808
38916658131980, 38916658137164, 5184
38916693446340, 38916693453076, 6736
38916754519976, 38916754526684, 6708
38916789855856, 38916789861428, 5572
38916813020304, 38916813027604, 7300
38916829640632, 38916829641804, 1172
38916864946280, 38916864953748, 7468
38916925475328, 38916925480992, 5664
38916960788504, 38916960795768, 7264
38917047908280, 38917047914568, 6288
38917180807308, 38917180810112, 2804
38917210783020, 38917210788588, 5568
38917241316552, 38917241323992, 7440
38917444183216, 38917444185832, 2616
38917446777304, 38917446782696, 5392
38917449352552, 38917449359092, 6540
38917553650504, 38917553658188, 7684
38917613672972, 38917613679188, 6216
38917797343512, 38917797346316, 2804
38917799934860, 38917799940476, 5616
38917802514376, 38917802521080, 6704
38917937003428, 38917937009676, 6248
38918070691648, 38918070693480, 1832
38918105991932, 38918105997800, 5868
38918141304760, 38918141313080, 8320
38918143898856, 38918143906340, 7484
38918170462780, 38918170470608, 7828
38918174183492, 38918174194132, 10640
38918266237152, 38918266239848, 2696
38918425855480, 38918425858016, 2536
38918429571176, 38918429576672, 5496
38918433295360, 38918433303132, 7772
38918449783280, 38918449784564, 1284
38918453489392, 38918453495708, 6316
38918460230440, 38918460237228, 6788
38918520837144, 38918520844628, 7484
38918524575224, 38918524581328, 6104
38918607747832, 38918607751800, 3968
38918643055296, 38918643062388, 7092
38918649309812, 38918649311080, 1268
38918684735980, 38918684743700, 7720
38918735479068, 38918735485624, 6556
38918745027436, 38918745031520, 4084
38918784932096, 38918784936276, 4180
38919525180592, 38919525184276, 3684
38919527772788, 38919527778612, 5824
38919530352560, 38919530357132, 4572
38919532930020, 38919532933676, 3656
38919535526520, 38919535530436, 3916
38919538106360, 38919538109684, 3324
38919540683580, 38919540686888, 3308
38919543280888, 38919543285040, 4152
38919545858324, 38919545861744, 3420
38919548436352, 38919548439592, 3240
38919551014648, 38919551018164, 3516
38919553609860, 38919553613936, 4076
38919556187276, 38919556191348, 4072
38919571069012, 38919571073384, 4372
38919656855892, 38919656858612, 2720
38919686850660, 38919686856208, 5548
38919816496376, 38919816501816, 5440
38919831334204, 38919831339192, 4988
38919846115004, 38919846118628, 3624
38919860923952, 38919860927468, 3516
38919875715888, 38919875724236, 8348
38919878330168, 38919878337976, 7808
38919903443340, 38919903450972, 7632
38920061894088, 38920061896740, 2652
38920076696812, 38920076701600, 4788
38920091492976, 38920091497720, 4744
38920106310552, 38920106314996, 4444
38920121110328, 38920121118788, 8460
38920139710716, 38920139718148, 7432
38920223514568, 38920223517436, 2868
38920248618700, 38920248627380, 8680
38920253430512, 38920253431944, 1432
38920278527312, 38920278533376, 6064
38920377524552, 38920377532264, 7712
38920411734596, 38920411741228, 6632
38920429027016, 38920429031592, 4576
38920533284528, 38920533297028, 12500
38920593781432, 38920593792360, 10928
38921326831364, 38921326836480, 5116
38921351935748, 38921351940668, 4920
38921377036184, 38921377039960, 3776
38921402098540, 38921402102596, 4056
38921427187324, 38921427190940, 3616
38921452267600, 38921452272144, 4544
38921477890164, 38921477894588, 4424
38921502991144, 38921502995444, 4300
38921528083136, 38921528087704, 4568
38921553193136, 38921553197260, 4124
38921578297308, 38921578300540, 3232
38921603350552, 38921603354140, 3588
38921628424092, 38921628431512, 7420
38921631011384, 38921631017364, 5980
38921644063792, 38921644065216, 1424
38921669153496, 38921669159100, 5604
38921671739288, 38921671744316, 5028
38921776012976, 38921776020468, 7492
38921778834784, 38921778839884, 5100
38921804121176, 38921804128232, 7056
38921864599240, 38921864607428, 8188
38921870700992, 38921870706952, 5960
38921905444144, 38921905445528, 1384
38921935417488, 38921935423324, 5836
38921950837848, 38921950844060, 6212
38921953443056, 38921953449048, 5992
38922014446444, 38922014453492, 7048
38922098844676, 38922098850784, 6108
38922159335016, 38922159342892, 7876
38922274579972, 38922274582820, 2848
38922289398672, 38922289404692, 6020
38922304208992, 38922304213356, 4364
38922319024680, 38922319029156, 4476
38922333821004, 38922333827856, 6852
38922336433184, 38922336440872, 7688
38922396508856, 38922396516196, 7340
38922541932680, 38922541935624, 2944
38922544522312, 38922544528192, 5880
38922547102912, 38922547110228, 7316
38922671562328, 38922671564128, 1800
38922696664232, 38922696673016, 8784
38922699255212, 38922699262316, 7104
38922707471052, 38922707472212, 1160
38922831182220, 38922831184780, 2560
38922854355276, 38922854363424, 8148
38923002783180, 38923002786116, 2936
38923025953932, 38923025962516, 8584
38923129687876, 38923129694796, 6920
38923190151936, 38923190160324, 8388
38923324011020, 38923324013296, 2276
38923359325744, 38923359331492, 5748
38923394646472, 38923394654780, 8308
38923517551824, 38923517554688, 2864
38923532348960, 38923532354416, 5456
38923547138484, 38923547142228, 3744
38923561950168, 38923561956936, 6768
38923585130828, 38923585136964, 6136
38923599948540, 38923599955916, 7376
38923650097876, 38923650105184, 7308
38923711171844, 38923711180052, 8208
38923725970496, 38923725976336, 5840
38923751094724, 38923751101300, 6576
38923910612420, 38923910615252, 2832
38923925419484, 38923925424796, 5312
38923940218500, 38923940226936, 8436
38924124107184, 38924124109852, 2668
38924149209188, 38924149218076, 8888
38924172403084, 38924172409772, 6688
38924179966744, 38924179968164, 1420
38924205052428, 38924205059472, 7044
38924267774404, 38924267779204, 4800
38924365526620, 38924365529572, 2952
38924400805800, 38924400809924, 4124
38924436091268, 38924436099344, 8076
38924496683136, 38924496689996, 6860
38924600401324, 38924600408360, 7036
38924625520840, 38924625528240, 7400
38924760529844, 38924760532764, 2920
38924775341000, 38924775346808, 5808
38924790142640, 38924790147132, 4492
38924804957596, 38924804960980, 3384
38924819756860, 38924819764840, 7980
38924880245372, 38924880251904, 6532
38924915560804, 38924915568464, 7660
38924976185616, 38924976190720, 5104
38925059837856, 38925059840632, 2776
38925089836520, 38925089841744, 5224
38925249366104, 38925249369208, 3104
38925333833012, 38925333838424, 5412
38925418276116, 38925418280520, 4404
38925503220488, 38925503228552, 8064
38925504005948, 38925504012884, 6936
38925506598636, 38925506606104, 7468
38925666376096, 38925666378828, 2732
38925696360920, 38925696365880, 4960
38925825996744, 38925825998852, 2108
38925855971776, 38925855977492, 5716
38925885954144, 38925885961880, 7736
38925895827208, 38925895828488, 1280
38925925814052, 38925925820588, 6536
38926030063148, 38926030069084, 5936
38926090136520, 38926090142936, 6416
38926201099144, 38926201102420, 3276
38926231657312, 38926231662952, 5640
38926261644172, 38926261651812, 7640
38926365371124, 38926365379048, 7924
38928242190800, 38928242193552, 2752
38928245905796, 38928245911400, 5604
38928249627336, 38928249631748, 4412
38928253348680, 38928253353192, 4512
38928257070304, 38928257073824, 3520
38928260795028, 38928260798588, 3560
38928264517564, 38928264522072, 4508
38928268238472, 38928268241980, 3508
38928271939592, 38928271943000, 3408
38928275662976, 38928275666508, 3532
38928279388184, 38928279392528, 4344
38928283109400, 38928283112816, 3416
38928286836652, 38928286840104, 3452
38928290557364, 38928290560992, 3628
38928294276888, 38928294281528, 4640
38928297981112, 38928297984956, 3844
38928301703636, 38928301707752, 4116
38928305427540, 38928305431176, 3636
38928309146968, 38928309150660, 3692
38928312861980, 38928312865996, 4016
38928316583112, 38928316586268, 3156
38928320304780, 38928320309200, 4420
38928324024900, 38928324028176, 3276
38928327725928, 38928327729156, 3228
38928331444188, 38928331447436, 3248
38928335163760, 38928335167892, 4132
38928338883384, 38928338887264, 3880
38928342601844, 38928342605028, 3184
38928346318708, 38928346321804, 3096
38928350036164, 38928350039240, 3076
38928353737304, 38928353740380, 3076
38928357456740, 38928357460524, 3784
38928361179708, 38928361183316, 3608
38928364900552, 38928364903784, 3232
38928368619976, 38928368624080, 4104
38928372339492, 38928372346796, 7304
38928446484176, 38928446488588, 4412
38929048215176, 38929048218724, 3548
38929051928872, 38929051933616, 4744
38929055646152, 38929055649220, 3068
38929059365920, 38929059369712, 3792
38929063082668, 38929063086340, 3672
38929066799816, 38929066803572, 3756
38929070516824, 38929070519760, 2936
38929074232820, 38929074235776, 2956
38929077934300, 38929077937364, 3064
38929081650736, 38929081654144, 3408
38929183883176, 38929183886312, 3136
38929186473764, 38929186479412, 5648
38929189053312, 38929189059708, 6396
38929323552292, 38929323554864, 2572
38929327268860, 38929327274280, 5420
38929330992540, 38929331001136, 8596
38929333603780, 38929333610780, 7000
38929393658060, 38929393663408, 5348
38929396243164, 38929396249480, 6316
38929480381976, 38929480388092, 6116
38905460804488, 38905460812740, 8252
38909519296384, 38909519301384, 5000
38909519343848, 38909519350760, 6912
38909575169476, 38909575176736, 7260
38909720795396, 38909720798032, 2636
38909735563420, 38909735568072, 4652
38909750885844, 38909750890328, 4484
38909765654072, 38909765658088, 4016
38909780422864, 38909780430080, 7216
38909840889508, 38909840897676, 8168
38909925299488, 38909925307112, 7624
38909940090912, 38909940096780, 5868
38910001090436, 38910001096236, 5800
38910026183024, 38910026191324, 8300
38910028065604, 38910028066996, 1392
38910053148616, 38910053154952, 6336
38910103275864, 38910103282840, 6976
38910109870096, 38910109871620, 1524
38910134952792, 38910134958816, 6024
38910232001948, 38910232007924, 5976
38910257650780, 38910257657028, 6248
38910313445304, 38910313451336, 6032
38910363591780, 38910363599964, 8184
38910366184624, 38910366190400, 5776
38910426154968, 38910426161664, 6696
38910476246132, 38910476253060, 6928
38910580398452, 38910580406524, 8072
38910963785188, 38910963788844, 3656
38910988857260, 38910988863560, 6300
38911014496472, 38911014501208, 4736
38911039528992, 38911039533352, 4360
38911064587420, 38911064591308, 3888
38911089650952, 38911089655392, 4440
38911114712848, 38911114716928, 4080
38911139795196, 38911139803400, 8204
38911173287480, 38911173294904, 7424
38911269063224, 38911269065252, 2028
38911299022008, 38911299028132, 6124
38911428678544, 38911428681536, 2992
38911453756788, 38911453761636, 4848
38911478842440, 38911478850016, 7576
38911500501568, 38911500503232, 1664
38911624210660, 38911624213584, 2924
38911654137008, 38911654142376, 5368
38911684024300, 38911684032496, 8196
38911707185876, 38911707192416, 6540
38911811403764, 38911811411708, 7944
38911849687952, 38911849693196, 5244
38911913534800, 38911913537476, 2676
38911936702044, 38911936709416, 7372
38911966679604, 38911966686280, 6676
38911981497356, 38911981501248, 3892
38912009306884, 38912009311696, 4812
38912095096072, 38912095098724, 2652
38912130400796, 38912130408752, 7956
38912190463960, 38912190471308, 7348
38912194194752, 38912194199692, 4940
38912197918764, 38912197925344, 6580
38912248732548, 38912248739400, 6852
38912252451988, 38912252462984, 10996
38912264683400, 38912264688892, 5492
38912287848852, 38912287860396, 11544
38912304587364, 38912304606832, 19468
38912308314788, 38912308321416, 6628
38912392391316, 38912392395976, 4660
38912466245568, 38912466250380, 4812
38912520076036, 38912520078676, 2640
38912555343700, 38912555350804, 7104
38912562073996, 38912562079924, 5928
38912615847500, 38912615853488, 5988
38912651080536, 38912651091620, 11084
38912674338784, 38912674349632, 10848
38912734380624, 38912734392824, 12200
38912838535644, 38912838547448, 11804
38912911106580, 38912911109392, 2812
38912966968172, 38912966973404, 5232
38914267870496, 38914267873412, 2916
38914303178240, 38914303183900, 5660
38914338497104, 38914338502076, 4972
38914373770724, 38914373775328, 4604
38914409045252, 38914409049548, 4296
38914444305556, 38914444309544, 3988
38914479587812, 38914479592216, 4404
38914515416244, 38914515420692, 4448
38914550691688, 38914550696604, 4916
38914586018464, 38914586023324, 4860
38914621339076, 38914621344112, 5036
38914656612556, 38914656616672, 4116
38914691973324, 38914691977608, 4284
38914727247564, 38914727252328, 4764
38914763124760, 38914763129340, 4580
38914798408976, 38914798412948, 3972
38914833734348, 38914833738676, 4328
38914869043060, 38914869046668, 3608
38914904336640, 38914904340636, 3996
38914939648652, 38914939653288, 4636
38914974974852, 38914974979100, 4248
38915010786044, 38915010789412, 3368
38916271042120, 38916271045028, 2908
38916285842704, 38916285848352, 5648
38916300643008, 38916300647260, 4252
38916315459616, 38916315464292, 4676
38916330250768, 38916330254852, 4084
38916345054756, 38916345058596, 3840
38916359851788, 38916359856280, 4492
38916374655880, 38916374661104, 5224
38916389472572, 38916389476112, 3540
38916404240880, 38916404244624, 3744
38916419027036, 38916419030864, 3828
38916433808440, 38916433812012, 3572
38916448611944, 38916448615636, 3692
38916463395456, 38916463399456, 4000
38916478742096, 38916478746012, 3916
38916493512384, 38916493515832, 3448
38916508273016, 38916508276652, 3636
38916523041748, 38916523045532, 3784
38916537805692, 38916537809744, 4052
38916552593928, 38916552598524, 4596
38916567384264, 38916567388560, 4296
38916582175488, 38916582180096, 4608
38916596988228, 38916596992780, 4552
38916611790456, 38916611795848, 5392
38916626605672, 38916626610012, 4340
38916641400156, 38916641405064, 4908
38916656314736, 38916656319364, 4628
38916671105012, 38916671109400, 4388
38916685902996, 38916685907024, 4028
38916700723848, 38916700728556, 4708
38916715516896, 38916715521064, 4168
38916730891004, 38916730894776, 3772
38916745684760, 38916745689288, 4528
38916760502956, 38916760507480, 4524
38916775299824, 38916775303648, 3824
38916790114812, 38916790119404, 4592
38916804902132, 38916804906372, 4240
38916819711480, 38916819715816, 4336
38916834502232, 38916834506740, 4508
38916849292220, 38916849296620, 4400
38916864098448, 38916864103136, 4688
38916878893212, 38916878897632, 4420
38916893716780, 38916893721028, 4248
38916908519356, 38916908524300, 4944
38916923313380, 38916923317360, 3980
38916938127836, 38916938136280, 8444
38916955338788, 38916955340404, 1616
38916970141240, 38916970148340, 7100
38916997239416, 38916997240852, 1436
38917012034900, 38917012042068, 7168
38917039141804, 38917039143304, 1500
38917053942600, 38917053949932, 7332
38917188795016, 38917188798328, 3312
38917224131032, 38917224136472, 5440
38917260013060, 38917260021552, 8492
38917344353536, 38917344360652, 7116
38917366362664, 38917366364272, 1608
38917549933028, 38917549935864, 2836
38917552525360, 38917552531092, 5732
38917555105716, 38917555113644, 7928
38917605224628, 38917605230888, 6260
38917665655204, 38917665662728, 7524
38917707560428, 38917707568476, 8048
38917768126432, 38917768136344, 9912
38917791297344, 38917791308584, 11240
38917960962664, 38917960965920, 3256
38917963554348, 38917963560108, 5760
38917966132780, 38917966136556, 3776
38917968708872, 38917968716348, 7476
38918118581980, 38918118584872, 2892
38918278196384, 38918278199244, 2860
38918280790696, 38918280796572, 5876
38918283371656, 38918283378452, 6796
38918306569424, 38918306577064, 7640
38918314104908, 38918314106136, 1228
38918316688384, 38918316693560, 5176
38918425859752, 38918425863180, 3428
38918461174256, 38918461179344, 5088
38918497031968, 38918497038752, 6784
38918547195944, 38918547203388, 7444
38918647322880, 38918647326176, 3296
38918651144932, 38918651152736, 7804
38918673192112, 38918673193464, 1352
38918676899396, 38918676906556, 7160
38918678093680, 38918678099332, 5652
38918739174260, 38918739181984, 7724
38918776952100, 38918776959756, 7656
38918826836572, 38918826844420, 7848
38920225498480, 38920225502264, 3784
38920229213208, 38920229219068, 5860
38920232937240, 38920232941300, 4060
38920236654696, 38920236658340, 3644
38920240377000, 38920240381360, 4360
38920244097108, 38920244101244, 4136
38920247817516, 38920247820932, 3416
38920251539236, 38920251543444, 4208
38920255240640, 38920255245060, 4420
38920258962584, 38920258966816, 4232
38920262683092, 38920262686520, 3428
38920266402920, 38920266407624, 4704
38920270122096, 38920270125388, 3292
38920273838516, 38920273841952, 3436
38920277558612, 38920277562504, 3892
38920281264412, 38920281268192, 3780
38920284981552, 38920284985000, 3448
38920288700096, 38920288703000, 2904
38920292420872, 38920292424236, 3364
38920296137344, 38920296140300, 2956
38920299855276, 38920299858008, 2732
38920303578416, 38920303581372, 2956
38920307276552, 38920307279368, 2816
38920310994888, 38920310999164, 4276
38920314733304, 38920314736692, 3388
38920411071580, 38920411075264, 3684
38920436146460, 38920436150796, 4336
38920522800852, 38920522804096, 3244
38920552774732, 38920552780040, 5308
38920582765560, 38920582773408, 7848
38920704313588, 38920704315716, 2128
38920734834388, 38920734840076, 5688
38920863923392, 38920863926120, 2728
38920878729144, 38920878734892, 5748
38920893524604, 38920893529048, 4444
38920908331500, 38920908336088, 4588
38920935753632, 38920935760940, 7308
38920950560956, 38920950573152, 12196
38921021553868, 38921021555880, 2012
38921036333080, 38921036338364, 5284
38921051097572, 38921051104336, 6764
38921061449124, 38921061450468, 1344
38921076242764, 38921076248672, 5908
38921099424700, 38921099431372, 6672
38921203117108, 38921203119620, 2512
38921227064476, 38921227071884, 7408
38921330759832, 38921330774256, 14424
38921333377648, 38921333389560, 11912
38921689968580, 38921689972188, 3608
38921750544400, 38921750549880, 5480
38921810544360, 38921810548692, 4332
38921870569456, 38921870576756, 7300
38921971291776, 38921971294572, 2796
38921986092100, 38921986097620, 5520
38922000878264, 38922000882332, 4068
38922114947176, 38922114949928, 2752
38922117538852, 38922117544636, 5784
38922120116904, 38922120124888, 7984
38922170267092, 38922170274200, 7108
38922172873520, 38922172879988, 6468
38922257835972, 38922257840656, 4684
38922356374632, 38922356381944, 7312
38922541931152, 38922541933120, 1968
38922626307032, 38922626312648, 5616
38922710845072, 38922710852896, 7824
38922806850048, 38922806857860, 7812
38922831951208, 38922831958732, 7524
38922892432748, 38922892438140, 5392
38922996547228, 38922996554820, 7592
38923011356960, 38923011363884, 6924
38923170375412, 38923170378212, 2800
38923185205224, 38923185210884, 5660
38923200000992, 38923200005500, 4508
38923215369888, 38923215374176, 4288
38923240218908, 38923240223468, 4560
38923328009996, 38923328012924, 2928
38923353111536, 38923353120700, 9164
38923511576308, 38923511578852, 2544
38923572039940, 38923572047812, 7872
38923632096884, 38923632105136, 8252
38923646905224, 38923646912604, 7380
38923672034280, 38923672042480, 8200
38923695241728, 38923695249344, 7616
38923778566020, 38923778572468, 6448
38923820830068, 38923820837004, 6936
38923924473748, 38923924486376, 12628
38924020360188, 38924020364752, 4564
38924123961936, 38924123973700, 11764
38924209015336, 38924209024816, 9480
38924303684928, 38924303689356, 4428
38924489240240, 38924489243456, 3216
38924512416984, 38924512426120, 9136
38924626913804, 38924626916400, 2596
38924629509288, 38924629514892, 5604
38924632087272, 38924632094492, 7220
38924736337312, 38924736343484, 6172
38924771634260, 38924771642296, 8036
38924775371908, 38924775378092, 6184
38924778481416, 38924778483900, 2484
38924808466444, 38924808472812, 6368
38924818388664, 38924818390116, 1452
38925041861244, 38925041864716, 3472
38925056653196, 38925056658772, 5576
38925071446404, 38925071450880, 4476
38925086255836, 38925086260520, 4684
38925101053896, 38925101058860, 4964
38925115864776, 38925115868256, 3480
38925130644508, 38925130648312, 3804
38925145411632, 38925145414884, 3252
38925668382120, 38925668385700, 3580
38925703686652, 38925703691396, 4744
38925739530848, 38925739534912, 4064
38925774768136, 38925774772416, 4280
38925809985980, 38925809990056, 4076
38925845280704, 38925845285000, 4296
38925880589580, 38925880594516, 4936
38925915927828, 38925915932572, 4744
38925951211752, 38925951215484, 3732
38925987023280, 38925987030828, 7548
38926016988396, 38926016996060, 7664
38926023518820, 38926023520436, 1616
38926058814428, 38926058820040, 5612
38926088792468, 38926088799384, 6916
38926119298944, 38926119306312, 7368
38926154587084, 38926154598204, 11120
38926179683136, 38926179693360, 10224
38926240313100, 38926240324420, 11320
38928276119240, 38928276122136, 2896
38928306117096, 38928306122692, 5596
38928336083284, 38928336087760, 4476
38928366047828, 38928366052168, 4340
38928396024752, 38928396029120, 4368
38928425995948, 38928426000548, 4600
38928456510940, 38928456514740, 3800
38928486466052, 38928486470116, 4064
38928516409096, 38928516412560, 3464
38928546305780, 38928546309728, 3948
38928576195932, 38928576199940, 4008
38928606126712, 38928606130332, 3620
38928636187816, 38928636192472, 4656
38928666134852, 38928666139200, 4348
38928696098476, 38928696103060, 4584
38928726622656, 38928726626764, 4108
38928756589576, 38928756593760, 4184
38928786541004, 38928786545340, 4336
38928816492000, 38928816495960, 3960
38928846447304, 38928846451580, 4276
38928876416048, 38928876419600, 3552
38928906358172, 38928906362152, 3980
38928936274380, 38928936278380, 4000
38928966735584, 38928966739840, 4256
38928996696644, 38928996701472, 4828
38929026660252, 38929026665448, 5196
38929056610988, 38929056614648, 3660
38929086547312, 38929086551276, 3964
38929116456904, 38929116460536, 3632
38929146406120, 38929146409824, 3704
38929176338924, 38929176343344, 4420
38929206857232, 38929206860572, 3340
38929236750288, 38929236753876, 3588
38929266624524, 38929266628052, 3528
38929296516928, 38929296521628, 4700
38929326478948, 38929326483232, 4284
38929356443240, 38929356447328, 4088
38929386395116, 38929386399504, 4388
38929416352616, 38929416360116, 7500
38929446834920, 38929446839020, 4100
38929476785476, 38929476792692, 7216
38929487157400, 38929487158820, 1420
38929517148220, 38929517151492, 3272
38907460660568, 38907460665936, 5368
38907460705456, 38907460708388, 2932
38907460737388, 38907460740040, 2652
38907460767292, 38907460769808, 2516
38907460796756, 38907460799208, 2452
38907460825312, 38907460827876, 2564
38907460853688, 38907460856020, 2332
38907460882608, 38907460885112, 2504
38907460911432, 38907460913808, 2376
38907460939668, 38907460942372, 2704
38907460968376, 38907460970616, 2240
38907460997060, 38907460999344, 2284
38909455510440, 38909455516208, 5768
38909455531968, 38909455544052, 12084
38909455555752, 38909455565620, 9868
38909455576596, 38909455585412, 8816
38909455596344, 38909455604928, 8584
38909497357530, 38909497390868, 33338
38909539231016, 38909539236828, 5812
38909581150796, 38909581160236, 9440
38909609099944, 38909609129616, 29672
38910285466868, 38910285469776, 2908
38910288058580, 38910288064636, 6056
38910290636456, 38910290640272, 3816
38910293211744, 38910293216240, 4496
38910295807904, 38910295811344, 3440
38910298383900, 38910298387336, 3436
38910300959444, 38910300962900, 3456
38910303553564, 38910303557988, 4424
38910306129584, 38910306133628, 4044
38910308705732, 38910308709552, 3820
38910311280488, 38910311284836, 4348
38910313874124, 38910313882580, 8456
38910429126984, 38910429129836, 2852
38910530872324, 38910530875560, 3236
38910555964340, 38910555970500, 6160
38910581055512, 38910581063452, 7940
38910730342636, 38910730345776, 3140
38910766169460, 38910766179872, 10412
38910780991304, 38910780998640, 7336
38910783585472, 38910783593340, 7868
38910796178208, 38910796179724, 1516
38910810976148, 38910810983240, 7092
38910945827784, 38910945830560, 2776
38911067539504, 38911067542700, 3196
38911097487836, 38911097493356, 5520
38911227172744, 38911227179530, 6786
38911242530024, 38911242535148, 5124
38911257294172, 38911257298560, 4388
38911272062732, 38911272066548, 3816
38911286834856, 38911286842960, 8104
38911288079744, 38911288086800, 7056
38911298979528, 38911298980892, 1364
38911313763348, 38911313770488, 7140
38911417451192, 38911417457424, 6232
38911477456028, 38911477462168, 6140
38911513280844, 38911513287092, 6248
38911595865228, 38911595872884, 7656
38911719983524, 38911719986264, 2740
38911734785092, 38911734790432, 5340
38911750152352, 38911750160548, 8196
38911810168352, 38911810174872, 6520
38911939462204, 38911939464908, 2704
38911943177060, 38911943182584, 5524
38911946894488, 38911946902812, 8324
38912081126944, 38912081129932, 2988
38912084843940, 38912084849264, 5324
38912088564892, 38912088570888, 5996
38912138694384, 38912138701588, 7204
38912168664976, 38912168672368, 7392
38912168910140, 38912168911412, 1272
38912296622096, 38912296624544, 2448
38912326624408, 38912326631180, 6772
38912466232860, 38912466236300, 3440
38912570381596, 38912570388812, 7216
38912572972012, 38912572976780, 4768
38912673653088, 38912673655948, 2860
38912677366736, 38912677372728, 5992
38912681081476, 38912681088156, 6680
38912695596988, 38912695598576, 1588
38912699306836, 38912699312444, 5608
38912833278536, 38912833281228, 2692
38912835867884, 38912835872664, 4780
38912838445688, 38912838452484, 6796
38912861613336, 38912861620276, 6940
38913064729424, 38913064732124, 2700
38913089818064, 38913089823068, 5004
38913214365532, 38913214368512, 2980
38913244896188, 38913244901592, 5404
38913373987560, 38913373989468, 1908
38913403949036, 38913403954408, 5372
38913433889948, 38913433896764, 6816
38913535608004, 38913535609980, 1976
38913565574044, 38913565579760, 5716
38913595529652, 38913595540828, 11176
38913610342328, 38913610346248, 3920
38913625135524, 38913625142044, 6520
38913655106136, 38913655111696, 5560
38913669923332, 38913669930640, 7308
38913687237028, 38913687238696, 1668
38913702034200, 38913702040328, 6128
38913732014312, 38913732020044, 5732
38913765067548, 38913765072484, 4936
38913846900870, 38913846905384, 4514
38913870061640, 38913870069492, 7852
38913930098620, 38913930104720, 6100
38913955204392, 38913955209156, 4764
38913980280420, 38913980287620, 7200
38914030982972, 38914030989140, 6168
38914045778252, 38914045783788, 5536
38914070881968, 38914070887092, 5124
38914085674808, 38914085681832, 7024
38914106240772, 38914106242112, 1340
38914121040636, 38914121045880, 5244
38914146142908, 38914146148420, 5512
38914148140224, 38914148141700, 1476
38914261877832, 38914261880596, 2764
38914291844600, 38914291849680, 5080
38914421490504, 38914421492848, 2344
38914451416348, 38914451422448, 6100
38914581117452, 38914581120316, 2864
38914583709228, 38914583715016, 5788
38914586287868, 38914586296320, 8452
38914670805228, 38914670812832, 7604
38914775056600, 38914775064436, 7836
38914842436948, 38914842452264, 15316
38914934219888, 38914934222792, 2904
38914964200400, 38914964206160, 5760
38915093836300, 38915093839096, 2796
38915096428076, 38915096433524, 5448
38915099006168, 38915099014284, 8116
38915102739432, 38915102746960, 7528
38915153702828, 38915153707472, 4644
38915251462956, 38915251466208, 3252
38915274615344, 38915274623412, 8068
38915476926652, 38915476929076, 2424
38915480077188, 38915480083036, 5848
38915482655556, 38915482663020, 7464
38915500862872, 38915500864320, 1448
38915503442876, 38915503448344, 5468
38915545736408, 38915545742940, 6532
38915650017672, 38915650023580, 5908
38915798161468, 38915798164460, 2992
38915821323080, 38915821330864, 7784
38915881802860, 38915881810552, 7692
38915919869292, 38915919875092, 5800
38916017638100, 38916017640012, 1912
38916020222404, 38916020229288, 6884
38916043390212, 38916043397288, 7076
38916093555628, 38916093562428, 6800
38916095448556, 38916095449932, 1376
38916217161156, 38916217176312, 15156
38916302220740, 38916302225832, 5092
38916392746712, 38916392754340, 7628
38917063095360, 38917063098200, 2840
38917066814508, 38917066820228, 5720
38917070537412, 38917070541176, 3764
38917074259444, 38917074263864, 4420
38917077979536, 38917077983424, 3888
38917081700136, 38917081703612, 3476
38917085415916, 38917085419920, 4004
38917089134472, 38917089138052, 3580
38917092832856, 38917092836776, 3920
38917096546192, 38917096549792, 3600
38917108993460, 38917109000992, 7532
38917787367724, 38917787370148, 2424
38917791073488, 38917791079448, 5960
38917794793440, 38917794797824, 4384
38917798510432, 38917798513800, 3368
38917802228000, 38917802232320, 4320
38917805946952, 38917805950992, 4040
38917809669432, 38917809672884, 3452
38917813388216, 38917813391500, 3284
38917817087964, 38917817091168, 3204
38917820811160, 38917820814396, 3236
38917824531384, 38917824534768, 3384
38917828251860, 38917828255772, 3912
38917931023092, 38917931026048, 2956
38917934741500, 38917934750452, 8952
38918038983020, 38918038987144, 4124
38918142658188, 38918142666088, 7900
38918290170808, 38918290173456, 2648
38918293887216, 38918293893052, 5836
38918297610680, 38918297616584, 5904
38918707124556, 38918707128028, 3472
38918709714536, 38918709720296, 5760
38918712294628, 38918712298448, 3820
38918714872744, 38918714876244, 3500
38918717466684, 38918717470232, 3548
38918720044180, 38918720048752, 4572
38918723197276, 38918723204896, 7620
38918842797844, 38918842801232, 3388
38918903189636, 38918903198796, 9160
38918953311280, 38918953319052, 7772
38919038228436, 38919038235848, 7412
38919061388600, 38919061395636, 7036
38919207924568, 38919207927240, 2672
38919238451540, 38919238456864, 5324
38919271774848, 38919271782136, 7288
38919301743004, 38919301755260, 12256
38919361785924, 38919361797032, 11108
38919385503940, 38919385511328, 7388
38920293341760, 38920293344648, 2888
38920316504588, 38920316509868, 5280
38920339671392, 38920339675240, 3848
38920362829584, 38920362834344, 4760
38920385997140, 38920386001320, 4180
38920409166728, 38920409171624, 4896
38920432298080, 38920432301572, 3492
38920455457640, 38920455461300, 3660
38920479157684, 38920479161700, 4016
38920560704592, 38920560708516, 3924
38920575519704, 38920575524968, 5264
38920590305472, 38920590313776, 8304
38920714281652, 38920714284608, 2956
38920738006052, 38920738014660, 8608
38920841708404, 38920841714604, 6200
38920902178508, 38920902186136, 7628
38920952307852, 38920952314124, 6272
38921087391912, 38921087394084, 2172
38921221074240, 38921221076972, 2732
38921223663916, 38921223669172, 5256
38921324835380, 38921324837920, 2540
38921339637040, 38921339647688, 10648
38921354432096, 38921354440468, 8372
38921369240264, 38921369247732, 7468
38921396659244, 38921396666424, 7180
38922288545248, 38922288548352, 3104
38922323867180, 38922323872844, 5664
38922359182092, 38922359186132, 4040
38922394492140, 38922394496836, 4696
38922429777196, 38922429781500, 4304
38922465615444, 38922465619476, 4032
38922500869688, 38922500874212, 4524
38922536134316, 38922536138896, 4580
38922571421376, 38922571425580, 4204
38922606672052, 38922606675512, 3460
38922642044504, 38922642049148, 4644
38922677315472, 38922677320068, 4596
38922713178420, 38922713182704, 4284
38922748468580, 38922748472532, 3952
38922783718348, 38922783722340, 3992
38922818949892, 38922818957568, 7676
38922878988972, 38922878997592, 8620
38922952896380, 38922952903700, 7320
38922978494236, 38922978505972, 11736
38923036698808, 38923036702164, 3356
38923051495680, 38923051503636, 7956
38923116506088, 38923116513644, 7556
38923146434412, 38923146441284, 6872
38923198318992, 38923198323740, 4748
38923223966400, 38923223979024, 12624
38923327469116, 38923327480224, 11108
38923342294436, 38923342302864, 8428
38923357082816, 38923357093672, 10856
38923407215820, 38923407226404, 10584
38923900649116, 38923900652360, 3244
38923935950944, 38923935956292, 5348
38923971800804, 38923971804992, 4188
38924007087112, 38924007090688, 3576
38924042371432, 38924042375188, 3756
38924077604048, 38924077608776, 4728
38924112872088, 38924112876448, 4360
38924148172984, 38924148177816, 4832
38924183457600, 38924183464648, 7048
38924226615520, 38924226623816, 8296
38924286663704, 38924286669856, 6152
38924435364856, 38924435367864, 3008
38924460985988, 38924460990452, 4464
38924486078436, 38924486087364, 8928
38924500882808, 38924500887280, 4472
38924614937768, 38924614940624, 2856
38924736586540, 38924736589620, 3080
38924761655452, 38924761661408, 5956
38924786765644, 38924786774108, 8464
38924822086460, 38924822094204, 7744
38925023910704, 38925023913748, 3044
38925027628836, 38925027634448, 5612
38925031342344, 38925031348368, 6024
38926213084344, 38926213087856, 3512
38926227883948, 38926227889392, 5444
38926242674924, 38926242679464, 4540
38926257486680, 38926257491192, 4512
38926272283132, 38926272287020, 3888
38926287096424, 38926287100668, 4244
38926301868028, 38926301871440, 3412
38926316642100, 38926316646356, 4256
38926331437468, 38926331441500, 4032
38926346226744, 38926346230868, 4124
38926361033440, 38926361037652, 4212
38926375826664, 38926375831016, 4352
38926390618936, 38926390622428, 3492
38926405437116, 38926405441380, 4264
38926420232464, 38926420236504, 4040
38926435036928, 38926435040780, 3852
38926449818836, 38926449823072, 4236
38926465145960, 38926465149644, 3684
38926479904580, 38926479907800, 3220
38926494676504, 38926494679872, 3368
38926509440956, 38926509444584, 3628
38926524214652, 38926524219256, 4604
38926538996680, 38926539000068, 3388
38926553788604, 38926553791956, 3352
38926568591304, 38926568595476, 4172
38926583380892, 38926583385244, 4352
38926598189164, 38926598194112, 4948
38926612978860, 38926612983012, 4152
38926627764720, 38926627768776, 4056
38926642663108, 38926642667120, 4012
38926657447120, 38926657450340, 3220
38926672234176, 38926672238216, 4040
38926686999232, 38926687002420, 3188
38926701762220, 38926701766972, 4752
38926717123872, 38926717127712, 3840
38926731934708, 38926731938864, 4156
38926746709600, 38926746713828, 4228
38926761496312, 38926761501032, 4720
38926776306564, 38926776309984, 3420
38928407811952, 38928407815388, 3436
38928432910984, 38928432916648, 5664
38928458556048, 38928458560080, 4032
38928483651552, 38928483655748, 4196
38928508718736, 38928508722688, 3952
38928533779932, 38928533783968, 4036
38928558807392, 38928558811208, 3816
38928583850008, 38928583853736, 3728
38928608915248, 38928608918712, 3464
38928634109652, 38928634114128, 4476
38928659193248, 38928659197832, 4584
38928684260880, 38928684265448, 4568
38928709912896, 38928709917304, 4408
38928735002372, 38928735006696, 4324
38928760080656, 38928760084940, 4284
38928785169868, 38928785173756, 3888
38928810236084, 38928810240420, 4336
38928835321960, 38928835326324, 4364
38928860395448, 38928860399524, 4076
38928885483336, 38928885486892, 3556
38928910555916, 38928910559984, 4068
38928935587120, 38928935590328, 3208
38928961179464, 38928961183328, 3864
38928986239276, 38928986243476, 4200
38929011335908, 38929011340520, 4612
38929036421664, 38929036426020, 4356
38929061490804, 38929061494420, 3616
38929086567908, 38929086571780, 3872
38929111601628, 38929111604896, 3268
38929136667488, 38929136675360, 7872
38929197652404, 38929197660204, 7800
38929299611072, 38929299613688, 2616
38929433289704, 38929433292596, 2892
38929437006816, 38929437011908, 5092
38929519093508, 38929519096776, 3268
38929530815492, 38929530824952, 9460
38905404335224, 38905404347544, 12320
38905420279556, 38905420287376, 7820
38905436558380, 38905436566320, 7940
38905452629996, 38905452642288, 12292
38909521280428, 38909521283336, 2908
38909535258216, 38909535267436, 9220
38909615055372, 38909615059620, 4248
38909645031896, 38909645045980, 14084
38910309406892, 38910309410148, 3256
38910332575452, 38910332581232, 5780
38910355750428, 38910355755868, 5440
38910378894980, 38910378899176, 4196
38910402032036, 38910402036020, 3984
38910425152484, 38910425157156, 4672
38910586752504, 38910586756200, 3696
38910589345916, 38910589351804, 5888
38910592724340, 38910592730848, 6508
38911085492888, 38911085496344, 3456
38911089205468, 38911089210728, 5260
38911092919636, 38911092924324, 4688
38911096634916, 38911096638764, 3848
38911100348536, 38911100352788, 4252
38911104065684, 38911104068848, 3164
38911107777212, 38911107780680, 3468
38911111494056, 38911111497908, 3852
38911115193968, 38911115198280, 4312
38911118906140, 38911118913012, 6872
38911142073044, 38911142081060, 8016
38911145802380, 38911145809548, 7168
38911187245328, 38911187246832, 1504
38911190951004, 38911190955540, 4536
38911298987728, 38911298990552, 2824
38911330914180, 38911330921704, 7524
38911381012208, 38911381023888, 11680
38911410966040, 38911410977136, 11096
38911450639144, 38911450643908, 4764
38911498521104, 38911498525412, 4308
38911521657460, 38911521667400, 9940
38911571752740, 38911571763564, 10824
38912298619940, 38912298623424, 3484
38912323715084, 38912323720896, 5812
38912348791360, 38912348796200, 4840
38912373857108, 38912373861068, 3960
38912398906652, 38912398910416, 3764
38912423945472, 38912423949116, 3644
38912449017084, 38912449020728, 3644
38912474051928, 38912474056284, 4356
38912499667316, 38912499671036, 3720
38912524714188, 38912524718932, 4744
38912549756884, 38912549761616, 4732
38912574812484, 38912574817112, 4628
38912711574396, 38912711577912, 3516
38912742099512, 38912742104580, 5068
38912871184364, 38912871186236, 1872
38912901156840, 38912901161548, 4708
38913030805424, 38913030808440, 3016
38913034520296, 38913034525968, 5672
38913038242700, 38913038250924, 8224
38913061437396, 38913061444936, 7540
38913102778272, 38913102785936, 7664
38913179304472, 38913179310452, 5980
38913194089804, 38913194094596, 4792
38913208895364, 38913208903304, 7940
38913226343040, 38913226351020, 7980
38913241712036, 38913241724828, 12792
38913326142932, 38913326155488, 12556
38913351236512, 38913351247000, 10488
38914299784332, 38914299787556, 3224
38914303497756, 38914303503172, 5416
38914307217440, 38914307221800, 4360
38914310932916, 38914310937560, 4644
38914314653700, 38914314657604, 3904
38914318370400, 38914318374720, 4320
38914322089968, 38914322093600, 3632
38914325808164, 38914325812532, 4368
38914329509784, 38914329513548, 3764
38914333228612, 38914333233404, 4792
38914336947792, 38914336951716, 3924
38914340667084, 38914340671372, 4288
38914344381688, 38914344385384, 3696
38914348096936, 38914348101000, 4064
38914351811700, 38914351815376, 3676
38914355512832, 38914355515712, 2880
38916279024172, 38916279027084, 2912
38916304132428, 38916304138224, 5796
38916329232144, 38916329236316, 4172
38916354306152, 38916354310540, 4388
38916379414036, 38916379419168, 5132
38916404480784, 38916404484712, 3928
38916429543784, 38916429547764, 3980
38916454620072, 38916454623872, 3800
38916480226388, 38916480230444, 4056
38916505270088, 38916505274040, 3952
38916530299696, 38916530304776, 5080
38916555356888, 38916555361472, 4584
38916580447504, 38916580452116, 4612
38916605530604, 38916605535188, 4584
38916630637924, 38916630642560, 4636
38916655808924, 38916655813960, 5036
38916680904528, 38916680909824, 5296
38916706007960, 38916706012864, 4904
38916731651040, 38916731655700, 4660
38916756748940, 38916756753528, 4588
38916781844352, 38916781848952, 4600
38916806925116, 38916806929576, 4460
38916832008820, 38916832013548, 4728
38916857078676, 38916857083112, 4436
38916882181600, 38916882185964, 4364
38916907260844, 38916907265340, 4496
38916932353572, 38916932358176, 4604
38916957447276, 38916957451760, 4484
38916983049744, 38916983053808, 4064
38917008124152, 38917008128584, 4432
38917033216156, 38917033220820, 4664
38917058293884, 38917058298132, 4248
38917083386016, 38917083390232, 4216
38917108425488, 38917108428872, 3384
38918302150928, 38918302153128, 2200
38918327242824, 38918327247872, 5048
38918352309780, 38918352313964, 4184
38918377358184, 38918377362216, 4032
38918402414384, 38918402418796, 4412
38918427479956, 38918427484652, 4696
38918452567544, 38918452572040, 4496
38918478202324, 38918478207320, 4996
38918503284040, 38918503288456, 4416
38918528376712, 38918528381012, 4300
38918553463784, 38918553467932, 4148
38918578551156, 38918578555540, 4384
38918603623916, 38918603627792, 3876
38918628685160, 38918628688556, 3396
38918653874280, 38918653879008, 4728
38918678958740, 38918678963128, 4388
38918704052624, 38918704056904, 4280
38918729704848, 38918729709468, 4620
38918754779904, 38918754783516, 3612
38918779876216, 38918779880444, 4228
38918804953008, 38918804956628, 3620
38918906654080, 38918906656888, 2808
38918941949636, 38918941954064, 4428
38919076236348, 38919076239416, 3068
38919136675400, 38919136683016, 7616
38919171944892, 38919171953224, 8332
38919195109644, 38919195116500, 6856
38919287742448, 38919287749336, 6888
38919313669240, 38919313675212, 5972
38919415441912, 38919415447324, 5412
38919450687020, 38919450699528, 12508
38919501366252, 38919501378316, 12064
38919511197432, 38919511203884, 6452
38919541182720, 38919541194076, 11356
38919635025884, 38919635036056, 10172
38919670322704, 38919670334688, 11984
38920285364552, 38920285367856, 3304
38920320654096, 38920320659064, 4968
38920355950288, 38920355955212, 4924
38920391248624, 38920391253244, 4620
38920426521168, 38920426525276, 4108
38920461792016, 38920461795756, 3740
38920497613776, 38920497617412, 3636
38920532898976, 38920532903724, 4748
38920568173140, 38920568178044, 4904
38920660417384, 38920660421824, 4440
38920695648324, 38920695660516, 12192
38920756673668, 38920756684420, 10752
38920791973296, 38920791984724, 11428
38920821948364, 38920821958912, 10548
38920845131740, 38920845142936, 11196
38920851946224, 38920851951204, 4980
38920887243416, 38920887253360, 9944
38920947738848, 38920947744520, 5672
38921326837996, 38921326840344, 2348
38921356812872, 38921356818032, 5160
38921386748712, 38921386752248, 3536
38921416686736, 38921416690176, 3440
38921446635856, 38921446640808, 4952
38921477115232, 38921477119420, 4188
38921507070852, 38921507075132, 4280
38921537031964, 38921537038988, 7024
38921551835988, 38921551844360, 8372
38921564266432, 38921564271160, 4728
38921654045196, 38921654047168, 1972
38921684024652, 38921684030240, 5588
38921813662960, 38921813666140, 3180
38921816258080, 38921816264088, 6008
38921818834560, 38921818842260, 7700
38921833652900, 38921833661508, 8608
38921857554732, 38921857556276, 1544
38921872343336, 38921872349988, 6652
38921976577648, 38921976585848, 8200
38922077037928, 38922077041224, 3296
38922107003832, 38922107009680, 5848
38922136957696, 38922136963848, 6152
38922241177636, 38922241183692, 6056
38922301626116, 38922301633344, 7228
38922405355284, 38922405361260, 5976
38923180082044, 38923180088184, 6140
38923183799732, 38923183803400, 3668
38923187516868, 38923187521764, 4896
38923191235128, 38923191242304, 7176
38923194955556, 38923194959096, 3540
38923198672836, 38923198677196, 4360
38923202391812, 38923202395636, 3824
38923206093380, 38923206096584, 3204
38923209810620, 38923209814436, 3816
38923214086404, 38923214089508, 3104
38923217802200, 38923217806376, 4176
38923221515896, 38923221519200, 3304
38923225230588, 38923225234732, 4144
38923328004136, 38923328007236, 3100
38923351163768, 38923351172404, 8636
38923411610836, 38923411619516, 8680
38923426416628, 38923426420896, 4268
38923539502228, 38923539505176, 2948
38923564590256, 38923564595536, 5280
38923589674744, 38923589682760, 8016
38923674132928, 38923674140580, 7652
38923695123140, 38923695124656, 1516
38923780124708, 38923780132368, 7660
38923816839708, 38923816847084, 7376
38923901210060, 38923901223180, 13120
38923924390420, 38923924402736, 12316
38924012374416, 38924012381628, 7212
38924273763600, 38924273766376, 2776
38924288570556, 38924288575904, 5348
38924303346000, 38924303350232, 4232
38924318140800, 38924318144984, 4184
38924332915296, 38924332919160, 3864
38924347695584, 38924347698872, 3288
38924362446856, 38924362450456, 3600
38924377209596, 38924377213680, 4084
38924391992844, 38924391996520, 3676
38924413421244, 38924413428344, 7100
38924428203920, 38924428215648, 11728
38924513197044, 38924513208792, 11748
38924563296696, 38924563308040, 11344
38924623327300, 38924623338280, 10980
38924638228700, 38924638237620, 8920
38925049840540, 38925049843904, 3364
38925052428984, 38925052434788, 5804
38925055004364, 38925055008468, 4104
38925057580528, 38925057585336, 4808
38925060175024, 38925060178928, 3904
38925062751872, 38925062756148, 4276
38925065329348, 38925065332692, 3344
38925077776680, 38925077781396, 4716
38925080360684, 38925080373732, 13048
38925137641544, 38925137646252, 4708
38925205479044, 38925205487816, 8772
38925335165528, 38925335168432, 2904
38925337754628, 38925337760696, 6068
38925340333420, 38925340340468, 7048
38925492795760, 38925492798832, 3072
38925495384592, 38925495391448, 6856
38925654405328, 38925654407896, 2568
38925656998216, 38925657003904, 5688
38925659576620, 38925659584140, 7520
38925764145460, 38925764152772, 7312
38925848507364, 38925848520608, 13244
38925871677140, 38925871689192, 12052
38926247007248, 38926247010296, 3048
38926250722800, 38926250728760, 5960
38926254447468, 38926254451540, 4072
38926258169732, 38926258174492, 4760
38926261890884, 38926261895380, 4496
38926265612544, 38926265616724, 4180
38926270953356, 38926270955176, 1820
38926368702980, 38926368705664, 2684
38926393804412, 38926393809852, 5440
38926418911968, 38926418919856, 7888
38926523045244, 38926523052172, 6928
38926607487848, 38926607496028, 8180
38926626109248, 38926626115812, 6564
38926730415040, 38926730422060, 7020
38926889406700, 38926889409484, 2784
38926904208980, 38926904214568, 5588
38926918997276, 38926919001640, 4364
38926933804200, 38926933808372, 4172
38927047032052, 38927047034880, 2828
38927070176168, 38927070184620, 8452
38927076953332, 38927076954868, 1536
38927100101172, 38927100107544, 6372
38927114918836, 38927114927276, 8440
38927130267148, 38927130275024, 7876
38927136810224, 38927136811576, 1352
38927151601820, 38927151607716, 5896
38927178711732, 38927178713048, 1316
38927193502560, 38927193507776, 5216
38927220909324, 38927220914944, 5620
38927235698788, 38927235705036, 6248
38927295717072, 38927295723736, 6664
38927444085972, 38927444088740, 2768
38927459426672, 38927459431976, 5304
38927474230112, 38927474235076, 4964
38927489015388, 38927489019160, 3772
38927503800912, 38927503808152, 7240
38927506407664, 38927506415208, 7544
38927531871356, 38927531877096, 5740
38927627647188, 38927627650296, 3108
38927642448032, 38927642453520, 5488
38927657229696, 38927657234072, 4376
38927672032256, 38927672039516, 7260
38927681514548, 38927681516216, 1668
38927795250460, 38927795253716, 3256
38927797841684, 38927797847180, 5496
38927899001664, 38927899004124, 2460
38927913801980, 38927913807244, 5264
38927928588300, 38927928592632, 4332
38927943394668, 38927943398160, 3492
38927958698472, 38927958707248, 8776
38928060617284, 38928060619204, 1920
38928075412116, 38928075417388, 5272
38928090190056, 38928090195012, 4956
38928104988844, 38928104993000, 4156
38928119772408, 38928119780304, 7896
38928142953124, 38928142959416, 6292
38928145542648, 38928145549416, 6768
38928160345460, 38928160353008, 7548
38928220914232, 38928220921084, 6852
38928226217276, 38928226218604, 1328
38928249362452, 38928249368232, 5780
38928294242648, 38928294249460, 6812
38928296832360, 38928296839060, 6700
38928310018760, 38928310020132, 1372
38928312600588, 38928312605840, 5252
38928359475992, 38928359482836, 6844
38928369876652, 38928369877836, 1184
38928372456424, 38928372462100, 5676
38928395617764, 38928395625004, 7240
38928399354536, 38928399360740, 6204
38928450060528, 38928450065968, 5440
38928453789936, 38928453796288, 6352
38928481623344, 38928481628084, 4740
38928507558000, 38928507561424, 3424
38928585377308, 38928585382056, 4748
38928609310796, 38928609317744, 6948
38928644709304, 38928644721648, 12344
38928705337212, 38928705348684, 11472
38928740636448, 38928740648380, 11932
38928743250536, 38928743261508, 10972
38928768867016, 38928768873304, 6288
38928800792084, 38928800798260, 6176
38928836084928, 38928836096816, 11888
38928896570168, 38928896574988, 4820
38928938471376, 38928938478300, 6924
38928966404456, 38928966411396, 6940
38929026865812, 38929026878952, 13140
38929064171872, 38929064178600, 6728
38929106073420, 38929106080412, 6992
38929120860732, 38929120871580, 10848
38929521095284, 38929521097444, 2160
38929535921508, 38929535926688, 5180
38929550711456, 38929550715928, 4472
38929565593524, 38929565598064, 4540
38929580423592, 38929580427436, 3844
38929595230572, 38929595233972, 3400
38929609987252, 38929609990892, 3640
38929624744392, 38929624747552, 3160
