30737375870672, 30737375876196, 5524
30737375931840, 30737375934724, 2884
30737376075480, 30737376078300, 2820
30737376126580, 30737376128976, 2396
30737376156608, 30737376159008, 2400
30737376187988, 30737376190540, 2552
30737376230520, 30737376232960, 2440
30737376264136, 30737376266512, 2376
30737376320244, 30737376323004, 2760
30737376372792, 30737376375388, 2596
30737376403736, 30737376406492, 2756
30737376470140, 30737376472612, 2472
30739369060176, 30739369066848, 6672
30739369085532, 30739369098104, 12572
30739369108936, 30739369118040, 9104
30739369128948, 30739369137528, 8580
30739369147540, 30739369155736, 8196
30740094793868, 30740094800572, 6704
30740820596572, 30740820603660, 7088
30741618284356, 30741618287508, 3152
30742336282496, 30742336285156, 2660
30742742752996, 30742742763160, 10164
30743452982900, 30743452987632, 4732
30744043243096, 30744043245928, 2832
30744838894764, 30744838897944, 3180
30745459129292, 30745459132968, 3676
30745976626544, 30745976629944, 3400
30746463893464, 30746463901948, 8484
30747066445076, 30747066448144, 3068
30747730511648, 30747730514508, 2860
30748528151384, 30748528154412, 3028
30749208209100, 30749208212092, 2992
30749832427136, 30749832431124, 3988
30750482586012, 30750482589888, 3876
30750955106764, 30750955112236, 5472
30751521478544, 30751521486272, 7728
30751980166448, 30751980169476, 3028
30752626208500, 30752626213672, 5172
30752985919800, 30752985947244, 27444
30753609923452, 30753609930196, 6744
30754409053872, 30754409059556, 5684
30755130951940, 30755130954888, 2948
30755729221540, 30755729224580, 3040
30756135491804, 30756135502268, 10464
30757013476628, 30757013480304, 3676
30757516012076, 30757516019720, 7644
30757981723592, 30757981750840, 27248
30758451387764, 30758451391508, 3744
30759065478728, 30759065481592, 2864
30759624394276, 30759624403636, 9360
30760224177704, 30760224185496, 7792
30735383905592, 30735383913464, 7872
30739388892396, 30739388895360, 2964
30740110910792, 30740110917500, 6708
30740617193300, 30740617196056, 2756
30741574501460, 30741574504388, 2928
30742272380232, 30742272385544, 5312
30742737989300, 30742737999452, 10152
30742998244600, 30742998249928, 5328
30743562707068, 30743562709976, 2908
30744382237956, 30744382243700, 5744
30745229761324, 30745229764760, 3436
30745941753684, 30745941757324, 3640
30746665628884, 30746665632088, 3204
30747230037716, 30747230041028, 3312
30747465293552, 30747465297244, 3692
30748153285656, 30748153289240, 3584
30748809390640, 30748809394428, 3788
30749373801780, 30749373804576, 2796
30749832410976, 30749832413984, 3008
30750296999716, 30750297003008, 3292
30751030907352, 30751030910712, 3360
30751529437896, 30751529441168, 3272
30752117744080, 30752117747280, 3200
30752777791504, 30752777794304, 2800
30753272382924, 30753272387748, 4824
30753930465364, 30753930468332, 2968
30754430971044, 30754430978868, 7824
30754989806660, 30754989834464, 27804
30755589628276, 30755589633444, 5168
30756247673704, 30756247676568, 2864
30756610627696, 30756610630344, 2648
30757201002556, 30757201005364, 2808
30757805290816, 30757805293772, 2956
30758586978840, 30758586983948, 5108
30759256966980, 30759256970924, 3944
30759616919288, 30759616929184, 9896
30760359806184, 30760359813424, 7240
30735334165180, 30735334173544, 8364
30735351154392, 30735351164128, 9736
30735367964380, 30735367974052, 9672
30739392848676, 30739392852104, 3428
30740204462168, 30740204469400, 7232
30740864473108, 30740864477224, 4116
30741568481596, 30741568484640, 3044
30742405961720, 30742405965344, 3624
30742895449520, 30742895460532, 11012
30743752081016, 30743752083716, 2700
30744456014844, 30744456018240, 3396
30745044316744, 30745044319428, 2684
30745357419724, 30745357423748, 4024
30746049410512, 30746049414080, 3568
30746408911028, 30746408920036, 9008
30747066429684, 30747066432924, 3240
30748223047236, 30748223050124, 2888
30749307923600, 30749307926860, 3260
30750396720728, 30750396723544, 2816
30750899378420, 30750899383276, 4856
30751694957960, 30751694961104, 3144
30752550458864, 30752550461468, 2604
30753206589828, 30753206597188, 7360
30753812802444, 30753812805336, 2892
30754273540484, 30754273543404, 2920
30754744054600, 30754744062024, 7424
30755326387048, 30755326390056, 3008
30755949554416, 30755949564568, 10152
30756435144832, 30756435148060, 3228
30756943681396, 30756943684340, 2944
30757575835508, 30757575839544, 4036
30758066005036, 30758066015516, 10480
30758578933552, 30758578940384, 6832
30759147241284, 30759147249156, 7872
30759733567436, 30759733570220, 2784
30760246065508, 30760246073048, 7540
30735316517996, 30735316529220, 11224
30740192567892, 30740192571920, 4028
30740379899616, 30740379907120, 7504
30740916317352, 30740916321288, 3936
30741602357704, 30741602360600, 2896
30742443960116, 30742443967476, 7360
30742927823712, 30742927852884, 29172
30744310434940, 30744310440220, 5280
30744898225124, 30744898234468, 9344
30745957677552, 30745957685024, 7472
30747066440676, 30747066444060, 3384
30747604958804, 30747604966768, 7964
30748340689072, 30748340692220, 3148
30749012748344, 30749012756100, 7756
30749495350112, 30749495353616, 3504
30750490436244, 30750490443072, 6828
30751377878124, 30751377881208, 3084
30751980186756, 30751980190544, 3788
30752458737080, 30752458742340, 5260
30753501701380, 30753501704320, 2940
30754006237068, 30754006240036, 2968
30754540664632, 30754540667152, 2520
30755029419904, 30755029430512, 10608
30755545778692, 30755545786040, 7348
30756134039196, 30756134042112, 2916
30757037395612, 30757037399084, 3472
30757906976936, 30757906983520, 6584
30758750427884, 30758750431168, 3284
30759356660956, 30759356663892, 2936
30759398504272, 30759398505880, 1608
30739392789944, 30739392793068, 3124
30740459648784, 30740459655960, 7176
30741123722964, 30741123725788, 2824
30741746724080, 30741746734444, 10364
30741875526624, 30741875527980, 1356
30742679166324, 30742679169568, 3244
30743732172464, 30743732177308, 4844
30744485918784, 30744485921612, 2828
30745175928644, 30745175947164, 18520
30745901939152, 30745901946168, 7016
30746366727288, 30746366737160, 9872
30747166159068, 30747166161924, 2856
30747545035116, 30747545038444, 3328
30748207149012, 30748207156644, 7632
30748651800344, 30748651803380, 3036
30749311891008, 30749311895236, 4228
30750131547256, 30750131552912, 5656
30750616656156, 30750616665224, 9068
30751481563132, 30751481566324, 3192
30752566395452, 30752566398564, 3112
30753537588320, 30753537591972, 3652
30754193707460, 30754193714300, 6840
30754782682464, 30754782692284, 9820
30755840900744, 30755840908004, 7260
30757113197696, 30757113200632, 2936
30757488106852, 30757488111576, 4724
30758150166976, 30758150171712, 4736
30759135292048, 30759135299552, 7504
30760782514708, 30760782521920, 7212
30735299456204, 30735299465448, 9244
30735342729432, 30735342740888, 11456
30740357945464, 30740357948880, 3416
30740467619764, 30740467627392, 7628
30741053922992, 30741053925936, 2944
30742571508880, 30742571513620, 4740
30743941903004, 30743941929844, 26840
30744172863864, 30744172871860, 7996
30745774215692, 30745774220556, 4864
30747365546948, 30747365549936, 2988
30748079617520, 30748079624952, 7432
30748643807892, 30748643810948, 3056
30749395637588, 30749395645620, 8032
30750231183896, 30750231190972, 7076
30751066792112, 30751066797788, 5676
30751728866844, 30751728870676, 3832
30752576356808, 30752576359780, 2972
30753561516468, 30753561519268, 2800
30754622416296, 30754622419664, 3368
30755338365416, 30755338370480, 5064
30755850861704, 30755850865180, 3476
30756949691500, 30756949698552, 7052
30757934799316, 30757934802348, 3032
30759003662696, 30759003670520, 7824
30759567787612, 30759567816232, 28620
30760094571680, 30760094577040, 5360
30735291772116, 30735291780664, 8548
30735307955148, 30735307963772, 8624
30735325671328, 30735325684052, 12724
30735359686288, 30735359694504, 8216
30739392851740, 30739392854776, 3036
30740473602156, 30740473607472, 5316
30741032099872, 30741032102600, 2728
30741622065000, 30741622074340, 9340
30741981574600, 30741981582744, 8144
30742663239984, 30742663247124, 7140
30742683147308, 30742683153792, 6484
30743086218076, 30743086221752, 3676
30743787984296, 30743787992388, 8092
30744148254888, 30744148264252, 9364
30744900713788, 30744900717200, 3412
30745518937236, 30745518952412, 15176
30746059367372, 30746059370804, 3432
30746787267532, 30746787284224, 16692
30747465282108, 30747465285268, 3160
30748976946844, 30748976954488, 7644
30750534308276, 30750534311996, 3720
30751238376452, 30751238378432, 1980
30751728863328, 30751728867024, 3696
30752434890860, 30752434898020, 7160
30752899435380, 30752899464104, 28724
30753160697564, 30753160702928, 5364
30753745014868, 30753745017940, 3072
30754698199360, 30754698203456, 4096
30755731205824, 30755731213296, 7472
30756295221868, 30756295247004, 25136
30756822103044, 30756822108256, 5212
30757386969284, 30757386997548, 28264
30757819229788, 30757819234848, 5060
30758302670728, 30758302678232, 7504
30758967804356, 30758967809240, 4884
30759432221920, 30759432250052, 28132
30735376282388, 30735376290228, 7840
30739392833060, 30739392836520, 3460
30740489546960, 30740489551688, 4728
30741602354024, 30741602357576, 3552
30742007455752, 30742007465588, 9836
30742667215456, 30742667219428, 3972
30743764060016, 30743764065384, 5368
30744615531216, 30744615534400, 3184
30745219790416, 30745219793416, 3000
30746053394196, 30746053401780, 7584
30746888936484, 30746888953364, 16880
30747510991648, 30747511007172, 15524
30748346667036, 30748346670380, 3344
30748637842424, 30748637847604, 5180
30749455469128, 30749455476844, 7716
30749670741624, 30749670751904, 10280
30750257121796, 30750257128944, 7148
30750722101536, 30750722110640, 9104
30752179583868, 30752179588832, 4964
30753780982644, 30753780990068, 7424
30755382258396, 30755382266264, 7868
30756983554064, 30756983561824, 7760
30758584874932, 30758584882520, 7588
30760186298476, 30760186311564, 13088
