38554081059348, 38554081069684, 10336
38554081100160, 38554081107176, 7016
38554081130680, 38554081137536, 6856
38556075074828, 38556075084932, 10104
38556120932484, 38556120970096, 37612
38556166824536, 38556166827996, 3460
38556212712124, 38556212748736, 36612
38556258603350, 38556258608476, 5126
38556304506150, 38556304541960, 35810
38556350420324, 38556350423468, 3144
38556396312820, 38556396324200, 11380
38556442178236, 38556442205160, 26924
38556488095412, 38556488098788, 3376
38556533984124, 38556533995444, 11320
38556579852790, 38556579881360, 28570
38556625764568, 38556625775864, 11296
38556671633836, 38556671660984, 27148
38556717523376, 38556717559436, 36060
38556763439976, 38556763442992, 3016
38556809332276, 38556809343508, 11232
38556855220940, 38556855224116, 3176
38556901111076, 38556901113948, 2872
38556947001520, 38556947012760, 11240
38556992893488, 38556992896440, 2952
38557038758270, 38557038794496, 36226
38557084649276, 38557084654276, 5000
38557130563008, 38557130574224, 11216
38557176406124, 38557176409204, 3080
38557222296820, 38557222308212, 11392
38557268186580, 38557268189636, 3056
38557314079384, 38557314082284, 2900
38557359973996, 38557359984828, 10832
38557405860188, 38557405863240, 3052
38557451748552, 38557451759768, 11216
38557497581088, 38557497584292, 3204
38557543472104, 38557543483200, 11096
38557589355564, 38557589358772, 3208
38557635254284, 38557635265508, 11224
38557681144656, 38557681147736, 3080
38557727034416, 38557727037276, 2860
38557772925348, 38557772936568, 11220
38557818816776, 38557818819828, 3052
38557864707976, 38557864719068, 11092
38557910598100, 38557910601256, 3156
38557956496152, 38557956507552, 11400
38558002390124, 38558002393232, 3108
38558048279964, 38558048291172, 11208
38558094171988, 38558094175292, 3304
38558140052404, 38558140055388, 2984
38558185950616, 38558185962104, 11488
38558231839668, 38558231842724, 3056
38558277732880, 38558277743976, 11096
38558323621096, 38558323624268, 3172
38558369512068, 38558369523208, 11140
38558415405688, 38558415408816, 3128
38558469268488, 38558469280204, 11716
38558565041960, 38558565050020, 8060
38558668791408, 38558668799480, 8072
38558772543784, 38558772551856, 8072
38558876290948, 38558876298948, 8000
38558980045472, 38558980053348, 7876
38559083799880, 38559083807640, 7760
38559187570184, 38559187585770, 15586
38559291302972, 38559291311188, 8216
38559395077090, 38559395113256, 36166
38559498750156, 38559498757988, 7832
38559602505736, 38559602513632, 7896
38559706255248, 38559706263160, 7912
38559810009124, 38559810016928, 7804
38559913783556, 38559913796864, 13308
38560017516096, 38560017524188, 8092
38560149226084, 38560149281808, 55724
38560288905564, 38560288952496, 46932
38560464529432, 38560464532564, 3132
38560748864396, 38560748869896, 5500
38560991209948, 38560991213016, 3068
38561166839896, 38561166843024, 3128
38561342397356, 38561342442380, 45024
38561517949204, 38561517961752, 12548
38561693530928, 38561693534076, 3148
38561869063840, 38561869067172, 3332
38562044641852, 38562044644904, 3052
38562220248090, 38562220253076, 4986
38562395873940, 38562395876868, 2928
38562571455120, 38562571458132, 3012
38562747034780, 38562747037828, 3048
38563165993644, 38563166024684, 31040
38563624846050, 38563624886576, 40526
38563800427736, 38563800457040, 29304
38563975982468, 38563975985456, 2988
38564151637104, 38564151649120, 12016
38565161158808, 38565161169884, 11076
38565205052492, 38565205055480, 2988
38565308803224, 38565308805364, 2140
38565412557084, 38565412559348, 2264
38565516250680, 38565516252768, 2088
38565620007672, 38565620017580, 9908
38565665894024, 38565665896180, 2156
38565711785500, 38565711788440, 2940
38565757676748, 38565757679756, 3008
38565803574092, 38565803577060, 2968
38565849465568, 38565849468656, 3088
38565895355972, 38565895359012, 3040
38565941260420, 38565941263640, 3220
38565987143992, 38565987147164, 3172
38566033035944, 38566033039056, 3112
38566078929824, 38566078933144, 3320
38566124815500, 38566124818548, 3048
38566170709244, 38566170712348, 3104
38566216597368, 38566216600580, 3212
38566262488032, 38566262491220, 3188
38566308379048, 38566308382248, 3200
38566354270248, 38566354273396, 3148
38566400162860, 38566400165992, 3132
38566446051376, 38566446054460, 3084
38566491941848, 38566491945072, 3224
38566537833712, 38566537836912, 3200
38566583728564, 38566583731808, 3244
38566629617268, 38566629620372, 3104
38566675505448, 38566675508580, 3132
38566721395852, 38566721398956, 3104
38566767288512, 38566767291676, 3164
38566813176456, 38566813179592, 3136
38566859068660, 38566859071832, 3172
38566904958656, 38566904961772, 3116
38566950847452, 38566950850604, 3152
38566996734776, 38566996737828, 3052
38567042624712, 38567042627652, 2940
38567088584444, 38567088587704, 3260
38567134433690, 38567134438684, 4994
38567180298136, 38567180301192, 3056
38567226188224, 38567226191260, 3036
38567272104030, 38567272109064, 5034
38567317964476, 38567317967636, 3160
38567363860932, 38567363863980, 3048
38567409750776, 38567409753740, 2964
38567455709744, 38567455712724, 2980
38567501497876, 38567501527228, 29352
38567547434196, 38567547437192, 2996
38567593284016, 38567593289376, 5360
38567639172550, 38567639199640, 27090
38567685086260, 38567685089252, 2992
38567730974860, 38567730977900, 3040
38567776869480, 38567776872388, 2908
38567822759412, 38567822762596, 3184
38567868626884, 38567868654224, 27340
38567914539120, 38567914542092, 2972
38567960432584, 38567960435576, 2992
38568461206836, 38568461263216, 56380
38568525032792, 38568525035136, 2344
38568628784024, 38568628786328, 2304
38568732535928, 38568732538196, 2268
38568836291172, 38568836293480, 2308
38568940042876, 38568940045220, 2344
38569043795452, 38569043797612, 2160
38569147561264, 38569147563808, 2544
38569251301720, 38569251304180, 2460
38569355054508, 38569355056844, 2336
38569458805928, 38569458808092, 2164
38569562500860, 38569562503172, 2312
38569666254916, 38569666257012, 2096
38569770006552, 38569770008640, 2088
38569873759512, 38569873761704, 2192
38569977512688, 38569977514916, 2228
38570081266352, 38570081268692, 2340
38570185019116, 38570185021260, 2144
38570288771756, 38570288773788, 2032
38570392529176, 38570392539904, 10728
38570438416528, 38570438418596, 2068
38570484307836, 38570484310752, 2916
38570530199720, 38570530202724, 3004
38570576097776, 38570576100900, 3124
38570622013264, 38570622062820, 49556
38570667878128, 38570667881140, 3012
38570713769420, 38570713772444, 3024
38570759659648, 38570759662712, 3064
38570805601692, 38570805604792, 3100
38570851441536, 38570851444584, 3048
38570897332444, 38570897335436, 2992
38570943293760, 38570943296752, 2992
38570989140450, 38570989190792, 50342
38571035004836, 38571035007852, 3016
38571080896376, 38571080899536, 3160
38571126857284, 38571126860276, 2992
38571172725676, 38571172728704, 3028
38571218566956, 38571218569968, 3012
38571264458264, 38571264461196, 2932
38571310366004, 38571310415604, 49600
38571356240200, 38571356243192, 2992
38571402130212, 38571402133144, 2932
38571448021652, 38571448024668, 3016
38571493879476, 38571493921752, 42276
38571539743864, 38571539746880, 3016
38571585634188, 38571585637196, 3008
38571631525496, 38571631528516, 3020
38571677440444, 38571677481808, 41364
38571723306900, 38571723309824, 2924
38571769197720, 38571769200740, 3020
38571815114650, 38571815142288, 27638
38571861046072, 38571861049036, 2964
38571906873536, 38571906877052, 3516
38571952760860, 38571952763844, 2984
38571998722536, 38571998725512, 2976
38572044591508, 38572044594500, 2992
38572090459236, 38572090501180, 41944
38572136349070, 38572136389600, 40530
38572182240464, 38572182245396, 4932
38572228154984, 38572228157944, 2960
38572274046468, 38572274049492, 3024
38572319936316, 38572319939472, 3156
38572365803416, 38572365808364, 4948
38572411694990, 38572411724232, 29242
38572457608776, 38572457611760, 2984
38572503498956, 38572503501972, 3016
38572549389076, 38572549392064, 2988
38572595256230, 38572595283824, 27594
38572641169440, 38572641172428, 2988
38572687063188, 38572687066184, 2996
38572732955548, 38572732958552, 3004
38573141925412, 38573141936292, 10880
38573193801744, 38573193803812, 2068
38573297554212, 38573297556208, 1996
38573401308192, 38573401310288, 2096
38573505000112, 38573505002312, 2200
38573608753516, 38573608755820, 2304
38573712504644, 38573712506716, 2072
38573816260780, 38573816263092, 2312
38573920024232, 38573920026472, 2240
38574023771452, 38574023773692, 2240
38574127522228, 38574127524676, 2448
38574231276580, 38574231278992, 2412
38574335030960, 38574335033276, 2316
38574438783276, 38574438785352, 2076
38574542535696, 38574542537728, 2032
38574646290324, 38574646292520, 2196
38574750041860, 38574750044084, 2224
38574853795344, 38574853797724, 2380
38574957547608, 38574957549804, 2196
38575061300948, 38575061303316, 2368
38575165073270, 38575165125784, 52514
38575210960950, 38575210964590, 3640
38575256850490, 38575256855676, 5186
38575302744570, 38575302749876, 5306
38575348635516, 38575348665064, 29548
38575394560880, 38575394563964, 3084
38575440449436, 38575440452788, 3352
38575486278436, 38575486281472, 3036
38575532148576, 38575532175652, 27076
38575578061168, 38575578064224, 3056
38575623956076, 38575623959264, 3188
38575669822170, 38575669827236, 5066
38575715711976, 38575715739856, 27880
38575761626284, 38575761629292, 3008
38575807516032, 38575807519276, 3244
38575853381470, 38575853409736, 28266
38575899298088, 38575899301092, 3004
38575945164476, 38575945192240, 27764
38575991082080, 38575991085152, 3072
38576036969348, 38576036972380, 3032
38556089022610, 38556089056652, 34042
38556178772924, 38556178780808, 7884
38556282552304, 38556282587396, 35092
38556386302170, 38556386337524, 35354
38556490036500, 38556490043660, 7160
38556593782404, 38556593789392, 6988
38556697556770, 38556697568910, 12140
38556801311444, 38556801345480, 34036
38556905042276, 38556905049500, 7224
38557008815584, 38557008850668, 35084
38557112568730, 38557112580796, 12066
38557216304372, 38557216311948, 7576
38557320055464, 38557320063336, 7872
38557423810608, 38557423817956, 7348
38557527502900, 38557527510500, 7600
38557631255104, 38557631262668, 7564
38557735007476, 38557735015036, 7560
38557838761832, 38557838769288, 7456
38557942529720, 38557942538684, 8964
38558046272704, 38558046281284, 8580
38558150026432, 38558150034724, 8292
38558253781380, 38558253790028, 8648
38558357533884, 38558357541736, 7852
38558461365392, 38558461374352, 8960
38558507176024, 38558507184184, 8160
38558553070796, 38558553073992, 3196
38558598964396, 38558598975412, 11016
38558644850108, 38558644853212, 3104
38558690746708, 38558690757864, 11156
38558736637216, 38558736640360, 3144
38558782520924, 38558782523924, 3000
38558828416960, 38558828427924, 10964
38558874329084, 38558874334250, 5166
38558920193784, 38558920204928, 11144
38558966084648, 38558966087820, 3172
38559012002044, 38559012054572, 52528
38559057890976, 38559057919788, 28812
38559103756580, 38559103767716, 11136
38559149648780, 38559149651916, 3136
38559195563830, 38559195610516, 46686
38559241426240, 38559241437184, 10944
38559287321452, 38559287324604, 3152
38559333214964, 38559333224948, 9984
38559379172692, 38559379175808, 3116
38559424993824, 38559425004716, 10892
38559470884564, 38559470887648, 3084
38559516715184, 38559516726276, 11092
38559562631530, 38559562678156, 46626
38559608498116, 38559608501296, 3180
38559654387576, 38559654398748, 11172
38559700304296, 38559700309450, 5154
38559746191024, 38559746243960, 52936
38559792060356, 38559792063444, 3088
38559837949852, 38559837960596, 10744
38559883866496, 38559883895488, 28992
38559929756716, 38559929807056, 50340
38559975623564, 38559975626672, 3108
38560021507728, 38560021510760, 3032
38560067431116, 38560067468032, 36916
38560135310744, 38560135322116, 11372
38560225023324, 38560225034184, 10860
38560328774180, 38560328782116, 7936
38560432548996, 38560432563970, 14974
38560536282008, 38560536289072, 7064
38560640059064, 38560640115384, 56320
38560743804470, 38560743817030, 12560
38560847541924, 38560847549800, 7876
38560893431948, 38560893434116, 2168
38560939323056, 38560939330484, 7428
38560985233244, 38560985270832, 37588
38561031106412, 38561031109496, 3084
38561076996468, 38561076999564, 3096
38561122963916, 38561122974972, 11056
38561168783452, 38561168786624, 3172
38561214673728, 38561214676864, 3136
38561260563356, 38561260566476, 3120
38561306527260, 38561306530332, 3072
38561352347068, 38561352350288, 3220
38561398231720, 38561398234768, 3048
38561444128328, 38561444131364, 3036
38561489980024, 38561490019168, 39144
38561535850708, 38561535853908, 3200
38561581737440, 38561581740612, 3172
38561627631732, 38561627634812, 3080
38561673547884, 38561673552970, 5086
38561719413132, 38561719416200, 3068
38561765303748, 38561765306824, 3076
38561811222130, 38561811267784, 45654
38561857115064, 38561857158008, 42944
38561902976188, 38561902979224, 3036
38561948866660, 38561948869716, 3056
38561994774690, 38561994779956, 5266
38562040673116, 38562040678164, 5048
38562086538892, 38562086542256, 3364
38562132430092, 38562132433140, 3048
38562178339636, 38562178344730, 5094
38562224211296, 38562224214380, 3084
38562270102436, 38562270105496, 3060
38562315992752, 38562315995832, 3080
38562361957604, 38562361960720, 3116
38562407775244, 38562407778280, 3036
38562453665552, 38562453668616, 3064
38562499553652, 38562499556720, 3068
38562545494868, 38562545497872, 3004
38562591338444, 38562591341676, 3232
38562637227724, 38562637230756, 3032
38562683118364, 38562683121428, 3064
38562729087284, 38562729090360, 3076
38562774894912, 38562774897960, 3048
38562820790896, 38562820793936, 3040
38562866753200, 38562866756400, 3200
38562912642732, 38562912645752, 3020
38562958488084, 38562958517256, 29172
38563004378444, 38563004406300, 27856
38563050268390, 38563050296900, 28510
38563096186436, 38563096189720, 3284
38563142051644, 38563142079100, 27456
38563187918152, 38563187921228, 3076
38563498020788, 38563498031920, 11132
38563545003724, 38563545013172, 9448
38563648756820, 38563648759172, 2352
38563752508040, 38563752510168, 2128
38563856260840, 38563856263076, 2236
38563960038590, 38563960042124, 3534
38564063766724, 38564063769020, 2296
38565157171748, 38565157181324, 9576
38566960819408, 38566960822608, 3200
38567136402728, 38567136405912, 3184
38567312009484, 38567312054064, 44580
38568560991140, 38568560994512, 3372
38570647951876, 38570647993892, 42016
38570823533570, 38570823562364, 28794
38570999088760, 38570999091888, 3128
38571174671552, 38571174674740, 3188
38571350330464, 38571350333740, 3276
38571525830588, 38571525833644, 3056
38571701380464, 38571701385650, 5186
38571876962590, 38571876967636, 5046
38573137955656, 38573138006396, 50740
38576410086380, 38576410098832, 12452
38557168436950, 38557168475664, 38714
38558884281636, 38558884285300, 3664
38559059863432, 38559059866584, 3152
38559235512256, 38559235515400, 3144
38559411052690, 38559411057864, 5174
38559586566176, 38559586571530, 5354
38559762156716, 38559762186120, 29404
38559937713428, 38559937716512, 3084
38560113369524, 38560113380556, 11032
38560159187476, 38560159190564, 3088
38560205076700, 38560205079752, 3052
38560250967800, 38560250970868, 3068
38560296858864, 38560296861928, 3064
38560342749472, 38560342752624, 3152
38560388640140, 38560388643256, 3116
38560434532224, 38560434535324, 3100
38560480421896, 38560480425352, 3456
38560526311720, 38560526314744, 3024
38560572202188, 38560572205312, 3124
38560618119904, 38560618165724, 45820
38560664007296, 38560664035600, 28304
38560709900650, 38560709929532, 28882
38560755765312, 38560755768372, 3060
38560801656584, 38560801659644, 3060
38560859519116, 38560859530452, 11336
38560951294660, 38560951306068, 11408
38561055047204, 38561055054948, 7744
38561158882804, 38561158890556, 7752
38561262552332, 38561262560152, 7820
38561366308728, 38561366316348, 7620
38561470066300, 38561470077320, 11020
38561573755620, 38561573765264, 9644
38561677506344, 38561677514392, 8048
38561781261540, 38561781269308, 7768
38561885015888, 38561885023872, 7984
38561988783664, 38561988819352, 35688
38562092520104, 38562092527676, 7572
38562196295536, 38562196344596, 49060
38562300023492, 38562300031276, 7784
38562403777028, 38562403784768, 7740
38562507530204, 38562507537916, 7712
38562611284436, 38562611292204, 7768
38562715063276, 38562715116600, 53324
38562818789104, 38562818796912, 7808
38562922548532, 38562922556452, 7920
38563026318016, 38563026354704, 36688
38563130071050, 38563130106572, 35522
38563233803524, 38563233811472, 7948
38563279693016, 38563279695148, 2132
38563325584652, 38563325587828, 3176
38563371481440, 38563371484468, 3028
38563417370744, 38563417373804, 3060
38563463261900, 38563463264920, 3020
38563509091808, 38563509103184, 11376
38563554985456, 38563554988616, 3160
38563600877624, 38563600880820, 3196
38563646767244, 38563646770248, 3004
38563692658680, 38563692661676, 2996
38563738574556, 38563738616992, 42436
38563784466036, 38563784508932, 42896
38563830324512, 38563830327632, 3120
38563876220544, 38563876223524, 2980
38563922135170, 38563922140290, 5120
38563968027316, 38563968032436, 5120
38564013891948, 38564013894964, 3016
38564059783008, 38564059786004, 2996
38564105701090, 38564105747240, 46150
38565149212190, 38565149240732, 28542
38565911310668, 38565911321776, 11108
38565931265784, 38565931268160, 2376
38566035024100, 38566035026380, 2280
38566138778112, 38566138780600, 2488
38566242530040, 38566242532380, 2340
38566346282552, 38566346285112, 2560
38566450033008, 38566450035388, 2380
38566553786700, 38566553788988, 2288
38566657540372, 38566657542888, 2516
38566761292884, 38566761295224, 2340
38566865047516, 38566865050408, 2892
38566968794192, 38566968796648, 2456
38567072545444, 38567072547696, 2252
38567176299028, 38567176301292, 2264
38567280052792, 38567280054896, 2104
38567383804768, 38567383807224, 2456
38567487521450, 38567487525084, 3634
38567591273650, 38567591277530, 3880
38567695004332, 38567695006512, 2180
38567798780236, 38567798783724, 3488
38567902529730, 38567902533510, 3780
38568006289316, 38568006348684, 59368
38568052175976, 38568052179570, 3594
38568098071276, 38568098100824, 29548
38568143991904, 38568143994996, 3092
38568189882028, 38568189885088, 3060
38568235772904, 38568235775996, 3092
38568281641616, 38568281646630, 5014
38568327555588, 38568327558756, 3168
38568373448352, 38568373451428, 3076
38568419337004, 38568419340008, 3004
38568465178804, 38568465181896, 3092
38568511094750, 38568511122548, 27798
38568557011292, 38568557014288, 2996
38568602850664, 38568602853692, 3028
38568648742324, 38568648745372, 3048
38568694632364, 38568694635392, 3028
38568740524436, 38568740527496, 3060
38568786416196, 38568786419208, 3012
38568832306528, 38568832309736, 3208
38568878196352, 38568878199332, 2980
38568924085552, 38568924088584, 3032
38568969978268, 38568969981324, 3056
38569015868340, 38569015871356, 3016
38569061755768, 38569061758924, 3156
38569107649652, 38569107652788, 3136
38569153541432, 38569153544500, 3068
38569199432252, 38569199435352, 3100
38569245323212, 38569245326264, 3052
38569291213136, 38569291216168, 3032
38569337104488, 38569337107656, 3168
38569382993476, 38569382996492, 3016
38569428885916, 38569428888968, 3052
38569474716696, 38569474719796, 3100
38569520607160, 38569520610120, 2960
38569566500884, 38569566504060, 3176
38569612388888, 38569612391984, 3096
38569658280496, 38569658283976, 3480
38569704171256, 38569704174300, 3044
38569750062144, 38569750065124, 2980
38569795951452, 38569795954436, 2984
38569841841964, 38569841845040, 3076
38569887733484, 38569887736560, 3076
38569933625144, 38569933628220, 3076
38569979515816, 38569979518824, 3008
38570025406868, 38570025409892, 3024
38570071298404, 38570071301636, 3232
38570117187228, 38570117190276, 3048
38570163078364, 38570163081428, 3064
38570208969952, 38570208973028, 3076
38570254859252, 38570254862340, 3088
38570300750020, 38570300753072, 3052
38570346640600, 38570346643568, 2968
38571134762844, 38571134774012, 11168
38571222549564, 38571222552044, 2480
38571326323724, 38571326328156, 4432
38571430056616, 38571430058996, 2380
38571533750208, 38571533752632, 2424
38571637503372, 38571637505720, 2348
38571741255896, 38571741258072, 2176
38571845029836, 38571845033830, 3994
38571948761812, 38571948763956, 2144
38572052517404, 38572052519804, 2400
38572156287704, 38572156291930, 4226
38572260042304, 38572260046036, 3732
38572363795876, 38572363799890, 4014
38572467527700, 38572467529984, 2284
38572571304150, 38572571307776, 3626
38572675052304, 38572675055864, 3560
38572778811724, 38572778846544, 34820
38572824696224, 38572824699810, 3586
38572870593704, 38572870599004, 5300
38572916481476, 38572916486950, 5474
38572962384036, 38572962412388, 28352
38573008296440, 38573008299700, 3260
38573054157924, 38573054163504, 5580
38573100053884, 38573100081096, 27212
38573145919652, 38573145922804, 3152
38573191811572, 38573191814748, 3176
38573237700628, 38573237703680, 3052
38573283592292, 38573283595332, 3040
38573329483628, 38573329486960, 3332
38573375374812, 38573375377964, 3152
38573421264720, 38573421267928, 3208
38573467096948, 38573467100164, 3216
38573512986024, 38573512989044, 3020
38573558880256, 38573558883596, 3340
38573604768168, 38573604771256, 3088
38573650659272, 38573650662380, 3108
38573696549004, 38573696552248, 3244
38573742441028, 38573742444232, 3204
38573788331088, 38573788334328, 3240
38573834221952, 38573834224996, 3044
38573880114052, 38573880117080, 3028
38573926010200, 38573926013360, 3160
38573971900700, 38573971903824, 3124
38574017791532, 38574017794668, 3136
38574063688160, 38574063691512, 3352
38574109572740, 38574109575780, 3040
38574155464376, 38574155467664, 3288
38574201355336, 38574201358600, 3264
38574247245624, 38574247248692, 3068
38574293136580, 38574293139828, 3248
38574339027236, 38574339030680, 3444
38574384918548, 38574384921744, 3196
38574430807948, 38574430811444, 3496
38574476699792, 38574476703008, 3216
38574522590268, 38574522593372, 3104
38574568485304, 38574568488688, 3384
38574614372152, 38574614375556, 3404
38574660266604, 38574660269760, 3156
38574706153592, 38574706156772, 3180
38574752047252, 38574752050544, 3292
38574797935020, 38574797938164, 3144
38574843827512, 38574843831020, 3508
38574889716064, 38574889719524, 3460
38574935607440, 38574935610764, 3324
38574981501512, 38574981504976, 3464
38575027390000, 38575027393224, 3224
38575073284384, 38575073287712, 3328
38575119170804, 38575119174240, 3436
38577120388896, 38577120400128, 11232
