38554081053948, 38554081059068, 5120
38554081097040, 38554081099964, 2924
38554081127780, 38554081130480, 2700
38556075043524, 38556075074560, 31036
38556120922836, 38556120932004, 9168
38556166815470, 38556166824230, 8760
38556212702996, 38556212711584, 8588
38556258593790, 38556258602776, 8986
38556304494616, 38556304505724, 11108
38556350386304, 38556350419940, 33636
38556396277790, 38556396312428, 34638
38556442166710, 38556442177684, 10974
38556488093048, 38556488094840, 1792
38556533946876, 38556533983620, 36744
38556579841410, 38556579852436, 11026
38556625731624, 38556625764092, 32468
38556671622210, 38556671633170, 10960
38556717511084, 38556717522736, 11652
38556763403990, 38556763439500, 35510
38556809296964, 38556809331792, 34828
38556855187356, 38556855220732, 33376
38556901083490, 38556901110600, 27110
38556946965296, 38556946976710, 11414
38556992858216, 38556992869096, 10880
38557038746376, 38557038757710, 11334
38557084637590, 38557084648696, 11106
38557130528184, 38557130562704, 34520
38557176398792, 38557176405744, 6952
38557222289464, 38557222296344, 6880
38557268179692, 38557268186380, 6688
38557314077192, 38557314078892, 1700
38557359966812, 38557359973612, 6800
38557405853224, 38557405859988, 6764
38557451741468, 38557451748160, 6692
38557497574040, 38557497580756, 6716
38557543465200, 38557543471892, 6692
38557589349420, 38557589355172, 5752
38557635247100, 38557635253924, 6824
38557681137792, 38557681144260, 6468
38557727032464, 38557727034020, 1556
38557772918236, 38557772925144, 6908
38557818809752, 38557818816568, 6816
38557864700688, 38557864707488, 6800
38557910590480, 38557910597612, 7132
38557956482324, 38557956495944, 13620
38558002373144, 38558002389868, 16724
38558048263800, 38558048279604, 15804
38558094155008, 38558094171688, 16680
38558140050192, 38558140051720, 1528
38558185936424, 38558185950336, 13912
38558231826192, 38558231839276, 13084
38558277716548, 38558277732660, 16112
38558323607820, 38558323620888, 13068
38558369498312, 38558369511780, 13468
38558415389376, 38558415405320, 15944
38558469264896, 38558469268100, 3204
38558565027332, 38558565041592, 14260
38558668780556, 38558668791216, 10660
38558772532924, 38558772543296, 10372
38558876284508, 38558876290756, 6248
38558980039592, 38558980045280, 5688
38559083793660, 38559083799632, 5972
38559187560030, 38559187569536, 9506
38559291296640, 38559291302484, 5844
38559395066916, 38559395076444, 9528
38559498743892, 38559498749968, 6076
38559602499572, 38559602505540, 5968
38559706248996, 38559706255060, 6064
38559810003124, 38559810008932, 5808
38559913773504, 38559913783236, 9732
38560017510148, 38560017515904, 5756
38560149220676, 38560149225750, 5074
38560288892830, 38560288905224, 12394
38560464474856, 38560464529152, 54296
38560748860510, 38560748863796, 3286
38560861868780, 38560861874156, 5376
38560991202308, 38560991209756, 7448
38561166804384, 38561166839692, 35308
38561342386010, 38561342397036, 11026
38561517911504, 38561517949008, 37504
38561693492004, 38561693530736, 38732
38561869053860, 38561869063628, 9768
38562044634120, 38562044641660, 7540
38562220237030, 38562220247770, 10740
38562395819990, 38562395873752, 53762
38562571401164, 38562571454928, 53764
38562746983556, 38562747034592, 51036
38563165989290, 38563165993230, 3940
38563278422296, 38563278427860, 5564
38563391457360, 38563391461276, 3916
38563503973764, 38563503978684, 4920
38563624834210, 38563624845724, 11514
38563800416716, 38563800427410, 10694
38563975975972, 38563975982260, 6288
38564151586956, 38564151636908, 49952
38565161155624, 38565161158612, 2988
38565162987244, 38565162994004, 6760
38565164830488, 38565164834912, 4424
38565166670472, 38565166673608, 3136
38565168507880, 38565168511112, 3232
38565170345192, 38565170348948, 3756
38565172181300, 38565172185096, 3796
38565174017436, 38565174020428, 2992
38565175855080, 38565175858236, 3156
38565177692408, 38565177695352, 2944
38565205045492, 38565205052312, 6820
38565308796832, 38565308803044, 6212
38565412551056, 38565412556896, 5840
38565516244944, 38565516250484, 5540
38565620000572, 38565620007492, 6920
38565665888564, 38565665893832, 5268
38565711778736, 38565711785304, 6568
38565757670272, 38565757676552, 6280
38565803567916, 38565803573896, 5980
38565849458716, 38565849465368, 6652
38565895349652, 38565895355776, 6124
38565941243480, 38565941260224, 16744
38565987130496, 38565987143800, 13304
38566033022628, 38566033035744, 13116
38566078913272, 38566078929628, 16356
38566124802380, 38566124815304, 12924
38566170693188, 38566170709040, 15852
38566216584432, 38566216597172, 12740
38566262475068, 38566262487844, 12776
38566308365896, 38566308378852, 12956
38566354256768, 38566354270048, 13280
38566400147016, 38566400162668, 15652
38566446038300, 38566446051184, 12884
38566491928836, 38566491941656, 12820
38566537820700, 38566537833520, 12820
38566583711744, 38566583728364, 16620
38566629600868, 38566629617072, 16204
38566675492236, 38566675505256, 13020
38566721382908, 38566721395660, 12752
38566767274572, 38566767288320, 13748
38566813163660, 38566813176172, 12512
38566859055428, 38566859068460, 13032
38566904945688, 38566904958456, 12768
38566950838204, 38566950847256, 9052
38566996727884, 38566996734580, 6696
38567042618124, 38567042624516, 6392
38567088530470, 38567088584248, 53778
38567134422944, 38567134433364, 10420
38567180291244, 38567180297936, 6692
38567226181580, 38567226188028, 6448
38567272093270, 38567272103704, 10434
38567317957288, 38567317964280, 6992
38567363854320, 38567363860736, 6416
38567409744340, 38567409750580, 6240
38567455662904, 38567455709552, 46648
38567501487396, 38567501497550, 10154
38567547377970, 38567547434000, 56030
38567593272176, 38567593283684, 11508
38567639161364, 38567639172224, 10860
38567685051384, 38567685086068, 34684
38567730941744, 38567730974664, 32920
38567776833856, 38567776869284, 35428
38567822724590, 38567822759216, 34626
38567868615596, 38567868626556, 10960
38567914505564, 38567914538920, 33356
38567960397816, 38567960432392, 34576
38568461201590, 38568461206516, 4926
38568463080588, 38568463086180, 5592
38568464921520, 38568464925272, 3752
38568466760032, 38568466763924, 3892
38568468599184, 38568468602384, 3200
38568525026732, 38568525032600, 5868
38568628777336, 38568628783832, 6496
38568732529744, 38568732535740, 5996
38568836285204, 38568836290980, 5776
38568940036624, 38568940042680, 6056
38569043789416, 38569043795264, 5848
38569147542668, 38569147561068, 18400
38569251295636, 38569251301528, 5892
38569355048992, 38569355054312, 5320
38569458800384, 38569458805728, 5344
38569562495596, 38569562500672, 5076
38569666249604, 38569666254728, 5124
38569770001368, 38569770006360, 4992
38569873754212, 38569873759300, 5088
38569977507508, 38569977512492, 4984
38570081261156, 38570081266156, 5000
38570185013780, 38570185018920, 5140
38570288766220, 38570288771564, 5344
38570392522452, 38570392528984, 6532
38570438410940, 38570438416332, 5392
38570484302344, 38570484307644, 5300
38570530194192, 38570530199524, 5332
38570576091140, 38570576097576, 6436
38570622002550, 38570622012936, 10386
38570667871468, 38570667877932, 6464
38570713762784, 38570713769236, 6452
38570759652828, 38570759659452, 6624
38570805595024, 38570805601504, 6480
38570851434892, 38570851441340, 6448
38570897325836, 38570897332248, 6412
38570943238216, 38570943293564, 55348
38570989129316, 38570989140124, 10808
38571034998248, 38571035004640, 6392
38571080889632, 38571080896188, 6556
38571126801644, 38571126857088, 55444
38571172691016, 38571172725484, 34468
38571218560428, 38571218566764, 6336
38571264451712, 38571264458068, 6356
38571310356196, 38571310365684, 9488
38571356233212, 38571356240004, 6792
38571402123612, 38571402130012, 6400
38571448015052, 38571448021452, 6400
38571493868104, 38571493879156, 11052
38571539737288, 38571539743664, 6376
38571585627504, 38571585633928, 6424
38571631518472, 38571631525188, 6716
38571677428836, 38571677439924, 11088
38571723300044, 38571723306588, 6544
38571769190680, 38571769197408, 6728
38571815103236, 38571815113990, 10754
38571860992110, 38571861045752, 53642
38571906865432, 38571906872656, 7224
38571952754076, 38571952760664, 6588
38571998667416, 38571998722344, 54928
38572044558036, 38572044591316, 33280
38572090448036, 38572090458910, 10874
38572136337616, 38572136348750, 11134
38572182229504, 38572182240136, 10632
38572228119904, 38572228154792, 34888
38572274011390, 38572274046180, 34790
38572319902836, 38572319936124, 33288
38572365792224, 38572365803096, 10872
38572411683744, 38572411694664, 10920
38572457574670, 38572457585070, 10400
38572503465836, 38572503498772, 32936
38572549354184, 38572549388880, 34696
38572595245250, 38572595255904, 10654
38572641136750, 38572641169248, 32498
38572687027644, 38572687037724, 10080
38572732919330, 38572732955352, 36022
38573141921952, 38573141925216, 3264
38573143753644, 38573143759148, 5504
38573145593944, 38573145597012, 3068
38573147429572, 38573147434088, 4516
38573193797624, 38573193801556, 3932
38573297550288, 38573297554016, 3728
38573401304220, 38573401308000, 3780
38573504996320, 38573504999920, 3600
38573608749392, 38573608753296, 3904
38573712500732, 38573712504452, 3720
38573816256840, 38573816260584, 3744
38573920007652, 38573920024048, 16396
38574023758492, 38574023771252, 12760
38574127511784, 38574127522036, 10252
38574231263636, 38574231276384, 12748
38574335018176, 38574335030776, 12600
38574438771492, 38574438783076, 11584
38574542523456, 38574542535504, 12048
38574646277668, 38574646290120, 12452
38574750028812, 38574750041664, 12852
38574853782504, 38574853795148, 12644
38574957535380, 38574957547416, 12036
38575061288216, 38575061300756, 12540
38575165061990, 38575165072950, 10960
38575210951296, 38575210960636, 9340
38575256839996, 38575256850170, 10174
38575302733976, 38575302744244, 10268
38575348624044, 38575348635190, 11146
38575394526136, 38575394560684, 34548
38575440415290, 38575440449240, 33950
38575486246284, 38575486278244, 31960
38575532138090, 38575532148250, 10160
38575578028570, 38575578060976, 32406
38575623920550, 38575623955884, 35334
38575669810970, 38575669821844, 10874
38575715700824, 38575715711650, 10826
38575761593476, 38575761626088, 32612
38575807482930, 38575807515840, 32910
38575853370390, 38575853381036, 10646
38575899265424, 38575899297896, 32472
38575945153430, 38575945164150, 10720
38575991048276, 38575991081884, 33608
38576036935550, 38576036969152, 33602
38552080149320, 38552080157412, 8092
38556089010310, 38556089021844, 11534
38556178766924, 38556178772736, 5812
38556282544690, 38556282551984, 7294
38556386294730, 38556386301844, 7114
38556490035120, 38556490036304, 1184
38556593776768, 38556593782208, 5440
38556697547576, 38556697556444, 8868
38556801301590, 38556801311124, 9534
38556905036532, 38556905042080, 5548
38557008805344, 38557008815264, 9920
38557112559464, 38557112568410, 8946
38557216299824, 38557216304180, 4356
38557320050016, 38557320055272, 5256
38557423806288, 38557423810416, 4128
38557527498084, 38557527502708, 4624
38557631250904, 38557631254908, 4004
38557735001784, 38557735007288, 5504
38557838756236, 38557838761640, 5404
38557942521752, 38557942529520, 7768
38558046260760, 38558046272504, 11744
38558150014660, 38558150026236, 11576
38558253766380, 38558253781188, 14808
38558357520212, 38558357533696, 13484
38558461353240, 38558461365200, 11960
38558507164276, 38558507175832, 11556
38558553056992, 38558553070600, 13608
38558598950908, 38558598964196, 13288
38558644837384, 38558644849916, 12532
38558690733512, 38558690746520, 13008
38558736624432, 38558736637028, 12596
38558782519212, 38558782520728, 1516
38558828403888, 38558828416768, 12880
38558874317450, 38558874328756, 11306
38558920186464, 38558920193592, 7128
38558966077592, 38558966084456, 6864
38559011989810, 38559012001716, 11906
38559057879510, 38559057890650, 11140
38559103749336, 38559103756388, 7052
38559149641604, 38559149648584, 6980
38559195560844, 38559195563490, 2646
38559241418872, 38559241426044, 7172
38559287314436, 38559287321260, 6824
38559333207336, 38559333214776, 7440
38559379117850, 38559379172500, 54650
38559424986544, 38559424993628, 7084
38559470877340, 38559470884372, 7032
38559516707932, 38559516714988, 7056
38559562619856, 38559562631230, 11374
38559608496232, 38559608497916, 1684
38559654380128, 38559654387376, 7248
38559700293004, 38559700303976, 10972
38559746178910, 38559746190690, 11780
38559792053236, 38559792060156, 6920
38559837942132, 38559837949660, 7528
38559883854536, 38559883866156, 11620
38559929744610, 38559929756376, 11766
38559975616316, 38559975623368, 7052
38560021505940, 38560021507532, 1592
38560067419150, 38560067430770, 11620
38560135262684, 38560135310548, 47864
38560225015476, 38560225023136, 7660
38560328767452, 38560328773980, 6528
38560432538084, 38560432548676, 10592
38560536276392, 38560536281816, 5424
38560640049276, 38560640058764, 9488
38560743794264, 38560743804136, 9872
38560847534716, 38560847541728, 7012
38560893425828, 38560893431752, 5924
38560939317376, 38560939322860, 5484
38560985222856, 38560985232916, 10060
38561031098664, 38561031106220, 7556
38561076989356, 38561076996280, 6924
38561122905550, 38561122963708, 58158
38561168776596, 38561168783260, 6664
38561214666480, 38561214673532, 7052
38561260556728, 38561260563168, 6440
38561306470024, 38561306527060, 57036
38561352339380, 38561352346880, 7500
38561398224908, 38561398231532, 6624
38561444121536, 38561444128132, 6596
38561489966876, 38561489979610, 12734
38561535842908, 38561535850516, 7608
38561581728780, 38561581737244, 8464
38561627624480, 38561627631536, 7056
38561673535750, 38561673547556, 11806
38561719405672, 38561719412940, 7268
38561765296420, 38561765303552, 7132
38561811210076, 38561811221816, 11740
38561857100124, 38561857114404, 14280
38561902968956, 38561902975992, 7036
38561948859540, 38561948866468, 6928
38561994761976, 38561994774364, 12388
38562040660844, 38562040672796, 11952
38562086532264, 38562086538696, 6432
38562132423792, 38562132429896, 6104
38562178329084, 38562178339324, 10240
38562224204768, 38562224211116, 6348
38562270096060, 38562270102244, 6184
38562315986512, 38562315992560, 6048
38562361905224, 38562361957420, 52196
38562407768920, 38562407775064, 6144
38562453659176, 38562453665360, 6184
38562499547324, 38562499553456, 6132
38562545461130, 38562545494676, 33546
38562591331720, 38562591338256, 6536
38562637221428, 38562637227528, 6100
38562683111760, 38562683118168, 6408
38562729035376, 38562729087092, 51716
38562774889264, 38562774894724, 5460
38562820784572, 38562820790712, 6140
38562866695550, 38562866753016, 57466
38562912594470, 38562912642540, 48070
38562958477290, 38562958487756, 10466
38563004367876, 38563004378124, 10248
38563050258216, 38563050268070, 9854
38563096152664, 38563096186244, 33580
38563142040956, 38563142051330, 10374
38563187911632, 38563187917956, 6324
38563498016672, 38563498020596, 3924
38563499867508, 38563499874160, 6652
38563501706772, 38563501710728, 3956
38563544999312, 38563545003532, 4220
38563648750956, 38563648756636, 5680
38563752502084, 38563752507848, 5764
38563856255224, 38563856260648, 5424
38563960031916, 38563960038270, 6354
38564063761112, 38564063766464, 5352
38565157168576, 38565157171496, 2920
38565269554168, 38565269559328, 5160
38565382446672, 38565382450364, 3692
38565494981176, 38565494985000, 3824
38565607906264, 38565607909592, 3328
38565720152744, 38565720156612, 3868
38565832960932, 38565832964820, 3888
38565945219540, 38565945223272, 3732
38566057444012, 38566057447760, 3748
38566170226216, 38566170230216, 4000
38566282463172, 38566282466336, 3164
38566395222164, 38566395225412, 3248
38566507434548, 38566507437568, 3020
38566620225308, 38566620229228, 3920
38566732451068, 38566732454668, 3600
38566845228056, 38566845231460, 3404
38566960811976, 38566960818976, 7000
38567136395564, 38567136402436, 6872
38567311997956, 38567312008904, 10948
38568560987928, 38568560990820, 2892
38568673283040, 38568673287768, 4728
38568785535892, 38568785539600, 3708
38568898347096, 38568898350492, 3396
38569010583552, 38569010586732, 3180
38569123427892, 38569123431288, 3396
38569235697292, 38569235701116, 3824
38569348488684, 38569348492428, 3744
38569460830736, 38569460834216, 3480
38569573637668, 38569573641656, 3988
38569685890840, 38569685894180, 3340
38569798137676, 38569798141256, 3580
38569910922080, 38569910925308, 3228
38570023154360, 38570023157752, 3392
38570135986192, 38570135989616, 3424
38570248219772, 38570248223568, 3796
38570361028732, 38570361032508, 3776
38570473267096, 38570473270688, 3592
38570647940710, 38570647951564, 10854
38570823522356, 38570823533244, 10888
38570999081804, 38570999088568, 6764
38571174664728, 38571174671364, 6636
38571350276730, 38571350330280, 53550
38571525801516, 38571525830400, 28884
38571701369916, 38571701380144, 10228
38571876951410, 38571876962276, 10866
38573137951770, 38573137955224, 3454
38573250252352, 38573250257316, 4964
38573363054120, 38573363058180, 4060
38573475380884, 38573475384708, 3824
38573588171028, 38573588174364, 3336
38573700400924, 38573700404468, 3544
38573813214288, 38573813217996, 3708
38573925439156, 38573925443024, 3868
38574037688504, 38574037691948, 3444
38574150486148, 38574150489744, 3596
38574262732632, 38574262735928, 3296
38574375510428, 38574375513720, 3292
38574487773524, 38574487777112, 3588
38574600579708, 38574600583576, 3868
38574712819512, 38574712823204, 3692
38574825606524, 38574825609816, 3292
38574937873444, 38574937877216, 3772
38575050670108, 38575050674108, 4000
38576410056776, 38576410086000, 29224
38576411916320, 38576411922772, 6452
38576413757676, 38576413761332, 3656
38576415593232, 38576415596424, 3192
38576417428812, 38576417431688, 2876
38576419267444, 38576419270308, 2864
38576421101704, 38576421104560, 2856
38576422937204, 38576422940052, 2848
38576424769560, 38576424773092, 3532
38576426602220, 38576426605224, 3004
38557168431016, 38557168436630, 5614
38557168481004, 38557168488516, 7512
38557280765552, 38557280770376, 4824
38557393593192, 38557393597528, 4336
38557505987304, 38557505991452, 4148
38557618843172, 38557618846684, 3512
38557731121312, 38557731125020, 3708
38557843947768, 38557843951308, 3540
38557956239672, 38557956243876, 4204
38558068547316, 38558068550992, 3676
38558181386580, 38558181390192, 3612
38558293683780, 38558293687636, 3856
38558406493720, 38558406497288, 3568
38558518757528, 38558518761020, 3492
38558631624604, 38558631628120, 3516
38558743906716, 38558743910232, 3516
38558884274072, 38558884281140, 7068
38559059856400, 38559059863220, 6820
38559235458030, 38559235511972, 53942
38559411041350, 38559411052356, 11006
38559586556390, 38559586565596, 9206
38559762145136, 38559762156124, 10988
38559937706484, 38559937713084, 6600
38560113323996, 38560113369224, 45228
38560159180648, 38560159187268, 6620
38560205069736, 38560205076204, 6468
38560250961168, 38560250967588, 6420
38560296852028, 38560296858528, 6500
38560342742764, 38560342749256, 6492
38560388633336, 38560388639844, 6508
38560434524972, 38560434531748, 6776
38560480414588, 38560480421424, 6836
38560526304948, 38560526311372, 6424
38560572195516, 38560572201976, 6460
38560618108670, 38560618119276, 10606
38560663996236, 38560664006970, 10734
38560709889410, 38560709900150, 10740
38560755758652, 38560755765092, 6440
38560801649936, 38560801656380, 6444
38560859514588, 38560859518612, 4024
38560951288408, 38560951294272, 5864
38561055041180, 38561055046740, 5560
38561158881264, 38561158882620, 1356
38561262546452, 38561262552132, 5680
38561366304684, 38561366308536, 3852
38561470063924, 38561470066108, 2184
38561573747808, 38561573755420, 7612
38561677498812, 38561677506148, 7336
38561781257164, 38561781261344, 4180
38561885011768, 38561885015692, 3924
38561988775430, 38561988783330, 7900
38562092515916, 38562092519924, 4008
38562196288276, 38562196295216, 6940
38562300018236, 38562300023300, 5064
38562403771680, 38562403776836, 5156
38562507524704, 38562507530012, 5308
38562611278080, 38562611284244, 6164
38562715056196, 38562715062956, 6760
38562818783284, 38562818788912, 5628
38562922544228, 38562922548336, 4108
38563026308770, 38563026317704, 8934
38563130061330, 38563130070730, 9400
38563233796932, 38563233803332, 6400
38563279686964, 38563279692824, 5860
38563325579020, 38563325584456, 5436
38563371474988, 38563371481248, 6260
38563417364336, 38563417370548, 6212
38563463255604, 38563463261704, 6100
38563509085000, 38563509091584, 6584
38563554977500, 38563554985264, 7764
38563600869580, 38563600877432, 7852
38563646760040, 38563646767044, 7004
38563692651000, 38563692658488, 7488
38563738562904, 38563738574236, 11332
38563784453690, 38563784465704, 12014
38563830318472, 38563830324328, 5856
38563876213276, 38563876220352, 7076
38563922124716, 38563922134844, 10128
38563968016150, 38563968026990, 10840
38564013885492, 38564013891752, 6260
38564059776764, 38564059782812, 6048
38564105689390, 38564105700764, 11374
38565149206416, 38565149211870, 5454
38565163884444, 38565163889972, 5528
38565178539384, 38565178543260, 3876
38565193195584, 38565193198748, 3164
38565207847688, 38565207851092, 3404
38565222497396, 38565222500436, 3040
38565237156512, 38565237159916, 3404
38565251802188, 38565251805600, 3412
38565266449268, 38565266452228, 2960
38565281104696, 38565281108324, 3628
38565295751044, 38565295754092, 3048
38565310389640, 38565310393168, 3528
38565325619796, 38565325623520, 3724
38565340269548, 38565340272780, 3232
38565354931836, 38565354935460, 3624
38565369573844, 38565369577184, 3340
38565384219792, 38565384223444, 3652
38565398884736, 38565398887824, 3088
38565413531976, 38565413535688, 3712
38565428181768, 38565428185272, 3504
38565442852748, 38565442855696, 2948
38565457498080, 38565457501512, 3432
38565472271988, 38565472275484, 3496
38565486943464, 38565486946512, 3048
38565501589264, 38565501592768, 3504
38565516258688, 38565516262428, 3740
38565530906556, 38565530910024, 3468
38565545561172, 38565545564132, 2960
38565560228772, 38565560232084, 3312
38565575426544, 38565575430148, 3604
38565590092940, 38565590095932, 2992
38565911306492, 38565911310468, 3976
38565913142424, 38565913147580, 5156
38565914979740, 38565914982704, 2964
38565931254828, 38565931265592, 10764
38566035010880, 38566035023900, 13020
38566138764464, 38566138777920, 13456
38566242516984, 38566242529844, 12860
38566346269008, 38566346282360, 13352
38566450021116, 38566450032804, 11688
38566553774452, 38566553786516, 12064
38566657527404, 38566657540176, 12772
38566761280216, 38566761292692, 12476
38566865033900, 38566865047324, 13424
38566968788560, 38566968793996, 5436
38567072539568, 38567072545248, 5680
38567176293096, 38567176298836, 5740
38567280046972, 38567280052604, 5632
38567383798792, 38567383804576, 5784
38567487512150, 38567487521116, 8966
38567591263544, 38567591273330, 9786
38567694999040, 38567695004140, 5100
38567798770704, 38567798779910, 9206
38567902520524, 38567902529404, 8880
38568006277930, 38568006288996, 11066
38568052167376, 38568052175650, 8274
38568098059956, 38568098070950, 10994
38568143957710, 38568143991712, 34002
38568189848390, 38568189881840, 33450
38568235738330, 38568235772708, 34378
38568281630364, 38568281641296, 10932
38568327521496, 38568327555400, 33904
38568373412924, 38568373423904, 10980
38568419303916, 38568419336804, 32888
38568465171908, 38568465178616, 6708
38568511084024, 38568511094436, 10412
38568556976764, 38568557011104, 34340
38568602843884, 38568602850464, 6580
38568648735512, 38568648742128, 6616
38568694625724, 38568694632164, 6440
38568740517740, 38568740524240, 6500
38568786409436, 38568786416000, 6564
38568832299276, 38568832306336, 7060
38568878189664, 38568878196160, 6496
38568924078928, 38568924085360, 6432
38568969971688, 38568969978072, 6384
38569015861616, 38569015868140, 6524
38569061748256, 38569061755572, 7316
38569107642964, 38569107649456, 6492
38569153534488, 38569153541236, 6748
38569199425756, 38569199432060, 6304
38569245316524, 38569245323012, 6488
38569291206440, 38569291212940, 6500
38569337097644, 38569337104292, 6648
38569382986884, 38569382993284, 6400
38569428879764, 38569428885720, 5956
38569474709884, 38569474716500, 6616
38569520600920, 38569520606964, 6044
38569566493656, 38569566500692, 7036
38569612382420, 38569612388696, 6276
38569658273520, 38569658280300, 6780
38569704165012, 38569704171064, 6052
38569750055436, 38569750061948, 6512
38569795945144, 38569795951260, 6116
38569841835324, 38569841841764, 6440
38569887727136, 38569887733296, 6160
38569933618460, 38569933624952, 6492
38569979509436, 38569979515620, 6184
38570025400064, 38570025406672, 6608
38570071291528, 38570071298208, 6680
38570117180624, 38570117187028, 6404
38570163072072, 38570163078168, 6096
38570208963304, 38570208969756, 6452
38570254852892, 38570254859056, 6164
38570300743208, 38570300749832, 6624
38570346634368, 38570346640404, 6036
38571134759416, 38571134762656, 3240
38571136591212, 38571136596728, 5516
38571138433448, 38571138437164, 3716
38571140273488, 38571140276640, 3152
38571142110340, 38571142113340, 3000
38571143941976, 38571143945316, 3340
38571145773696, 38571145776468, 2772
38571147604672, 38571147607920, 3248
38571222543572, 38571222549376, 5804
38571326313536, 38571326323396, 9860
38571430050480, 38571430056420, 5940
38571533743720, 38571533750012, 6292
38571637497328, 38571637503180, 5852
38571741250136, 38571741255704, 5568
38571845019650, 38571845029516, 9866
38571948755952, 38571948761620, 5668
38572052511980, 38572052517212, 5232
38572156276536, 38572156287370, 10834
38572260032870, 38572260041996, 9126
38572363785276, 38572363795556, 10280
38572467522380, 38572467527508, 5128
38572571294364, 38572571303816, 9452
38572675043304, 38572675051976, 8672
38572778800064, 38572778811256, 11192
38572824686830, 38572824695896, 9066
38572870582624, 38572870593370, 10746
38572916470690, 38572916481156, 10466
38572962372764, 38572962383724, 10960
38573008263744, 38573008296252, 32508
38573054145584, 38573054157604, 12020
38573100043304, 38573100053556, 10252
38573145912660, 38573145919460, 6800
38573191804976, 38573191811372, 6396
38573237694300, 38573237700436, 6136
38573283585492, 38573283592096, 6604
38573329476876, 38573329483432, 6556
38573375368044, 38573375374620, 6576
38573421258440, 38573421264528, 6088
38573467090280, 38573467096756, 6476
38573512979724, 38573512985828, 6104
38573558873100, 38573558880064, 6964
38573604761840, 38573604767972, 6132
38573650652544, 38573650659080, 6536
38573696542712, 38573696548808, 6096
38573742434172, 38573742440836, 6664
38573788324540, 38573788330888, 6348
38573834215260, 38573834221756, 6496
38573880107172, 38573880113852, 6680
38573925997060, 38573926010008, 12948
38573971887316, 38573971900504, 13188
38574017778308, 38574017791332, 13024
38574063671204, 38574063687968, 16764
38574109560172, 38574109572488, 12316
38574155451380, 38574155464184, 12804
38574201341940, 38574201355156, 13216
38574247232228, 38574247245428, 13200
38574293123440, 38574293136384, 12944
38574339013988, 38574339027040, 13052
38574384905676, 38574384918352, 12676
38574430794828, 38574430807768, 12940
38574476686660, 38574476699596, 12936
38574522577244, 38574522590072, 12828
38574568468576, 38574568485108, 16532
38574614359076, 38574614371964, 12888
38574660249712, 38574660266420, 16708
38574706140524, 38574706153396, 12872
38574752033876, 38574752046968, 13092
38574797918460, 38574797934828, 16368
38574843814340, 38574843827320, 12980
38574889703304, 38574889715868, 12564
38574935594340, 38574935607244, 12904
38574981485536, 38574981501316, 15780
38575027376488, 38575027389804, 13316
38575073267452, 38575073284188, 16736
38575119157920, 38575119170608, 12688
38577120358924, 38577120364304, 5380
38577232725236, 38577232731208, 5972
38577345616892, 38577345621544, 4652
38577458060660, 38577458064384, 3724
38577570922000, 38577570925808, 3808
38577683256140, 38577683259924, 3784
38552076569772, 38552076577264, 7492
