40555308687656, 40555308724432, 36776
40556661468076, 40556661503684, 35608
40558016164992, 40558016167600, 2608
40559370881152, 40559370883680, 2528
40560725654396, 40560725657444, 3048
40562080373176, 40562080376256, 3080
40563435089328, 40563435091932, 2604
40564789865552, 40564789868696, 3144
40566144578700, 40566144581232, 2532
40567499295120, 40567499303860, 8740
40568854013292, 40568854016416, 3124
40570208787080, 40570208790256, 3176
40571563504252, 40571563506688, 2436
40572918218080, 40572918220304, 2224
40574272997816, 40574273000628, 2812
40575627711312, 40575627719488, 8176
40556705352876, 40556705367484, 14608
40556751233004, 40556751240636, 7632
40558195735780, 40558195739352, 3572
40559640239880, 40559640243240, 3360
40561084741360, 40561084743980, 2620
40562529303592, 40562529306212, 2620
40563973807400, 40563973810688, 3288
40565418309832, 40565418313176, 3344
40566862813460, 40566862816804, 3344
40568307371984, 40568307375152, 3168
40569751876564, 40569751879820, 3256
40571196377012, 40571196379468, 2456
40572640938232, 40572640941596, 3364
40574085444624, 40574085447924, 3300
40575529945636, 40575529948980, 3344
40555308688456, 40555308722472, 34016
40556771187460, 40556771195268, 7808
40558235638896, 40558235641904, 3008
40559700094748, 40559700097660, 2912
40561164547944, 40561164550636, 2692
40562629064152, 40562629067496, 3344
40564093520252, 40564093523248, 2996
40565557974004, 40565557976912, 2908
40567022428416, 40567022430980, 2564
40568486942876, 40568486952032, 9156
40569951399736, 40569951403076, 3340
40571415853472, 40571415856352, 2880
40572880310412, 40572880313716, 3304
40574344822324, 40574344825296, 2972
40575809277824, 40575809287036, 9212
40556797133660, 40556797144524, 10864
40556940724068, 40556940732352, 8284
40558574833672, 40558574837028, 3356
40560208884308, 40560208887588, 3280
40561842935392, 40561842938664, 3272
40563476987088, 40563476990312, 3224
40565111034792, 40565111037272, 2480
40566745177250, 40566745182716, 5466
40568379202928, 40568379206132, 3204
40570013252232, 40570013255376, 3144
40571647301840, 40571647305008, 3168
40573281353320, 40573281355908, 2588
40574915406788, 40574915409132, 2344
40576549519444, 40576549524224, 4780
