40551295254220, 40551295266944, 12724
40551303276648, 40551303284888, 8240
40551311709888, 40551311719392, 9504
40555308681890, 40555308687336, 5446
40556661458930, 40556661467756, 8826
40558016160416, 40558016164800, 4384
40559370876692, 40559370880960, 4268
40560725647992, 40560725654204, 6212
40562080368464, 40562080372980, 4516
40563435083652, 40563435089048, 5396
40564789860752, 40564789865360, 4608
40566144573212, 40566144578492, 5280
40567499290772, 40567499294928, 4156
40568854008544, 40568854013096, 4552
40570208781296, 40570208786884, 5588
40571563499896, 40571563504056, 4160
40572918212628, 40572918217888, 5260
40574272993328, 40574272997624, 4296
40575627705208, 40575627711116, 5908
40551281549908, 40551281561648, 11740
40556705349096, 40556705352652, 3556
40556751227412, 40556751232804, 5392
40558195729028, 40558195735572, 6544
40559640234788, 40559640239664, 4876
40561084736996, 40561084741168, 4172
40562529299164, 40562529303400, 4236
40563973802700, 40563973807204, 4504
40565418305008, 40565418309640, 4632
40566862808640, 40566862813272, 4632
40568307366244, 40568307371792, 5548
40569751871856, 40569751876364, 4508
40571196371624, 40571196376820, 5196
40572640932424, 40572640938040, 5616
40574085439780, 40574085444432, 4652
40575529940696, 40575529945432, 4736
40555308682576, 40555308688116, 5540
40556771182812, 40556771187256, 4444
40558235632360, 40558235638620, 6260
40559700088216, 40559700094452, 6236
40561164541764, 40561164547684, 5920
40562629058108, 40562629063772, 5664
40564093513720, 40564093519960, 6240
40565557967400, 40565557973720, 6320
40567022422320, 40567022428132, 5812
40568486936880, 40568486942612, 5732
40569951393604, 40569951399420, 5816
40571415847612, 40571415853208, 5596
40572880304008, 40572880310032, 6024
40574344815584, 40574344822068, 6484
40575809271612, 40575809277624, 6012
40556797130376, 40556797133452, 3076
40556940719404, 40556940723876, 4472
40558574828084, 40558574833484, 5400
40560208878512, 40560208884108, 5596
40561842929648, 40561842935196, 5548
40563476981508, 40563476986892, 5384
40565111029164, 40565111034604, 5440
40566745169024, 40566745176924, 7900
40568379198180, 40568379202724, 4544
40570013246192, 40570013252036, 5844
40571647295992, 40571647301648, 5656
40573281347420, 40573281353124, 5704
40574915402708, 40574915406596, 3888
40576549514820, 40576549519244, 4424
