147817865622704, 147817865633000, 10296
147817865738980, 147817865746076, 7096
147817865781720, 147817865788796, 7076
147817865823748, 147817865830664, 6916
147817865859676, 147817865866344, 6668
147817865919260, 147817865926584, 7324
147817865964344, 147817865971148, 6804
147817866015832, 147817866022632, 6800
147817866097864, 147817866104580, 6716
147819859199440, 147819859215512, 16072
147819859233400, 147819859241360, 7960
147819916828792, 147819916842312, 13520
147819974707972, 147819974712600, 4628
147820032450680, 147820032455700, 5020
147820056459164, 147820056472200, 13036
147820249780292, 147820249791572, 11280
147820253791960, 147820253802408, 10448
147820451223328, 147820451235048, 11720
147820648721304, 147820648732576, 11272
147820846113264, 147820846123364, 10100
147821043607120, 147821043617104, 9984
147821240940820, 147821240952024, 11204
147821438408868, 147821438421192, 12324
147821524198220, 147821524209256, 11036
147821693606944, 147821693611628, 4684
147821877074228, 147821877078656, 4428
147822186156516, 147822186167224, 10708
147822425493168, 147822425504108, 10940
147822622964208, 147822622969044, 4836
147822820402612, 147822820406808, 4196
147823017755728, 147823017760124, 4396
147823215162792, 147823215167080, 4288
147823412622660, 147823412626944, 4284
147823572129500, 147823572140240, 10740
147823711809404, 147823711814368, 4964
147823982953200, 147823982964576, 11376
147824110547728, 147824110559856, 12128
147824274164768, 147824274175612, 10844
147824437612504, 147824437617400, 4896
147824601187008, 147824601197640, 10632
147824658975548, 147824658979980, 4432
147824716892548, 147824716896652, 4104
147825566320272, 147825566330432, 10160
147825622166164, 147825622170868, 4704
147826168602608, 147826168612980, 10372
147826300212612, 147826300223308, 10696
147826304205708, 147826304217740, 12032
147826350053504, 147826350063320, 9816
147826419842080, 147826419852200, 10120
147826435794424, 147826435805212, 10788
147826489646084, 147826489658752, 12668
147826559452176, 147826559462596, 10420
147826629318336, 147826629328820, 10484
147826631334000, 147826631342164, 8164
147826699090664, 147826699102928, 12264
147826772787240, 147826772798296, 11056
147826966289380, 147826966300928, 11548
147827163706636, 147827163717628, 10992
147827361153348, 147827361164776, 11428
147827558541548, 147827558553436, 11888
147827745987724, 147827745998672, 10948
147827755968844, 147827755980412, 11568
147827953383120, 147827953394096, 10976
147828148892952, 147828148904756, 11804
147828298426440, 147828298437912, 11472
147828418067604, 147828418079104, 11500
147828444049012, 147828444054012, 5000
147828481829648, 147828481841584, 11936
147828621420912, 147828621431540, 10628
147828665389700, 147828665401640, 11940
147828757129532, 147828757140220, 10688
147828848772348, 147828848784016, 11668
147828950506800, 147828950517688, 10888
147829032249468, 147829032260868, 11400
147829143910836, 147829143921088, 10252
147829215823012, 147829215834716, 11704
147829337359516, 147829337370760, 11244
147829554697144, 147829554707896, 10752
147829690371540, 147829690382764, 11224
147830158950560, 147830158960640, 10080
147830304571616, 147830304581936, 10320
147830356363884, 147830356374880, 10996
147830398267364, 147830398279636, 12272
147830468125784, 147830468138084, 12300
147830498045052, 147830498055716, 10664
147830557861008, 147830557872244, 11236
147830607701452, 147830607712228, 10776
147830659617372, 147830659627544, 10172
147830815036536, 147830815046308, 9772
147831548907304, 147831548918632, 11328
147831820115532, 147831820126560, 11028
147831959727352, 147831959739164, 11812
147832123262188, 147832123272540, 10352
147832286783768, 147832286788092, 4324
147833543118140, 147833543129632, 11492
147833608974216, 147833608979216, 5000
147834041629168, 147834041639776, 10608
147834450480032, 147834450490712, 10680
147834490380152, 147834490391380, 11228
147834548200952, 147834548206020, 5068
147834568124380, 147834568135676, 11296
147834677812252, 147834677823872, 11620
147834753585164, 147834753597208, 12044
147834775515896, 147834775528348, 12452
147834966977168, 147834966987464, 10296
147835086650800, 147835086661228, 10428
147835270281628, 147835270285976, 4348
147835537414072, 147835537418272, 4200
147835637041536, 147835637045644, 4108
147837512055244, 147837512066660, 11416
147838229475492, 147838229498148, 22656
147838572445156, 147838572450092, 4936
147838756026500, 147838756031064, 4564
147839525678712, 147839525689712, 11000
147819904848724, 147819904861872, 13148
147819928750288, 147819928764072, 13784
147819998801168, 147819998806036, 4868
147820068469632, 147820068480548, 10916
147820104215980, 147820104227168, 11188
147820138172596, 147820138185532, 12936
147820148162564, 147820148173428, 10864
147820205954052, 147820205958768, 4716
147820263861380, 147820263865704, 4324
147821526075676, 147821526086584, 10908
147821603958132, 147821603969660, 11528
147821673670984, 147821673683560, 12576
147821743458552, 147821743462884, 4332
147821813263608, 147821813274512, 10904
147821883158408, 147821883170900, 12492
147821966899484, 147821966911352, 11868
147822072526296, 147822072537684, 11388
147822238014188, 147822238026108, 11920
147822244100572, 147822244112524, 11952
147822401552112, 147822401562152, 10040
147822427458672, 147822427470524, 11852
147822571075692, 147822571086580, 10888
147822610941184, 147822610951556, 10372
147822740576564, 147822740587760, 11196
147822794464028, 147822794475424, 11396
147822910127084, 147822910138460, 11376
147822977916768, 147822977928092, 11324
147823079564104, 147823079575680, 11576
147823161319432, 147823161331192, 11760
147823249071060, 147823249082636, 11576
147823344794004, 147823344804832, 10828
147823418671864, 147823418683460, 11596
147823568180492, 147823568191404, 10912
147824297998508, 147824298009300, 10792
147824794650780, 147824794661776, 10996
147825562335416, 147825562345292, 9876
147825757787220, 147825757791572, 4352
147826772817676, 147826772828748, 11072
147826808719940, 147826808731532, 11592
147826902452228, 147826902463088, 10860
147826978226496, 147826978238308, 11812
147827016206348, 147827016217096, 10748
147827048052036, 147827048062840, 10804
147827117877428, 147827117889396, 11968
147827187636080, 147827187639732, 3652
147827209564712, 147827209575476, 10764
147827257395888, 147827257407504, 11616
147827327201804, 147827327206524, 4720
147827396991168, 147827396995948, 4780
147827402981420, 147827402991576, 10156
147827466849424, 147827466861624, 12200
147827536605000, 147827536609548, 4548
147827596410620, 147827596421008, 10388
147827789845728, 147827789849852, 4124
147828180714480, 147828180726184, 11704
147828296372976, 147828296383248, 10272
147828362177368, 147828362186536, 9168
147828553627992, 147828553639324, 11332
147828583631020, 147828583640788, 9768
147828653362520, 147828653367140, 4620
147828723182796, 147828723194532, 11736
147828792912740, 147828792923812, 11072
147828862730532, 147828862740552, 10020
147828932563968, 147828932567532, 3564
147829002330608, 147829002342572, 11964
147829072119368, 147829072130796, 11428
147829141930860, 147829141942396, 11536
147829211734788, 147829211747276, 12488
147829281535416, 147829281546600, 11184
147829437170844, 147829437180944, 10100
147829552747868, 147829552759428, 11560
147829582726968, 147829582738820, 11852
147830312517744, 147830312528724, 10980
147830368332408, 147830368337008, 4600
147830689443576, 147830689454328, 10752
147830866974140, 147830866984748, 10608
147831544968224, 147831544979500, 11276
147831828088844, 147831828099524, 10680
147832081439148, 147832081449900, 10752
147832099440464, 147832099450700, 10236
147832187126096, 147832187136796, 10700
147832234950068, 147832234960948, 10880
147832292763144, 147832292768012, 4868
147832350649444, 147832350653680, 4236
147832408407636, 147832408412008, 4372
147833517214752, 147833517224912, 10160
147834249076132, 147834249080264, 4132
147834412584376, 147834412588380, 4004
147834576237428, 147834576241824, 4396
147834739647164, 147834739650940, 3776
147834978923528, 147834978933968, 10440
147835114549500, 147835114561044, 11544
147835284050068, 147835284061912, 11844
147835353886004, 147835353897848, 11844
147835423678852, 147835423690816, 11964
147835493532472, 147835493544464, 11992
147835563211436, 147835563223436, 12000
147835633063908, 147835633074528, 10620
147835702932332, 147835702944328, 11996
147835772689956, 147835772700052, 10096
147835836455632, 147835836513900, 58268
147836003983536, 147836003994684, 11148
147836187458768, 147836187469672, 10904
147836370899004, 147836370909560, 10556
147837511589788, 147837511600288, 10500
147837657153288, 147837657163512, 10224
147837766844340, 147837766854888, 10548
147837786783732, 147837786795384, 11652
147837844646388, 147837844650960, 4572
147837884561264, 147837884573236, 11972
147837902432988, 147837902444608, 11620
147837936350936, 147837936361384, 10448
147837960339516, 147837960350996, 11480
147838006133772, 147838006147028, 13256
147838018134424, 147838018144936, 10512
147838075930516, 147838075934928, 4412
147838133731712, 147838133769580, 37868
147838187597912, 147838187609700, 11788
147838289343752, 147838289354808, 11056
147838416945432, 147838416957492, 12060
147838614354780, 147838614358788, 4008
147838811801976, 147838811806044, 4068
147839521801668, 147839521812856, 11188
147820213897624, 147820213941652, 44028
147821366541108, 147821366551768, 10660
147821458330076, 147821458339976, 9900
147821635796296, 147821635807396, 11100
147821833289800, 147821833300240, 10440
147822339705764, 147822339716280, 10516
147822461363884, 147822461374564, 10680
147822519221948, 147822519232784, 10836
147822577070628, 147822577082056, 11428
147822634859972, 147822634864928, 4956
147822692706128, 147822692710960, 4832
147822750553980, 147822750558428, 4448
147822808432772, 147822808437228, 4456
147822866194628, 147822866199180, 4552
147822924010656, 147822924014568, 3912
147822981837544, 147822981841828, 4284
147823039670532, 147823039675176, 4644
147823097579632, 147823097584028, 4396
147823155352620, 147823155357112, 4492
147823213257180, 147823213261604, 4424
147823271031952, 147823271035636, 3684
147823328935488, 147823328939908, 4420
147823386741992, 147823386746156, 4164
147823560256240, 147823560267412, 11172
147823588074588, 147823588079620, 5032
147824302001792, 147824302011756, 9964
147824485462984, 147824485474144, 11160
147824543294528, 147824543298320, 3792
147824864352464, 147824864362404, 9940
147825091703768, 147825091714868, 11100
147825255300560, 147825255304892, 4332
147825556350628, 147825556361152, 10524
147825781701188, 147825781705720, 4532
147826812690772, 147826812700632, 9860
147827381032404, 147827381044644, 12240
147827564516456, 147827564527244, 10788
147827747988816, 147827747999416, 10600
147827931451544, 147827931456336, 4792
147828314304216, 147828314315480, 11264
147828418035260, 147828418046400, 11140
147828475879404, 147828475884212, 4808
147829455019492, 147829455030052, 10560
147829984141792, 147829984151968, 10176
147829997541080, 147829997550628, 9548
147830161020288, 147830161024732, 4444
147830324560012, 147830324564364, 4352
147830488023020, 147830488027316, 4296
147830703343496, 147830703354032, 10536
147830789230360, 147830789241404, 11044
147830846938156, 147830846948600, 10444
147830904829024, 147830904832920, 3896
147830916772720, 147830916784332, 11612
147831094247116, 147831094258644, 11528
147831112226908, 147831112237800, 10892
147831215975620, 147831215986396, 10776
147831309618704, 147831309629276, 10572
147831501088900, 147831501099372, 10472
147831632776180, 147831632787500, 11320
147831840053560, 147831840063888, 10328
147831887921888, 147831887931452, 9564
147831945787316, 147831945791760, 4444
147832067463096, 147832067473468, 10372
147832119273304, 147832119285192, 11888
147832187039336, 147832187049836, 10500
147832212981904, 147832212991332, 9428
147832282825324, 147832282835980, 10656
147832338629716, 147832338641092, 11376
147832518119176, 147832518130264, 11088
147832581919112, 147832581930144, 11032
147832639794200, 147832639806448, 12248
147832697600640, 147832697605692, 5052
147832755399924, 147832755411272, 11348
147832813262852, 147832813267088, 4236
147832871115064, 147832871126032, 10968
147832928984636, 147832928989140, 4504
147832986736024, 147832986746564, 10540
147833044600396, 147833044611796, 11400
147833102407640, 147833102411532, 3892
147833160292724, 147833160304464, 11740
147833218072744, 147833218077576, 4832
147833275915496, 147833275927444, 11948
147833333754920, 147833333759448, 4528
147833391680352, 147833391684240, 3888
147833449448228, 147833449452488, 4260
147833507286212, 147833507290624, 4412
147833565038652, 147833565043240, 4588
147833622881496, 147833622886144, 4648
147833680697556, 147833680702024, 4468
147833738555120, 147833738560008, 4888
147833796379244, 147833796383680, 4436
147833854213396, 147833854217944, 4548
147833912040764, 147833912045480, 4716
147833969963688, 147833969967208, 3520
147834980909632, 147834980920288, 10656
147835074678796, 147835074690896, 12100
147835144541084, 147835144551808, 10724
147835214233528, 147835214244944, 11416
147835309956612, 147835309968480, 11868
147835453571280, 147835453619304, 48024
147835623086980, 147835623097716, 10736
147835792589820, 147835792601216, 11396
147835888299484, 147835888310088, 10604
147835912235344, 147835912248192, 12848
147835962086844, 147835962097160, 10316
147835982056724, 147835982067436, 10712
147836051810248, 147836051821040, 10792
147836109635180, 147836109646788, 11608
147836131644252, 147836131654488, 10236
147836167461320, 147836167485352, 24032
147836225351616, 147836225362840, 11224
147836283145920, 147836283150648, 4728
147836301057928, 147836301069296, 11368
147836340968508, 147836340978948, 10440
147836398774024, 147836398784896, 10872
147836456722884, 147836456733812, 10928
147836470607416, 147836470618500, 11084
147836514469880, 147836514480632, 10752
147836540484736, 147836540495720, 10984
147836574307504, 147836574318884, 11380
147836737825428, 147836737836192, 10764
147836921258932, 147836921263556, 4624
147837519521652, 147837519533592, 11940
147837846590316, 147837846595132, 4816
147838010127228, 147838010131288, 4060
147838291270568, 147838291281876, 11308
147838335156452, 147838335166904, 10452
147838355094848, 147838355107092, 12244
147838424982960, 147838424987728, 4768
147838494714796, 147838494725948, 11152
147838504747648, 147838504759180, 11532
147838564608456, 147838564620896, 12440
147838634274096, 147838634286004, 11908
147838674200984, 147838674212488, 11504
147838704174108, 147838704184604, 10496
147838773889956, 147838773901660, 11704
147838843734104, 147838843744768, 10664
147838895560104, 147838895570732, 10628
147838913617684, 147838913627580, 9896
147838943407152, 147838943418940, 11788
147838983357152, 147838983369580, 12428
147839001255812, 147839001267308, 11496
147839053258056, 147839053269124, 11068
147839059060384, 147839059070032, 9648
147839116960380, 147839116964844, 4464
147839174721236, 147839174732252, 11016
147839232628092, 147839232632928, 4836
147839290431064, 147839290435688, 4624
147839348251120, 147839348255520, 4400
147839406072356, 147839406077012, 4656
147839463898488, 147839463903068, 4580
147839834789816, 147839834799516, 9700
147839860714912, 147839860725148, 10236
147821558064996, 147821558075080, 10084
147822475309932, 147822475314352, 4420
147822638832372, 147822638842532, 10160
147822802358172, 147822802362940, 4768
147822965936376, 147822965940260, 3884
147823129447732, 147823129451860, 4128
147823292938800, 147823292942660, 3860
147823456496852, 147823456501108, 4256
147823620012828, 147823620017112, 4284
147824551258672, 147824551269920, 11248
147824676903072, 147824676913636, 10564
147824774731936, 147824774743316, 11380
147825141570664, 147825141581220, 10556
147825362964112, 147825362973840, 9728
147825546462088, 147825546472960, 10872
147827213520668, 147827213530984, 10316
147828483811572, 147828483821624, 10052
147828607440104, 147828607449828, 9724
147828649386856, 147828649397816, 10960
147828707186140, 147828707190728, 4588
147828765012320, 147828765023940, 11620
147828822884040, 147828822888376, 4336
147828880759476, 147828880764152, 4676
147828938536348, 147828938540740, 4392
147828996348764, 147828996353172, 4408
147829054210860, 147829054214916, 4056
147829112035500, 147829112039880, 4380
147829169852392, 147829169856440, 4048
147829227674764, 147829227679292, 4528
147829285515760, 147829285520276, 4516
147829343341848, 147829343345932, 4084
147829401189228, 147829401194092, 4864
147829458982652, 147829458987016, 4364
147829516833324, 147829516838156, 4832
147829574678468, 147829574682508, 4040
147829632483000, 147829632494416, 11416
147829804031980, 147829804042684, 10704
147829863832272, 147829863843400, 11128
147829921671544, 147829921676200, 4656
147830029382192, 147830029392540, 10348
147830133081304, 147830133092752, 11448
147830316538480, 147830316543016, 4536
147830499968648, 147830499978948, 10300
147830924723396, 147830924733364, 9968
147831038536080, 147831038546780, 10700
147831142141208, 147831142151088, 9880
147831305670052, 147831305673776, 3724
147831530974068, 147831530985124, 11056
147831554879880, 147831554884756, 4876
147832085314676, 147832085325596, 10920
147832238975240, 147832238986584, 11344
147832432343256, 147832432354516, 11260
147832498239932, 147832498252160, 12228
147832625914292, 147832625924568, 10276
147832691677672, 147832691688620, 10948
147832819241796, 147832819253188, 11392
147832889096544, 147832889108180, 11636
147833012669524, 147833012680008, 10484
147833086454360, 147833086465660, 11300
147833206089840, 147833206101684, 11844
147833283876684, 147833283887808, 11124
147833399619624, 147833399630608, 10984
147833481304460, 147833481315196, 10736
147833592976368, 147833592987520, 11152
147833678731932, 147833678743312, 11380
147833748527920, 147833748532332, 4412
147833786429816, 147833786440108, 10292
147833818303896, 147833818315608, 11712
147833888084520, 147833888096004, 11484
147833957937592, 147833957942272, 4680
147833979837280, 147833979847652, 10372
147834027684988, 147834027695752, 10764
147834085530472, 147834085541364, 10892
147834143342512, 147834143347068, 4556
147834173268676, 147834173278168, 9492
147834201172884, 147834201184192, 11308
147834259012360, 147834259016956, 4596
147834316865624, 147834316870084, 4460
147834366701260, 147834366711968, 10708
147835519394568, 147835519404460, 9892
147836245233212, 147836245237724, 4512
147836442665116, 147836442669452, 4336
147836594222516, 147836594233700, 11184
147836622357068, 147836622367628, 10560
147836630182544, 147836630194608, 12064
147836680025372, 147836680037504, 12132
147836688000460, 147836688012416, 11956
147836745776972, 147836745788100, 11128
147836755570628, 147836755579456, 8828
147836803619076, 147836803629000, 9924
147836819582716, 147836819594860, 12144
147836861527324, 147836861538644, 11320
147836889379600, 147836889390456, 10856
147836919296308, 147836919307352, 11044
147836959243756, 147836959255508, 11752
147836977158036, 147836977167584, 9548
147837044934968, 147837044945492, 10524
147837224399188, 147837224409000, 9812
147837266310652, 147837266321776, 11124
147837342071008, 147837342083036, 12028
147837511573572, 147837511583856, 10284
147837517533456, 147837517544948, 11492
147837587351316, 147837587356116, 4800
147837714970600, 147837714982084, 11484
147837726955672, 147837726967964, 12292
147837796747972, 147837796752476, 4504
147837918434196, 147837918445672, 11476
147838041987660, 147838041997992, 10332
147838229543204, 147838229553444, 10240
147838337138368, 147838337148428, 10060
147838500787240, 147838500791580, 4340
147838664223892, 147838664227844, 3952
147838827839304, 147838827849972, 10668
147839005225104, 147839005236488, 11384
147839013285540, 147839013297624, 12084
147839210775240, 147839210785540, 10300
147839262484768, 147839262496348, 11580
147839332303520, 147839332315680, 12160
147839402105512, 147839402117124, 11612
147839471912108, 147839471923644, 11536
147839541642992, 147839541654556, 11564
147839611543708, 147839611548664, 4956
147839681232156, 147839681243472, 11316
147839751040768, 147839751051592, 10824
147839820814480, 147839820825280, 10800
