147817865617108, 147817865622424, 5316
147817865735572, 147817865738780, 3208
147817865778992, 147817865781520, 2528
147817865820944, 147817865823552, 2608
147817865856348, 147817865859484, 3136
147817865916248, 147817865919064, 2816
147817865961740, 147817865964152, 2412
147817866012528, 147817866015636, 3108
147817866094848, 147817866097668, 2820
147819859194680, 147819859199248, 4568
147819859220240, 147819859233208, 12968
147819916820816, 147819916828572, 7756
147819974702416, 147819974707760, 5344
147820032445196, 147820032450452, 5256
147820056452232, 147820056458948, 6716
147820249776816, 147820249780096, 3280
147820253790180, 147820253791744, 1564
147820451216200, 147820451223136, 6936
147820648719404, 147820648721108, 1704
147820846105860, 147820846113068, 7208
147821043599792, 147821043606904, 7112
147821240935768, 147821240940604, 4836
147821438402144, 147821438408640, 6496
147821524195040, 147821524198020, 2980
147821693599628, 147821693606752, 7124
147821877069292, 147821877074032, 4740
147822186152884, 147822186156324, 3440
147822263406872, 147822263413000, 6128
147822425476620, 147822425492972, 16352
147822622955960, 147822622963932, 7972
147822820395284, 147822820402392, 7108
147823017748268, 147823017755512, 7244
147823215155840, 147823215162576, 6736
147823412616368, 147823412622444, 6076
147823572126380, 147823572129272, 2892
147823711793176, 147823711809192, 16016
147823982949204, 147823982952988, 3784
147824041686692, 147824041692192, 5500
147824110538856, 147824110547508, 8652
147824274156100, 147824274164552, 8452
147824437604216, 147824437612284, 8068
147824601178468, 147824601186792, 8324
147824658967604, 147824658975352, 7748
147824716885128, 147824716892332, 7204
147825566316756, 147825566320060, 3304
147825571438720, 147825571444100, 5380
147825576566740, 147825576571644, 4904
147825581728936, 147825581734456, 5520
147825586895428, 147825586899792, 4364
147825622159524, 147825622165976, 6452
147826168598856, 147826168602396, 3540
147826179629180, 147826179634532, 5352
147826190674996, 147826190681064, 6068
147826300209496, 147826300212400, 2904
147826302207412, 147826302218740, 11328
147826304199248, 147826304205516, 6268
147826350046176, 147826350053316, 7140
147826419835092, 147826419841884, 6792
147826435787016, 147826435794228, 7212
147826489637508, 147826489645888, 8380
147826559444836, 147826559451976, 7140
147826629311164, 147826629318140, 6976
147826631322800, 147826631333816, 11016
147826699082336, 147826699090456, 8120
147826772783568, 147826772787024, 3456
147826966281388, 147826966289164, 7776
147827163698760, 147827163706444, 7684
147827361145576, 147827361153152, 7576
147827558534060, 147827558541332, 7272
147827745984828, 147827745987464, 2636
147827755960852, 147827755968628, 7776
147827953376660, 147827953382924, 6264
147828148889652, 147828148892732, 3080
147828298418832, 147828298426224, 7392
147828418064528, 147828418067408, 2880
147828444040388, 147828444048788, 8400
147828481821744, 147828481829448, 7704
147828621417184, 147828621420716, 3532
147828665382036, 147828665389504, 7468
147828757121628, 147828757129340, 7712
147828848765056, 147828848772152, 7096
147828950499232, 147828950506604, 7372
147829032241388, 147829032249276, 7888
147829143903360, 147829143910640, 7280
147829215815492, 147829215822796, 7304
147829337352404, 147829337359304, 6900
147829554694264, 147829554696952, 2688
147829559832192, 147829559837200, 5008
147829690363084, 147829690371324, 8240
147830158947260, 147830158950364, 3104
147830169924952, 147830169930248, 5296
147830180932252, 147830180938060, 5808
147830304564496, 147830304571400, 6904
147830356360704, 147830356363692, 2988
147830398259116, 147830398267164, 8048
147830468117836, 147830468125592, 7756
147830498037668, 147830498044856, 7188
147830557858648, 147830557860788, 2140
147830607693916, 147830607701256, 7340
147830659614236, 147830659617192, 2956
147830815029204, 147830815036340, 7136
147831548903952, 147831548907104, 3152
147831559880988, 147831559885848, 4860
147831570944716, 147831570949360, 4644
147831581918452, 147831581922460, 4008
147831820111560, 147831820115316, 3756
147831878525412, 147831878531312, 5900
147831959719964, 147831959727136, 7172
147832123255000, 147832123261972, 6972
147832286776272, 147832286783576, 7304
147833543115204, 147833543117932, 2728
147833545114576, 147833545120388, 5812
147833547167088, 147833547171044, 3956
147833549163176, 147833549166552, 3376
147833551155864, 147833551158844, 2980
147833553150516, 147833553153612, 3096
147833555139624, 147833555142648, 3024
147833557132712, 147833557135928, 3216
147833559132092, 147833559135880, 3788
147833561124812, 147833561128548, 3736
147833563186648, 147833563191936, 5288
147833565181456, 147833565185808, 4352
147833567175332, 147833567178380, 3048
147833569167948, 147833569172728, 4780
147833571159908, 147833571163204, 3296
147833573158828, 147833573161972, 3144
147833575152884, 147833575156296, 3412
147833577155600, 147833577159440, 3840
147833608966896, 147833608974024, 7128
147834041625460, 147834041628948, 3488
147834118722596, 147834118727780, 5184
147834196476100, 147834196481588, 5488
147834273673268, 147834273677884, 4616
147834450476984, 147834450479840, 2856
147834460335464, 147834460340388, 4924
147834490372284, 147834490379936, 7652
147834548193480, 147834548200700, 7220
147834568120904, 147834568124188, 3284
147834677808816, 147834677812032, 3216
147834753577460, 147834753584948, 7488
147834775513684, 147834775515680, 1996
147834966974104, 147834966976980, 2876
147835086643608, 147835086650608, 7000
147835270274200, 147835270281432, 7232
147835537412016, 147835537413880, 1864
147835637034416, 147835637041344, 6928
147837512051736, 147837512055052, 3316
147837523020456, 147837523025600, 5144
147837534053424, 147837534058952, 5528
147837545044988, 147837545049508, 4520
147837556123220, 147837556128372, 5152
147837567107508, 147837567111616, 4108
147837578219580, 147837578224364, 4784
147837589249900, 147837589253668, 3768
147837600272776, 147837600277416, 4640
147837611286112, 147837611289248, 3136
147838229471364, 147838229475304, 3940
147838297084816, 147838297089740, 4924
147838364462536, 147838364467196, 4660
147838432560596, 147838432564792, 4196
147838500259776, 147838500264696, 4920
147838572430428, 147838572444964, 14536
147838756011936, 147838756026312, 14376
147839525675192, 147839525678496, 3304
147839584178512, 147839584182720, 4208
147839643230916, 147839643236128, 5212
147839701755624, 147839701760048, 4424
147839760248752, 147839760253132, 4380
147839818734248, 147839818739344, 5096
147839877743648, 147839877749208, 5560
147815833187472, 147815833200200, 12728
147819904844844, 147819904848404, 3560
147819928742188, 147819928749912, 7724
147819998794008, 147819998800852, 6844
147820068462364, 147820068469272, 6908
147820104212636, 147820104215620, 2984
147820138166156, 147820138172264, 6108
147820148156964, 147820148162220, 5256
147820205946528, 147820205953692, 7164
147820263856176, 147820263860976, 4800
147821526072236, 147821526075356, 3120
147821528080212, 147821528086084, 5872
147821530069140, 147821530072764, 3624
147821532054680, 147821532057896, 3216
147821534050408, 147821534053428, 3020
147821536047012, 147821536051020, 4008
147821538037496, 147821538040488, 2992
147821540060960, 147821540063936, 2976
147821542063184, 147821542066120, 2936
147821544064172, 147821544067148, 2976
147821546059720, 147821546063452, 3732
147821548131944, 147821548136840, 4896
147821550124552, 147821550129012, 4460
147821552124572, 147821552127812, 3240
147821554121712, 147821554125100, 3388
147821556118156, 147821556121172, 3016
147821558108416, 147821558112064, 3648
147821560097864, 147821560101228, 3364
147821562088688, 147821562091424, 2736
147821603945648, 147821603957760, 12112
147821673663032, 147821673670644, 7612
147821743450576, 147821743458196, 7620
147821813256112, 147821813263248, 7136
147821883152028, 147821883157964, 5936
147821966896476, 147821966899152, 2676
147822072523276, 147822072525992, 2716
147822238010848, 147822238013872, 3024
147822244095540, 147822244100204, 4664
147822401536856, 147822401551832, 14976
147822427441304, 147822427458304, 17000
147822571067664, 147822571075368, 7704
147822610933928, 147822610940816, 6888
147822740568528, 147822740576196, 7668
147822794456696, 147822794463684, 6988
147822910119428, 147822910126700, 7272
147822977909752, 147822977916460, 6708
147823079556316, 147823079563740, 7424
147823161312624, 147823161319112, 6488
147823249064096, 147823249070672, 6576
147823344786896, 147823344793628, 6732
147823418664388, 147823418671560, 7172
147823568177224, 147823568180296, 3072
147823578043556, 147823578048128, 4572
147823587870144, 147823587874128, 3984
147824297994612, 147824297998172, 3560
147824375110760, 147824375115940, 5180
147824453148280, 147824453153212, 4932
147824530339408, 147824530344388, 4980
147824607759932, 147824607764844, 4912
147824685734664, 147824685740000, 5336
147824794643052, 147824794650568, 7516
147825562332688, 147825562335208, 2520
147825572142072, 147825572146676, 4604
147825581948068, 147825581951868, 3800
147825591804324, 147825591809828, 5504
147825601601720, 147825601605804, 4084
147825611532196, 147825611537840, 5644
147825621353684, 147825621356964, 3280
147825631220164, 147825631224708, 4544
147825641032004, 147825641035692, 3688
147825651425172, 147825651431088, 5916
147825661282460, 147825661286656, 4196
147825671186168, 147825671191588, 5420
147825680987472, 147825680991804, 4332
147825690843424, 147825690847840, 4416
147825700639368, 147825700642416, 3048
147825757779292, 147825757787004, 7712
147826772813996, 147826772817480, 3484
147826777953436, 147826777958484, 5048
147826783064916, 147826783069444, 4528
147826788170740, 147826788174240, 3500
147826793357360, 147826793362548, 5188
147826798465904, 147826798469420, 3516
147826808712940, 147826808719580, 6640
147826902448772, 147826902451916, 3144
147826978217536, 147826978226164, 8628
147827016198588, 147827016206012, 7424
147827048044160, 147827048051644, 7484
147827117869424, 147827117877064, 7640
147827187628708, 147827187635772, 7064
147827209557088, 147827209564368, 7280
147827257388060, 147827257395552, 7492
147827327193972, 147827327201472, 7500
147827396983148, 147827396990680, 7532
147827402973604, 147827402981052, 7448
147827466841604, 147827466849064, 7460
147827536597260, 147827536604664, 7404
147827596403268, 147827596410252, 6984
147827789838048, 147827789845396, 7348
147828180709792, 147828180714140, 4348
147828185837532, 147828185842500, 4968
147828190950664, 147828190953860, 3196
147828296369740, 147828296372664, 2924
147828362169708, 147828362177180, 7472
147828553625136, 147828553627652, 2516
147828583623568, 147828583630824, 7256
147828653360208, 147828653362128, 1920
147828723175584, 147828723182420, 6836
147828792904796, 147828792912420, 7624
147828862723648, 147828862730284, 6636
147828932562224, 147828932563664, 1440
147829002322508, 147829002330244, 7736
147829072112224, 147829072119060, 6836
147829141923508, 147829141930664, 7156
147829211726712, 147829211734408, 7696
147829281527664, 147829281535112, 7448
147829437167660, 147829437170464, 2804
147829552744572, 147829552747460, 2888
147829582719268, 147829582726640, 7372
147830312514176, 147830312517364, 3188
147830317620132, 147830317626384, 6252
147830322730556, 147830322734584, 4028
147830327827120, 147830327831080, 3960
147830368324512, 147830368332196, 7684
147830689439940, 147830689443356, 3416
147830756938860, 147830756943524, 4664
147830866966804, 147830866973800, 6996
147831544964568, 147831544967716, 3148
147831554763188, 147831554769764, 6576
147831564604036, 147831564608560, 4524
147831574545520, 147831574551232, 5712
147831584365920, 147831584369888, 3968
147831594220488, 147831594225464, 4976
147831604014016, 147831604017612, 3596
147831613857860, 147831613861576, 3716
147831623660444, 147831623664192, 3748
147831633540856, 147831633546124, 5268
147831643875392, 147831643879024, 3632
147831653806564, 147831653811396, 4832
147831663633292, 147831663637496, 4204
147831828085236, 147831828088548, 3312
147831905792512, 147831905797776, 5264
147832081436336, 147832081438956, 2620
147832083440800, 147832083446036, 5236
147832099433584, 147832099440272, 6688
147832187123168, 147832187125888, 2720
147832234942888, 147832234949680, 6792
147832292755312, 147832292762816, 7504
147832350642224, 147832350649088, 6864
147832408401008, 147832408407256, 6248
147833517211464, 147833517214448, 2984
147833575647128, 147833575652608, 5480
147833634816644, 147833634822600, 5956
147833693709920, 147833693715232, 5312
147833752299452, 147833752304820, 5368
147833810943440, 147833810947964, 4524
147833869470100, 147833869474424, 4324
147833928602136, 147833928606724, 4588
147833987268360, 147833987273008, 4648
147834045885244, 147834045890748, 5504
147834104437208, 147834104441944, 4736
147834249071460, 147834249075832, 4372
147834412579052, 147834412584028, 4976
147834576232344, 147834576237052, 4708
147834739640444, 147834739646732, 6288
147834978919912, 147834978923344, 3432
147835114541712, 147835114549132, 7420
147835284046996, 147835284049716, 2720
147835353878128, 147835353885692, 7564
147835423671372, 147835423678488, 7116
147835493524916, 147835493532080, 7164
147835563206168, 147835563211056, 4888
147835633061488, 147835633063540, 2052
147835702924628, 147835702931976, 7348
147835772682448, 147835772689468, 7020
147835836451872, 147835836455304, 3432
147836003981396, 147836003983208, 1812
147836187452788, 147836187458436, 5648
147836370892364, 147836370898700, 6336
147837511587004, 147837511589472, 2468
147837516696292, 147837516701384, 5092
147837521843032, 147837521846920, 3888
147837526946916, 147837526950740, 3824
147837532095420, 147837532102416, 6996
147837537192876, 147837537197536, 4660
147837542305604, 147837542309532, 3928
147837657150144, 147837657152948, 2804
147837766840868, 147837766844000, 3132
147837776635888, 147837776640964, 5076
147837786775444, 147837786783516, 8072
147837844637860, 147837844646196, 8336
147837884558292, 147837884561028, 2736
147837902424964, 147837902432776, 7812
147837936342844, 147837936350744, 7900
147837960331604, 147837960339328, 7724
147838006124996, 147838006133560, 8564
147838018126860, 147838018134208, 7348
147838075925248, 147838075930300, 5052
147838133724092, 147838133731520, 7428
147838187594512, 147838187597728, 3216
147838289340096, 147838289343536, 3440
147838416927004, 147838416945216, 18212
147838614339224, 147838614354592, 15368
147838811785876, 147838811801788, 15912
147839521798600, 147839521801468, 2868
147839589098320, 147839589104112, 5792
147839657091400, 147839657096368, 4968
147839724691536, 147839724697180, 5644
147839792073620, 147839792078328, 4708
147839859507148, 147839859512828, 5680
147820213893716, 147820213897412, 3696
147820213946408, 147820213952372, 5964
147820270942660, 147820270948516, 5856
147820328306756, 147820328312376, 5620
147820385548120, 147820385554576, 6456
147820443143760, 147820443148904, 5144
147820500256712, 147820500261300, 4588
147820557477776, 147820557483704, 5928
147820614590200, 147820614596888, 6688
147820672293096, 147820672298592, 5496
147820729333236, 147820729338124, 4888
147820786542712, 147820786548300, 5588
147820843540356, 147820843546076, 5720
147820901195808, 147820901201328, 5520
147820958849088, 147820958855552, 6464
147821015994344, 147821015999944, 5600
147821073060048, 147821073065204, 5156
147821130264440, 147821130269204, 4764
147821188054648, 147821188060228, 5580
147821245267744, 147821245273016, 5272
147821302543816, 147821302548920, 5104
147821366533440, 147821366540896, 7456
147821458327208, 147821458329840, 2632
147821635794048, 147821635796100, 2052
147821833282704, 147821833289584, 6880
147822339702216, 147822339705544, 3328
147822349553808, 147822349558732, 4924
147822359383128, 147822359387768, 4640
147822369225136, 147822369231540, 6404
147822379029380, 147822379033404, 4024
147822388945628, 147822388950696, 5068
147822398833292, 147822398836716, 3424
147822409230320, 147822409234392, 4072
147822419038520, 147822419042452, 3932
147822461358900, 147822461363668, 4768
147822519213880, 147822519221728, 7848
147822577062964, 147822577070412, 7448
147822634855208, 147822634859764, 4556
147822692698932, 147822692705932, 7000
147822750549228, 147822750553772, 4544
147822808425696, 147822808432560, 6864
147822866189080, 147822866194416, 5336
147822924003928, 147822924010448, 6520
147822981830632, 147822981837332, 6700
147823039663744, 147823039670316, 6572
147823097574708, 147823097579440, 4732
147823155345664, 147823155352432, 6768
147823213250544, 147823213256988, 6444
147823271026620, 147823271031760, 5140
147823328928428, 147823328935292, 6864
147823386735776, 147823386741780, 6004
147823560253088, 147823560256028, 2940
147823588064000, 147823588074376, 10376
147824301998320, 147824302001572, 3252
147824311792384, 147824311797960, 5576
147824321579232, 147824321583212, 3980
147824331413588, 147824331418636, 5048
147824341211264, 147824341215428, 4164
147824351138632, 147824351144952, 6320
147824360971872, 147824360975752, 3880
147824370838848, 147824370844292, 5444
147824380693320, 147824380697328, 4008
147824390595928, 147824390601408, 5480
147824400461240, 147824400465212, 3972
147824410860084, 147824410865152, 5068
147824420678020, 147824420681296, 3276
147824430533836, 147824430538584, 4748
147824440345444, 147824440349440, 3996
147824485455248, 147824485462772, 7524
147824543287432, 147824543294336, 6904
147824864348548, 147824864352240, 3692
147824923575792, 147824923581332, 5540
147824982594556, 147824982599848, 5292
147825091696036, 147825091703572, 7536
147825255292332, 147825255300348, 8016
147825556347524, 147825556350416, 2892
147825633585980, 147825633591028, 5048
147825781693444, 147825781700976, 7532
147826812687536, 147826812690460, 2924
147826880329052, 147826880334564, 5512
147826948732720, 147826948739044, 6324
147827016304312, 147827016309636, 5324
147827084133528, 147827084138876, 5348
147827152590844, 147827152596532, 5688
147827220142028, 147827220146712, 4684
147827287645324, 147827287649952, 4628
147827381024372, 147827381032208, 7836
147827564508392, 147827564516260, 7868
147827747981640, 147827747988608, 6968
147827931443524, 147827931451324, 7800
147828314300884, 147828314303996, 3112
147828324080232, 147828324085080, 4848
147828333891428, 147828333894640, 3212
147828343729644, 147828343735284, 5640
147828353535016, 147828353538888, 3872
147828363368760, 147828363374048, 5288
147828373165948, 147828373169808, 3860
147828418027396, 147828418035048, 7652
147828475871460, 147828475879188, 7728
147829455015944, 147829455019300, 3356
147829513514576, 147829513520080, 5504
147829572120072, 147829572125296, 5224
147829630715216, 147829630720424, 5208
147829690071744, 147829690076992, 5248
147829748864228, 147829748869864, 5636
147829807599520, 147829807605624, 6104
147829866188528, 147829866194476, 5948
147829925326396, 147829925331756, 5360
147829984131672, 147829984141528, 9856
147829997533460, 147829997540884, 7424
147830161012560, 147830161020072, 7512
147830324552484, 147830324559808, 7324
147830488014952, 147830488022824, 7872
147830703339984, 147830703343304, 3320
147830713130948, 147830713136312, 5364
147830722938148, 147830722942832, 4684
147830732830332, 147830732835492, 5160
147830789222684, 147830789230044, 7360
147830846931704, 147830846937948, 6244
147830904821508, 147830904828832, 7324
147830916769264, 147830916772224, 2960
147831094243976, 147831094246728, 2752
147831112218512, 147831112226420, 7908
147831215898196, 147831215975232, 77036
147831309610780, 147831309618260, 7480
147831501085824, 147831501088396, 2572
147831632767860, 147831632775832, 7972
147831840049932, 147831840053232, 3300
147831849816740, 147831849822124, 5384
147831859609156, 147831859612968, 3812
147831887915056, 147831887921672, 6616
147831945779228, 147831945786932, 7704
147832067460692, 147832067462748, 2056
147832077314980, 147832077320404, 5424
147832119265700, 147832119273108, 7408
147832187036304, 147832187039148, 2844
147832212974652, 147832212981712, 7060
147832282818016, 147832282825112, 7096
147832338626592, 147832338629504, 2912
147832518115884, 147832518118980, 3096
147832527929976, 147832527936324, 6348
147832581911204, 147832581918796, 7592
147832639786932, 147832639793856, 6924
147832697593240, 147832697600340, 7100
147832755391556, 147832755399588, 8032
147832813251524, 147832813262496, 10972
147832871107768, 147832871114756, 6988
147832928977080, 147832928984336, 7256
147832986728992, 147832986735752, 6760
147833044592576, 147833044600036, 7460
147833102400848, 147833102407364, 6516
147833160285504, 147833160292372, 6868
147833218065660, 147833218072440, 6780
147833275907372, 147833275914836, 7464
147833333747328, 147833333754564, 7236
147833391673976, 147833391680160, 6184
147833449440352, 147833449447904, 7552
147833507279256, 147833507285904, 6648
147833565031804, 147833565038348, 6544
147833622876320, 147833622881176, 4856
147833680689064, 147833680697192, 8128
147833738547960, 147833738554772, 6812
147833796371864, 147833796378944, 7080
147833854206220, 147833854212948, 6728
147833912029416, 147833912040456, 11040
147833969957644, 147833969963504, 5860
147834980906124, 147834980909400, 3276
147834982902328, 147834982907580, 5252
147834984894884, 147834984899064, 4180
147834986884528, 147834986887808, 3280
147834988911436, 147834988915632, 4196
147834990902984, 147834990906476, 3492
147834992909508, 147834992912480, 2972
147834994909388, 147834994912336, 2948
147834996900080, 147834996903852, 3772
147834998897508, 147834998900484, 2976
147835000884684, 147835000887628, 2944
147835002935776, 147835002940648, 4872
147835004926608, 147835004930072, 3464
147835006920332, 147835006923432, 3100
147835008907812, 147835008910888, 3076
147835074671336, 147835074678344, 7008
147835144533484, 147835144540736, 7252
147835214225880, 147835214233216, 7336
147835309953420, 147835309956296, 2876
147835453563456, 147835453570908, 7452
147835623080516, 147835623086788, 6272
147835792581872, 147835792589460, 7588
147835888296012, 147835888299112, 3100
147835912227784, 147835912234992, 7208
147835962079096, 147835962086488, 7392
147835982049540, 147835982056372, 6832
147836051802488, 147836051809960, 7472
147836109627088, 147836109634840, 7752
147836131637400, 147836131643928, 6528
147836167453844, 147836167460992, 7148
147836225343604, 147836225351164, 7560
147836283138532, 147836283145600, 7068
147836301050932, 147836301057596, 6664
147836340961188, 147836340968208, 7020
147836398766508, 147836398773668, 7160
147836456715712, 147836456722600, 6888
147836470599348, 147836470607220, 7872
147836514462372, 147836514469532, 7160
147836540477972, 147836540484424, 6452
147836574304524, 147836574307208, 2684
147836737817752, 147836737825152, 7400
147836921250796, 147836921258620, 7824
147837519517952, 147837519521244, 3292
147837577868124, 147837577873024, 4900
147837636948152, 147837636952544, 4392
147837695535060, 147837695540268, 5208
147837754264320, 147837754268916, 4596
147837846582736, 147837846589944, 7208
147838010120320, 147838010126872, 6552
147838291267144, 147838291270240, 3096
147838293275632, 147838293281416, 5784
147838295276824, 147838295281504, 4680
147838297273260, 147838297277840, 4580
147838335152612, 147838335156244, 3632
147838355080668, 147838355094652, 13984
147838424967200, 147838424982748, 15548
147838494700028, 147838494714588, 14560
147838504731504, 147838504747460, 15956
147838564593604, 147838564608268, 14664
147838634257332, 147838634273900, 16568
147838674184040, 147838674200792, 16752
147838704161160, 147838704173912, 12752
147838773873712, 147838773889748, 16036
147838843720496, 147838843733912, 13416
147838895556884, 147838895559924, 3040
147838913604000, 147838913617492, 13492
147838943391424, 147838943406952, 15528
147838983340688, 147838983356960, 16272
147839001240608, 147839001255620, 15012
147839053243704, 147839053257856, 14152
147839059047084, 147839059060192, 13108
147839116944788, 147839116960192, 15404
147839174706624, 147839174721044, 14420
147839232610336, 147839232627880, 17544
147839290417200, 147839290430868, 13668
147839348234972, 147839348250924, 15952
147839406058172, 147839406072164, 13992
147839463883648, 147839463898300, 14652
147839834785552, 147839834789624, 4072
147839839918944, 147839839924144, 5200
147839860699552, 147839860714572, 15020
147815873949016, 147815873957600, 8584
147821558062024, 147821558064804, 2780
147821558079772, 147821558085412, 5640
147821616643548, 147821616648744, 5196
147821676025208, 147821676030344, 5136
147821734498588, 147821734503800, 5212
147821793331168, 147821793336500, 5332
147821852048304, 147821852053296, 4992
147821911148572, 147821911153708, 5136
147821969854700, 147821969859188, 4488
147822028817728, 147822028822788, 5060
147822087656552, 147822087662320, 5768
147822146332852, 147822146338504, 5652
147822205773724, 147822205779684, 5960
147822264603380, 147822264608712, 5332
147822323310100, 147822323315428, 5328
147822382020536, 147822382024956, 4420
147822475303208, 147822475309636, 6428
147822638827572, 147822638832160, 4588
147822802351380, 147822802357868, 6488
147822965929856, 147822965936056, 6200
147823129442236, 147823129447392, 5156
147823292932140, 147823292938532, 6392
147823456489712, 147823456496520, 6808
147823619996560, 147823620012416, 15856
147824551254876, 147824551258260, 3384
147824556391684, 147824556396044, 4360
147824561509800, 147824561512968, 3168
147824566615040, 147824566618296, 3256
147824571775404, 147824571781488, 6084
147824676901204, 147824676902692, 1488
147824774722908, 147824774731556, 8648
147825141566144, 147825141570304, 4160
147825209554556, 147825209560192, 5636
147825277074528, 147825277079584, 5056
147825362957312, 147825362963900, 6588
147825546458432, 147825546461712, 3280
147827213517292, 147827213520372, 3080
147827272105564, 147827272110788, 5224
147827330890064, 147827330895152, 5088
147827389643864, 147827389648968, 5104
147827448609720, 147827448615484, 5764
147827507337108, 147827507342528, 5420
147827565982768, 147827565988436, 5668
147827624422376, 147827624427592, 5216
147827683771232, 147827683775836, 4604
147827742492244, 147827742497648, 5404
147827801035108, 147827801039904, 4796
147827859663712, 147827859668508, 4796
147827919025440, 147827919030772, 5332
147827977561300, 147827977566500, 5200
147828036243072, 147828036248664, 5592
147828094837032, 147828094842156, 5124
147828483808008, 147828483811352, 3344
147828494766004, 147828494770864, 4860
147828607437160, 147828607439804, 2644
147828617245688, 147828617249884, 4196
147828649378864, 147828649386664, 7800
147828707178232, 147828707185928, 7696
147828765004448, 147828765012128, 7680
147828822876656, 147828822883844, 7188
147828880752048, 147828880759260, 7212
147828938528176, 147828938536152, 7976
147828996341412, 147828996348572, 7160
147829054203192, 147829054210664, 7472
147829112028088, 147829112035288, 7200
147829169844912, 147829169852176, 7264
147829227667036, 147829227674572, 7536
147829285508492, 147829285515576, 7084
147829343334380, 147829343341636, 7256
147829401181320, 147829401189036, 7716
147829458974860, 147829458982460, 7600
147829516825808, 147829516833128, 7320
147829574671680, 147829574678272, 6592
147829632475724, 147829632482784, 7060
147829804029008, 147829804031784, 2776
147829813845804, 147829813851520, 5716
147829863824112, 147829863831944, 7832
147829921669456, 147829921671160, 1704
147830029379300, 147830029381868, 2568
147830133073400, 147830133080940, 7540
147830316530444, 147830316538136, 7692
147830499959752, 147830499968184, 8432
147830924719872, 147830924723120, 3248
147830929862032, 147830929867272, 5240
147830935015400, 147830935018880, 3480
147831038533208, 147831038535864, 2656
147831142134176, 147831142140956, 6780
147831305662604, 147831305669832, 7228
147831530970800, 147831530973728, 2928
147831554871940, 147831554879528, 7588
147832085311280, 147832085314360, 3080
147832096385468, 147832096390628, 5160
147832107448152, 147832107453532, 5380
147832238967864, 147832238974904, 7040
147832432336424, 147832432342940, 6516
147832498236696, 147832498239628, 2932
147832625907636, 147832625914104, 6468
147832691675780, 147832691677336, 1556
147832819235112, 147832819241600, 6488
147832889088868, 147832889096208, 7340
147833012662692, 147833012669328, 6636
147833086446692, 147833086454020, 7328
147833206082360, 147833206089508, 7148
147833283868932, 147833283876236, 7304
147833399611988, 147833399619280, 7292
147833481296564, 147833481304108, 7544
147833592968496, 147833592976008, 7512
147833678723080, 147833678731568, 8488
147833748518932, 147833748527596, 8664
147833786422012, 147833786429448, 7436
147833818295524, 147833818303368, 7844
147833888076332, 147833888084200, 7868
147833957930220, 147833957937196, 6976
147833979829444, 147833979836888, 7444
147834027675912, 147834027684628, 8716
147834085523096, 147834085530136, 7040
147834143334884, 147834143342140, 7256
147834173261952, 147834173268296, 6344
147834201165168, 147834201172512, 7344
147834259004560, 147834259011972, 7412
147834316857896, 147834316865256, 7360
147834366693936, 147834366700904, 6968
147835519391192, 147835519394208, 3016
147835596551548, 147835596556348, 4800
147835674379316, 147835674384180, 4864
147835751775608, 147835751781260, 5652
147835829113928, 147835829119320, 5392
147835906921756, 147835906927256, 5500
147835984404492, 147835984409468, 4976
147836061684348, 147836061691076, 6728
147836139360476, 147836139366688, 6212
147836245226172, 147836245232880, 6708
147836442657792, 147836442664656, 6864
147836594218316, 147836594222176, 3860
147836622354132, 147836622356876, 2744
147836630174556, 147836630182220, 7664
147836680017936, 147836680025048, 7112
147836687992940, 147836688000092, 7152
147836745768924, 147836745776604, 7680
147836755558424, 147836755570428, 12004
147836803617432, 147836803618888, 1456
147836819574940, 147836819582364, 7424
147836861519768, 147836861527000, 7232
147836889371796, 147836889379248, 7452
147836919288376, 147836919295944, 7568
147836959235964, 147836959243440, 7476
147836977151540, 147836977157760, 6220
147837044931644, 147837044934676, 3032
147837224395996, 147837224398912, 2916
147837234244264, 147837234248784, 4520
147837266302676, 147837266310460, 7784
147837342068136, 147837342070820, 2684
147837511570172, 147837511573356, 3184
147837517525392, 147837517533240, 7848
147837587337076, 147837587351120, 14044
147837714968360, 147837714970384, 2024
147837726947400, 147837726955456, 8056
147837796740344, 147837796747760, 7416
147837918431196, 147837918434004, 2808
147838041980140, 147838041987444, 7304
147838229540216, 147838229543012, 2796
147838337124240, 147838337138084, 13844
147838500770724, 147838500787044, 16320
147838664205260, 147838664223708, 18448
147838827824940, 147838827839092, 14152
147839005221372, 147839005224884, 3512
147839013270480, 147839013285348, 14868
147839210772212, 147839210775044, 2832
147839212779748, 147839212785112, 5364
147839262469260, 147839262484432, 15172
147839332288160, 147839332303160, 15000
147839402089680, 147839402105128, 15448
147839471864484, 147839471911912, 47428
147839541628312, 147839541642620, 14308
147839611529412, 147839611543344, 13932
147839681217952, 147839681231776, 13824
147839751025772, 147839751040392, 14620
147839820800660, 147839820814124, 13464
