146509587932592, 146509587940392, 7800
146509621354820, 146509621362872, 8052
146509672562468, 146509672570424, 7956
146509689510916, 146509689519044, 8128
146509706372404, 146509706381928, 9524
146509723705020, 146509723714388, 9368
146509740709360, 146509740717672, 8312
146514650031204, 146514650034528, 3324
146514650052484, 146514650059192, 6708
146515001267360, 146515001270196, 2836
146515842794056, 146515842802616, 8560
146516169154120, 146516169164100, 9980
146517009999756, 146517010009388, 9632
146517335839940, 146517335850308, 10368
146517398056648, 146517398065596, 8948
146518438951144, 146518438953988, 2844
146518570072472, 146518570080104, 7632
146519498694732, 146519498703408, 8676
146519951213576, 146519951222500, 8924
146520385630708, 146520385638240, 7532
146520487924628, 146520487927712, 3084
146520674063372, 146520674072044, 8672
146520759820240, 146520759828804, 8564
146520940826968, 146520940830852, 3884
146521042568140, 146521042570104, 1964
146521476089688, 146521476098044, 8356
146522115921756, 146522115931228, 9472
146522302180784, 146522302188240, 7456
146522305595096, 146522305601664, 6568
146522823244156, 146522823251816, 7660
146523533119136, 146523533128276, 9140
146523968032824, 146523968040544, 7720
146524030834536, 146524030844700, 10164
146524282162632, 146524282171280, 8648
146524750771536, 146524750779472, 7936
146525001973412, 146525001984004, 10592
146525235303612, 146525235312404, 8792
146525321637904, 146525321646456, 8552
146525773440636, 146525773449304, 8668
146526898493140, 146526898496352, 3212
146527016049016, 146527016057920, 8904
146527723346132, 146527723354904, 8772
146527809631452, 146527809638908, 7456
146528011812672, 146528011815476, 2804
146528544998088, 146528545007392, 9304
146528675603112, 146528675613416, 10304
146528810771224, 146528810779776, 8552
146528996137212, 146528996144708, 7496
146528999550612, 146528999557716, 7104
146531561260024, 146531561261968, 1944
146531746808272, 146531746814804, 6532
146531932913868, 146531932920460, 6592
146532118998844, 146532119006752, 7908
146532204874344, 146532204883188, 8844
146532391064540, 146532391073764, 9224
146533319300708, 146533319306524, 5816
146534247274908, 146534247282884, 7976
146534364109248, 146534364114448, 5200
146535288253244, 146535288256940, 3696
146509655330252, 146509655337576, 7324
146514646068644, 146514646071652, 3008
146514646086404, 146514646092260, 5856
146515112881616, 146515112884844, 3228
146515247622460, 146515247632692, 10232
146515719578264, 146515719589760, 11496
146516172843888, 146516172853672, 9784
146517102173764, 146517102185632, 11868
146517387374080, 146517387376752, 2672
146517504191592, 146517504200972, 9380
146518500716704, 146518500741264, 24560
146518618052672, 146518618092700, 40028
146519051496928, 146519051505136, 8208
146519054894800, 146519054901376, 6576
146519655916772, 146519655920688, 3916
146520364255212, 146520364264920, 9708
146520615162928, 146520615172024, 9096
146521058388376, 146521058398084, 9708
146521062518852, 146521062520248, 1396
146521312876060, 146521312884300, 8240
146521597260300, 146521597263304, 3004
146521772816624, 146521772824692, 8068
146522005522772, 146522005538996, 16224
146522256286372, 146522256301756, 15384
146523096400968, 146523096410272, 9304
146525270396132, 146525270398836, 2704
146525387192880, 146525387199212, 6332
146525503962348, 146525503971412, 9064
146525634788684, 146525634797308, 8624
146526111851080, 146526111859628, 8548
146526246360672, 146526246368052, 7380
146526697976476, 146526697985380, 8904
146527169666736, 146527169675916, 9180
146527402595348, 146527402602396, 7048
146527660570584, 146527660579012, 8428
146528642368180, 146528642371024, 2844
146529569998168, 146529570004256, 6088
146530501035284, 146530501045152, 9868
146530587066224, 146530587074452, 8228
146530689715196, 146530689722620, 7424
146531621010124, 146531621021160, 11036
146531683182328, 146531683192948, 10620
146531814157384, 146531814166920, 9536
146532072369448, 146532072378856, 9408
146532779936392, 146532779944732, 8340
146533037734224, 146533037744096, 9872
146533099845608, 146533099853896, 8288
146533234332728, 146533234340408, 7680
146534120077192, 146534120084400, 7208
146534444744308, 146534444748720, 4412
146509638628348, 146509638639696, 11348
146513782173956, 146513782177472, 3516
146514586220820, 146514586222592, 1772
146515118856740, 146515118860180, 3440
146516146397000, 146516146399952, 2952
146516277046108, 146516277057620, 11512
146516463531104, 146516463540980, 9876
146516897689288, 146516897697676, 8388
146517027898544, 146517027906052, 7508
146517498972480, 146517498980712, 8232
146517932264616, 146517932274668, 10052
146518118051072, 146518118059420, 8348
146518203731252, 146518203738444, 7192
146518676096704, 146518676106012, 9308
146519000834728, 146519000843916, 9188
146519671873060, 146519671876856, 3796
146519904942928, 146519904952872, 9944
146520833846360, 146520833855496, 9136
146521826692284, 146521826695788, 3504
146522279022692, 146522279031768, 9076
146522381356840, 146522381365464, 8624
146522928055844, 146522928059604, 3760
146523277184344, 146523277187508, 3164
146524165730040, 146524165739532, 9492
146524612459532, 146524612468800, 9268
146524798695200, 146524798705252, 10052
146525638311496, 146525638320624, 9128
146525755144228, 146525755151420, 7192
146526625127420, 146526625131320, 3900
146526687263004, 146526687271936, 8932
146527013349344, 146527013359264, 9920
146528039812160, 146528039815252, 3092
146528255214972, 146528255218108, 3136
146528514718548, 146528514728428, 9880
146528747502860, 146528747512236, 9376
146529793514196, 146529793523088, 8892
146530027347584, 146530027360944, 13360
146530286330592, 146530286345484, 14892
146530739292256, 146530739321000, 28744
146531066189056, 146531066197976, 8920
146531325229280, 146531325238792, 9512
146531328652552, 146531328660156, 7604
146531580037348, 146531580046120, 8772
146531905482044, 146531905490608, 8564
146532791985428, 146532791992744, 7316
146532795401692, 146532795409116, 7424
146533312737844, 146533312746604, 8760
146534151179136, 146534151186704, 7568
146534401530884, 146534401535352, 4468
146509646951612, 146509646961032, 9420
146509681104792, 146509681113076, 8284
146509765750968, 146509765758696, 7728
146511758530272, 146511758534072, 3800
146511758580624, 146511758584284, 3660
146511758642692, 146511758645888, 3196
146511758693296, 146511758696304, 3008
146511758746660, 146511758749012, 2352
146511758789984, 146511758792332, 2348
146511758822604, 146511758825372, 2768
146511758847784, 146511758852404, 4620
146511758895824, 146511758898872, 3048
146511758949384, 146511758951964, 2580
146511758973864, 146511758975500, 1636
146511758997624, 146511759000160, 2536
146511759026760, 146511759029716, 2956
146511759054960, 146511759058012, 3052
146511759080364, 146511759081944, 1580
146511759167552, 146511759169888, 2336
146511759307916, 146511759310888, 2972
146511759340216, 146511759343076, 2860
146511759429676, 146511759432300, 2624
146511759479060, 146511759481456, 2396
146511759512744, 146511759515416, 2672
146511759587132, 146511759589684, 2552
146513752439452, 146513752444444, 4992
146513752460976, 146513752474304, 13328
146513752485968, 146513752495744, 9776
146513752506884, 146513752515616, 8732
146513752526952, 146513752535988, 9036
146513752546980, 146513752555996, 9016
146513752567108, 146513752575912, 8804
146513752586888, 146513752596004, 9116
146513752606976, 146513752615796, 8820
146513752626720, 146513752634860, 8140
146513752645844, 146513752654508, 8664
146513752665344, 146513752674152, 8808
146513752684612, 146513752693428, 8816
146513752704060, 146513752712364, 8304
146513752723324, 146513752732132, 8808
146514466525436, 146514466530072, 4636
146514939317444, 146514939324236, 6792
146515088980564, 146515089003576, 23012
146515322407692, 146515322424180, 16488
146515452883260, 146515452898976, 15716
146515639044228, 146515639059520, 15292
146516623243432, 146516623246092, 2660
146516685344892, 146516685351188, 6296
146516747432720, 146516747441016, 8296
146516980280380, 146516980288616, 8236
146517083056376, 146517083064392, 8016
146517614000240, 146517614010508, 10268
146518065748900, 146518065758204, 9304
146518492733944, 146518492762620, 28676
146519023494640, 146519023526240, 31600
146519501446308, 146519501476392, 30084
146520615613280, 146520615616116, 2836
146520732441676, 146520732450008, 8332
146521210166092, 146521210175000, 8908
146522598831808, 146522598834440, 2632
146522660969008, 146522660974788, 5780
146522723089424, 146522723097492, 8068
146523048981048, 146523048989420, 8372
146523111199900, 146523111207580, 7680
146523345038404, 146523345048588, 10184
146523448752136, 146523448753824, 1688
146523775159580, 146523775168068, 8488
146524253412784, 146524253422604, 9820
146524256810444, 146524256812128, 1684
146524583366840, 146524583376604, 9764
146524645710544, 146524645718256, 7712
146525123839184, 146525123847920, 8736
146525449001760, 146525449010184, 8424
146525634892980, 146525634901776, 8796
146525885344736, 146525885351752, 7016
146526210396576, 146526210405296, 8720
146526341182464, 146526341190196, 7732
146527227086248, 146527227093252, 7004
146527362204348, 146527362212020, 7672
146527424324156, 146527424331476, 7320
146528590409900, 146528590412504, 2604
146529123092616, 146529123095672, 3056
146529380843968, 146529380853444, 9476
146529631698324, 146529631707532, 9208
146530164528344, 146530164537184, 8840
146530490814732, 146530490824116, 9384
146531201177196, 146531201186124, 8928
146531654252764, 146531654262296, 9532
146532125990508, 146532125999912, 9404
146532965215964, 146532965223932, 7968
146533150758032, 146533150767024, 8992
146533268100440, 146533268109244, 8804
146533593023960, 146533593031932, 7972
146533695241316, 146533695249004, 7688
146533745296456, 146533745300392, 3936
146534262400436, 146534262404016, 3580
146534324524804, 146534324528556, 3752
146534458643864, 146534458648424, 4560
