40918605561072, 40918605570048, 8976
40918612697976, 40918612711108, 13132
40918620831480, 40918620840248, 8768
40918710463428, 40918710475092, 11664
40918727907272, 40918727915636, 8364
40918734823888, 40918734832212, 8324
40922761189644, 40922761195256, 5612
40923497421648, 40923497425684, 4036
40924058026236, 40924058028808, 2572
40924469445836, 40924469456760, 10924
40924842876736, 40924842885484, 8748
40925101565772, 40925101569888, 4116
40925201317536, 40925201321404, 3868
40925580399588, 40925580401988, 2400
40926336013388, 40926336023396, 10008
40926633832520, 40926633835408, 2888
40927144619528, 40927144622376, 2848
40927433930732, 40927433933152, 2420
40927645426208, 40927645428472, 2264
40927825869444, 40927825878388, 8944
40927908836196, 40927908837784, 1588
40928319906396, 40928319913880, 7484
40928332732136, 40928332739204, 7068
40929197681392, 40929197684980, 3588
40929494965132, 40929494968124, 2992
40930845686860, 40930845693052, 6192
40931955059524, 40931955063380, 3856
40932198416416, 40932198423828, 7412
40933204729000, 40933204738568, 9568
40933294248260, 40933294257144, 8884
40933551198428, 40933551204948, 6520
40936091045584, 40936091048772, 3188
40936675289720, 40936675296628, 6908
40937258772332, 40937258780516, 8184
40938018403792, 40938018406396, 2604
40939381390552, 40939381393600, 3048
40939580463064, 40939580471704, 8640
40939992069824, 40939992078676, 8852
40940004903660, 40940004911164, 7504
40940022738824, 40940022745512, 6688
40940112251088, 40940112258744, 7656
40940696326964, 40940696333996, 7032
40940709159160, 40940709165540, 6380
40940940032196, 40940940040100, 7904
40941122941724, 40941122945488, 3764
40941875391056, 40941875393932, 2876
40943375509260, 40943375515216, 5956
40918628854824, 40918628863244, 8420
40918710344016, 40918710346076, 2060
40918711443156, 40918711455584, 12428
40924060031544, 40924060035416, 3872
40924060054768, 40924060062408, 7640
40924240464388, 40924240474792, 10404
40924891231108, 40924891241192, 10084
40925313037596, 40925313040404, 2808
40925642253736, 40925642256992, 3256
40925967482588, 40925967485776, 3188
40926246756584, 40926246759744, 3160
40926336223844, 40926336233308, 9464
40926571987300, 40926571994796, 7496
40926977029028, 40926977032764, 3736
40927290272288, 40927290275268, 2980
40927687327144, 40927687329684, 2540
40927913934964, 40927913945148, 10184
40928003525448, 40928003533332, 7884
40928603100072, 40928603103168, 3096
40928910356820, 40928910360216, 3396
40929121857772, 40929121860208, 2436
40929546840312, 40929546842768, 2456
40929642611284, 40929642613008, 1724
40929655990532, 40929655996340, 5808
40930027658848, 40930027661752, 2904
40930410723608, 40930410729996, 6388
40930809779552, 40930809783932, 4380
40931101094588, 40931101098104, 3516
40931178894608, 40931178896364, 1756
40931191718820, 40931191727424, 8604
40931418371740, 40931418380592, 8852
40931617848828, 40931617854204, 5376
40931798271668, 40931798280320, 8652
40932128579984, 40932128582816, 2832
40932425869688, 40932425875628, 5940
40932796987956, 40932796991280, 3324
40932996599896, 40932996607352, 7456
40933233951796, 40933233965312, 13516
40933527243940, 40933527250696, 6756
40933994080408, 40933994082964, 2556
40934181636844, 40934181639680, 2836
40934427053992, 40934427061184, 7192
40934724342744, 40934724345764, 3020
40935474559012, 40935474561936, 2924
40935701173944, 40935701183420, 9476
40935719017860, 40935719025848, 7988
40935899402956, 40935899411632, 8676
40935912249508, 40935912257480, 7972
40936119436064, 40936119443220, 7156
40936346073880, 40936346081704, 7824
40937352258100, 40937352266644, 8544
40937365087380, 40937365094196, 6816
40937609419636, 40937609426744, 7108
40938982090772, 40938982093340, 2568
40939307316512, 40939307319660, 3148
40939959582428, 40939959590524, 8096
40940186286172, 40940186292620, 6448
40940837978736, 40940837986548, 7812
40942006782360, 40942006785984, 3624
40943020362164, 40943020369920, 7756
40918644943648, 40918644955236, 11588
40924058024648, 40924058027940, 3292
40924058047808, 40924058055440, 7632
40924147531532, 40924147542320, 10788
40925400826200, 40925400830396, 4196
40925911618956, 40925911622120, 3164
40926125709044, 40926125719384, 10340
40926809422544, 40926809425384, 2840
40926989873900, 40926989882648, 8748
40927809039852, 40927809042824, 2972
40928183153076, 40928183162976, 9900
40929201669020, 40929201672544, 3524
40929385229872, 40929385237004, 7132
40929759165668, 40929759180412, 14744
40930875633792, 40930875637412, 3620
40931121040396, 40931121048100, 7704
40931772672884, 40931772687964, 15080
40932254280188, 40932254282776, 2588
40932519645452, 40932519652796, 7344
40933171244108, 40933171253244, 9136
40933918316988, 40933918322696, 5708
40935223166108, 40935223169888, 3780
40936629754052, 40936629756904, 2852
40936819297084, 40936819300312, 3228
40937027035012, 40937027044420, 9408
40937438657164, 40937438663972, 6808
40937980468880, 40937980475344, 6464
40938188234604, 40938188243536, 8932
40939393118752, 40939393122720, 3968
40940399890340, 40940399895844, 5504
40941406460628, 40941406469492, 8864
40942022734696, 40942022737632, 2936
40942134473948, 40942134476648, 2700
40942513564048, 40942513566292, 2244
40942740319008, 40942740327448, 8440
40942930568656, 40942930570172, 1516
40943154039592, 40943154048440, 8848
40943509197428, 40943509200500, 3072
40943908247500, 40943908250732, 3232
40918637024004, 40918637032344, 8340
40918710440324, 40918710450524, 10200
40918722383304, 40918722393720, 10416
40924050049288, 40924050052272, 2984
40924050066824, 40924050074164, 7340
40924339368692, 40924339372364, 3672
40924352197484, 40924352208548, 11064
40924532592420, 40924532599896, 7476
40924732148040, 40924732156248, 8208
40925428764088, 40925428769292, 5204
40926043255284, 40926043258216, 2932
40926154975968, 40926154978724, 2756
40926569997228, 40926570002004, 4776
40926827375404, 40926827378000, 2596
40927832771724, 40927832780232, 8508
40928263296124, 40928263304184, 8060
40928494078360, 40928494086888, 8528
40928802616348, 40928802619388, 3040
40929133826136, 40929133830276, 4140
40929496958960, 40929496965184, 6224
40930080344064, 40930080368692, 24628
40930999323952, 40930999326916, 2964
40931206889588, 40931206899524, 9936
40931502985544, 40931502993360, 7816
40932030816064, 40932030819344, 3280
40932114609456, 40932114615544, 6088
40932641366332, 40932641369068, 2736
40932882785148, 40932882788040, 2892
40933313249260, 40933313257864, 8604
40934012046008, 40934012048956, 2948
40934325304400, 40934325308156, 3756
40934437035228, 40934437038084, 2856
40934460962996, 40934460964432, 1436
40934702402380, 40934702407140, 4760
40935019634832, 40935019641296, 6464
40936015223940, 40936015226628, 2688
40936104697488, 40936104706996, 9508
40936756844200, 40936756848876, 4676
40937409003388, 40937409008360, 4972
40938060478164, 40938060487492, 9328
40938260050796, 40938260059868, 9072
40938486691460, 40938486698976, 7516
40940725889552, 40940725892600, 3048
40940933513232, 40940933519316, 6084
40941141043784, 40941141052708, 8924
40941514256840, 40941514264192, 7352
40942000792580, 40942000795652, 3072
40942234234568, 40942234237264, 2696
40942645503544, 40942645512284, 8740
40943080673956, 40943080682568, 8612
40943520227176, 40943520231488, 4312
