38750499583488, 38750499594224, 10736
38750499625356, 38750499632388, 7032
38750499655304, 38750499662000, 6696
38752493738390, 38752493779704, 41314
38752627415576, 38752627419650, 4074
38752761082840, 38752761085880, 3040
38752894765488, 38752894768644, 3156
38753028442280, 38753028445324, 3044
38753162065964, 38753162069120, 3156
38753295746716, 38753295749664, 2948
38753429428688, 38753429431684, 2996
38753563110020, 38753563113044, 3024
38753696792924, 38753696795856, 2932
38753830475848, 38753830478856, 3008
38753964156564, 38753964159560, 2996
38754097837288, 38754097840264, 2976
38754231519708, 38754231522688, 2980
38754365347128, 38754365350188, 3060
38754498883724, 38754498886764, 3040
38754632566016, 38754632569168, 3152
38754766247584, 38754766250648, 3064
38754899930564, 38754899933748, 3184
38755033553200, 38755033556208, 3008
38755167234748, 38755167238152, 3404
38755300915864, 38755300918876, 3012
38755434596356, 38755434599340, 2984
38755568278764, 38755568281700, 2936
38755701961072, 38755701964100, 3028
38755835643128, 38755835646140, 3012
38755969324420, 38755969327388, 2968
38756103006916, 38756103009852, 2936
38756236688316, 38756236691284, 2968
38756370371496, 38756370374660, 3164
38756504052232, 38756504055196, 2964
38756637734448, 38756637737624, 3176
38756771414760, 38756771417788, 3028
38756905099016, 38756905102236, 3220
38757038747204, 38757038797348, 50144
38757172402772, 38757172405836, 3064
38757306083844, 38757306086840, 2996
38757439766564, 38757439769656, 3092
38757573447884, 38757573450896, 3012
38757707129928, 38757707132956, 3028
38757840810764, 38757840813792, 3028
38757974501532, 38757974504508, 2976
38758108173460, 38758108176696, 3236
38758241855720, 38758241858728, 3008
38758375539304, 38758375542480, 3176
38758509220500, 38758509223512, 3012
38758642902916, 38758642906072, 3156
38758776654692, 38758776657632, 2940
38758910266196, 38758910269344, 3148
38759043887288, 38759043890304, 3016
38759177570448, 38759177573432, 2984
38759311252364, 38759311255356, 2992
38759444932404, 38759444935392, 2988
38759578614868, 38759578617832, 2964
38759712297660, 38759712300604, 2944
38759845979320, 38759845982332, 3012
38759979660584, 38759979663612, 3028
38760113343184, 38760113346372, 3188
38760247023316, 38760247026268, 2952
38760380708420, 38760380711624, 3204
38760514418244, 38760514459328, 41084
38760648070220, 38760648073436, 3216
38760781751728, 38760781754740, 3012
38760915434292, 38760915437356, 3064
38761049055656, 38761049058688, 3032
38761182737556, 38761182740544, 2988
38761316419752, 38761316422728, 2976
38761450102776, 38761450105812, 3036
38761583783832, 38761583786816, 2984
38761717464780, 38761717467784, 3004
38761851148028, 38761851151656, 3628
38761984828344, 38761984831336, 2992
38762118511560, 38762118514724, 3164
38762252219776, 38762252224776, 5000
38762385874896, 38762385878072, 3176
38762519555984, 38762519559012, 3028
38762653239168, 38762653242348, 3180
38762786921008, 38762786923968, 2960
38762920601988, 38762920605028, 3040
38763054227352, 38763054230428, 3076
38763187933736, 38763187976740, 43004
38763321612570, 38763321657320, 44750
38763455270164, 38763455273156, 2992
38763588952020, 38763588955048, 3028
38763722658110, 38763722663104, 4994
38763856363032, 38763856366220, 3188
38763989998276, 38763990001260, 2984
38764123680536, 38764123683752, 3216
38764680351164, 38764680362392, 11228
38765310796404, 38765310799416, 3012
38765486375116, 38765486378288, 3172
38765661963100, 38765661966432, 3332
38765837854072, 38765837857376, 3304
38766013128260, 38766013131420, 3160
38766188707008, 38766188710216, 3208
38766364292940, 38766364296228, 3288
38766539870364, 38766539873968, 3604
38766715453888, 38766715456960, 3072
38766891038500, 38766891041808, 3308
38767066563056, 38767066566304, 3248
38767242138520, 38767242141652, 3132
38767417721592, 38767417724612, 3020
38767593306468, 38767593309724, 3256
38767768883976, 38767768887068, 3092
38767944468544, 38767944471748, 3204
38768120053376, 38768120056568, 3192
38768295630264, 38768295633332, 3068
38768471213432, 38768471216560, 3128
38768646800020, 38768646803264, 3244
38768822377960, 38768822381140, 3180
38768997958096, 38768997961112, 3016
38769173482228, 38769173485316, 3088
38769349066728, 38769349069904, 3176
38769524645228, 38769524648248, 3020
38769700227780, 38769700230892, 3112
38769875815588, 38769875818760, 3172
38770051386012, 38770051389016, 3004
38770226967964, 38770226970976, 3012
38770402551104, 38770402554548, 3444
38770578131356, 38770578134512, 3156
38770753739190, 38770753744150, 4960
38770929320964, 38770929349500, 28536
38771104818620, 38771104821860, 3240
38771280401536, 38771280404648, 3112
38771455983916, 38771455986960, 3044
38771631567792, 38771631571020, 3228
38771807147820, 38771807150828, 3008
38771982730020, 38771982733072, 3052
38772158313520, 38772158316596, 3076
38772333894152, 38772333897424, 3272
38772509501256, 38772509506344, 5088
38752575544636, 38752575582044, 37408
38752651336804, 38752651344896, 8092
38752808967812, 38752808970932, 3120
38752966593260, 38752966596212, 2952
38753124179724, 38753124185104, 5380
38753281782104, 38753281785120, 3016
38753439403564, 38753439406728, 3164
38753597028860, 38753597032144, 3284
38753754655736, 38753754658752, 3016
38753912281532, 38753912284472, 2940
38754069955688, 38754069958692, 3004
38754227578436, 38754227581396, 2960
38754385147388, 38754385150596, 3208
38754542779048, 38754542782148, 3100
38754700409700, 38754700412748, 3048
38754858028032, 38754858031160, 3128
38755015655564, 38755015658544, 2980
38755173219892, 38755173223032, 3140
38755330841936, 38755330844984, 3048
38755488469684, 38755488472748, 3064
38755646160100, 38755646163124, 3024
38755803791860, 38755803794840, 2980
38755961413812, 38755961416812, 3000
38756118967524, 38756118970720, 3196
38756276591284, 38756276594360, 3076
38756434218880, 38756434221880, 3000
38756591841080, 38756591844104, 3024
38756749468200, 38756749471244, 3044
38756907092020, 38756907095092, 3072
38757064655532, 38757064658768, 3236
38757222283396, 38757222286364, 2968
38757379899956, 38757379903140, 3184
38757537560810, 38757537610096, 49286
38757695184556, 38757695189496, 4940
38757852784164, 38757852787208, 3044
38758010407264, 38758010410232, 2968
38758168032056, 38758168034984, 2928
38758325655616, 38758325658744, 3128
38758483282224, 38758483285208, 2984
38758640905744, 38758640908952, 3208
38758798532504, 38758798535440, 2936
38758956157044, 38758956160016, 2972
38759113714624, 38759113717788, 3164
38759271370144, 38759271375336, 5192
38759428969840, 38759428972932, 3092
38759586597568, 38759586600632, 3064
38759744221656, 38759744224588, 2932
38759901847004, 38759901849984, 2980
38760059469376, 38760059472604, 3228
38760217124544, 38760217174480, 49936
38760374733976, 38760374739390, 5414
38760532346996, 38760532349952, 2956
38760689971052, 38760689973956, 2904
38760847592264, 38760847595376, 3112
38761005221924, 38761005225008, 3084
38761162786832, 38761162789744, 2912
38761320411160, 38761320414124, 2964
38761478035972, 38761478038912, 2940
38761635661172, 38761635664304, 3132
38761793355936, 38761793359024, 3088
38761950962884, 38761950965912, 3028
38762108553984, 38762108559090, 5106
38762266161456, 38762266164436, 2980
38762423787628, 38762423790636, 3008
38762581406360, 38762581409416, 3056
38762739034392, 38762739037440, 3048
38762896658144, 38762896661144, 3000
38764181539408, 38764181542576, 3168
38769989590788, 38769989593912, 3124
38770147165412, 38770147168468, 3056
38770304787588, 38770304790852, 3264
38770462415680, 38770462418672, 2992
38770620039472, 38770620042448, 2976
38770777662904, 38770777665980, 3076
38770935290864, 38770935293940, 3076
38771092856384, 38771092859620, 3236
38771250479800, 38771250482864, 3064
38771408104632, 38771408107604, 2972
38771565741024, 38771565746224, 5200
38771723353872, 38771723357128, 3256
38771880980928, 38771880983988, 3060
38772038601152, 38772038604244, 3092
38772196228472, 38772196231492, 3020
38772353853568, 38772353856592, 3024
38772511477128, 38772511480264, 3136
38752675287700, 38752675301804, 14104
38752844881352, 38752844884688, 3336
38753020458032, 38753020461152, 3120
38753195976848, 38753195979988, 3140
38753371562976, 38753371566272, 3296
38753547144028, 38753547147156, 3128
38753722725816, 38753722728868, 3052
38753898308236, 38753898311516, 3280
38754073889828, 38754073892848, 3020
38754249469724, 38754249472808, 3084
38754425052780, 38754425056060, 3280
38754600637996, 38754600641120, 3124
38754776217352, 38754776220532, 3180
38754951799396, 38754951802612, 3216
38755127324776, 38755127328020, 3244
38755302906600, 38755302909712, 3112
38755478488220, 38755478491280, 3060
38755654071268, 38755654074516, 3248
38755829653392, 38755829656488, 3096
38756005231388, 38756005234484, 3096
38756180817796, 38756180820992, 3196
38756356399428, 38756356402420, 2992
38756531977892, 38756531980936, 3044
38756707560784, 38756707563812, 3028
38756883169416, 38756883174724, 5308
38757058674708, 38757058677736, 3028
38757234250732, 38757234253812, 3080
38757409833980, 38757409837180, 3200
38757585413932, 38757585416912, 2980
38757760995932, 38757760998972, 3040
38757936577704, 38757936580696, 2992
38758112159556, 38758112162832, 3276
38758287741224, 38758287744272, 3048
38758463348944, 38758463354044, 5100
38758638930536, 38758638935756, 5220
38758814487580, 38758814490664, 3084
38758990071616, 38758990074620, 3004
38759165594252, 38759165597396, 3144
38759341172844, 38759341175840, 2996
38759516755288, 38759516758284, 2996
38759692338948, 38759692341972, 3024
38759867921396, 38759867924612, 3216
38760043502552, 38760043505556, 3004
38760219088796, 38760219091824, 3028
38760394671332, 38760394674588, 3256
38760570248140, 38760570251164, 3024
38760745832712, 38760745835752, 3040
38760921415924, 38760921419152, 3228
38761096933464, 38761096936528, 3064
38761272519640, 38761272522648, 3008
38761448101460, 38761448104484, 3024
38761623681584, 38761623684876, 3292
38761799264608, 38761799267616, 3008
38761974847740, 38761974850764, 3024
38762150429188, 38762150432500, 3312
38762326012988, 38762326016064, 3076
38762501594540, 38762501597560, 3020
38762677174312, 38762677176588, 2276
38762852757420, 38762852760696, 3276
38763028315744, 38763028320796, 5052
38763203860440, 38763203863524, 3084
38763379447304, 38763379450588, 3284
38763555045590, 38763555050656, 5066
38763730609264, 38763730612300, 3036
38763906189092, 38763906192340, 3248
38764081799604, 38764081828268, 28664
38764257357064, 38764257369224, 12160
38764391042900, 38764391046220, 3320
38764524724000, 38764524727064, 3064
38764658406280, 38764658409364, 3084
38764792086564, 38764792089724, 3160
38764925769156, 38764925772348, 3192
38765059392096, 38765059395204, 3108
38765193073912, 38765193076984, 3072
38765326756136, 38765326759268, 3132
38765460440980, 38765460444172, 3192
38765594130868, 38765594134152, 3284
38765727807576, 38765727810644, 3068
38765861494252, 38765861497616, 3364
38765995171080, 38765995174184, 3104
38766128856684, 38766128860028, 3344
38766262534916, 38766262538180, 3264
38766396216384, 38766396219516, 3132
38766529900364, 38766529903432, 3068
38766663575024, 38766663578020, 2996
38766797260732, 38766797263968, 3236
38766930943604, 38766930946824, 3220
38767064566904, 38767064570104, 3200
38767198252360, 38767198255564, 3204
38767331930304, 38767331933536, 3232
38767465610356, 38767465613600, 3244
38767599297704, 38767599301076, 3372
38767732975804, 38767732978988, 3184
38767866661700, 38767866664952, 3252
38768000337944, 38768000341016, 3072
38768134026236, 38768134029468, 3232
38768267706916, 38768267710088, 3172
38768401384264, 38768401387352, 3088
38768535063504, 38768535066784, 3280
38768668748192, 38768668751428, 3236
38768802431768, 38768802435032, 3264
38768936114280, 38768936117492, 3212
38769069734032, 38769069737268, 3236
38769203415524, 38769203418732, 3208
38769337103252, 38769337106488, 3236
38769470779900, 38769470782992, 3092
38769604467576, 38769604470952, 3376
38769738143520, 38769738146664, 3144
38769871830664, 38769871834024, 3360
38770005501848, 38770005504920, 3072
38770139182620, 38770139185684, 3064
38770272864744, 38770272867820, 3076
38770406546292, 38770406549368, 3076
38770540229644, 38770540232764, 3120
38770673910524, 38770673913612, 3088
38770807592408, 38770807595512, 3104
38770941273208, 38770941276356, 3148
38771075303944, 38771075307196, 3252
38771208577920, 38771208581000, 3080
38771342261040, 38771342264300, 3260
38771475939528, 38771475942616, 3088
38771609625428, 38771609628644, 3216
38771743305572, 38771743308632, 3060
38771876988272, 38771876991572, 3300
38772010669080, 38772010672108, 3028
38772144351516, 38772144354600, 3084
38772278032976, 38772278036008, 3032
38772411715160, 38772411718236, 3076
38772545396528, 38772545399616, 3088
