38750499577620, 38750499583220, 5600
38750499622108, 38750499625156, 3048
38750499652424, 38750499655108, 2684
38752493728064, 38752493738064, 10000
38752627408524, 38752627415250, 6726
38752761075780, 38752761082648, 6868
38752894759096, 38752894765292, 6196
38753028435916, 38753028442084, 6168
38753162059388, 38753162065768, 6380
38753295740196, 38753295746520, 6324
38753429422168, 38753429428488, 6320
38753563103620, 38753563109820, 6200
38753696786568, 38753696792732, 6164
38753830469432, 38753830475652, 6220
38753964149780, 38753964156368, 6588
38754097830716, 38754097837092, 6376
38754231513180, 38754231519516, 6336
38754365340292, 38754365346932, 6640
38754498877076, 38754498883536, 6460
38754632559588, 38754632565820, 6232
38754766241132, 38754766247388, 6256
38754899923732, 38754899930372, 6640
38755033546516, 38755033553004, 6488
38755167227056, 38755167234292, 7236
38755300909636, 38755300915664, 6028
38755434589872, 38755434596164, 6292
38755568272356, 38755568278564, 6208
38755701954408, 38755701960876, 6468
38755835636060, 38755835642932, 6872
38755969318368, 38755969324228, 5860
38756102999936, 38756103006720, 6784
38756236681900, 38756236688116, 6216
38756370364804, 38756370371304, 6500
38756504045552, 38756504052040, 6488
38756637728120, 38756637734256, 6136
38756771408488, 38756771414560, 6072
38756905092536, 38756905098816, 6280
38757038736044, 38757038746876, 10832
38757172396308, 38757172402584, 6276
38757306077424, 38757306083660, 6236
38757439759216, 38757439766372, 7156
38757573441252, 38757573447688, 6436
38757707123204, 38757707129732, 6528
38757840804252, 38757840810568, 6316
38757974495184, 38757974501332, 6148
38758108167340, 38758108173272, 5932
38758241849344, 38758241855520, 6176
38758375532832, 38758375539112, 6280
38758509214036, 38758509220304, 6268
38758642896704, 38758642902720, 6016
38758776599856, 38758776654492, 54636
38758910259392, 38758910266000, 6608
38759043880820, 38759043887092, 6272
38759177563712, 38759177570248, 6536
38759311245876, 38759311252168, 6292
38759444925744, 38759444932208, 6464
38759578608356, 38759578614680, 6324
38759712291076, 38759712297464, 6388
38759845972924, 38759845979124, 6200
38759979654452, 38759979660388, 5936
38760113336524, 38760113342988, 6464
38760247016996, 38760247023116, 6120
38760380702144, 38760380708224, 6080
38760514407636, 38760514417936, 10300
38760648063824, 38760648070020, 6196
38760781744888, 38760781751536, 6648
38760915427560, 38760915434092, 6532
38761049049204, 38761049055456, 6252
38761182731172, 38761182737368, 6196
38761316413132, 38761316419560, 6428
38761450096040, 38761450102584, 6544
38761583777236, 38761583783644, 6408
38761717458504, 38761717464592, 6088
38761851140316, 38761851147312, 6996
38761984822112, 38761984828156, 6044
38762118504912, 38762118511364, 6452
38762252209256, 38762252219450, 10194
38762385868464, 38762385874696, 6232
38762519549244, 38762519555788, 6544
38762653232752, 38762653238968, 6216
38762786914444, 38762786920812, 6368
38762920595196, 38762920601800, 6604
38763054220868, 38763054227152, 6284
38763187922484, 38763187933416, 10932
38763321602070, 38763321612256, 10186
38763455263384, 38763455269972, 6588
38763588945088, 38763588951828, 6740
38763722647250, 38763722657784, 10534
38763856330644, 38763856362848, 32204
38763989991848, 38763989998084, 6236
38764123673952, 38764123680340, 6388
38764680347664, 38764680350976, 3312
38764779563532, 38764779568652, 5120
38764879358200, 38764879361884, 3684
38764978589644, 38764978593516, 3872
38765077913776, 38765077917532, 3756
38765177715472, 38765177719184, 3712
38765310791912, 38765310796196, 4284
38765486363964, 38765486374904, 10940
38765661945440, 38765661962884, 17444
38765837837608, 38765837853808, 16200
38766013110428, 38766013128040, 17612
38766188690764, 38766188706788, 16024
38766364275728, 38766364292736, 17008
38766539856576, 38766539869892, 13316
38766715437332, 38766715453576, 16244
38766891021248, 38766891038140, 16892
38767066549524, 38767066562844, 13320
38767242125124, 38767242138320, 13196
38767417707680, 38767417721108, 13428
38767593289528, 38767593306276, 16748
38767768870748, 38767768883624, 12876
38767944451964, 38767944468196, 16232
38768120036560, 38768120053172, 16612
38768295616960, 38768295629976, 13016
38768471199716, 38768471213124, 13408
38768646782540, 38768646799664, 17124
38768822364580, 38768822377756, 13176
38768997944840, 38768997957748, 12908
38769173468504, 38769173481836, 13332
38769349050200, 38769349066436, 16236
38769524631744, 38769524645032, 13288
38769700214816, 38769700227564, 12748
38769875798720, 38769875815372, 16652
38770051379076, 38770051385752, 6676
38770226961016, 38770226967612, 6596
38770402543132, 38770402550804, 7672
38770578124640, 38770578131140, 6500
38770753726664, 38770753738850, 12186
38770929309050, 38770929320590, 11540
38771104811028, 38771104818316, 7288
38771280394384, 38771280401256, 6872
38771455976772, 38771455983620, 6848
38771631560516, 38771631567576, 7060
38771807140904, 38771807147608, 6704
38771982722916, 38771982729652, 6736
38772158306572, 38772158313228, 6656
38772333887124, 38772333893848, 6724
38772509488570, 38772509500756, 12186
38748492550944, 38748492558444, 7500
38748499750000, 38748499758352, 8352
38752575539544, 38752575544304, 4760
38752651332356, 38752651336612, 4256
38752808960756, 38752808967616, 6860
38752966588332, 38752966593064, 4732
38753124168610, 38753124179390, 10780
38753281777796, 38753281781908, 4112
38753439396620, 38753439403368, 6748
38753597021800, 38753597028664, 6864
38753754651228, 38753754655544, 4316
38753912277048, 38753912281340, 4292
38754069926736, 38754069955488, 28752
38754227573852, 38754227578240, 4388
38754385141432, 38754385147192, 5760
38754542772792, 38754542778848, 6056
38754700407544, 38754700409508, 1964
38754858021444, 38754858027852, 6408
38755015651196, 38755015655256, 4060
38755173215676, 38755173219700, 4024
38755330835500, 38755330841740, 6240
38755488465296, 38755488469488, 4192
38755646117230, 38755646159908, 42678
38755803739570, 38755803791664, 52094
38755961355110, 38755961413620, 58510
38756118960664, 38756118967324, 6660
38756276584844, 38756276591080, 6236
38756434214036, 38756434218688, 4652
38756591834304, 38756591840884, 6580
38756749463980, 38756749468008, 4028
38756907085348, 38756907091824, 6476
38757064649236, 38757064655336, 6100
38757222278924, 38757222283208, 4284
38757379894156, 38757379899752, 5596
38757537553810, 38757537560496, 6686
38757695177190, 38757695184244, 7054
38757852779764, 38757852783980, 4216
38758010402940, 38758010407064, 4124
38758168027776, 38758168031860, 4084
38758325649300, 38758325655424, 6124
38758483278048, 38758483282036, 3988
38758640899360, 38758640905552, 6192
38758798528148, 38758798532300, 4152
38758956152700, 38758956156848, 4148
38759113708404, 38759113714424, 6020
38759271359336, 38759271369824, 10488
38759428963560, 38759428969644, 6084
38759586592756, 38759586597316, 4560
38759744217360, 38759744221460, 4100
38759901842460, 38759901846808, 4348
38760059463024, 38760059469184, 6160
38760217117376, 38760217124224, 6848
38760374724016, 38760374733650, 9634
38760532342704, 38760532346804, 4100
38760689966580, 38760689970856, 4276
38760847585720, 38760847592072, 6352
38761005217700, 38761005221732, 4032
38761162782516, 38761162786644, 4128
38761320406672, 38761320410968, 4296
38761478031652, 38761478035780, 4128
38761635656916, 38761635660976, 4060
38761793300076, 38761793355740, 55664
38761950932296, 38761950962692, 30396
38762108545050, 38762108553656, 8606
38762266156944, 38762266161264, 4320
38762423782956, 38762423787436, 4480
38762581399888, 38762581406164, 6276
38762739030220, 38762739034196, 3976
38762896651752, 38762896657956, 6204
38764181536924, 38764181539144, 2220
38764312843604, 38764312849108, 5504
38764444752332, 38764444756236, 3904
38764576131704, 38764576135644, 3940
38764708104764, 38764708109732, 4968
38764839600828, 38764839604540, 3712
38764971678568, 38764971682360, 3792
38765103826388, 38765103830016, 3628
38765235302780, 38765235306428, 3648
38765367252204, 38765367256088, 3884
38765498626884, 38765498630472, 3588
38765630573268, 38765630577108, 3840
38765762024904, 38765762028676, 3772
38765893931568, 38765893935204, 3636
38766025254404, 38766025258184, 3780
38766157203080, 38766157206996, 3916
38766288629420, 38766288633200, 3780
38766420559328, 38766420563108, 3780
38766551895996, 38766551899712, 3716
38766683862056, 38766683865908, 3852
38766815284672, 38766815288420, 3748
38766947193988, 38766947197816, 3828
38767078603052, 38767078606908, 3856
38767210582076, 38767210586184, 4108
38767342556840, 38767342560224, 3384
38767473930040, 38767473933620, 3580
38767605872524, 38767605876476, 3952
38767737275188, 38767737279132, 3944
38767869245372, 38767869248740, 3368
38768000594732, 38768000598996, 4264
38768132508932, 38768132512404, 3472
38768263883132, 38768263886660, 3528
38768395839488, 38768395842544, 3056
38768527207328, 38768527210752, 3424
38768659109904, 38768659113904, 4000
38768790477964, 38768790481732, 3768
38768922439916, 38768922443156, 3240
38769053894684, 38769053898124, 3440
38769185790968, 38769185794388, 3420
38769317144572, 38769317148092, 3520
38769449091708, 38769449095448, 3740
38769581002040, 38769581005504, 3464
38769712334120, 38769712337456, 3336
38769844263820, 38769844267464, 3644
38769989586120, 38769989590596, 4476
38770147161180, 38770147165220, 4040
38770304780760, 38770304787396, 6636
38770462411484, 38770462415484, 4000
38770620035220, 38770620039284, 4064
38770777656276, 38770777662712, 6436
38770935286676, 38770935290680, 4004
38771092851976, 38771092856192, 4216
38771250475620, 38771250479608, 3988
38771408100516, 38771408104440, 3924
38771565731056, 38771565740616, 9560
38771723349640, 38771723353680, 4040
38771880976732, 38771880980740, 4008
38772038594468, 38772038600956, 6488
38772196224084, 38772196228280, 4196
38772353849376, 38772353853376, 4000
38772511470508, 38772511476932, 6424
38752675284568, 38752675287508, 2940
38752675306920, 38752675313980, 7060
38752844873964, 38752844881156, 7192
38753020453056, 38753020457836, 4780
38753195970828, 38753195976660, 5832
38753371557504, 38753371562784, 5280
38753547139356, 38753547143832, 4476
38753722719880, 38753722725624, 5744
38753898302260, 38753898308044, 5784
38754073885132, 38754073889628, 4496
38754249464160, 38754249469532, 5372
38754425046672, 38754425052588, 5916
38754600633128, 38754600637808, 4680
38754776212944, 38754776217160, 4216
38754951793352, 38754951799204, 5852
38755127320036, 38755127324584, 4548
38755302901708, 38755302906408, 4700
38755478483672, 38755478488020, 4348
38755654066532, 38755654071076, 4544
38755829647908, 38755829653196, 5288
38756005225760, 38756005231200, 5440
38756180813056, 38756180817604, 4548
38756356394592, 38756356399240, 4648
38756531972300, 38756531977696, 5396
38756707554860, 38756707560588, 5728
38756883160684, 38756883169096, 8412
38757058670124, 38757058674516, 4392
38757234246368, 38757234250536, 4168
38757409829220, 38757409833788, 4568
38757585409424, 38757585413744, 4320
38757760991060, 38757760995732, 4672
38757936572692, 38757936577512, 4820
38758112153884, 38758112159364, 5480
38758287735496, 38758287741024, 5528
38758463340216, 38758463348616, 8400
38758638922810, 38758638930210, 7400
38758814483084, 38758814487368, 4284
38758990066956, 38758990071428, 4472
38759165589348, 38759165594064, 4716
38759341167056, 38759341172648, 5592
38759516749376, 38759516755092, 5716
38759692334160, 38759692338756, 4596
38759867915260, 38759867921204, 5944
38760043496748, 38760043502356, 5608
38760219084376, 38760219088604, 4228
38760394665852, 38760394671136, 5284
38760570242608, 38760570247944, 5336
38760745828096, 38760745832520, 4424
38760921411080, 38760921415732, 4652
38761096928180, 38761096933272, 5092
38761272515044, 38761272519448, 4404
38761448096368, 38761448101268, 4900
38761623675656, 38761623681396, 5740
38761799259952, 38761799264408, 4456
38761974842696, 38761974847544, 4848
38762150422704, 38762150428992, 6288
38762326008568, 38762326012800, 4232
38762501589488, 38762501594344, 4856
38762677170136, 38762677174120, 3984
38762852751612, 38762852757224, 5612
38763028308370, 38763028315430, 7060
38763203854496, 38763203860252, 5756
38763379442448, 38763379447108, 4660
38763555035504, 38763555045256, 9752
38763730604764, 38763730609068, 4304
38763906183528, 38763906188896, 5368
38764081791656, 38764081799176, 7520
38764257349828, 38764257356872, 7044
38764391036264, 38764391042704, 6440
38764524717220, 38764524723804, 6584
38764658399640, 38764658406088, 6448
38764792079624, 38764792086368, 6744
38764925762392, 38764925768960, 6568
38765059385372, 38765059391904, 6532
38765193067056, 38765193073720, 6664
38765326749720, 38765326755940, 6220
38765460430980, 38765460440780, 9800
38765594113584, 38765594130676, 17092
38765727794084, 38765727807380, 13296
38765861477196, 38765861494056, 16860
38765995157588, 38765995170888, 13300
38766128839200, 38766128856492, 17292
38766262521604, 38766262534736, 13132
38766396203064, 38766396216188, 13124
38766529887276, 38766529900172, 12896
38766663573192, 38766663574836, 1644
38766797247644, 38766797260544, 12900
38766930930308, 38766930943404, 13096
38767064553136, 38767064566716, 13580
38767198235760, 38767198252164, 16404
38767331916780, 38767331930116, 13336
38767465597196, 38767465610164, 12968
38767599280840, 38767599297512, 16672
38767732962724, 38767732975612, 12888
38767866644648, 38767866661508, 16860
38768000324964, 38768000337748, 12784
38768134009188, 38768134025980, 16792
38768267689352, 38768267706720, 17368
38768401371184, 38768401384068, 12884
38768535053688, 38768535063316, 9628
38768668735036, 38768668748000, 12964
38768802418312, 38768802431568, 13256
38768936098308, 38768936114084, 15776
38769069720972, 38769069733840, 12868
38769203402156, 38769203415328, 13172
38769337085912, 38769337103056, 17144
38769470766752, 38769470779704, 12952
38769604449456, 38769604467380, 17924
38769738130316, 38769738143336, 13020
38769871812892, 38769871830472, 17580
38770005495068, 38770005501656, 6588
38770139176264, 38770139182428, 6164
38770272857768, 38770272864552, 6784
38770406539532, 38770406546100, 6568
38770540222820, 38770540229444, 6624
38770673903504, 38770673910328, 6824
38770807585752, 38770807592216, 6464
38770941266640, 38770941273012, 6372
38771075297184, 38771075303748, 6564
38771208571136, 38771208577724, 6588
38771342253788, 38771342260848, 7060
38771475932780, 38771475939328, 6548
38771609618096, 38771609625244, 7148
38771743298596, 38771743305380, 6784
38771876981252, 38771876988072, 6820
38772010662160, 38772010668888, 6728
38772144344680, 38772144351304, 6624
38772278026016, 38772278032784, 6768
38772411708224, 38772411714964, 6740
38772545389652, 38772545396328, 6676
