146179225098116, 146179225105804, 7688
146179232379064, 146179232388764, 9700
146179240884216, 146179240893592, 9376
146179248805304, 146179248814312, 9008
146179257233072, 146179257241840, 8768
146183392369984, 146183392373348, 3364
146184417891060, 146184417899552, 8492
146184837386888, 146184837402344, 15456
146185042270268, 146185042273240, 2972
146185531128964, 146185531130928, 1964
146186217455752, 146186217458660, 2908
146186694400536, 146186694402496, 1960
146187310838676, 146187310842016, 3340
146188789304832, 146188789309036, 4204
146189080256004, 146189080265856, 9852
146189407791456, 146189407794336, 2880
146189888629808, 146189888632936, 3128
146190128045824, 146190128049408, 3584
146190966039796, 146190966047612, 7816
146191625258636, 146191625261576, 2940
146192374607232, 146192374610908, 3676
146192775684468, 146192775692268, 7800
146193416027292, 146193416054116, 26824
146193956841856, 146193956849524, 7668
146194707080848, 146194707083408, 2560
146195620937424, 146195620940336, 2912
146195748488064, 146195748493908, 5844
146197377271924, 146197377274972, 3048
146197687823704, 146197687826496, 2792
146197871659136, 146197871669696, 10560
146198394210580, 146198394213512, 2932
146198783159276, 146198783162356, 3080
146198823124704, 146198823133672, 8968
146199736885736, 146199736888880, 3144
146200006321672, 146200006326052, 4380
146200345396520, 146200345399636, 3116
146200525003392, 146200525006144, 2752
146201103623516, 146201103626652, 3136
146201909624928, 146201909627960, 3032
146202460473176, 146202460476004, 2828
146202956287048, 146202956296484, 9436
146202995932836, 146202995941408, 8572
146203358292496, 146203358295400, 2904
146203797084320, 146203797089164, 4844
146204335880676, 146204335889020, 8344
146179282068732, 146179282076672, 7940
146183446213236, 146183446216316, 3080
146184425805720, 146184425809540, 3820
146184729039832, 146184729043024, 3192
146184788903748, 146184788907616, 3868
146185499267808, 146185499269812, 2004
146186127783032, 146186127790140, 7108
146186223444852, 146186223449584, 4732
146186730682856, 146186730698576, 15720
146187528303460, 146187528318968, 15508
146187713848808, 146187713851536, 2728
146188090944928, 146188090947940, 3012
146188817190384, 146188817194256, 3872
146189001466896, 146189001477772, 10876
146189874639900, 146189874648744, 8844
146190391410304, 146190391413108, 2804
146190430791036, 146190430800520, 9484
146191269372692, 146191269375484, 2792
146192061815604, 146192061825948, 10344
146192360652072, 146192360669376, 17304
146193154676208, 146193154689884, 13676
146194830707728, 146194830711100, 3372
146195766141580, 146195766146584, 5004
146196703025336, 146196703030604, 5268
146197723738652, 146197723746252, 7600
146199152326764, 146199152330412, 3648
146199862547424, 146199862555244, 7820
146201400895752, 146201400898900, 3148
146203380189268, 146203380191796, 2528
146203798450872, 146203798457384, 6512
146204216237000, 146204216243816, 6816
146179298734412, 146179298747628, 13216
146183418326416, 146183418329788, 3372
146184443734680, 146184443739552, 4872
146184808848672, 146184808851568, 2896
146185521253464, 146185521255808, 2344
146185804518072, 146185804521248, 3176
146186131668060, 146186131672944, 4884
146186744251560, 146186744266744, 15184
146187534281448, 146187534296236, 14788
146188833152848, 146188833156980, 4132
146188914969248, 146188914979652, 10404
146189039943704, 146189039951888, 8184
146189080002648, 146189080012092, 9444
146190171928424, 146190171931992, 3568
146190560989180, 146190560992184, 3004
146191037858680, 146191037861844, 3164
146191666333200, 146191666350108, 16908
146191955767432, 146191955775812, 8380
146192057351580, 146192057353672, 2092
146192899445520, 146192899448404, 2884
146193393089904, 146193393097772, 7868
146195403315536, 146195403319032, 3496
146195509282680, 146195509288084, 5404
146196019832648, 146196019835504, 2856
146196734121744, 146196734124432, 2688
146197123268900, 146197123271476, 2576
146197811502896, 146197811510812, 7916
146198338256812, 146198338272212, 15400
146199397712536, 146199397716044, 3508
146199703056756, 146199703064068, 7312
146200796411476, 146200796414496, 3020
146201067745548, 146201067753100, 7552
146203388065184, 146203388068224, 3040
146204322827076, 146204322834272, 7196
146205264292236, 146205264298980, 6744
146179290402324, 146179290415476, 13152
146183430255188, 146183430258828, 3640
146184455719888, 146184455725076, 5188
146186187541212, 146186187544108, 2896
146186410963792, 146186410966588, 2796
146186616498344, 146186616500768, 2424
146186997589100, 146186997592116, 3016
146187671986124, 146187672001860, 15736
146189413756280, 146189413758992, 2712
146190193852740, 146190193855992, 3252
146190391410420, 146190391414436, 4016
146191147605012, 146191147612460, 7448
146191732169116, 146191732172936, 3820
146191771505736, 146191771513444, 7708
146193130792472, 146193130800008, 7536
146193382192296, 146193382195348, 3052
146194324048240, 146194324051180, 2940
146194531407020, 146194531414736, 7716
146194571363132, 146194571377648, 14516
146195331496932, 146195331506012, 9080
146195932039564, 146195932046784, 7220
146196343058748, 146196343061652, 2904
146197332698876, 146197332706816, 7940
146197500277828, 146197500285036, 7208
146198611581068, 146198611583888, 2820
146199220148964, 146199220151924, 2960
146200119943280, 146200119946364, 3084
146200265595420, 146200265603260, 7840
146201203361776, 146201203369408, 7632
146201394964272, 146201394971072, 6800
146203382105012, 146203382108088, 3076
146204020375712, 146204020381536, 5824
