146472076633684, 146472076644708, 11024
146472844809028, 146472844819980, 10952
146473205865364, 146473205876704, 11340
146473273711768, 146473273722948, 11180
146473969524148, 146473969534808, 10660
146473979025132, 146473979032680, 7548
146474181369880, 146474181379080, 9200
146474678342836, 146474678353844, 11008
146474780057128, 146474780066424, 9296
146475177180928, 146475177190976, 10048
146475589411520, 146475589420984, 9464
146475941731292, 146475941740020, 8728
146476342303028, 146476342314280, 11252
146476768861552, 146476768871520, 9968
146477220179180, 146477220190660, 11480
146477916570540, 146477916580296, 9756
146478720573968, 146478720584540, 10572
146479521297184, 146479521306524, 9340
146479738121372, 146479738132884, 11512
146480711774576, 146480711779052, 4476
146481605626412, 146481605638232, 11820
146481959027756, 146481959038268, 10512
146482505631512, 146482505641500, 9988
146482903605552, 146482903615832, 10280
146483255902144, 146483255912404, 10260
146483669246768, 146483669255624, 8856
146483877948748, 146483877959044, 10296
146483887447744, 146483887455664, 7920
146484452771160, 146484452782820, 11660
146484866348948, 146484866358060, 9112
146484956607444, 146484956615780, 8336
146485781563296, 146485781574488, 11192
146485875436140, 146485875447628, 11488
146486113101144, 146486113110948, 9804
146486203403528, 146486203412100, 8572
146487427571164, 146487427581232, 10068
146487824707976, 146487824718692, 10716
146488697137492, 146488697148104, 10612
146489363141752, 146489363150556, 8804
146489538471716, 146489538479324, 7608
146490206209784, 146490206218984, 9200
146490711680584, 146490711692348, 11764
146490950046844, 146490950056408, 9564
146491152973272, 146491152982936, 9664
146491441383620, 146491441393548, 9928
146492180206956, 146492180217344, 10388
146492268665420, 146492268675044, 9624
146492537277744, 146492537291216, 13472
146493032075376, 146493032085948, 10572
146493383232220, 146493383243960, 11740
146472747027820, 146472747038644, 10824
146472908614004, 146472908618492, 4488
146473325561036, 146473325572360, 11324
146474622591548, 146474622603160, 11612
146475318500004, 146475318510252, 10248
146475743964012, 146475743973368, 9356
146476411753512, 146476411763728, 10216
146476599692960, 146476599704616, 11656
146477599263204, 146477599274412, 11208
146477836864748, 146477836873376, 8628
146477927599740, 146477927607868, 8128
146478036283420, 146478036294880, 11460
146478489232172, 146478489243176, 11004
146479184958900, 146479184969048, 10148
146479594460036, 146479594470628, 10592
146480223040840, 146480223051920, 11080
146480329431644, 146480329442304, 10660
146480567243308, 146480567253020, 9712
146480586806140, 146480586815424, 9284
146480637932308, 146480637941792, 9484
146481162700532, 146481162712468, 11936
146481371618724, 146481371628468, 9744
146481462173448, 146481462182276, 8828
146481481708976, 146481481719012, 10036
146481895736448, 146481895745832, 9384
146481916283788, 146481916293848, 10060
146483411928264, 146483411939068, 10804
146484317180572, 146484317191784, 11212
146485173408736, 146485173418836, 10100
146485193991856, 146485193999412, 7556
146485300078420, 146485300086424, 8004
146485883298120, 146485883308904, 10784
146485953148204, 146485953159956, 11752
146486349382608, 146486349391132, 8524
146486370411592, 146486370419304, 7712
146486809082808, 146486809093672, 10864
146487146312560, 146487146323988, 11428
146487572728168, 146487572737268, 9100
146487593262960, 146487593273688, 10728
146487946018948, 146487946028108, 9160
146487955515300, 146487955522744, 7444
146488164197632, 146488164207188, 9556
146488710611736, 146488710622024, 10288
146489062210616, 146489062220456, 9840
146489270737800, 146489270746144, 8344
146489359519120, 146489359527216, 8096
146489883716800, 146489883728404, 11604
146489991415820, 146489991427308, 11488
146490011955852, 146490011965472, 9620
146491111708556, 146491111718160, 9604
146491464679892, 146491464689224, 9332
146491891816196, 146491891825756, 9560
146492438003724, 146492438012952, 9228
146492850445904, 146492850455916, 10012
146492859929044, 146492859936964, 7920
146472739053580, 146472739067012, 13432
146472910589584, 146472910594284, 4700
146473578642868, 146473578652320, 9452
146474378827920, 146474378837548, 9628
146474722227688, 146474722239392, 11704
146474786038052, 146474786049520, 11468
146475452604304, 146475452614080, 9776
146475472122992, 146475472131184, 8192
146475578232988, 146475578241492, 8504
146476176713920, 146476176724508, 10588
146476729378096, 146476729389152, 11056
146477497515872, 146477497526920, 11048
146479738129088, 146479738139684, 10596
146480434899004, 146480434909296, 10292
146480786746432, 146480786755676, 9244
146480824436752, 146480824444768, 8016
146481026381548, 146481026390180, 8632
146482126183904, 146482126193020, 9116
146482331880964, 146482331891448, 10484
146483188701792, 146483188710796, 9004
146483614945036, 146483614953844, 8808
146484809900340, 146484809912068, 11728
146484898674420, 146484898682984, 8564
146484908153524, 146484908160776, 7252
146485145683452, 146485145691936, 8484
146485165206696, 146485165214088, 7392
146485891274824, 146485891285800, 10976
146486178518892, 146486178528700, 9808
146486874286636, 146486874296580, 9944
146486883769924, 146486883777524, 7600
146487190155936, 146487190167220, 11284
146487280659704, 146487280669404, 9700
146487405608636, 146487405618972, 10336
146488101277952, 146488101287152, 9200
146488303698612, 146488303708768, 10156
146488717953548, 146488717963676, 10128
146489454706756, 146489454716196, 9440
146489883716172, 146489883726504, 10332
146490334692628, 146490334703552, 10924
146491137998768, 146491138008120, 9352
146491356120740, 146491356132004, 11264
146491594142104, 146491594151220, 9116
146491802570240, 146491802580580, 10340
146491822157272, 146491822167768, 10496
146491831658960, 146491831666572, 7612
146492634096196, 146492634107640, 11444
146469992171472, 146469992181956, 10484
146469992250392, 146469992257520, 7128
146469992330896, 146469992337728, 6832
146469992385268, 146469992392052, 6784
146469992468456, 146469992475272, 6816
146469992493144, 146469992499820, 6676
146469992524708, 146469992531260, 6552
146469992556236, 146469992563408, 7172
146469992590788, 146469992597732, 6944
146469992660628, 146469992667652, 7024
146469992691600, 146469992698436, 6836
146469992723340, 146469992729996, 6656
146469992747192, 146469992754200, 7008
146469992792516, 146469992799324, 6808
146469992815688, 146469992823112, 7424
146469992856312, 146469992863072, 6760
146469992990936, 146469992997988, 7052
146469993025524, 146469993032308, 6784
146469993080324, 146469993087732, 7408
146469993121876, 146469993129108, 7232
146469993201228, 146469993209048, 7820
146471987079968, 146471987090496, 10528
146471987107584, 146471987115044, 7460
146471987128764, 146471987135636, 6872
146471987149416, 146471987156528, 7112
146471987168692, 146471987175896, 7204
146471987188396, 146471987195364, 6968
146471987208256, 146471987215092, 6836
146471987227340, 146471987234076, 6736
146471987247224, 146471987254412, 7188
146471987266700, 146471987273648, 6948
146471987286136, 146471987292872, 6736
146471987305336, 146471987312152, 6816
146471987325188, 146471987332380, 7192
146471987344972, 146471987351840, 6868
146472685273904, 146472685284728, 10824
146473177960412, 146473177969804, 9392
146473530492492, 146473530502812, 10320
146473618753188, 146473618761608, 8420
146474031440888, 146474031449200, 8312
146474726212376, 146474726222768, 10392
146474816577108, 146474816586520, 9412
146474923750848, 146474923760252, 9404
146475660432092, 146475660440836, 8744
146476128914320, 146476128925808, 11488
146476866819844, 146476866829804, 9960
146476887858480, 146476887866364, 7884
146477285053400, 146477285063164, 9764
146477509507056, 146477509517316, 10260
146477573306220, 146477573316172, 9952
146477970450800, 146477970459720, 8920
146478036303896, 146478036315476, 11580
146478255705228, 146478255716076, 10848
146478471148640, 146478471159008, 10368
146478680164964, 146478680175080, 10116
146479105305616, 146479105316264, 10648
146479393146452, 146479393155660, 9208
146480348661388, 146480348672868, 11480
146481015330680, 146481015341220, 10540
146481024789516, 146481024797076, 7560
146481722087708, 146481722097696, 9988
146482148740656, 146482148750060, 9404
146482351081484, 146482351090424, 8940
146482371201952, 146482371212152, 10200
146482579645296, 146482579654396, 9100
146482670540244, 146482670549432, 9188
146483471601828, 146483471612116, 10288
146483559762012, 146483559770436, 8424
146484255105280, 146484255114888, 9608
146484564523616, 146484564534404, 10788
146484961981348, 146484961991004, 9656
146486059545264, 146486059555060, 9796
146486503396288, 146486503404780, 8492
146488692531224, 146488692541916, 10692
146488731523976, 146488731532200, 8224
146488751999468, 146488752007552, 8084
146489148872084, 146489148882440, 10356
146489168399128, 146489168407200, 8072
146489713121472, 146489713129808, 8336
146492516615332, 146492516625584, 10252
