19746067958404, 19746067961496, 3092
19746067980136, 19746067987776, 7640
19746472320376, 19746472325020, 4644
19746975792492, 19746975795644, 3152
19747463846992, 19747463856996, 10004
19747977337612, 19747977349500, 11888
19748465306748, 19748465331320, 24572
19749421917440, 19749421921156, 3716
19750024427372, 19750024430784, 3412
19750611018824, 19750611021924, 3100
19750886378692, 19750886381564, 2872
19751522868884, 19751522872388, 3504
19752227109700, 19752227112856, 3156
19752809724332, 19752809726932, 2600
19753122999488, 19753123002512, 3024
19753747510180, 19753747513104, 2924
19754409855528, 19754409858336, 2808
19754986490512, 19754986492876, 2364
19756149666584, 19756149670112, 3528
19756730278224, 19756730281012, 2788
19757350299960, 19757350309468, 9508
19758015151212, 19758015158960, 7748
19758477793204, 19758477819836, 26632
19758741440440, 19758741444956, 4516
19759353976676, 19759353979264, 2588
19760209870576, 19760209873148, 2572
19760697760088, 19760697768968, 8880
19761438963364, 19761438966556, 3192
19762803358348, 19762803364132, 5784
19764168334608, 19764168338852, 4244
19765770525628, 19765770531244, 5616
19744998579504, 19744998584184, 4680
19745778702772, 19745778707928, 5156
19746398488100, 19746398518588, 30488
19747189283004, 19747189285932, 2928
19748216768864, 19748216774944, 6080
19749078727772, 19749078731400, 3628
19749566374228, 19749566383604, 9376
19750182037212, 19750182040124, 2912
19750784604404, 19750784606988, 2584
19751568741616, 19751568745440, 3824
19752582263980, 19752582266636, 2656
19753182842448, 19753182849636, 7188
19753921026752, 19753921029580, 2828
19754140525416, 19754140529240, 3824
19754838846104, 19754838849496, 3392
19755850438328, 19755850441068, 2740
19756568666740, 19756568669888, 3148
19757270996684, 19757270999248, 2564
19758150828920, 19758150831852, 2932
19758787322560, 19758787328060, 5500
19759389895312, 19759389899252, 3940
19760852368088, 19760852372424, 4336
19761584619804, 19761584622572, 2768
19761662421680, 19761662423288, 1608
19762498369004, 19762498373264, 4260
19763545885560, 19763545889144, 3584
19764033884160, 19764033893552, 9392
19764689113336, 19764689116380, 3044
19765246742824, 19765246751804, 8980
19765808442312, 19765808450384, 8072
19744992588824, 19744992593778, 4954
19745954213536, 19745954219132, 5596
19746496964796, 19746496969460, 4664
19747189284404, 19747189287224, 2820
19748019238512, 19748019249720, 11208
19748501475224, 19748501500832, 25608
19749364051656, 19749364055860, 4204
19749722864892, 19749722874012, 9120
19750423461560, 19750423464372, 2812
19751024075940, 19751024080588, 4648
19751602673080, 19751602676704, 3624
19751961580096, 19751961589740, 9644
19752652096852, 19752652102216, 5364
19753322511416, 19753322514228, 2812
19754140509136, 19754140511692, 2556
19754838835740, 19754838839888, 4148
19755862407992, 19755862410800, 2808
19756478876804, 19756478884428, 7624
19757121365800, 19757121368864, 3064
19757707957640, 19757707960676, 3036
19758302481152, 19758302484088, 2936
19758853165720, 19758853170300, 4580
19759509618276, 19759509621228, 2952
19760012351112, 19760012355676, 4564
19760569240052, 19760569266396, 26344
19761225462220, 19761225464720, 2500
19761713145564, 19761713154552, 8988
19762139223976, 19762139231512, 7536
19762773714032, 19762773716568, 2536
19763551875632, 19763551879008, 3376
19764171165848, 19764171171316, 5468
19764860695768, 19764860698844, 3076
19765219432420, 19765219442056, 9636
19765944040184, 19765944047716, 7532
19740875424388, 19740875433272, 8884
19740923760012, 19740923769004, 8992
19740955261352, 19740955270452, 9100
19744982621232, 19744982626124, 4892
19746034027464, 19746034031676, 4212
19746694460748, 19746694463860, 3112
19747314243732, 19747314254504, 10772
19747450660396, 19747450661760, 1364
19748238720084, 19748238723396, 3312
19749411939176, 19749411941636, 2460
19749886813752, 19749886821224, 7472
19750471814396, 19750471828756, 14360
19751095872656, 19751095875196, 2540
19751622620012, 19751622623380, 3368
19752364780908, 19752364787284, 6376
19752965359180, 19752965361536, 2356
19753657714468, 19753657718840, 4372
19754234275724, 19754234278980, 3256
19755038362380, 19755038365064, 2684
19755351637012, 19755351640012, 3000
19755950134532, 19755950137604, 3072
19756951749944, 19756951752616, 2672
19758039093444, 19758039099960, 6516
19759050697968, 19759050700608, 2640
19759553507752, 19759553510668, 2916
19759786953412, 19759786961068, 7656
19760369502292, 19760369506036, 3744
19760920183028, 19760920189852, 6824
19761450928572, 19761450931968, 3396
19761646478000, 19761646479532, 1532
19762372662440, 19762372668588, 6148
19762935344000, 19762935361004, 17004
19763448112964, 19763448115484, 2520
19763930359932, 19763930368364, 8432
19764551418896, 19764551424860, 5964
19765014462108, 19765014471672, 9564
19740868073524, 19740868087004, 13480
19740883283644, 19740883292440, 8796
19740915781716, 19740915792016, 10300
19746073939748, 19746073943592, 3844
19746073959828, 19746073967928, 8100
19746658543916, 19746658547008, 3092
19747243357976, 19747243368420, 10444
19747911493848, 19747911512232, 18384
19748316241384, 19748316267432, 26048
19749122625264, 19749122629684, 4420
19749958568244, 19749958572368, 4124
19750794581252, 19750794585204, 3952
19751630597860, 19751630602520, 4660
19752466542612, 19752466546676, 4064
19753122991604, 19753122995260, 3656
19753849254676, 19753849260768, 6092
19754591426516, 19754591430644, 4128
19755058321268, 19755058324520, 3252
19756043905544, 19756043908164, 2620
19756402571260, 19756402580388, 9128
19757765897272, 19757765902100, 4828
19759136501212, 19759136504276, 3064
19760221838412, 19760221844412, 6000
19761179571104, 19761179573544, 2440
19761836014132, 19761836017220, 3088
19762330766512, 19762330771388, 4876
19763073006972, 19763073009536, 2564
19763657761796, 19763657770896, 9100
19764190317240, 19764190321412, 4172
19764719043368, 19764719048000, 4632
19766367042252, 19766367048396, 6144
19740891390520, 19740891398552, 8032
19745028506718, 19745028511592, 4874
19746047996112, 19746048000448, 4336
19746604670204, 19746604673208, 3004
19748146935648, 19748146942120, 6472
19749509655700, 19749509685828, 30128
19749749145500, 19749749150376, 4876
19751351257128, 19751351264096, 6968
19752953381152, 19752953386700, 5548
19754555508164, 19754555513792, 5628
19756085810500, 19756085813112, 2612
19757067478440, 19757067481156, 2716
19758150829672, 19758150832336, 2664
19759104564928, 19759104570196, 5268
19759774977344, 19759774982012, 4668
19760359424144, 19760359438836, 14692
19761331209996, 19761331212556, 2560
19761893058952, 19761893066396, 7444
19762404601100, 19762404605792, 4692
19763134870896, 19763134873696, 2800
19763597623092, 19763597633008, 9916
19764002515300, 19764002523356, 8056
19764776883632, 19764776887140, 3508
19765361514056, 19765361516912, 2856
19765830384140, 19765830387044, 2904
19740907615228, 19740907623804, 8576
19740940182284, 19740940191156, 8872
19742948232696, 19742948238048, 5352
19742948276608, 19742948279544, 2936
19742948303028, 19742948304644, 1616
19742948328440, 19742948331260, 2820
19742948357472, 19742948359892, 2420
19742948386940, 19742948389376, 2436
19742948411204, 19742948412620, 1416
19742948435972, 19742948438572, 2600
19742948465796, 19742948468240, 2444
19742948493492, 19742948495936, 2444
19742948522440, 19742948524856, 2416
19742948550968, 19742948553456, 2488
19744942771416, 19744942775876, 4460
19744942791420, 19744942803396, 11976
19744942813884, 19744942822752, 8868
19744942832704, 19744942841472, 8768
19744942851780, 19744942860136, 8356
19745668988578, 19745668995672, 7094
19746131692668, 19746131720036, 27368
19746395180476, 19746395181924, 1448
19747121442896, 19747121448340, 5444
19747847718412, 19747847731464, 13052
19748310787444, 19748310813200, 25756
19748573933764, 19748573938520, 4756
19749300200428, 19749300206136, 5708
19750026401348, 19750026406544, 5196
19750752678500, 19750752684340, 5840
19751478958140, 19751478959588, 1448
19751942023384, 19751942032824, 9440
19752697994592, 19752697997080, 2488
19753057226888, 19753057234368, 7480
19753785410176, 19753785415944, 5768
19754216324440, 19754216328688, 4248
19754890710416, 19754890716660, 6244
19755249392960, 19755249419944, 26984
19755836467948, 19755836478884, 10936
19756300030480, 19756300055452, 24972
19756562677036, 19756562684228, 7192
19757113364384, 19757113368064, 3680
19757570301444, 19757570304548, 3104
19758206707100, 19758206711508, 4408
19758566005908, 19758566013304, 7396
19759184923380, 19759184928924, 5544
19759990389860, 19759990396632, 6772
19760609963196, 19760609989268, 26072
19761271351544, 19761271357276, 5732
19761675599900, 19761675625416, 25516
19762013528072, 19762013532688, 4616
19762628055816, 19762628061884, 6068
19763533914700, 19763533917516, 2816
19764290056340, 19764290058944, 2604
19764946490512, 19764946492968, 2456
19764982398272, 19764982399900, 1628
19740899670620, 19740899683228, 12608
19740931887124, 19740931895744, 8620
19740948138968, 19740948151624, 12656
19744970651272, 19744970656012, 4740
19746063951560, 19746063957320, 5760
19747155373704, 19747155376640, 2936
19747514108280, 19747514119392, 11112
19748240726568, 19748240729432, 2864
19748726543044, 19748726552864, 9820
19749340108648, 19749340112608, 3960
19750439420328, 19750439425944, 5616
19751538812904, 19751538818324, 5420
19752024741568, 19752024769540, 27972
19752638129784, 19752638135424, 5640
19753737522620, 19753737528448, 5828
19754836840780, 19754836845980, 5200
19755451406004, 19755451408776, 2772
19756149671700, 19756149674804, 3104
19756818065180, 19756818071460, 6280
19757290959360, 19757290962528, 3168
19757560309396, 19757560316664, 7268
19758168798608, 19758168802404, 3796
19759234261216, 19759234262864, 1648
19760365500688, 19760365502088, 1400
19761432968472, 19761432972344, 3872
19762532284348, 19762532289848, 5500
19763533914376, 19763533917256, 2880
19764587334464, 19764587340588, 6124
19765149356012, 19765149365148, 9136
19765678743612, 19765678750084, 6472
