17689724127584, 17689724137120, 9536
17693740957184, 17693740961818, 4634
17694662746568, 17694662752036, 5468
17695185439612, 17695185442204, 2592
17695598457296, 17695598462416, 5120
17696534231376, 17696534236764, 5388
17697960777828, 17697960781420, 3592
17698459609844, 17698459613604, 3760
17699020196588, 17699020199524, 2936
17700053732060, 17700053735560, 3500
17701194953172, 17701194955616, 2444
17701598005744, 17701598009040, 3296
17702681357620, 17702681360420, 2800
17703411632276, 17703411636492, 4216
17703703495052, 17703703499508, 4456
17704064072932, 17704064075968, 3036
17704173814620, 17704173817328, 2708
17704601219644, 17704601224128, 4484
17705003778216, 17705003783712, 5496
17705666198936, 17705666201576, 2640
17705988668364, 17705988672712, 4348
17706669748264, 17706669751632, 3368
17707158588840, 17707158591736, 2896
17707517736908, 17707517741864, 4956
17708052521220, 17708052524068, 2848
17708650969544, 17708650972132, 2588
17709050022236, 17709050025032, 2796
17709484990608, 17709484993304, 2696
17710143428912, 17710143431508, 2596
17710582380568, 17710582386908, 6340
17710813406256, 17710813410048, 3792
17711506126288, 17711506129904, 3616
17712114674884, 17712114677668, 2784
17712441902680, 17712441911160, 8480
17713132674376, 17713132678540, 4164
17713463821888, 17713463825852, 3964
17713646961972, 17713646968556, 6584
17714373244984, 17714373247432, 2448
17715179259548, 17715179264844, 5296
17689690927784, 17689690936780, 8996
17693742954452, 17693742959558, 5106
17694666666264, 17694666670712, 4448
17695227343240, 17695227346668, 3428
17695606438548, 17695606446124, 7576
17696057373720, 17696057376688, 2968
17696711742212, 17696711749220, 7008
17698030620632, 17698030623704, 3072
17698405721396, 17698405729020, 7624
17699341422192, 17699341428008, 5816
17700059735592, 17700059738132, 2540
17701115140856, 17701115146696, 5840
17702170635792, 17702170642216, 6424
17703415618812, 17703415623088, 4276
17704165826712, 17704165833264, 6552
17704971846316, 17704971849216, 2900
17705470657724, 17705470665208, 7484
17706041309264, 17706041312600, 3336
17706196938260, 17706196945836, 7576
17706775485600, 17706775492004, 6404
17707443902524, 17707443908936, 6412
17708080390064, 17708080395824, 5760
17708690873128, 17708690877704, 4576
17709385221568, 17709385227436, 5868
17709740394180, 17709740398316, 4136
17709937910692, 17709937918760, 8068
17710642165840, 17710642171724, 5884
17710931029260, 17710931043380, 14120
17711581936256, 17711581942392, 6136
17711661752176, 17711661755304, 3128
17712350118432, 17712350126456, 8024
17713409528880, 17713409531952, 3072
17713838515508, 17713838518700, 3192
17714625085580, 17714625090464, 4884
17694062195112, 17694062201178, 6066
17694782392464, 17694782397472, 5008
17695440846732, 17695440849932, 3200
17696288818892, 17696288823908, 5016
17697142713732, 17697142720000, 6268
17697996684036, 17697996689544, 5508
17698850588044, 17698850593536, 5492
17699704559064, 17699704566420, 7356
17700558535572, 17700558541212, 5640
17701214909576, 17701214913216, 3640
17702455960928, 17702455965256, 4328
17704281549264, 17704281555308, 6044
17705336972608, 17705336978160, 5552
17706392467752, 17706392473760, 6008
17707447892132, 17707447897860, 5728
17708503394636, 17708503400520, 5884
17709558814052, 17709558817920, 3868
17710614305440, 17710614312008, 6568
17711693693536, 17711693696916, 3380
17712595534516, 17712595537632, 3116
17713367623656, 17713367631088, 7432
17714221611740, 17714221613676, 1936
17689739600948, 17689739609612, 8664
17693744952544, 17693744957132, 4588
17694973937772, 17694973941968, 4196
17695327099712, 17695327102924, 3212
17696220975468, 17696220980852, 5384
17696628019100, 17696628022832, 3732
17696889313996, 17696889316612, 2616
17697467945928, 17697467950208, 4280
17698234127332, 17698234130284, 2952
17698714910788, 17698714915172, 4384
17699419254592, 17699419257624, 3032
17699696580808, 17699696586680, 5872
17701192968228, 17701192971236, 3008
17701522439496, 17701522444404, 4908
17702148693004, 17702148694656, 1652
17703084487548, 17703084490620, 3072
17704020174700, 17704020177540, 2840
17704955881388, 17704955884516, 3128
17705891662836, 17705891667240, 4404
17706827363116, 17706827369000, 5884
17707763146844, 17707763149964, 3120
17708698854972, 17708698859468, 4496
17709634633052, 17709634637220, 4168
17710570409356, 17710570414944, 5588
17711284645748, 17711284657604, 11856
17711719619624, 17711719623964, 4340
17712431926352, 17712431933784, 7432
17712725161188, 17712725165808, 4620
17713678883856, 17713678890012, 6156
17714419140984, 17714419144164, 3180
17714925852520, 17714925859284, 6764
17689651222480, 17689651235496, 13016
17689658544520, 17689658553996, 9476
17689666578500, 17689666587968, 9468
17689682832608, 17689682846640, 14032
17694050224872, 17694050230238, 5366
17695031803136, 17695031807428, 4292
17696336704896, 17696336706264, 1368
17696927230552, 17696927233296, 2744
17697641530656, 17697641536548, 5892
17697948807564, 17697948814768, 7204
17698946359836, 17698946365360, 5524
17700251260404, 17700251265800, 5396
17701274774324, 17701274777212, 2888
17701436380984, 17701436384248, 3264
17702184606808, 17702184611552, 4744
17702266412176, 17702266419652, 7476
17703120310660, 17703120317228, 6568
17703974282868, 17703974288744, 5876
17704828181020, 17704828186808, 5788
17705682155252, 17705682161540, 6288
17706536127168, 17706536132696, 5528
17707390030736, 17707390036528, 5792
17708244007008, 17708244008572, 1564
17709097901800, 17709097907312, 5512
17709951877368, 17709951883720, 6352
17710700036348, 17710700039620, 3272
17711994961108, 17711994969480, 8372
17712646975388, 17712646979948, 4560
17713299787956, 17713299793280, 5324
17713816560004, 17713816563192, 3188
17714604689564, 17714604697204, 7640
17689716119320, 17689716127164, 7844
17689732301524, 17689732315212, 13688
17693730979304, 17693730996164, 16860
17695085670512, 17695085675096, 4584
17696444449544, 17696444453616, 4072
17697489892568, 17697489895316, 2748
17697803146856, 17697803152488, 5632
17698341873464, 17698341875900, 2436
17699161848700, 17699161854404, 5704
17699856204164, 17699856209064, 4900
17700520629184, 17700520630832, 1648
17701388488176, 17701388494376, 6200
17701879328388, 17701879335276, 6888
17702920783084, 17702920796560, 13476
17703238029736, 17703238038784, 9048
17704453145680, 17704453151816, 6136
17705965485924, 17705965488720, 2796
17706885238932, 17706885242328, 3396
17707314208000, 17707314213772, 5772
17707823004864, 17707823010060, 5196
17708672912896, 17708672918520, 5624
17710031686776, 17710031693008, 6232
17711390389232, 17711390394696, 5464
17712749091084, 17712749097148, 6064
17714107972408, 17714107976152, 3744
17689699057604, 17689699065512, 7908
17691732533976, 17691732539372, 5396
17691732577332, 17691732580588, 3256
17691732607968, 17691732610688, 2720
17691732636484, 17691732638924, 2440
17691732665728, 17691732668272, 2544
17691732690344, 17691732691968, 1624
17691732715988, 17691732718404, 2416
17691732744328, 17691732746652, 2324
17691732772292, 17691732774808, 2516
17691732800412, 17691732802804, 2392
17691732828384, 17691732830788, 2404
17691732855772, 17691732858096, 2324
17693727047464, 17693727053996, 6532
17693727069088, 17693727081340, 12252
17693727092168, 17693727101204, 9036
17693727111392, 17693727119916, 8524
17693727129956, 17693727137876, 7920
17694580959638, 17694580968998, 9360
17695259262932, 17695259270084, 7152
17696622024216, 17696622026900, 2684
17698024620684, 17698024626892, 6208
17698459601852, 17698459605520, 3668
17699457150744, 17699457154820, 4076
17700023812088, 17700023814028, 1940
17700889677384, 17700889681352, 3968
17701597997852, 17701598002760, 4908
17702322278448, 17702322284408, 5960
17703172189824, 17703172191340, 1516
17703754801604, 17703754823128, 21524
17704746381532, 17704746385680, 4148
17705187336520, 17705187343268, 6748
17706320642984, 17706320646032, 3048
17707894830484, 17707894837128, 6644
17708764705076, 17708764708632, 3556
17709469019648, 17709469025204, 5556
17711043210768, 17711043216500, 5732
17712617476412, 17712617482400, 5988
17714191674340, 17714191680928, 6588
17689674574060, 17689674584712, 10652
17689707270104, 17689707279864, 9760
17693788844264, 17693788849444, 5180
17695105623600, 17695105628088, 4488
17696484350144, 17696484356384, 6240
17697863004420, 17697863009796, 5376
17699241659812, 17699241666160, 6348
17700620386888, 17700620392276, 5388
17701999045600, 17701999047092, 1492
17703377698784, 17703377704244, 5460
17704756352388, 17704756359624, 7236
17706135078780, 17706135090160, 11380
17707513732728, 17707513738640, 5912
17708892392296, 17708892396708, 4412
17710271124160, 17710271127304, 3144
17711649777272, 17711649782276, 5004
17713028427520, 17713028433772, 6252
17714407162124, 17714407166736, 4612
