29112829625516, 29112829633548, 8032
29114832267400, 29114832272620, 5220
29114832320652, 29114832323688, 3036
29114832348204, 29114832350136, 1932
29116825774648, 29116825781716, 7068
29116871634656, 29116871639164, 4508
29116917512028, 29116917518984, 6956
29116963369176, 29116963375304, 6128
29117009228828, 29117009234880, 6052
29117055116916, 29117055123932, 7016
29117101093856, 29117101100372, 6516
29117146869888, 29117146876024, 6136
29117192702408, 29117192708948, 6540
29117238593672, 29117238600084, 6412
29117284390944, 29117284397104, 6160
29117330394140, 29117330400844, 6704
29117376253032, 29117376259488, 6456
29117422032208, 29117422038624, 6416
29117467962320, 29117467969000, 6680
29117513791424, 29117513797724, 6300
29117559616604, 29117559621816, 5212
29117605540444, 29117605546824, 6380
29117651427496, 29117651433352, 5856
29117697249108, 29117697255376, 6268
29117743118544, 29117743125360, 6816
29117789021140, 29117789028040, 6900
29117834933848, 29117834940228, 6380
29117880765608, 29117880771792, 6184
29117926660556, 29117926667464, 6908
29117972440732, 29117972446852, 6120
29118018255076, 29118018261248, 6172
29118064092156, 29118064098504, 6348
29118110022448, 29118110028884, 6436
29118155895448, 29118155902260, 6812
29118201744332, 29118201749456, 5124
29118247634348, 29118247640912, 6564
29118293597944, 29118293603984, 6040
29118339341216, 29118339347796, 6580
29118385218060, 29118385224220, 6160
29118431056648, 29118431063008, 6360
29118477021252, 29118477027732, 6480
29118522781748, 29118522787900, 6152
29118568714536, 29118568720900, 6364
29118614523924, 29118614530280, 6356
29118660440240, 29118660446460, 6220
29118706296612, 29118706301784, 5172
29118752189212, 29118752196492, 7280
29118798079248, 29118798085648, 6400
29118843848828, 29118843855488, 6660
29118889713648, 29118889719612, 5964
29118935644240, 29118935650544, 6304
29118981511384, 29118981517556, 6172
29119027353368, 29119027360128, 6760
29119073241836, 29119073247996, 6160
29119119210480, 29119119216920, 6440
29119165002284, 29119165008760, 6476
29119508092008, 29119508095868, 3860
29119509989288, 29119509995932, 6644
29119511887172, 29119511891224, 4052
29119521952384, 29119521957524, 5140
29119625626420, 29119625631244, 4824
29119729315792, 29119729321176, 5384
29119833001552, 29119833006688, 5136
29119936821204, 29119936825768, 4564
29120040374384, 29120040379160, 4776
29120144107844, 29120144112804, 4960
29120247962016, 29120247966304, 4288
29120351522336, 29120351527148, 4812
29120455245868, 29120455250384, 4516
29120558888332, 29120558893972, 5640
29120662557728, 29120662562648, 4920
29120766304736, 29120766310276, 5540
29122160249596, 29122160252904, 3308
29122275009300, 29122275014908, 5608
29122388774624, 29122388780944, 6320
29122503343432, 29122503349224, 5792
29122617281068, 29122617286020, 4952
29122732028712, 29122732034212, 5500
29122845827452, 29122845832996, 5544
29122960151796, 29122960156896, 5100
29123074014072, 29123074019224, 5152
29123188740844, 29123188746396, 5552
29123302933720, 29123302939556, 5836
29123417348672, 29123417353920, 5248
29123531603740, 29123531609340, 5600
29123645896272, 29123645902008, 5736
29123760225992, 29123760231236, 5244
29123874038664, 29123874044100, 5436
29123988401276, 29123988406596, 5320
29124102575884, 29124102582516, 6632
29124217086072, 29124217091276, 5204
29124331214004, 29124331219080, 5076
29124445860172, 29124445865208, 5036
29124559842596, 29124559848036, 5440
29124722776172, 29124722781212, 5040
29124898289196, 29124898296312, 7116
29124944185692, 29124944192484, 6792
29124989978056, 29124989984412, 6356
29125035922352, 29125035928876, 6524
29125081780748, 29125081787328, 6580
29125127612528, 29125127618792, 6264
29125173478176, 29125173484876, 6700
29125219361248, 29125219367864, 6616
29125265183200, 29125265189556, 6356
29125311105560, 29125311111444, 5884
29125356941168, 29125356947100, 5932
29125402830892, 29125402837288, 6396
29125448682344, 29125448688756, 6412
29125494613284, 29125494619572, 6288
29125540503772, 29125540509780, 6008
29125586318232, 29125586324832, 6600
29125632204172, 29125632210580, 6408
29125678009708, 29125678016484, 6776
29125723936472, 29125723942816, 6344
29125769742164, 29125769749232, 7068
29125815626836, 29125815633224, 6388
29125861501188, 29125861508172, 6984
29125907398080, 29125907404412, 6332
29125953324756, 29125953330804, 6048
29125999050360, 29125999056204, 5844
29126044975184, 29126044982192, 7008
29126090805188, 29126090812020, 6832
29126136665388, 29126136671684, 6296
29126182519604, 29126182525080, 5476
29126228402684, 29126228408896, 6212
29126274229056, 29126274235820, 6764
29126320230504, 29126320236580, 6076
29128146770540, 29128146773980, 3440
29128148601272, 29128148606772, 5500
29128150461520, 29128150465040, 3520
29128152306428, 29128152309476, 3048
29128154144120, 29128154147792, 3672
29128155981504, 29128155985256, 3752
29128157819092, 29128157822112, 3020
29128159657172, 29128159660264, 3092
29128161493824, 29128161497488, 3664
29128163332196, 29128163335260, 3064
29128165182116, 29128165185112, 2996
29128167102296, 29128167108360, 6064
29128169506716, 29128169510340, 3624
29128171350452, 29128171354124, 3672
29128173187420, 29128173190896, 3476
29128175030168, 29128175033108, 2940
29128176865444, 29128176868328, 2884
29128178696116, 29128178699656, 3540
29129496345508, 29129496348792, 3284
29129609987316, 29129609992704, 5388
29129724553072, 29129724558412, 5340
29129838736012, 29129838741532, 5520
29129953059288, 29129953065092, 5804
29130067280452, 29130067285568, 5116
29130182117724, 29130182123352, 5628
29130296161284, 29130296166580, 5296
29130409982608, 29130409988244, 5636
29130524383928, 29130524389376, 5448
29130638556588, 29130638562212, 5624
29130753359156, 29130753364600, 5444
29130867776324, 29130867782012, 5688
29130982106100, 29130982111408, 5308
29131096193452, 29131096198820, 5368
29131210706408, 29131210712048, 5640
29131324742992, 29131324748648, 5656
29131439278340, 29131439283752, 5412
29131553670908, 29131553676412, 5504
29131668814740, 29131668820460, 5720
29131782811376, 29131782817132, 5756
29131917946944, 29131917951540, 4596
29132093289616, 29132093294132, 4516
29132268872184, 29132268876664, 4480
29132444274156, 29132444278972, 4816
29132619785008, 29132619789276, 4268
29132827236856, 29132827238616, 1760
29134129387656, 29134129389504, 1848
29134244185480, 29134244190460, 4980
29134358542296, 29134358548064, 5768
29134473333304, 29134473338092, 4788
29134587365940, 29134587370852, 4912
29134702042768, 29134702047984, 5216
29134816349288, 29134816355032, 5744
29134931321920, 29134931327220, 5300
29135045601012, 29135045606196, 5184
29135160477420, 29135160482404, 4984
29135274419224, 29135274424440, 5216
29135388490792, 29135388496256, 5464
29135503076020, 29135503080724, 4704
29135617298480, 29135617303276, 4796
29135731781780, 29135731787320, 5540
29135845818292, 29135845823716, 5424
29135960705036, 29135960709784, 4748
29136074690672, 29136074696584, 5912
29136189093252, 29136189098364, 5112
29136305002388, 29136305007024, 4636
29136480539020, 29136480543792, 4772
29136656088816, 29136656093584, 4768
29136831539072, 29136831543696, 4624
29116853683604, 29116853687060, 3456
29116929495360, 29116929501104, 5744
29117033130068, 29117033134880, 4812
29117136891476, 29117136898492, 7016
29117240528208, 29117240532740, 4532
29117344278324, 29117344283032, 4708
29117447989620, 29117447994456, 4836
29117551752128, 29117551756896, 4768
29117655337156, 29117655343936, 6780
29117759122044, 29117759124256, 2212
29117862786388, 29117862791492, 5104
29117966511008, 29117966518176, 7168
29118070145276, 29118070151812, 6536
29118173884372, 29118173889652, 5280
29118277560300, 29118277565120, 4820
29118381271392, 29118381276124, 4732
29118484910080, 29118484914860, 4780
29118588652660, 29118588659528, 6868
29118692323700, 29118692330768, 7068
29118796010744, 29118796015328, 4584
29118899751560, 29118899756592, 5032
29119003425140, 29119003429596, 4456
29119107151288, 29119107158144, 6856
29119210886724, 29119210892412, 5688
29119256812244, 29119256816684, 4440
29119302778880, 29119302785420, 6540
29119348440612, 29119348447444, 6832
29119394304452, 29119394312028, 7576
29119440157340, 29119440164632, 7292
29119486060184, 29119486065368, 5184
29119531893376, 29119531903144, 9768
29119577748512, 29119577755976, 7464
29119623692064, 29119623696752, 4688
29119669661856, 29119669668120, 6264
29119715423764, 29119715430072, 6308
29119761226008, 29119761232516, 6508
29119807179492, 29119807185848, 6356
29119853044072, 29119853048460, 4388
29119898836408, 29119898843080, 6672
29119944703340, 29119944708028, 4688
29119990600124, 29119990605132, 5008
29120036431172, 29120036435804, 4632
29120082276128, 29120082280904, 4776
29120128124160, 29120128130096, 5936
29120174002356, 29120174008552, 6196
29120219876688, 29120219883472, 6784
29120265750568, 29120265755084, 4516
29120311601276, 29120311608008, 6732
29120357437588, 29120357444224, 6636
29120403339772, 29120403346248, 6476
29120449245284, 29120449249780, 4496
29120495096936, 29120495103260, 6324
29120540907276, 29120540913696, 6420
29120586761420, 29120586766852, 5432
29120632730040, 29120632735256, 5216
29120678565760, 29120678570804, 5044
29120724481412, 29120724487532, 6120
29120770278312, 29120770282520, 4208
29120816159184, 29120816164032, 4848
29122156203524, 29122156207108, 3584
29122158042260, 29122158049092, 6832
29122159882604, 29122159886604, 4000
29122161718388, 29122161722072, 3684
29122163562144, 29122163565000, 2856
29122165428096, 29122165431076, 2980
29122167293124, 29122167296140, 3016
29122169127496, 29122169130452, 2956
29122170986424, 29122170989960, 3536
29122172826916, 29122172829860, 2944
29122174671444, 29122174674324, 2880
29122176551452, 29122176557752, 6300
29122178393696, 29122178397212, 3516
29122218030420, 29122218035224, 4804
29122321787636, 29122321794448, 6812
29122425462108, 29122425468472, 6364
29122529134256, 29122529140640, 6384
29122632923808, 29122632929836, 6028
29122736558196, 29122736564796, 6600
29122840234952, 29122840241432, 6480
29122943954944, 29122943960468, 5524
29123047659332, 29123047664576, 5244
29123151331584, 29123151336200, 4616
29123255105832, 29123255111076, 5244
29123358817744, 29123358823104, 5360
29123462445360, 29123462450776, 5416
29123566204116, 29123566209728, 5612
29123669841764, 29123669848040, 6276
29123773582896, 29123773589436, 6540
29123877214176, 29123877220408, 6232
29123980919480, 29123980927216, 7736
29124026746352, 29124026752000, 5648
29124072631268, 29124072637448, 6180
29124118524860, 29124118530796, 5936
29124164359144, 29124164365664, 6520
29124210312096, 29124210318204, 6108
29124256096260, 29124256102092, 5832
29124301991560, 29124301998272, 6712
29124347889296, 29124347893912, 4616
29124393722352, 29124393728384, 6032
29124439628320, 29124439634084, 5764
29124485509304, 29124485515960, 6656
29124531299264, 29124531305856, 6592
29124577223112, 29124577229312, 6200
29124623076416, 29124623081496, 5080
29124668958408, 29124668964752, 6344
29124714823460, 29124714829716, 6256
29124760655664, 29124760661964, 6300
29124806516460, 29124806521292, 4832
29124852416468, 29124852422452, 5984
29124908219840, 29124908223352, 3512
29125073808536, 29125073815408, 6872
29125249328232, 29125249332748, 4516
29125424817476, 29125424823812, 6336
29125600216520, 29125600221140, 4620
29125775718828, 29125775725228, 6400
29126144706920, 29126144709148, 2228
29126259286144, 29126259291604, 5460
29126373197880, 29126373203236, 5356
29126487651936, 29126487658096, 6160
29126653200024, 29126653206896, 6872
29126828763892, 29126828768832, 4940
29127004082936, 29127004089360, 6424
29127179674632, 29127179679304, 4672
29127355134228, 29127355138456, 4228
29127530669456, 29127530676280, 6824
29127706196020, 29127706200820, 4800
29127881713664, 29127881719660, 5996
29128057163540, 29128057167960, 4420
29128232551392, 29128232559328, 7936
29128336349572, 29128336355956, 6384
29128439952128, 29128439958336, 6208
29128543636360, 29128543642648, 6288
29128647513880, 29128647520012, 6132
29128751185852, 29128751191536, 5684
29128796878536, 29128796884732, 6196
29128842815964, 29128842821016, 5052
29128888681696, 29128888686400, 4704
29128934768660, 29128934774644, 5984
29128980368248, 29128980426652, 58404
29129026296432, 29129026302972, 6540
29129072084632, 29129072090552, 5920
29129118023388, 29129118029572, 6184
29129163837264, 29129163842532, 5268
29129209762312, 29129209768832, 6520
29129255578380, 29129255584644, 6264
29129301517708, 29129301523696, 5988
29129347297392, 29129347303800, 6408
29129393236808, 29129393242996, 6188
29129439174116, 29129439178580, 4464
29129485017904, 29129485022400, 4496
29129530792616, 29129530798988, 6372
29129576675464, 29129576682296, 6832
29129622546392, 29129622551292, 4900
29129668349008, 29129668355248, 6240
29129714231648, 29129714238688, 7040
29129760108272, 29129760113048, 4776
29129805979776, 29129805986544, 6768
29129851865032, 29129851871552, 6520
29129897745308, 29129897751632, 6324
29129943615600, 29129943620396, 4796
29129989386592, 29129989392584, 5992
29130035283620, 29130035289908, 6288
29130081178888, 29130081185708, 6820
29130127064996, 29130127069936, 4940
29130172932016, 29130172950000, 17984
29130218752796, 29130218767616, 14820
29130264740700, 29130264749460, 8760
29130310452264, 29130310465820, 13556
29130356368116, 29130356384984, 16868
29130402232164, 29130402245292, 13128
29130448093576, 29130448109504, 15928
29130493978672, 29130493994220, 15548
29130539842980, 29130539858568, 15588
29130585779224, 29130585789128, 9904
29130631594132, 29130631610532, 16400
29130677495692, 29130677509904, 14212
29130723308000, 29130723321080, 13080
29130769203284, 29130769219284, 16000
29130815178692, 29130815192840, 14148
29130860901692, 29130860917356, 15664
29130906752100, 29130906767720, 15620
29130952649672, 29130952665856, 16184
29130998555460, 29130998570744, 15284
29131044371232, 29131044384268, 13036
29131090211148, 29131090225828, 14680
29132127202000, 29132127204932, 2932
29132129032032, 29132129037080, 5048
29132130874300, 29132130877892, 3592
29132132711812, 29132132714728, 2916
29132134549204, 29132134552176, 2972
29132136382520, 29132136385644, 3124
29132138244480, 29132138247428, 2948
29132140126668, 29132140129568, 2900
29132141965376, 29132141968280, 2904
29132143819160, 29132143822100, 2940
29132173103280, 29132173109880, 6600
29132276813980, 29132276820416, 6436
29132380446432, 29132380453852, 7420
29132484222876, 29132484229216, 6340
29132587930544, 29132587937236, 6692
29132691564652, 29132691571548, 6896
29132795278512, 29132795285372, 6860
29132898986032, 29132898992544, 6512
29133002695472, 29133002701688, 6216
29133106406844, 29133106413664, 6820
29133210104880, 29133210112128, 7248
29133313862580, 29133313868556, 5976
29133417516816, 29133417523856, 7040
29133521182720, 29133521190628, 7908
29133567076460, 29133567082852, 6392
29133612990868, 29133612997372, 6504
29133658798068, 29133658804096, 6028
29133704638172, 29133704644432, 6260
29133750577228, 29133750583636, 6408
29133796459116, 29133796465716, 6600
29133842316568, 29133842323312, 6744
29133888106920, 29133888113784, 6864
29133934036504, 29133934042684, 6180
29133979797660, 29133979803604, 5944
29134025777264, 29134025783960, 6696
29134071579740, 29134071585864, 6124
29134117383576, 29134117389928, 6352
29134163305516, 29134163312360, 6844
29134209173384, 29134209180280, 6896
29134254975412, 29134254983216, 7804
29134300870172, 29134300877192, 7020
29134346740660, 29134346747556, 6896
29134392600352, 29134392607164, 6812
29134438604724, 29134438611388, 6664
29134484343128, 29134484350108, 6980
29134530211264, 29134530217516, 6252
29134576075020, 29134576082356, 7336
29134621962108, 29134621968568, 6460
29134667826552, 29134667833012, 6460
29134713698188, 29134713705100, 6912
29134759599876, 29134759606112, 6236
29134805428024, 29134805435076, 7052
29134851510808, 29134851517544, 6736
29134897236616, 29134897243132, 6516
29134943083692, 29134943089648, 5956
29134988898000, 29134988905368, 7368
29135034793032, 29135034799568, 6536
29135080677496, 29135080685324, 7828
29135126510376, 29135126517048, 6672
29135172393912, 29135172400324, 6412
29135218279392, 29135218286176, 6784
29135264097708, 29135264102492, 4784
29135309999552, 29135310006500, 6948
29135355809192, 29135355815612, 6420
29135401670952, 29135401677072, 6120
29135447562780, 29135447569568, 6788
29135493443692, 29135493449492, 5800
29135539334888, 29135539341736, 6848
29135585223972, 29135585230792, 6820
29135631067864, 29135631073916, 6052
29135676981320, 29135676987716, 6396
29135722892852, 29135722899368, 6516
29135768668188, 29135768674864, 6676
29135814517900, 29135814524308, 6408
29135860430324, 29135860437152, 6828
29136115645320, 29136115648384, 3064
29136117475788, 29136117481048, 5260
29136119333408, 29136119336736, 3328
29136217274376, 29136217281304, 6928
29136320961180, 29136320967648, 6468
29136424714948, 29136424721528, 6580
29136528420668, 29136528427532, 6864
29136632186092, 29136632192500, 6408
29136735806800, 29136735813760, 6960
29136839483252, 29136839490208, 6956
29116833805384, 29116833808576, 3192
29117001249032, 29117001254872, 5840
29117176836516, 29117176843020, 6504
29117352258608, 29117352263864, 5256
29117527725964, 29117527730100, 4136
29117703270300, 29117703276516, 6216
29117878775304, 29117878780028, 4724
29118054131672, 29118054137652, 5980
29118229625060, 29118229630076, 5016
29118405209756, 29118405216024, 6268
29118580601912, 29118580608316, 6404
29118756194668, 29118756199688, 5020
29118931640632, 29118931646596, 5964
29119262666564, 29119262668532, 1968
29119376690040, 29119376695980, 5940
29119490941476, 29119490946836, 5360
29119633625956, 29119633631240, 5284
29119809118176, 29119809122800, 4624
29119984628232, 29119984634872, 6640
29120160054800, 29120160059464, 4664
29120335576952, 29120335583912, 6960
29120511051768, 29120511056232, 4464
29120686586280, 29120686592068, 5788
29120862098176, 29120862105240, 7064
29120907832008, 29120907837852, 5844
29120953762016, 29120953766804, 4788
29120999617532, 29120999621972, 4440
29121045475396, 29121045482004, 6608
29121091334272, 29121091338880, 4608
29121137182748, 29121137188268, 5520
29121183055556, 29121183060052, 4496
29121229121904, 29121229126444, 4540
29121274847880, 29121274852944, 5064
29121320754976, 29121320759408, 4432
29121366562744, 29121366569456, 6712
29121412508396, 29121412512800, 4404
29121458331792, 29121458336156, 4364
29121504158844, 29121504165080, 6236
29121550118756, 29121550123576, 4820
29121595951316, 29121595957964, 6648
29121641744580, 29121641751012, 6432
29121687692032, 29121687696768, 4736
29121733552128, 29121733558612, 6484
29121779399636, 29121779406064, 6428
29121825232284, 29121825236592, 4308
29121871149648, 29121871156296, 6648
29121916995112, 29121916999920, 4808
29121962858768, 29121962865420, 6652
29122008738944, 29122008745280, 6336
29122054492372, 29122054498524, 6152
29122100394728, 29122100400952, 6224
29122146264268, 29122146270816, 6548
29122192169688, 29122192174220, 4532
29122237970992, 29122237977456, 6464
29122283894736, 29122283901016, 6280
29122329736456, 29122329742984, 6528
29122375618024, 29122375624140, 6116
29122421415516, 29122421421732, 6216
29122467395460, 29122467400184, 4724
29122513179836, 29122513186464, 6628
29122559079076, 29122559085932, 6856
29122604984016, 29122604990516, 6500
29122650828612, 29122650833328, 4716
29122696689936, 29122696696800, 6864
29122742537004, 29122742541900, 4896
29122788380176, 29122788386532, 6356
29122834276984, 29122834283640, 6656
29122880176228, 29122880181528, 5300
29122926056524, 29122926063172, 6648
29122971871584, 29122971876404, 4820
29123017748840, 29123017755300, 6460
29123063601376, 29123063606052, 4676
29123109464492, 29123109470604, 6112
29123155361644, 29123155368524, 6880
29123201185304, 29123201191980, 6676
29123247116752, 29123247123364, 6612
29123292977836, 29123292984396, 6560
29123338826340, 29123338831512, 5172
29123384708464, 29123384713196, 4732
29123430539240, 29123430545104, 5864
29123476393652, 29123476410940, 17288
29123522335180, 29123522341184, 6004
29123568182960, 29123568189160, 6200
29123614013892, 29123614020368, 6476
29123659871048, 29123659877236, 6188
29123705786128, 29123705792648, 6520
29123751603584, 29123751610444, 6860
29123797511424, 29123797518212, 6788
29123843401332, 29123843406144, 4812
29123889223816, 29123889229596, 5780
29123935071064, 29123935077496, 6432
29124142471648, 29124142475404, 3756
29124144302948, 29124144308448, 5500
29124188305176, 29124188310620, 5444
29124292015076, 29124292019648, 4572
29124395693096, 29124395698124, 5028
29124499420700, 29124499425320, 4620
29124603095836, 29124603100628, 4792
29124706831756, 29124706837932, 6176
29124810545060, 29124810551108, 6048
29124914274428, 29124914281192, 6764
29125017906316, 29125017913312, 6996
29125121596700, 29125121603892, 7192
29125225293720, 29125225300272, 6552
29125328992872, 29125328997440, 4568
29125432674256, 29125432680320, 6064
29125536439564, 29125536444152, 4588
29125640147616, 29125640154040, 6424
29125744046236, 29125744052644, 6408
29125847549336, 29125847553876, 4540
29125951278688, 29125951283672, 4984
29126054891396, 29126054896544, 5148
29126158655832, 29126158660496, 4664
29126262252400, 29126262259020, 6620
29126365990816, 29126365996736, 5920
29126411903616, 29126411908056, 4440
29126457741104, 29126457745952, 4848
29126503581292, 29126503587332, 6040
29126549432624, 29126549439488, 6864
29126595372780, 29126595377468, 4688
29126641155060, 29126641161136, 6076
29126687076968, 29126687082164, 5196
29126732938016, 29126732943012, 4996
29126778771364, 29126778777592, 6228
29126824695560, 29126824700300, 4740
29126870553868, 29126870560340, 6472
29126916382776, 29126916388644, 5868
29126962287900, 29126962292704, 4804
29127008110888, 29127008117096, 6208
29127054011800, 29127054018192, 6392
29127099861576, 29127099867924, 6348
29127145712320, 29127145716596, 4276
29127191605056, 29127191612188, 7132
29127237511620, 29127237516560, 4940
29127283401868, 29127283406500, 4632
29127329227672, 29127329233972, 6300
29127375072756, 29127375077900, 5144
29127420979756, 29127420984676, 4920
29127466914516, 29127466919120, 4604
29127512701564, 29127512706772, 5208
29127558520928, 29127558527712, 6784
29127604458308, 29127604464288, 5980
29127650239644, 29127650246328, 6684
29127696202232, 29127696207356, 5124
29127742005636, 29127742010720, 5084
29127787871664, 29127787876136, 4472
29127833732592, 29127833738332, 5740
29127879585592, 29127879591524, 5932
29127925493720, 29127925498748, 5028
29127971372472, 29127971379012, 6540
29128017233820, 29128017238352, 4532
29128063094276, 29128063098760, 4484
29128108902256, 29128108908656, 6400
29128154744144, 29128154749320, 5176
29128200669988, 29128200676036, 6048
29128246587208, 29128246593700, 6492
29128292389380, 29128292394516, 5136
29128338231716, 29128338236692, 4976
29128384167756, 29128384173924, 6168
29128430003160, 29128430008216, 5056
29128475885584, 29128475890192, 4608
29128521761008, 29128521767592, 6584
29128567581208, 29128567587544, 6336
29128613450272, 29128613455960, 5688
29128659459416, 29128659464084, 4668
29128705212944, 29128705218512, 5568
29130125038424, 29130125041504, 3080
29130126869388, 29130126875480, 6092
29130128787004, 29130128791372, 4368
29130130720160, 29130130723712, 3552
29130132585420, 29130132588400, 2980
29130134449824, 29130134453308, 3484
29130136287260, 29130136290268, 3008
29130138134208, 29130138137196, 2988
29130139970160, 29130139973132, 2972
29130141806252, 29130141812108, 5856
29130143645188, 29130143648644, 3456
29130145552052, 29130145557412, 5360
29130147398784, 29130147402092, 3308
29130149282764, 29130149285804, 3040
29130202826408, 29130202841708, 15300
29130306467260, 29130306491364, 24104
29130410320104, 29130410335792, 15688
29130513917412, 29130513933476, 16064
29130617683280, 29130617699436, 16156
29130721313312, 29130721328652, 15340
29130825069224, 29130825084404, 15180
29130928767972, 29130928781340, 13368
29131032426768, 29131032441232, 14464
29131136087552, 29131136103680, 16128
29131181984616, 29131182000288, 15672
29131227846324, 29131227862688, 16364
29131273735952, 29131273751536, 15584
29131319660276, 29131319675104, 14828
29131365459096, 29131365472724, 13628
29131411342688, 29131411357416, 14728
29131457154396, 29131457168632, 14236
29131503027084, 29131503042108, 15024
29131548936984, 29131548951588, 14604
29131594867356, 29131594883252, 15896
29131640655580, 29131640671596, 16016
29131686507568, 29131686528700, 21132
29131732468780, 29131732482896, 14116
29131778298072, 29131778306528, 8456
29131824227528, 29131824236916, 9388
29131870012436, 29131870029264, 16828
29131915847040, 29131915853940, 6900
29131961718972, 29131961751592, 32620
29132007559448, 29132007566616, 7168
29132053398148, 29132053404508, 6360
29132099265668, 29132099272532, 6864
29132145107488, 29132145114012, 6524
29132191029564, 29132191036380, 6816
29132236857856, 29132236864196, 6340
29132282736020, 29132282742384, 6364
29132328663396, 29132328669404, 6008
29132374469816, 29132374476628, 6812
29132420359792, 29132420366040, 6248
29132466225376, 29132466231744, 6368
29132512095512, 29132512101996, 6484
29132557936212, 29132557942856, 6644
29132603868892, 29132603875060, 6168
29132649678228, 29132649684640, 6412
29132695558084, 29132695564460, 6376
29132741515196, 29132741522056, 6860
29132787275204, 29132787281696, 6492
29132833255876, 29132833262588, 6712
29132879066876, 29132879074112, 7236
29132925047224, 29132925053792, 6568
29132971107252, 29132971113004, 5752
29133016620176, 29133016627368, 7192
29133062581572, 29133062588084, 6512
29133108409896, 29133108416616, 6720
29133154262316, 29133154268876, 6560
29133200129552, 29133200135816, 6264
29133246008380, 29133246014928, 6548
29133291901824, 29133291908692, 6868
29133337702000, 29133337708920, 6920
29133383601964, 29133383608596, 6632
29133429515884, 29133429522520, 6636
29133475364908, 29133475371088, 6180
29134115414248, 29134115417436, 3188
29134117244636, 29134117250948, 6312
29134119101100, 29134119105200, 4100
29134120977488, 29134120980780, 3292
29134122834376, 29134122837368, 2992
29134124688668, 29134124691672, 3004
29134143295536, 29134143302212, 6676
29134247041088, 29134247047340, 6252
29134350820916, 29134350827624, 6708
29134454457724, 29134454464308, 6584
29134558226964, 29134558233664, 6700
29134661849224, 29134661855964, 6740
29134765532984, 29134765539824, 6840
29134869268864, 29134869275708, 6844
29134972917100, 29134972924520, 7420
29135076616564, 29135076623068, 6504
29135180416336, 29135180422656, 6320
29135284048384, 29135284055544, 7160
29135387714940, 29135387721920, 6980
29135491488788, 29135491495428, 6640
29135595147588, 29135595154552, 6964
29135698888356, 29135698895016, 6660
29135802592836, 29135802599608, 6772
29135906231692, 29135906239788, 8096
29135952111240, 29135952118560, 7320
29135997898736, 29135997914212, 15476
29136043779500, 29136043786412, 6912
29136089633016, 29136089639956, 6940
29136135625964, 29136135632532, 6568
29136181378364, 29136181385336, 6972
29136227261036, 29136227267680, 6644
29136273145700, 29136273151852, 6152
29136318968088, 29136318974312, 6224
29136364898600, 29136364904784, 6184
29136410733292, 29136410761488, 28196
29136456646140, 29136456652632, 6492
29136502468228, 29136502475340, 7112
29136548348924, 29136548355680, 6756
29136594264600, 29136594270836, 6236
29136640059388, 29136640066052, 6664
29136685937476, 29136685952320, 14844
29136731827540, 29136731833800, 6260
29136777746648, 29136777753228, 6580
29112845874544, 29112845882656, 8112
29112832134336, 29112832143648, 9312
