148134176013204, 148134176025156, 11952
148134237127584, 148134237137160, 9576
148134291673116, 148134291683152, 10036
148134339964124, 148134339973480, 9356
148134442561536, 148134442572504, 10968
148134511453052, 148134511463052, 10000
148134523656404, 148134523666112, 9708
148134529012196, 148134529019324, 7128
148134541094544, 148134541105020, 10476
148134558539852, 148134558549828, 9976
148134570577512, 148134570585252, 7740
148134576847980, 148134576858012, 10032
148134588889660, 148134588897800, 8140
148134610317244, 148134610326820, 9576
148134622659628, 148134622672428, 12800
148134631329768, 148134631338676, 8908
148134643412548, 148134643422948, 10400
148134652081408, 148134652089820, 8412
148134677974728, 148134677983584, 8856
148134755998472, 148134756007324, 8852
148134769546372, 148134769554896, 8524
148134865374380, 148134865384272, 9892
148134953783392, 148134953792372, 8980
148134975482536, 148134975491820, 9284
148134977461948, 148134977470256, 8308
148134986457700, 148134986466016, 8316
148134988597756, 148134988605736, 7980
148134991540224, 148134991548152, 7928
148135003582788, 148135003591252, 8464
148135008914624, 148135008922684, 8060
148135010860284, 148135010868116, 7832
148135017574500, 148135017584052, 9552
148135029599104, 148135029607448, 8344
148135034921860, 148135034928824, 6964
148135043389644, 148135043399892, 10248
148135055407368, 148135055415544, 8176
148135069326896, 148135069335064, 8168
148135089289464, 148135089299928, 10464
148135091233520, 148135091241828, 8308
148135122580864, 148135122591020, 10156
148135211029396, 148135211038968, 9572
148135236388864, 148135236398636, 9772
148135238343872, 148135238352316, 8444
148135251930088, 148135251939072, 8984
148135330316056, 148135330324840, 8784
148136644744772, 148136644749236, 4464
148137651433788, 148137651443376, 9588
148137653379040, 148137653387220, 8180
148137653795836, 148137653802632, 6796
148137662417364, 148137662424008, 6644
148137764354804, 148137764364948, 10144
148137769055476, 148137769063592, 8116
148137782590404, 148137782598192, 7788
148137870692452, 148137870701876, 9424
148137971360684, 148137971370176, 9492
148138128059756, 148138128067864, 8108
148138328867716, 148138328876944, 9228
148138342437184, 148138342445416, 8232
148138351173324, 148138351183076, 9752
148138351750472, 148138351757304, 6832
148138360414076, 148138360421948, 7872
148138374056656, 148138374066468, 9812
148138382710484, 148138382717668, 7184
148138461600164, 148138461610016, 9852
148138470295280, 148138470303888, 8608
148138471420732, 148138471427412, 6680
148138480119248, 148138480126880, 7632
148138511559048, 148138511568256, 9208
148138525152488, 148138525162120, 9632
148138559872140, 148138559881928, 9788
148138571114092, 148138571124224, 10132
148138579798708, 148138579806548, 7840
148138584515776, 148138584525096, 9320
148138615894484, 148138615903764, 9280
148138629480092, 148138629489928, 9836
148138661370864, 148138661380356, 9492
148138666085104, 148138666094428, 9324
148138744328748, 148138744337548, 8800
148138807092600, 148138807101380, 8780
148138811771164, 148138811779180, 8016
148138890005452, 148138890014984, 9532
148138907917888, 148138907927220, 9332
148138921475484, 148138921482676, 7192
148138938860580, 148138938870288, 9708
148138964289188, 148138964299248, 10060
148138981589884, 148138981598272, 8388
148138989901184, 148138989911428, 10244
148138998570728, 148138998578856, 8128
148139076816844, 148139076826372, 9528
148139080235336, 148139080243496, 8160
148139084954260, 148139084964192, 9932
148139098482096, 148139098490152, 8056
148139107178924, 148139107188600, 9676
148139109551260, 148139109558340, 7080
148139118209604, 148139118217652, 8048
148139129495984, 148139129505968, 9984
148139138165268, 148139138173176, 7908
148139226635564, 148139226644800, 9236
148139328602856, 148139328612148, 9292
148139382991484, 148139383000988, 9504
148139483573312, 148139483583356, 10044
148139495602248, 148139495610520, 8272
148139521629240, 148139521639316, 10076
148139621557076, 148139621566416, 9340
148139631278480, 148139631288680, 10200
148139644858572, 148139644867704, 9132
148139670738716, 148139670748380, 9664
148139675422136, 148139675430196, 8060
148139763460588, 148139763470336, 9748
148139865308256, 148139865317648, 9392
148139878853444, 148139878862184, 8740
148139979382484, 148139979392388, 9904
148140010761892, 148140010771488, 9596
148140036109980, 148140036120000, 10020
148140138166764, 148140138176404, 9640
148140165825616, 148140165834608, 8992
148140220058044, 148140220068260, 10216
148140251411392, 148140251419360, 7968
148140256101580, 148140256109648, 8068
148140276817116, 148140276825152, 8036
148140278767264, 148140278774932, 7668
148140292350100, 148140292359560, 9460
148140294298872, 148140294307000, 8128
148140322039956, 148140322052396, 12440
148140331986596, 148140331995992, 9396
148140344068460, 148140344079080, 10620
148140432617308, 148140432626196, 8888
148140436519500, 148140436526960, 7460
148140538673436, 148140538683536, 10100
148140552291740, 148140552301788, 10048
148140558128332, 148140558136656, 8324
148140569296608, 148140569306792, 10184
148140571233156, 148140571240128, 6972
148140614476700, 148140614486352, 9652
148140714842992, 148140714852128, 9136
148140816646008, 148140816656800, 10792
148140895172932, 148140895183208, 10276
148140920523000, 148140920532608, 9608
148140937847752, 148140937857032, 9280
148141140588468, 148141140596832, 8364
148141154673660, 148141154680772, 7112
148141259793424, 148141259802908, 9484
148141277142768, 148141277151292, 8524
148141290690864, 148141290698276, 7412
148141295384956, 148141295392764, 7808
148141401455620, 148141401465016, 9396
148141406149612, 148141406156588, 6976
148141511195840, 148141511206232, 10392
148141513147300, 148141513155416, 8116
148141591171396, 148141591179524, 8128
148141692106748, 148141692118248, 11500
148141779877644, 148141779886272, 8628
148141784563048, 148141784571268, 8220
148141895456284, 148141895465908, 9624
148141903195920, 148141903203248, 7328
148141907900180, 148141907907880, 7700
148142009905104, 148142009914196, 9092
148142011866272, 148142011874360, 8088
148142223159872, 148142223169384, 9512
148142236767916, 148142236777576, 9660
148142250351580, 148142250359948, 8368
148142304775924, 148142304785656, 9732
148142340936292, 148142340946328, 10036
148142354506528, 148142354513932, 7404
148142366548460, 148142366558512, 10052
148142380152628, 148142380162640, 10012
148142392717784, 148142392725532, 7748
148142406364524, 148142406374572, 10048
148142418465328, 148142418475524, 10196
148142423895772, 148142423904364, 8592
148142437494240, 148142437504904, 10664
148142449523024, 148142449530528, 7504
148142457799816, 148142457809412, 9596
148142469828596, 148142469835584, 6988
148142483725892, 148142483736312, 10420
148142495833012, 148142495843256, 10244
148142509646460, 148142509654016, 7556
148142521729392, 148142521739092, 9700
148142535312732, 148142535321848, 9116
148142535584136, 148142535593100, 8964
148142547644136, 148142547652072, 7936
148142559504692, 148142559514200, 9508
148142573086400, 148142573094532, 8132
148142585168080, 148142585178032, 9952
148142587421164, 148142587428552, 7388
148142599522776, 148142599533340, 10564
148142664170964, 148142664180412, 9448
148142689471944, 148142689479868, 7924
148142767514792, 148142767523284, 8492
148142867387212, 148142867397580, 10368
148142878077468, 148142878087580, 10112
148142892167648, 148142892175780, 8132
148142996297556, 148142996308888, 11332
148143033638296, 148143033647612, 9316
148143088045744, 148143088054868, 9124
148143190523564, 148143190532912, 9348
148143278417420, 148143278426788, 9368
148143281624036, 148143281631136, 7100
148143369625828, 148143369635800, 9972
148143381676152, 148143381686828, 10676
148143386381148, 148143386388656, 7508
148143489620588, 148143489630560, 9972
148143544122024, 148143544131344, 9320
148143556545700, 148143556555144, 9444
148143645459772, 148143645469748, 9976
148143670846240, 148143670855468, 9228
148143684443700, 148143684452772, 9072
148143786740388, 148143786749756, 9368
148143841342596, 148143841352000, 9404
148143854939064, 148143854947164, 8100
148143859670996, 148143859679808, 8812
148143873226352, 148143873234120, 7768
148143905190952, 148143905200760, 9808
148143959626836, 148143959636076, 9240
148143985701676, 148143985710788, 9112
148143999411208, 148143999420292, 9084
148144004113424, 148144004121536, 8112
148144017764168, 148144017773848, 9680
148144121420016, 148144121429596, 9580
148144176463864, 148144176472192, 8328
148144282075812, 148144282085480, 9668
148144313500220, 148144313509696, 9476
148144419778460, 148144419787800, 9340
148144428457572, 148144428465656, 8084
148144460057796, 148144460067396, 9600
148144485427004, 148144485436204, 9200
148144516889012, 148144516898020, 9008
148144530451668, 148144530459604, 7936
148144618577856, 148144618587304, 9448
148144636490560, 148144636499904, 9344
148144661818280, 148144661828184, 9904
148144666498748, 148144666506928, 8180
148144768024756, 148144768033392, 8636
148144811721032, 148144811730196, 9164
148144825262964, 148144825272216, 9252
148144856544396, 148144856552708, 8312
148144911278304, 148144911286572, 8268
148144913224524, 148144913232268, 7744
148144917910456, 148144917917256, 6800
148144919853612, 148144919861408, 7796
148145551547256, 148145551557244, 9988
148145560235352, 148145560245008, 9656
148145614636692, 148145614646468, 9776
148145619989164, 148145619997116, 7952
148145624691568, 148145624699300, 7732
148145630558840, 148145630567216, 8376
148145639803480, 148145639813976, 10496
148145659348836, 148145659358728, 9892
148145664690208, 148145664698232, 8024
148145742854488, 148145742863472, 8984
148145756414796, 148145756423328, 8532
148145765057148, 148145765064852, 7704
148145770148140, 148145770154968, 6828
148145778835636, 148145778845352, 9716
148145787300268, 148145787307948, 7680
148145803361856, 148145803371856, 10000
148145820759552, 148145820769916, 10364
148145826097780, 148145826106168, 8388
148145829980412, 148145829987676, 7264
148145835338152, 148145835348252, 10100
148145845056680, 148145845064572, 7892
148145849734640, 148145849742388, 7748
148145849923228, 148145849931452, 8224
148145858630428, 148145858639520, 9092
148145961110348, 148145961119824, 9476
148145974675688, 148145974684320, 8632
148145983348948, 148145983356260, 7312
148146109187892, 148146109198960, 11068
148146255836600, 148146255846108, 9508
148146266496452, 148146266505044, 8592
148146314711420, 148146314720508, 9088
148146340044544, 148146340054216, 9672
148146345409928, 148146345417752, 7824
148146400279348, 148146400288872, 9524
148146412404304, 148146412413820, 9516
148146424380236, 148146424391256, 11020
148146436414844, 148146436423280, 8436
148146441768016, 148146441776528, 8512
148146459176096, 148146459186920, 10824
148146547195928, 148146547205396, 9468
148146557872148, 148146557879700, 7552
148146562560724, 148146562569284, 8560
148146576145760, 148146576154668, 8908
148146589677132, 148146589686980, 9848
148146603788184, 148146603799520, 11336
148146607731596, 148146607739608, 8012
148146616393584, 148146616401812, 8228
148146621741392, 148146621749548, 8156
148148593964840, 148148593974620, 9780
148148760963100, 148148760972064, 8964
148148768001624, 148148768009380, 7756
148148799299732, 148148799308408, 8676
148148853503480, 148148853511552, 8072
148148855461608, 148148855469328, 7720
148148868953072, 148148868961012, 7940
148148881510176, 148148881517704, 7528
148148887088228, 148148887095044, 6816
148149070824864, 148149070832948, 8084
148149084346032, 148149084353340, 7308
148149093023088, 148149093031440, 8352
148149124860912, 148149124869508, 8596
148149136401284, 148149136412552, 11268
148149232140468, 148149232150956, 10488
148149310407720, 148149310417532, 9812
148149341707184, 148149341717116, 9932
148149367060916, 148149367070500, 9584
148149376354144, 148149376363808, 9664
148149407660536, 148149407671024, 10488
148149421187164, 148149421194748, 7584
148150618069932, 148150618080896, 10964
148151672130536, 148151672141724, 11188
148151828668640, 148151828678556, 9916
148152480656356, 148152480666388, 10032
148152538792888, 148152538802548, 9660
148152664111860, 148152664122356, 10496
148152724655092, 148152724664156, 9064
148152802690644, 148152802699240, 8596
148152911435728, 148152911447824, 12096
148152971708240, 148152971718160, 9920
148152985249176, 148152985256456, 7280
148153063557888, 148153063567524, 9636
148153075639176, 148153075648920, 9744
148153086861872, 148153086869000, 7128
148153098952392, 148153098962364, 9972
148153101317224, 148153101325348, 8124
148153127926872, 148153127936144, 9272
148153128741860, 148153128748900, 7040
148153137486472, 148153137495052, 8580
148153139433352, 148153139441400, 8048
148153151556052, 148153151565824, 9772
148153160242356, 148153160250592, 8236
148153164636336, 148153164643356, 7020
148153176724344, 148153176733948, 9604
148153185396636, 148153185404328, 7692
148153187339524, 148153187347564, 8040
148153188567224, 148153188574140, 6916
148153197329208, 148153197339168, 9960
148153209357244, 148153209365340, 8096
148153211356760, 148153211366124, 9364
148153216486444, 148153216495184, 8740
148153228492172, 148153228498936, 6764
148153238908992, 148153238918176, 9184
148153242411264, 148153242419400, 8136
148153254516680, 148153254526656, 9976
148153256464524, 148153256472732, 8208
148153307522680, 148153307531736, 9056
148153321111280, 148153321120728, 9448
148153323102352, 148153323110484, 8132
148153402019736, 148153402029292, 9556
148153403966108, 148153403974248, 8140
148153458452752, 148153458462576, 9824
148153470490084, 148153470497792, 7708
148153472479896, 148153472489248, 9352
148153494379544, 148153494390600, 11056
148153496341828, 148153496350276, 8448
148153598423408, 148153598432800, 9392
148153612012744, 148153612022136, 9392
148153614527908, 148153614535928, 8020
148153623217660, 148153623224688, 7028
148153627273840, 148153627280876, 7036
148153635984900, 148153635994384, 9484
148153637948976, 148153637957040, 8064
148153647214844, 148153647221808, 6964
148153655937408, 148153655946992, 9584
148153710355912, 148153710365072, 9160
148153758543740, 148153758553224, 9484
148153760504048, 148153760511824, 7776
148153765203748, 148153765210868, 7120
148153777274924, 148153777284396, 9472
148153778876576, 148153778884712, 8136
148153780803960, 148153780810480, 6520
148153786865916, 148153786873000, 7084
148153798970048, 148153798979676, 9628
148153802764984, 148153802772764, 7780
148153804700052, 148153804706620, 6568
148153818611244, 148153818621016, 9772
148153830631052, 148153830639204, 8152
148153832611828, 148153832621276, 9448
148153838661600, 148153838670504, 8904
148153850687164, 148153850694412, 7248
148153852649640, 148153852658864, 9224
148153907583568, 148153907593212, 9644
148153919644700, 148153919654260, 9560
148153924346272, 148153924354412, 8140
148153926293144, 148153926300644, 7500
148153939874780, 148153939883884, 9104
148153946354376, 148153946362808, 8432
148153955080256, 148153955089664, 9408
148153957031432, 148153957039680, 8248
148153966291492, 148153966298668, 7176
148153975033964, 148153975043520, 9556
148153976982552, 148153976990580, 8028
148153981276432, 148153981283528, 7096
148154053127104, 148154053135840, 8736
148154055087804, 148154055096220, 8416
148154067118824, 148154067127404, 8580
148134116173004, 148134116183796, 10792
148134132139580, 148134132150564, 10984
148134155997640, 148134156002272, 4632
148134180016756, 148134180021276, 4520
148134203930664, 148134203940848, 10184
148134217874428, 148134217885216, 10788
148134318290172, 148134318301488, 11316
148134326073316, 148134326081408, 8092
148134399253692, 148134399263268, 9576
148134581132504, 148134581142788, 10284
148134588567568, 148134588575408, 7840
148134614689056, 148134614698068, 9012
148134619449712, 148134619459140, 9428
148134719743924, 148134719753620, 9696
148134784249180, 148134784253936, 4756
148134856024540, 148134856029144, 4604
148134904169576, 148134904178972, 9396
148134910053964, 148134910060980, 7016
148134912000316, 148134912007908, 7592
148134913763100, 148134913770208, 7108
148134925810924, 148134925820432, 9508
148134927759900, 148134927767800, 7900
148134933079296, 148134933087300, 8004
148134936055484, 148134936066560, 11076
148134939691432, 148134939700300, 8868
148134941686292, 148134941694544, 8252
148134947007904, 148134947015152, 7248
148134957069984, 148134957079344, 9360
148134961629488, 148134961638332, 8844
148134966958876, 148134966966200, 7324
148134978995056, 148134979004180, 9124
148134981567568, 148134981575464, 7896
148134986890296, 148134986898308, 8012
148135012850904, 148135012860012, 9108
148135067122540, 148135067130488, 7948
148135175126240, 148135175136440, 10200
148135252994428, 148135253004052, 9624
148135440268696, 148135440278780, 10084
148135448022768, 148135448030160, 7392
148135448195100, 148135448201484, 6384
148135450124428, 148135450130592, 6164
148135504361664, 148135504372008, 10344
148135508245208, 148135508252832, 7624
148135610143776, 148135610153348, 9572
148135641485648, 148135641495252, 9604
148135655000492, 148135655008672, 8180
148135663589208, 148135663598492, 9284
148135695000488, 148135695010456, 9968
148135699461132, 148135699469232, 8100
148135713103292, 148135713113160, 9868
148135726813776, 148135726823712, 9936
148135735357492, 148135735365384, 7892
148135766825204, 148135766834912, 9708
148135821201464, 148135821211384, 9920
148135834747892, 148135834756168, 8276
148135866173616, 148135866183204, 9588
148135870851868, 148135870860076, 8208
148135959491800, 148135959501540, 9740
148135961499240, 148135961508128, 8888
148136061518876, 148136061529400, 10524
148136164076128, 148136164085800, 9672
148136218415068, 148136218424104, 9036
148136224272808, 148136224282496, 9688
148136329669636, 148136329679732, 10096
148136339331856, 148136339340204, 8348
148136418114288, 148136418123500, 9212
148136449483460, 148136449493604, 10144
148136527702112, 148136527711188, 9076
148136535496308, 148136535505712, 9404
148136549006928, 148136549014140, 7212
148136551027740, 148136551037044, 9304
148136555726160, 148136555733688, 7528
148136581039240, 148136581048516, 9276
148136582992396, 148136582999224, 6828
148136596587976, 148136596597572, 9596
148136610180792, 148136610189668, 8876
148136641500016, 148136641509276, 9260
148136647304300, 148136647315440, 11140
148136735496552, 148136735505560, 9008
148136738383724, 148136738390496, 6772
148136826005852, 148136826014304, 8452
148136839533908, 148136839542692, 8784
148137039334728, 148137039344196, 9468
148137119288036, 148137119296208, 8172
148137132790880, 148137132798944, 8064
148137137483508, 148137137491504, 7996
148137151031956, 148137151041356, 9400
148137153519660, 148137153527416, 7756
148137231623620, 148137231632808, 9188
148137263554540, 148137263562524, 7984
148137268231044, 148137268239008, 7964
148137270189976, 148137270198020, 8044
148137371765304, 148137371774180, 8876
148137435100700, 148137435110128, 9428
148137448675596, 148137448685228, 9632
148137458339304, 148137458347468, 8164
148137489713004, 148137489723520, 10516
148137576586496, 148137576595412, 8916
148137590117580, 148137590127380, 9800
148137678442072, 148137678451616, 9544
148140042699584, 148140042708736, 9152
148140250564408, 148140250572736, 8328
148140259216692, 148140259225116, 8424
148140290566660, 148140290576200, 9540
148140299218052, 148140299225580, 7528
148140361155868, 148140361167252, 11384
148140365031856, 148140365039704, 7848
148140443732980, 148140443742312, 9332
148140613243244, 148140613254480, 11236
148140816618872, 148140816623560, 4688
148140879291736, 148140879301500, 9764
148140892826924, 148140892834628, 7704
148140904330884, 148140904340064, 9180
148140935635044, 148140935644344, 9300
148140949192284, 148140949202260, 9976
148140957866544, 148140957876704, 10160
148140969884172, 148140969891324, 7152
148140978582888, 148140978593688, 10800
148141009925792, 148141009936668, 10876
148141123758000, 148141123767376, 9376
148141141073776, 148141141083712, 9936
148141153648976, 148141153657560, 8584
148141353596476, 148141353606360, 9884
148141358986588, 148141358997160, 10572
148141459422536, 148141459431188, 8652
148141567755792, 148141567764048, 8256
148141692096300, 148141692107580, 11280
148141701785156, 148141701793116, 7960
148141733152684, 148141733161548, 8864
148141746656728, 148141746664832, 8104
148141846627652, 148141846637928, 10276
148141878033748, 148141878042632, 8884
148141892220972, 148141892230704, 9732
148141997405048, 148141997414468, 9420
148142061880940, 148142061890580, 9640
148142164581584, 148142164591340, 9756
148142191754096, 148142191763440, 9344
148142264019216, 148142264027644, 8428
148142342390564, 148142342399772, 9208
148142405659704, 148142405668460, 8756
148142410358432, 148142410366188, 7756
148142412029292, 148142412038932, 9640
148142443313472, 148142443323368, 9896
148142524277112, 148142524285652, 8540
148142537825448, 148142537834464, 9016
148142542296192, 148142542304664, 8472
148142642763332, 148142642771808, 8476
148142656293120, 148142656300732, 7612
148143077199440, 148143077208564, 9124
148143081881704, 148143081890076, 8372
148143182373568, 148143182383160, 9592
148143230416616, 148143230425780, 9164
148143255760280, 148143255769368, 9088
148143269252700, 148143269260732, 8032
148143285269028, 148143285277840, 8812
148143297349684, 148143297360724, 11040
148143306005932, 148143306013944, 8012
148143311373208, 148143311382992, 9784
148143317286024, 148143317292900, 6876
148143322602396, 148143322609120, 6724
148143359098344, 148143359107464, 9120
148144669381980, 148144669392880, 10900
148145139144796, 148145139154888, 10092
148145155124116, 148145155131472, 7356
148145160467336, 148145160475304, 7968
148145191785288, 148145191794012, 8724
148145193734652, 148145193742544, 7892
148145211791664, 148145211799136, 7472
148145213722684, 148145213729300, 6616
148145245013840, 148145245020904, 7064
148145246958380, 148145246965452, 7072
148145272325748, 148145272335568, 9820
148145285864140, 148145285871648, 7508
148145487012496, 148145487022932, 10436
148145524302116, 148145524312368, 10252
148145541660348, 148145541670276, 9928
148145547041964, 148145547051736, 9772
148145550785316, 148145550792276, 6960
148145556129256, 148145556135908, 6652
148145640832032, 148145640840932, 8900
148145654412396, 148145654422032, 9636
148145663079364, 148145663087320, 7956
148145670441800, 148145670451644, 9844
148145679095480, 148145679102776, 7296
148145726062656, 148145726072600, 9944
148145738148160, 148145738157016, 8856
148145743496796, 148145743504364, 7568
148145831451332, 148145831460760, 9428
148145840151836, 148145840159644, 7808
148146156923344, 148146156932948, 9604
148146182295408, 148146182304716, 9308
148146195640120, 148146195649740, 9620
148146282372988, 148146282382048, 9060
148146343070692, 148146343079840, 9148
148146367197912, 148146367207628, 9716
148146381265392, 148146381272644, 7252
148146393333904, 148146393343656, 9752
148146514026344, 148146514036660, 10316
148146541082632, 148146541091028, 8396
148146553094100, 148146553101780, 7680
148146553876588, 148146553883308, 6720
148146565915256, 148146565924708, 9452
148146668182720, 148146668191116, 8396
148146684200476, 148146684209364, 8888
148146697772256, 148146697781756, 9500
148146703099280, 148146703107636, 8356
148146805189332, 148146805199136, 9804
148146822526548, 148146822535548, 9000
148146827084776, 148146827091816, 7040
148146835763856, 148146835773576, 9720
148146847026272, 148146847033216, 6944
148146855698332, 148146855708672, 10340
148146996629852, 148146996638992, 9140
148147008628888, 148147008636896, 8008
148147013982332, 148147013991580, 9248
148147020521656, 148147020530012, 8356
148147032529108, 148147032536296, 7188
148147039558180, 148147039567212, 9032
148147044230820, 148147044238816, 7996
148147046457772, 148147046466348, 8576
148147055139272, 148147055149068, 9796
148147060479584, 148147060488012, 8428
148147066394708, 148147066401704, 6996
148147075072068, 148147075081600, 9532
148147087082968, 148147087089836, 6868
148147095766604, 148147095775976, 9372
148147111737300, 148147111744160, 6860
148147120436024, 148147120445588, 9564
148147126217700, 148147126224500, 6800
148147135438168, 148147135447084, 8916
148147148952700, 148147148959616, 6916
148147157661108, 148147157670216, 9108
148147162354344, 148147162362300, 7956
148147166097128, 148147166103992, 6864
148147174798052, 148147174807820, 9768
148147188363620, 148147188370820, 7200
148147197050812, 148147197060728, 9916
148147205984000, 148147205990856, 6856
148147214668680, 148147214678188, 9508
148147221935480, 148147221943220, 7740
148147235494560, 148147235504068, 9508
148147244177988, 148147244185948, 7960
148147323954916, 148147323963532, 8616
148147424285356, 148147424294256, 8900
148147478610632, 148147478620336, 9704
148147635617792, 148147635627224, 9432
148147652974188, 148147652983212, 9024
148147666431184, 148147666438656, 7472
148147691718684, 148147691728480, 9796
148147723044688, 148147723054296, 9608
148147796314220, 148147796323388, 9168
148147809850972, 148147809858784, 7812
148147821895344, 148147821904716, 9372
148147847226392, 148147847235716, 9324
148147935617748, 148147935626548, 8800
148147949136380, 148147949144692, 8312
148147980509432, 148147980518852, 9420
148148053604356, 148148053613072, 8716
148148067136188, 148148067144172, 7984
148148075349732, 148148075359164, 9432
148148080062680, 148148080070968, 8288
148148083421648, 148148083429952, 8304
148148092078176, 148148092086320, 8144
148148105648804, 148148105658740, 9936
148148114350260, 148148114358428, 8168
148148126923388, 148148126930724, 7336
148148135267220, 148148135277044, 9824
148148147284804, 148148147292328, 7524
148148201670348, 148148201679496, 9148
148148241723008, 148148241731208, 8200
148148242960016, 148148242966776, 6760
148148251615552, 148148251623500, 7948
148148262897500, 148148262907152, 9652
148148271561244, 148148271568476, 7232
148148314613120, 148148314622776, 9656
148148417083904, 148148417093388, 9484
148148471397000, 148148471406240, 9240
148148502800268, 148148502809404, 9136
148148516910432, 148148516919608, 9176
148148530423576, 148148530431804, 8228
148148539114068, 148148539123396, 9328
148148542085024, 148148542092072, 7048
148148550762336, 148148550769012, 6676
148148561442548, 148148561452316, 9768
148148592844600, 148148592853960, 9360
148148681035316, 148148681045356, 10040
148148709148048, 148148709157552, 9504
148148721160248, 148148721168920, 8672
148148877606044, 148148877614320, 8276
148148879550896, 148148879558656, 7760
148148992874068, 148148992886056, 11988
148149064975876, 148149064985032, 9156
148149066925428, 148149066933632, 8204
148149167290224, 148149167299616, 9392
148149169252160, 148149169259756, 7596
148149200679808, 148149200689432, 9624
148149303993580, 148149304004904, 11324
148149313656336, 148149313664200, 7864
148149327200448, 148149327209744, 9296
148149335866540, 148149335873620, 7080
148149441494268, 148149441504716, 10448
148149451453556, 148149451463672, 10116
148149459431708, 148149459442944, 11236
148149468086560, 148149468094672, 8112
148149473425836, 148149473433544, 7708
148149479400880, 148149479409320, 8440
148149484741012, 148149484748576, 7564
148149498268176, 148149498275340, 7164
148149500258764, 148149500268664, 9900
148149553164684, 148149553174788, 10104
148149557029016, 148149557037044, 8028
148149611261328, 148149611269492, 8164
148149744697428, 148149744708916, 11488
148149844906328, 148149844915988, 9660
148149947422148, 148149947430824, 8676
148150101770176, 148150101779292, 9116
148150107193432, 148150107202384, 8952
148150117495156, 148150117502188, 7032
148150123343284, 148150123350432, 7148
148150136946948, 148150136956648, 9700
148150137437516, 148150137445424, 7908
148150142776868, 148150142783516, 6648
148150235465048, 148150235475164, 10116
148150247521372, 148150247530752, 9380
148150252876008, 148150252883032, 7024
148150257088308, 148150257095040, 6732
148150262422004, 148150262429072, 7068
148150274519412, 148150274528556, 9144
148150283874740, 148150283882816, 8076
148150289316736, 148150289326600, 9864
148150301345564, 148150301353524, 7960
148150314975224, 148150314984968, 9744
148150403524664, 148150403533928, 9264
148150408249352, 148150408258728, 9376
148150433602868, 148150433612384, 9516
148150447151276, 148150447160476, 9200
148150460697452, 148150460704768, 7316
148150515167552, 148150515177096, 9544
148150519849432, 148150519857516, 8084
148150525271036, 148150525280936, 9900
148150725547444, 148150725556396, 8952
148150750841900, 148150750850024, 8124
148150838541308, 148150838549356, 8048
148150940242540, 148150940250516, 7976
148150981449972, 148150981459716, 9744
148150992095420, 148150992103116, 7696
148151005632920, 148151005641716, 8796
148151083676056, 148151083685124, 9068
148151098650860, 148151098658196, 7336
148151100583416, 148151100589856, 6440
148151186200200, 148151186209548, 9348
148151199738260, 148151199745812, 7552
148151253947088, 148151253957320, 10232
148151355639832, 148151355648384, 8552
148151381536032, 148151381546364, 10332
148151393556816, 148151393565180, 8364
148151424930388, 148151424939824, 9436
148151438433824, 148151438441920, 8096
148151442440900, 148151442451088, 10188
148151528309564, 148151528319180, 9616
148151545692352, 148151545701656, 9304
148151547328264, 148151547335904, 7640
148151551999300, 148151552007196, 7896
148151654336304, 148151654345752, 9448
148151673054084, 148151673065628, 11544
148151692982220, 148151692987072, 4852
148151701652396, 148151701661488, 9092
148151789809656, 148151789819612, 9956
148151868454408, 148151868463200, 8792
148151882084168, 148151882093480, 9312
148151936599388, 148151936608452, 9064
148151999276380, 148151999285332, 8952
148152007933376, 148152007941052, 7676
148152062301172, 148152062311696, 10524
148152105632248, 148152105641924, 9676
148152137638424, 148152137647508, 9084
148152610292020, 148152610302264, 10244
148152749240488, 148152749249708, 9220
148152753135436, 148152753144224, 8788
148154066047404, 148154066057816, 10412
148134104220944, 148134104233556, 12612
148134110227760, 148134110238688, 10928
148134136100840, 148134136105392, 4552
148134162078268, 148134162082676, 4408
148134187929892, 148134187934584, 4692
148134203924908, 148134203932220, 7312
148134213875960, 148134213887604, 11644
148134227794084, 148134227807528, 13444
148134229810864, 148134229819012, 8148
148134318157168, 148134318167252, 10084
148134379016520, 148134379027392, 10872
148134467659368, 148134467669284, 9916
148134469631132, 148134469639168, 8036
148134474319052, 148134474326332, 7280
148134486342588, 148134486350936, 8348
148134508560048, 148134508568756, 8708
148134624648092, 148134624658524, 10432
148134634348924, 148134634357360, 8436
148134634574928, 148134634581780, 6852
148134636509156, 148134636515544, 6388
148134649866244, 148134649874144, 7900
148134661100424, 148134661107972, 7548
148134663046696, 148134663054588, 7892
148134671703124, 148134671710312, 7188
148134677042380, 148134677050320, 7940
148134682439472, 148134682446556, 7084
148134691107056, 148134691114100, 7044
148134694400984, 148134694407884, 6900
148134707920800, 148134707928732, 7932
148134709866508, 148134709873316, 6808
148134755397208, 148134755405188, 7980
148134757349612, 148134757357916, 8304
148134762206252, 148134762213268, 7016
148134778206236, 148134778216820, 10584
148134802147516, 148134802152108, 4592
148134856023752, 148134856028536, 4784
148134873427444, 148134873435524, 8080
148134873882004, 148134873889036, 7032
148134875808612, 148134875814948, 6336
148134954109536, 148134954120016, 10480
148135055888188, 148135055898192, 10004
148135179103140, 148135179113020, 9880
148135216341372, 148135216349800, 8428
148135320596884, 148135320607596, 10712
148135405036936, 148135405047036, 10100
148135406569088, 148135406576180, 7092
148135418583640, 148135418591192, 7552
148135432238920, 148135432249452, 10532
148135444349672, 148135444360728, 11056
148135456085708, 148135456093460, 7752
148135458162216, 148135458169336, 7120
148135470208884, 148135470217824, 8940
148135548381752, 148135548391336, 9584
148135550341268, 148135550349708, 8440
148135650265792, 148135650275412, 9620
148135654941248, 148135654948544, 7296
148135755794588, 148135755803984, 9396
148135830828872, 148135830839036, 10164
148135836652344, 148135836660224, 7880
148135862027792, 148135862037184, 9392
148135964698712, 148135964708520, 9808
148135990063112, 148135990072144, 9032
148135990767840, 148135990775720, 7880
148136078818848, 148136078828348, 9500
148136080797972, 148136080806672, 8700
148136094321760, 148136094328448, 6688
148136096257008, 148136096264488, 7480
148136127703020, 148136127711952, 8932
148136141312076, 148136141321812, 9736
148136155381316, 148136155388540, 7224
148136166116684, 148136166126852, 10168
148136197446268, 148136197455972, 9704
148136211049324, 148136211059120, 9796
148136288417780, 148136288427256, 9476
148136302051232, 148136302061632, 10400
148136402090380, 148136402099764, 9384
148136427990552, 148136428000656, 10104
148136530088160, 148136530097400, 9240
148136557230832, 148136557241376, 10544
148136657808264, 148136657817464, 9200
148136662494000, 148136662502600, 8600
148136676027416, 148136676035148, 7732
148136677973680, 148136677981516, 7836
148136709255384, 148136709262672, 7288
148136711205456, 148136711212944, 7488
148136716514800, 148136716521616, 6816
148136718439284, 148136718445564, 6280
148136726675724, 148136726682828, 7104
148136728480620, 148136728487332, 6712
148136742005472, 148136742013300, 7828
148136773269716, 148136773278016, 8300
148136827451448, 148136827460080, 8632
148136831335136, 148136831342064, 6928
148136836167316, 148136836173996, 6680
148136838091536, 148136838097824, 6288
148136864573408, 148136864581652, 8244
148136878093076, 148136878100296, 7220
148136932784868, 148136932793176, 8308
148136934731116, 148136934739216, 8100
148137250102072, 148137250109964, 7892
148137252049660, 148137252057424, 7764
148137277346872, 148137277355392, 8520
148137376924620, 148137376933192, 8572
148137381611224, 148137381618720, 7496
148137486286828, 148137486297496, 10668
148137494016556, 148137494024792, 8236
148137498716020, 148137498723220, 7200
148137600513600, 148137600522732, 9132
148137601930188, 148137601937124, 6936
148137603862816, 148137603869748, 6932
148137635218144, 148137635227964, 9820
148137637172608, 148137637180700, 8092
148137673836048, 148137673846328, 10280
148137803472760, 148137803482904, 10144
148137816997492, 148137817005852, 8360
148137871483284, 148137871491780, 8496
148137885017056, 148137885027584, 10528
148137902929456, 148137902937104, 7648
148137907711988, 148137907722248, 10260
148137913021948, 148137913030320, 8372
148137921686280, 148137921693288, 7008
148137970767324, 148137970777456, 10132
148138005483652, 148138005494012, 10360
148138105664112, 148138105673576, 9464
148138160540772, 148138160550324, 9552
148138265890128, 148138265899252, 9124
148138297301160, 148138297310772, 9612
148138400443244, 148138400453372, 10128
148138409166876, 148138409176552, 9676
148138411574000, 148138411581092, 7092
148138420222320, 148138420230504, 8184
148138431519612, 148138431530008, 10396
148138440175408, 148138440182344, 6936
148138639675548, 148138639685084, 9536
148138648936872, 148138648946112, 9240
148138650893876, 148138650900588, 6712
148138659530844, 148138659538720, 7876
148138761308972, 148138761318728, 9756
148138786707236, 148138786716288, 9052
148138891932824, 148138891942820, 9996
148138994497548, 148138994507432, 9884
148139040576304, 148139040585524, 9220
148139142515124, 148139142524364, 9240
148139174433012, 148139174442628, 9616
148139200506192, 148139200515752, 9560
148139209261136, 148139209269400, 8264
148139217926468, 148139217934236, 7768
148139249336968, 148139249346428, 9460
148139257993856, 148139258001752, 7896
148139269088784, 148139269099100, 10316
148139277737020, 148139277744188, 7168
148139289032348, 148139289041988, 9640
148139297688768, 148139297695640, 6872
148139353709404, 148139353718828, 9424
148139379135372, 148139379145060, 9688
148139406832508, 148139406842236, 9728
148139420340932, 148139420348716, 7784
148139437711316, 148139437721112, 9796
148139492065496, 148139492075212, 9716
148139496757532, 148139496765980, 8448
148139520840848, 148139520850808, 9960
148139626055024, 148139626064700, 9676
148139728446524, 148139728456628, 10104
148139763114720, 148139763124648, 9928
148139862966076, 148139862975188, 9112
148139917720616, 148139917729924, 9308
148139931309420, 148139931318876, 9456
148139985704628, 148139985714448, 9820
148139999254792, 148139999263260, 8468
148140140571996, 148140140582828, 10832
148140203748232, 148140203758212, 9980
148140215752340, 148140215760780, 8440
148140229335960, 148140229345732, 9772
148140241378404, 148140241388328, 9924
148140295644724, 148140295654024, 9300
148140398018124, 148140398027728, 9604
148140411591640, 148140411601204, 9564
148140443033076, 148140443043388, 10312
148140456549800, 148140456557816, 8016
148140458492556, 148140458500584, 8028
148140473630324, 148140473642776, 12452
148140571313296, 148140571324296, 11000
148140623323768, 148140623332784, 9016
148140625137480, 148140625144064, 6584
148140633791428, 148140633799000, 7572
148140659620928, 148140659628380, 7452
148140676904512, 148140676912912, 8400
148140679061392, 148140679068872, 7480
148140692584592, 148140692592800, 8208
148140694533644, 148140694541188, 7544
148140767576548, 148140767587540, 10992
148140781197996, 148140781207712, 9716
148140785880212, 148140785888480, 8268
148140864220328, 148140864229924, 9596
148141040402984, 148141040411880, 8896
148141065691744, 148141065699880, 8136
148141077729896, 148141077739260, 9364
148141095058732, 148141095068440, 9708
148141173727920, 148141173738160, 10240
148141183552184, 148141183557236, 5052
148141192204404, 148141192213152, 8748
148141205740428, 148141205750200, 9772
148141219289240, 148141219298828, 9588
148141231306500, 148141231314820, 8320
148141347069404, 148141347080120, 10716
148141359103944, 148141359112476, 8532
148141456163200, 148141456173020, 9820
148141631617384, 148141631625112, 7728
148141737408484, 148141737418400, 9916
148141762695368, 148141762703768, 8400
148141764642416, 148141764650572, 8156
148141773301412, 148141773309208, 7796
148141804679972, 148141804688696, 8724
148141859159728, 148141859170032, 10304
148141908104340, 148141908114452, 10112
148142031053436, 148142031063736, 10300
148142115549336, 148142115559040, 9704
148142194525108, 148142194534684, 9576
148142219927236, 148142219937972, 10736
148142251405628, 148142251415452, 9824
148142256117452, 148142256125740, 8288
148142344134472, 148142344143516, 9044
148142446787644, 148142446796672, 9028
148142525083432, 148142525092300, 8868
148142630324124, 148142630333732, 9608
148142654911248, 148142654920468, 9220
148142668420740, 148142668428004, 7264
148142680430388, 148142680438944, 8556
148142682377044, 148142682384952, 7908
148142699099680, 148142699107224, 7544
148142701026516, 148142701032936, 6420
148142723029952, 148142723037136, 7184
148142724955476, 148142724961916, 6440
148142787922684, 148142787930952, 8268
148142888685412, 148142888695740, 10328
148142996313480, 148142996324996, 11516
148143092461960, 148143092471344, 9384
148143198297668, 148143198306736, 9068
148143202973920, 148143202982068, 8148
148143234275756, 148143234284740, 8984
148143434984580, 148143435004912, 20332
148143513115652, 148143513124972, 9320
148143516737756, 148143516748344, 10588
148143525402300, 148143525409756, 7456
148143535441360, 148143535450180, 8820
148143536690800, 148143536698992, 8192
148143545348808, 148143545356620, 7812
148143550047356, 148143550056228, 8872
148143604682364, 148143604692100, 9736
148143636283052, 148143636293784, 10732
148143848064044, 148143848073712, 9668
148143865420916, 148143865430148, 9232
148143968212252, 148143968221688, 9436
148144046615024, 148144046624768, 9744
148144149526916, 148144149536520, 9604
148144154249732, 148144154258160, 8428
148144180418260, 148144180427548, 9288
148144193963752, 148144193971568, 7816
148144219427544, 148144219436960, 9416
148144307570032, 148144307579640, 9608
148144325055408, 148144325064424, 9016
148144338655696, 148144338665492, 9796
148144347319532, 148144347327244, 7712
148144352016968, 148144352023972, 7004
148144354273200, 148144354279936, 6736
148144363015560, 148144363025216, 9656
148144374318668, 148144374325748, 7080
148144383057452, 148144383066584, 9132
148144471695504, 148144471704880, 9376
148144485300740, 148144485309948, 9208
148144502690620, 148144502699456, 8836
148144507373180, 148144507380012, 6832
148144516123872, 148144516134264, 10392
148144529639916, 148144529646872, 6956
148144547109272, 148144547118868, 9596
148144578688952, 148144578697876, 8924
148144657425672, 148144657435840, 10168
148144719948380, 148144719957116, 8736
148144774064644, 148144774072828, 8184
148144787587560, 148144787594748, 7188
148144819373044, 148144819381440, 8396
148144823252856, 148144823261128, 8272
148144925342976, 148144925351072, 8096
148144987843160, 148144987851760, 8600
148145005146748, 148145005154488, 7740
148145009823220, 148145009830984, 7764
148145011768332, 148145011775124, 6792
148145113341828, 148145113350120, 8292
148145160665332, 148145160673504, 8172
148145165344684, 148145165351544, 6860
148145219502364, 148145219510980, 8616
148145224841196, 148145224849232, 8036
148145267961980, 148145267969292, 7312
148145272635044, 148145272642860, 7816
148145277991852, 148145278002532, 10680
148145286612948, 148145286620844, 7896
148145318044540, 148145318052652, 8112
148145323362740, 148145323370608, 7868
148145377604632, 148145377613656, 9024
148145386801916, 148145386810028, 8112
148145391282772, 148145391292644, 9872
148145399957080, 148145399964868, 7788
148145403217952, 148145403225556, 7604
148145405150648, 148145405158476, 7828
148145411190792, 148145411197916, 7124
148145419884492, 148145419894408, 9916
148145431133216, 148145431140484, 7268
148145439893876, 148145439904524, 10648
148145451076764, 148145451084220, 7456
148145459818312, 148145459827988, 9676
148145471018744, 148145471025924, 7180
148145479768728, 148145479779228, 10500
148145490962644, 148145490970020, 7376
148145499666644, 148145499676104, 9460
148145502067264, 148145502074356, 7092
148145564244668, 148145564253276, 8608
148145577803692, 148145577812968, 9276
148145586484832, 148145586493076, 8244
148145692248324, 148145692257544, 9220
148145700940740, 148145700948604, 7864
148145714532864, 148145714542812, 9948
148145723180216, 148145723187564, 7348
148145825162092, 148145825172188, 10096
148145850496932, 148145850505712, 8780
148145869897360, 148145869908940, 11580
148145878550680, 148145878559044, 8364
148145933437744, 148145933446324, 8580
148145945490812, 148145945498636, 7824
148146023738192, 148146023748388, 10196
148146047888888, 148146047898112, 9224
148146052633588, 148146052641708, 8120
148146061315928, 148146061323260, 7332
148146149878792, 148146149887992, 9200
148146155225136, 148146155232540, 7404
148146168749048, 148146168757060, 8012
148146169002216, 148146169010672, 8456
148146177718828, 148146177728296, 9468
148146183056140, 148146183063520, 7380
148146187751068, 148146187759236, 8168
148146188941364, 148146188948380, 7016
148146194313788, 148146194324792, 11004
148146202989272, 148146202997504, 8232
148146208882996, 148146208890172, 7176
148146214254280, 148146214263844, 9564
148146392402308, 148146392412688, 10380
148146427084280, 148146427093156, 8876
148146452510252, 148146452519756, 9504
148146457857488, 148146457865892, 8404
148146469937376, 148146469947392, 10016
148146475312244, 148146475320524, 8280
148146476103172, 148146476110292, 7120
148146488114444, 148146488121612, 7168
148146493467780, 148146493477616, 9836
148146502027020, 148146502035960, 8940
148146514083584, 148146514093016, 9432
148146557377948, 148146557388912, 10964
148146872677472, 148146872686552, 9080
148146881883908, 148146881891680, 7772
148146907206136, 148146907215012, 8876
148146912560544, 148146912568688, 8144
148147120180828, 148147120190128, 9300
148147134309040, 148147134318172, 9132
148147233752612, 148147233762488, 9876
148147245785640, 148147245793300, 7660
148147300249936, 148147300259068, 9132
148147405416768, 148147405427760, 10992
148147474726668, 148147474736752, 10084
148147486773356, 148147486781012, 7656
148147504057312, 148147504064904, 7592
148147529442452, 148147529451824, 9372
148147538931208, 148147538938832, 7624
148147627475904, 148147627484964, 9060
148147729346608, 148147729355044, 8436
148147737992576, 148147738000372, 7796
148147742684500, 148147742692384, 7884
148147744400816, 148147744407644, 6828
148147753085088, 148147753101000, 15912
148147765120520, 148147765130436, 9916
148147773770488, 148147773778516, 8028
148147805111316, 148147805120944, 9628
148147901966556, 148147901975896, 9340
148147915545528, 148147915555348, 9820
148147927619920, 148147927629940, 10020
148148030239720, 148148030249272, 9552
148148038905444, 148148038913660, 8216
148148050928860, 148148050938656, 9796
148148059603688, 148148059610724, 7036
148148063475464, 148148063482440, 6976
148148072140560, 148148072150304, 9744
148148085730300, 148148085739552, 9252
148148097763340, 148148097771380, 8040
148148186254496, 148148186264696, 10200
148148212271176, 148148212280444, 9268
148148225863884, 148148225873984, 10100
148148237892248, 148148237899744, 7496
148148251437148, 148148251446772, 9624
148148328484792, 148148328494520, 9728
148148340518964, 148148340527252, 8288
148148354103324, 148148354112284, 8960
148148367662332, 148148367670592, 8260
148148456122668, 148148456132160, 9492
148148482118636, 148148482127556, 8920
148148482269228, 148148482276236, 7008
148148490958040, 148148490967180, 9140
148148502246364, 148148502253396, 7032
148148510939992, 148148510949496, 9504
148148589285336, 148148589295120, 9784
148148615210592, 148148615218936, 8344
148148619903436, 148148619911432, 7996
148148633991068, 148148633999552, 8484
148148738913240, 148148738922292, 9052
148148750933448, 148148750941480, 8032
148148757464408, 148148757471036, 6628
148148769481328, 148148769488132, 6804
148149085322240, 148149085332132, 9892
148149110608536, 148149110617060, 8524
148149119254284, 148149119262316, 8032
148149121201632, 148149121209684, 8052
148149325828884, 148149325838980, 10096
148149380582724, 148149380593324, 10600
148149389302848, 148149389312168, 9320
148149399583764, 148149399591912, 8148
148149401511628, 148149401518132, 6504
148149404773492, 148149404780440, 6948
148149413433592, 148149413441600, 8008
148149419521908, 148149419528660, 6752
148149527371192, 148149527382000, 10808
148149611496756, 148149611506484, 9728
148149616190336, 148149616198576, 8240
148149618135676, 148149618142636, 6960
148149630698048, 148149630707048, 9000
148149754694820, 148149754705988, 11168
148149768223172, 148149768231272, 8100
148149846613068, 148149846622296, 9228
148149872536104, 148149872545028, 8924
148149886091304, 148149886100716, 9412
148149891468832, 148149891477256, 8424
148149905082432, 148149905093092, 10660
148149987704052, 148149987713668, 9616
148150093046744, 148150093056304, 9560
148150147974748, 148150147984160, 9412
148150250008396, 148150250017940, 9544
148150566354436, 148150566363228, 8792
148150571689800, 148150571697428, 7628
148150597057360, 148150597066476, 9116
148150609688132, 148150609696048, 7916
148150623761708, 148150623770844, 9136
148150711433616, 148150711442324, 8708
148150724974672, 148150724981856, 7184
148150738482864, 148150738491516, 8652
148150938378104, 148150938386928, 8824
148151042834416, 148151042844224, 9808
148151050574692, 148151050582256, 7564
148151050794192, 148151050800816, 6624
148151052719096, 148151052725528, 6432
148151074721116, 148151074728704, 7588
148151076645896, 148151076652224, 6328
148151079774864, 148151079782400, 7536
148151182448716, 148151182459324, 10608
148151219751520, 148151219759872, 8352
148151221695956, 148151221703340, 7384
148151226406920, 148151226415220, 8300
148151234258752, 148151234265440, 6688
148151239577084, 148151239585004, 7920
148151242234144, 148151242240792, 6648
148151244170728, 148151244177432, 6704
148151336070028, 148151336078764, 8736
148151348082956, 148151348091808, 8852
148151459612916, 148151459623224, 10308
148151469278468, 148151469286848, 8380
148151768708708, 148151768719232, 10524
148151805941700, 148151805950360, 8660
148151807892624, 148151807900212, 7588
148151816550288, 148151816557588, 7300
148151818476224, 148151818482792, 6568
148151823407596, 148151823414412, 6816
148151828758596, 148151828767536, 8940
148151848453596, 148151848460564, 6968
148151862094552, 148151862104856, 10304
148151871360792, 148151871370792, 10000
148151872387136, 148151872393948, 6812
148151881063996, 148151881070620, 6624
148151892329060, 148151892339192, 10132
148151900997560, 148151901004704, 7144
148151912268900, 148151912278724, 9824
148151920918436, 148151920926540, 8104
148151934510056, 148151934519316, 9260
148151943169688, 148151943177512, 7824
148152119286500, 148152119295792, 9292
148152227388576, 148152227398816, 10240
148152305379728, 148152305389392, 9664
148152311113784, 148152311123608, 9824
148152319768464, 148152319776400, 7936
148152351183212, 148152351192740, 9528
148152562246704, 148152562255772, 9068
148152610301024, 148152610311776, 10752
148152642184032, 148152642192524, 8492
148152667496380, 148152667506048, 9668
148152669445468, 148152669452880, 7412
148152771034528, 148152771042976, 8448
148152779673476, 148152779680784, 7308
148152804991460, 148152805000044, 8584
148152806937268, 148152806944288, 7020
148154198621080, 148154198632084, 11004
148134305578928, 148134305592092, 13164
148134346268660, 148134346278500, 9840
148134357109312, 148134357117532, 8220
148134359057092, 148134359065164, 8072
148134369818048, 148134369827964, 9916
148134371337428, 148134371345772, 8344
148134373266476, 148134373272968, 6492
148134376221632, 148134376230064, 8432
148134395270844, 148134395281044, 10200
148134397203020, 148134397211184, 8164
148134409846956, 148134409856864, 9908
148134419196264, 148134419203988, 7724
148134421124052, 148134421130612, 6560
148134421190316, 148134421197136, 6820
148134433245972, 148134433255792, 9820
148134446863904, 148134446873740, 9836
148134448824812, 148134448833372, 8560
148134460873956, 148134460881624, 7668
148134493008440, 148134493018468, 10028
148134597099092, 148134597107884, 8792
148134685555980, 148134685565468, 9488
148134687504116, 148134687510824, 6708
148135047400652, 148135047411688, 11036
148135115086624, 148135115096024, 9400
148135117035772, 148135117044084, 8312
148135141121252, 148135141131168, 9916
148135143054440, 148135143061912, 7472
148135147086192, 148135147093360, 7168
148135159679456, 148135159690040, 10584
148135233780608, 148135233789136, 8528
148135265134112, 148135265144092, 9980
148135273843508, 148135273853324, 9816
148135287411756, 148135287421528, 9772
148135296095968, 148135296103844, 7876
148135299972548, 148135299980476, 7928
148135300640460, 148135300647304, 6844
148135309347872, 148135309358292, 10420
148135440263748, 148135440274512, 10764
148135467350712, 148135467360808, 10096
148135641130680, 148135641140376, 9696
148135643082740, 148135643090184, 7444
148135668960668, 148135668969680, 9012
148135841612492, 148135841621780, 9288
148135855131884, 148135855139720, 7836
148135857079596, 148135857087576, 7980
148135870713708, 148135870723120, 9412
148135949521844, 148135949532012, 10168
148135963120428, 148135963129732, 9304
148135978585812, 148135978593860, 8048
148135982641632, 148135982651908, 10276
148135996162560, 148135996170604, 8044
148136022528272, 148136022537628, 9356
148136053916128, 148136053925652, 9524
148136067494796, 148136067503728, 8932
148136268487252, 148136268496900, 9648
148136300070924, 148136300079944, 9020
148136313623220, 148136313630392, 7172
148136345133116, 148136345142660, 9544
148136399634964, 148136399644948, 9984
148136403521236, 148136403529084, 7848
148136405416688, 148136405423448, 6760
148136407354192, 148136407360656, 6464
148136419573884, 148136419583384, 9500
148136433086880, 148136433095284, 8404
148136533041840, 148136533051564, 9724
148136641770032, 148136641779436, 9404
148136720309600, 148136720318236, 8636
148136745597116, 148136745605384, 8268
148136747543300, 148136747550152, 6852
148136764378112, 148136764384904, 6792
148136766305028, 148136766311384, 6356
148136827542512, 148136827550876, 8364
148136841061872, 148136841068892, 7020
148136866346440, 148136866354172, 7732
148136868292820, 148136868300808, 7988
148136872975372, 148136872982052, 6680
148136884035560, 148136884044712, 9152
148136915842056, 148136915849304, 7248
148136919753412, 148136919762648, 9236
148137007519344, 148137007528164, 8820
148137012218864, 148137012225928, 7064
148137025729752, 148137025737736, 7984
148137103741128, 148137103749636, 8508
148137105686472, 148137105694072, 7600
148137130959128, 148137130966320, 7192
148137132903412, 148137132911480, 8068
148137235184868, 148137235194580, 9712
148137237136992, 148137237144128, 7136
148137250680636, 148137250691328, 10692
148137264200600, 148137264209020, 8420
148137369207380, 148137369216468, 9088
148140613223864, 148140613235092, 11228
148142633326068, 148142633336600, 10532
148143275912028, 148143275921132, 9104
148143277421688, 148143277428584, 6896
148143286067816, 148143286075676, 7860
148143364307680, 148143364316072, 8392
148143377855060, 148143377864692, 9632
148143383196168, 148143383203976, 7808
148143409164100, 148143409173384, 9284
148143497488660, 148143497498664, 10004
148143528993440, 148143529002676, 9236
148143634601784, 148143634610736, 8952
148143696000676, 148143696009664, 8988
148143696218264, 148143696225140, 6876
148143704869396, 148143704877368, 7972
148143736196232, 148143736206140, 9908
148143742314072, 148143742321948, 7876
148143820800380, 148143820809680, 9300
148143838245684, 148143838255264, 9580
148143869695856, 148143869706272, 10416
148143883282188, 148143883291648, 9460
148143989300332, 148143989309448, 9116
148144052362100, 148144052370872, 8772
148144065926420, 148144065934228, 7808
148144079498700, 148144079508200, 9500
148144150398884, 148144150407644, 8760
148144213402540, 148144213412012, 9472
148144218100824, 148144218108944, 8120
148144226748880, 148144226755964, 7084
148144234622148, 148144234632276, 10128
148144243267744, 148144243274732, 6988
148144314047992, 148144314057144, 9152
148144327631180, 148144327639172, 7992
148144336351748, 148144336361416, 9668
148144367750376, 148144367760296, 9920
148144446721732, 148144446731716, 9984
148144658045984, 148144658054644, 8660
148144671542300, 148144671549212, 6912
148144685065868, 148144685074100, 8232
148144702374940, 148144702382912, 7972
148144780319180, 148144780326872, 7692
148144794345952, 148144794354068, 8116
148144819629844, 148144819637924, 8080
148144845570236, 148144845577332, 7096
148144924063536, 148144924071796, 8260
148144926007592, 148144926015560, 7968
148144939539552, 148144939546652, 7100
148144964804668, 148144964812964, 8296
148145018960808, 148145018969056, 8248
148145027613476, 148145027621268, 7792
148145029562328, 148145029570176, 7848
148145032312672, 148145032319500, 6828
148145040952116, 148145040958736, 6620
148145100771664, 148145100779736, 8072
148145185271604, 148145185279912, 8308
148145198791208, 148145198799508, 8300
148145209441696, 148145209449532, 7836
148145222974840, 148145222983160, 8320
148145292902520, 148145292912152, 9632
148145298244048, 148145298252188, 8140
148145306896908, 148145306904156, 7248
148145311589748, 148145311599140, 9392
148145320243504, 148145320250372, 6868
148145331434392, 148145331444124, 9732
148145340099788, 148145340108156, 8368
148145353643824, 148145353650844, 7020
148145362285272, 148145362293016, 7744
148145378268608, 148145378276508, 7900
148145404201140, 148145404211612, 10472
148145407231736, 148145407243184, 11448
148146516017348, 148146516027100, 9752
148146612855616, 148146612864692, 9076
148146687596648, 148146687605672, 9024
148146696308472, 148146696319064, 10592
148146709864052, 148146709871460, 7408
148146727399060, 148146727410244, 11184
148146747376028, 148146747379472, 3444
148146756034212, 148146756042812, 8600
148146763270352, 148146763277684, 7332
148146776856976, 148146776866788, 9812
148146785539440, 148146785547388, 7948
148146866152700, 148146866163764, 11064
148146870874928, 148146870885052, 10124
148146876225540, 148146876232812, 7272
148146890335500, 148146890345000, 9500
148146895677496, 148146895685884, 8388
148146904332256, 148146904340008, 7752
148146906859292, 148146906866140, 6848
148146915536068, 148146915544764, 8696
148146929074716, 148146929084052, 9336
148146934405708, 148146934413760, 8052
148146946743720, 148146946751860, 8140
148146955428692, 148146955437876, 9184
148147030917580, 148147030926956, 9376
148147036242780, 148147036250644, 7864
148147049815508, 148147049825176, 9668
148147061829464, 148147061837384, 7920
148147116089456, 148147116099008, 9552
148148592009448, 148148592021468, 12020
148149126399572, 148149126409728, 10156
148149140353160, 148149140360744, 7584
148149145687768, 148149145694728, 6960
148149233773716, 148149233783060, 9344
148149265166312, 148149265175700, 9388
148149391632176, 148149391641944, 9768
148149395493188, 148149395500108, 6920
148149527381208, 148149527391784, 10576
148149540903780, 148149540912092, 8312
148149543162816, 148149543169708, 6892
148149556732764, 148149556742548, 9784
148149642823944, 148149642832996, 9052
148149756588856, 148149756600092, 11236
148149816898724, 148149816907984, 9260
148149830428560, 148149830436440, 7880
148149844015940, 148149844024232, 8292
148149854737428, 148149854744928, 7500
148149858356488, 148149858366604, 10116
148149863698528, 148149863705528, 7000
148149966105328, 148149966114328, 9000
148149976860468, 148149976869544, 9076
148149977909328, 148149977916548, 7220
148149983246964, 148149983253792, 6828
148149995784232, 148149995791324, 7092
148149997867624, 148149997877148, 9524
148150003197920, 148150003206228, 8308
148150015208368, 148150015215748, 7380
148150040644880, 148150040654820, 9940
148150052681364, 148150052688608, 7244
148150053681184, 148150053687860, 6676
148150065788388, 148150065798716, 10328
148150078391104, 148150078400128, 9024
148150099795960, 148150099805292, 9332
148150124414024, 148150124424312, 10288
148150131455720, 148150131462808, 7088
148150143518064, 148150143527612, 9548
148150148193376, 148150148201412, 8036
148150173589412, 148150173598748, 9336
148150184290692, 148150184299352, 8660
148150197290064, 148150197299916, 9852
148150202645220, 148150202652408, 7188
148150203260272, 148150203267484, 7212
148150216789060, 148150216797700, 8640
148150217303252, 148150217311668, 8416
148150222648072, 148150222655548, 7476
148150301118852, 148150301127432, 8580
148150314636080, 148150314644080, 8000
148150326708692, 148150326718288, 9596
148150332071800, 148150332080060, 8260
148150336887212, 148150336897588, 10376
148150342211320, 148150342220152, 8832
148150354254700, 148150354261828, 7128
148150404536744, 148150404546844, 10100
148150409877148, 148150409884844, 7696
148150423484588, 148150423494680, 10092
148150428838376, 148150428846632, 8256
148150440936508, 148150440945892, 9384
148150446257452, 148150446264404, 6952
148150458366868, 148150458376484, 9616
148150463717212, 148150463725012, 7800
148150468476736, 148150468483680, 6944
148150480566208, 148150480575976, 9768
148150485899896, 148150485907864, 7968
148150496424216, 148150496434100, 9884
148150501754288, 148150501761264, 6976
148150574583544, 148150574593028, 9484
148150680244828, 148150680254216, 9388
148150685563420, 148150685571572, 8152
148150697581800, 148150697589092, 7292
148150702919552, 148150702926280, 6728
148150714931004, 148150714938700, 7696
148150816597144, 148150816605896, 8752
148150821936408, 148150821944436, 8028
148150835443460, 148150835451480, 8020
148150842722956, 148150842730856, 7900
148150859346848, 148150859353928, 7080
148150861273104, 148150861279552, 6448
148150870521760, 148150870529336, 7576
148150882536684, 148150882543648, 6964
148150893180832, 148150893187596, 6764
148150909200956, 148150909207624, 6668
148150921215400, 148150921222004, 6604
148150930748628, 148150930755660, 7032
148150961118472, 148150961129120, 10648
148150973147960, 148150973156152, 8192
148150986727652, 148150986737128, 9476
148150986990688, 148150986998960, 8272
148150999013376, 148150999021808, 8432
148151004393948, 148151004405784, 11836
148151014908604, 148151014916096, 7492
148151020243808, 148151020250884, 7076
148151034860232, 148151034871032, 10800
148151040203932, 148151040211268, 7336
148151102782920, 148151102792992, 10072
148151182467356, 148151182477860, 10504
148151188271608, 148151188279588, 7980
148151194376032, 148151194382860, 6828
148151196307532, 148151196313960, 6428
148151268294444, 148151268303496, 9052
148151270243140, 148151270250056, 6916
148151348307268, 148151348315104, 7836
148151352989192, 148151352997524, 8332
148151463595864, 148151463605552, 9688
148151575298660, 148151575309072, 10412
148151601948404, 148151601958884, 10480
148151633829252, 148151633838552, 9300
148151635814984, 148151635824416, 9432
148151646463476, 148151646471496, 8020
148151774690352, 148151774700456, 10104
148151869260376, 148151869269884, 9508
148151974747996, 148151974757076, 9080
148151983425456, 148151983435496, 10040
148152083342532, 148152083351884, 9352
148152088039124, 148152088046908, 7784
148152101576032, 148152101584484, 8452
148152204166888, 148152204175768, 8880
148152258532064, 148152258542160, 10096
148152272078744, 148152272086500, 7756
148152297500764, 148152297510636, 9872
148152351737992, 148152351745980, 7988
148152452290132, 148152452299900, 9768
148152464392844, 148152464402152, 9308
148152478007928, 148152478017700, 9772
148152490665692, 148152490672656, 6964
148152499340424, 148152499349340, 8916
148152596333820, 148152596344156, 10336
148152669001300, 148152669010908, 9608
148152682543284, 148152682551612, 8328
148152684488932, 148152684496732, 7800
148152701981572, 148152701988496, 6924
148152703907008, 148152703913408, 6400
148152717717052, 148152717724588, 7536
148152765731064, 148152765739028, 7964
148154201626040, 148154201635712, 9672
