17451273226112, 17451273231218, 5106
17452169082580, 17452169087184, 4604
17453108845176, 17453108850660, 5484
17454048544480, 17454048549892, 5412
17454988312660, 17454988318128, 5468
17455928011724, 17455928016992, 5268
17456867780032, 17456867785276, 5244
17457807477576, 17457807483172, 5596
17458747246444, 17458747251836, 5392
17459686944344, 17459686949904, 5560
17460626732884, 17460626741844, 8960
17461566407460, 17461566413216, 5756
17462506178604, 17462506185168, 6564
17463445876544, 17463445882540, 5996
17464385646864, 17464385652256, 5392
17465325342324, 17465325347824, 5500
17466265113224, 17466265118396, 5172
17467204809968, 17467204815096, 5128
17468144578148, 17468144584364, 6216
17469084349268, 17469084354336, 5068
17470024045732, 17470024051520, 5788
17470963814000, 17470963819404, 5404
17471903512748, 17471903518376, 5628
17447201579268, 17447201588924, 9656
17447209761808, 17447209770096, 8288
17447225853448, 17447225862340, 8892
17447241190868, 17447241199944, 9076
17452171085872, 17452171089796, 3924
17452212973780, 17452212979840, 6060
17453196636692, 17453196642252, 5560
17454180229900, 17454180235516, 5616
17455163896452, 17455163902136, 5684
17456147489996, 17456147495804, 5808
17457131155360, 17457131160672, 5312
17458114748172, 17458114753828, 5656
17459098431752, 17459098441032, 9280
17460082008764, 17460082013420, 4656
17461065675304, 17461065679496, 4192
17462049265128, 17462049270916, 5788
17463032929148, 17463032934900, 5752
17464016525956, 17464016530124, 4168
17465000192036, 17465000196296, 4260
17465983780856, 17465983786460, 5604
17466967449836, 17466967453868, 4032
17467951035528, 17467951041168, 5640
17468934704912, 17468934710152, 5240
17469918300348, 17469918305280, 4932
17470901961972, 17470901967160, 5188
17471885554656, 17471885560160, 5504
17447194365928, 17447194373676, 7748
17452272852872, 17452272860308, 7436
17453232484020, 17453232488932, 4912
17454234108424, 17454234113188, 4764
17455235652864, 17455235658644, 5780
17456237279948, 17456237284092, 4144
17457238829716, 17457238833876, 4160
17458240447092, 17458240452924, 5832
17459242002236, 17459242006404, 4168
17460243621660, 17460243627232, 5572
17461245170864, 17461245176140, 5276
17462246794364, 17462246799460, 5096
17463248352196, 17463248356296, 4100
17464249974364, 17464249978336, 3972
17465251522108, 17465251526580, 4472
17466253158444, 17466253167438, 8994
17467254693700, 17467254698168, 4468
17468256311532, 17468256317936, 6404
17469257863732, 17469257869300, 5568
17470259510252, 17470259517318, 7066
17471261039400, 17471261043532, 4132
17451259263432, 17451259267712, 4280
17452458394728, 17452458396140, 1412
17453687401268, 17453687406604, 5336
17454916485968, 17454916490316, 4348
17456145498232, 17456145502472, 4240
17457374506804, 17457374511296, 4492
17458603590372, 17458603594576, 4204
17459832599964, 17459832604160, 4196
17461061684592, 17461061685956, 1364
17462290710072, 17462290719252, 9180
17463519704036, 17463519708180, 4144
17464748789336, 17464748793316, 3980
17465977794252, 17465977799716, 5464
17467206804512, 17467206810092, 5580
17468435888908, 17468435894504, 5596
17469664900904, 17469664905700, 4796
17470893986096, 17470893990392, 4296
17472122998988, 17472123004956, 5968
17449234221056, 17449234225916, 4860
17449234263240, 17449234266292, 3052
17449234293824, 17449234296240, 2416
17449234323288, 17449234325648, 2360
17449234352832, 17449234355100, 2268
17449234381232, 17449234383548, 2316
17449234409884, 17449234412256, 2372
17451229379928, 17451229385244, 5316
17452023441072, 17452023449998, 8926
17452817539540, 17452817545032, 5492
17453611602904, 17453611612298, 9394
17454405701580, 17454405706276, 4696
17455199816272, 17455199820848, 4576
17455993857380, 17455993861876, 4496
17456787988184, 17456787997364, 9180
17457582012420, 17457582018060, 5640
17458376131268, 17458376135712, 4444
17459170246292, 17459170250860, 4568
17459964284960, 17459964291588, 6628
17460758428384, 17460758436758, 8374
17461552443476, 17461552449140, 5664
17462346558916, 17462346564792, 5876
17463140673644, 17463140679504, 5860
17463934716076, 17463934721276, 5200
17464728831152, 17464728836748, 5596
17465522878116, 17465522882488, 4372
17466316993368, 17466316998192, 4824
17467111105212, 17467111111072, 5860
17467905172652, 17467905180184, 7532
17468699280332, 17468699289612, 9280
17469493305596, 17469493310996, 5400
17470287439432, 17470287448524, 9092
17471081540172, 17471081544772, 4600
17471875603584, 17471875636724, 33140
17447217905120, 17447217913236, 8116
17447233993384, 17447234005588, 12204
17451271229732, 17451271235418, 5686
17452620011348, 17452620016044, 4696
17454010636672, 17454010640880, 4208
17455401260436, 17455401266692, 6256
17456791960600, 17456791966160, 5560
17458182589972, 17458182594560, 4588
17459573213576, 17459573219192, 5616
17460963912968, 17460963918260, 5292
17462354543940, 17462354548520, 4580
17463745170516, 17463745175452, 4936
17465135867904, 17465135872280, 4376
17466526494212, 17466526499824, 5612
17467917123708, 17467917128264, 4556
17469307748612, 17469307753108, 4496
17470698445412, 17470698450740, 5328
17472089076324, 17472089080812, 4488
17451295170258, 17451295175432, 5174
17452901338772, 17452901344644, 5872
17454573300644, 17454573304692, 4048
17456245257968, 17456245263904, 5936
17457917219704, 17457917224184, 4480
17459589174352, 17459589180124, 5772
17461261132948, 17461261138544, 5596
17462933169324, 17462933173456, 4132
17464605143458, 17464605152912, 9454
17466277082528, 17466277088608, 6080
17467949042976, 17467949049144, 6168
17469621002068, 17469621007676, 5608
17471292965200, 17471292969568, 4368
