146555840746020, 146555840748856, 2836
146555840763456, 146555840770056, 6600
146556029073612, 146556029084300, 10688
146556761482148, 146556761490892, 8744
146557173634588, 146557173643500, 8912
146557304631180, 146557304639640, 8460
146557955169252, 146557955178740, 9488
146558142634204, 146558142641244, 7040
146558143152184, 146558143153384, 1200
146558794152936, 146558794161028, 8092
146558981814556, 146558981821976, 7420
146559418714512, 146559418724512, 10000
146560232734256, 146560232742312, 8056
146560419930140, 146560419938004, 7864
146561314701808, 146561314711328, 9520
146561818684012, 146561818693388, 9376
146562006755652, 146562006764248, 8596
146562428545484, 146562428553136, 7652
146562698723244, 146562698730348, 7104
146562882473064, 146562882481400, 8336
146563186590656, 146563186600124, 9468
146565006728356, 146565006731196, 2840
146565657609892, 146565657615888, 5996
146566308713780, 146566308718712, 4932
146566959280744, 146566959285912, 5168
146567609983240, 146567609988644, 5404
146568260812184, 146568260820752, 8568
146568262395908, 146568262403288, 7380
146568392804416, 146568392813272, 8856
146569287045412, 146569287051904, 6492
146569557086000, 146569557093468, 7468
146570451017544, 146570451024232, 6688
146570872531528, 146570872540372, 8844
146571487042928, 146571487051260, 8332
146571878579328, 146571878588288, 8960
146572529384308, 146572529392476, 8168
146572713574788, 146572713583348, 8560
146572844043696, 146572844052064, 8368
146573032063740, 146573032072640, 8900
146573353411060, 146573353420140, 9080
146573652833912, 146573652840888, 6976
146573840304216, 146573840312436, 8220
146574734564516, 146574734572348, 7832
146574922480312, 146574922487972, 7660
146574924067488, 146574924074792, 7304
146575193854700, 146575193859564, 4864
146575202034644, 146575202036104, 1460
146575389464088, 146575389468912, 4824
146575893587372, 146575893591460, 4088
146550606121876, 146550606134212, 12336
146550623444904, 146550623453436, 8532
146550717690252, 146550717698252, 8000
146555862764080, 146555862768136, 4056
146555862786908, 146555862793364, 6456
146556513742024, 146556513750056, 8032
146557164091764, 146557164101908, 10144
146557637767296, 146557637776080, 8784
146558075061104, 146558075069576, 8472
146558345049324, 146558345057916, 8592
146558903495696, 146558903504344, 8648
146559517570224, 146559517580644, 10420
146559705593220, 146559705601868, 8648
146559878576996, 146559878585144, 8148
146560291068144, 146560291076440, 8296
146560612199320, 146560612207164, 7844
146560712981016, 146560712984188, 3172
146560896657588, 146560896666628, 9040
146561628586580, 146561628595724, 9144
146561638723008, 146561638724500, 1492
146561822914708, 146561822922172, 7464
146562260130732, 146562260139352, 8620
146563073390320, 146563073398532, 8212
146563345182600, 146563345191416, 8816
146563518514484, 146563518522676, 8192
146564040977000, 146564040980308, 3308
146564311773556, 146564311780032, 6476
146564585163296, 146564585172084, 8788
146564759113280, 146564759122716, 9436
146565172668580, 146565172678392, 9812
146565174260592, 146565174267884, 7292
146565787914968, 146565787924620, 9652
146565972066272, 146565972074104, 7832
146566145012224, 146566145020084, 7860
146566302163272, 146566302170684, 7412
146566739354820, 146566739362928, 8108
146566740940836, 146566740946916, 6080
146566925088840, 146566925097276, 8436
146567178170976, 146567178179556, 8580
146567351108668, 146567351117500, 8832
146567539128784, 146567539135804, 7020
146567976499992, 146567976507268, 7276
146568275510968, 146568275519136, 8168
146568547168196, 146568547175628, 7432
146569198108852, 146569198118000, 9148
146569519503420, 146569519512180, 8760
146569931866548, 146569931874652, 8104
146569954684304, 146569954685524, 1220
146570275629008, 146570275636392, 7384
146570712897780, 146570712906320, 8540
146570716855816, 146570716857036, 1220
146571038328004, 146571038335592, 7588
146571039898664, 146571039904960, 6296
146571452337796, 146571452345520, 7724
146571479007984, 146571479009180, 1196
146571800446444, 146571800453596, 7152
146571973589284, 146571973597456, 8172
146572395333124, 146572395340324, 7200
146572717268232, 146572717276296, 8064
146573610930692, 146573610939368, 8676
146574261760780, 146574261768884, 8104
146574560822372, 146574560830876, 8504
146574882013148, 146574882020980, 7832
146575776241568, 146575776246388, 4820
146550547022568, 146550547160144, 137576
146550554974480, 146550554987352, 12872
146550563258128, 146550563266344, 8216
146550597286004, 146550597293800, 7796
146550665819312, 146550665827648, 8336
146550700213388, 146550700221580, 8192
146552718300620, 146552718304872, 4252
146552718424528, 146552718429112, 4584
146552718471840, 146552718474348, 2508
146552718497176, 146552718498768, 1592
146552718539772, 146552718542104, 2332
146552718600040, 146552718602604, 2564
146552718626564, 146552718628884, 2320
146552718650848, 146552718652324, 1476
146552718683284, 146552718685808, 2524
146552718718464, 146552718720720, 2256
146552718877600, 146552718880380, 2780
146552718929136, 146552718931608, 2472
146552719040696, 146552719043432, 2736
146552719121928, 146552719124896, 2968
146552719157488, 146552719159832, 2344
146552719181568, 146552719183332, 1764
146552719270900, 146552719273908, 3008
146552719310540, 146552719313508, 2968
146552719347568, 146552719350288, 2720
146552719373472, 146552719375124, 1652
146552719396844, 146552719398272, 1428
146552719419256, 146552719420644, 1388
146554711871652, 146554711876484, 4832
146554711896336, 146554711909052, 12716
146554711921116, 146554711930820, 9704
146554711941696, 146554711950908, 9212
146554711961548, 146554711970300, 8752
146554711980748, 146554711989504, 8756
146554712000600, 146554712008812, 8212
146554712019792, 146554712028088, 8296
146554712039176, 146554712047724, 8548
146554712058416, 146554712067124, 8708
146554712077668, 146554712085728, 8060
146554712096504, 146554712104888, 8384
146554712115980, 146554712123992, 8012
146554712134576, 146554712142676, 8100
146554712153384, 146554712161380, 7996
146555473673792, 146555473678720, 4928
146555900575472, 146555900582428, 6956
146556031537656, 146556031552708, 15052
146556204999508, 146556205011900, 12392
146556235748476, 146556235753948, 5472
146556556981876, 146556556989528, 7652
146556948118540, 146556948127012, 8472
146557247390060, 146557247398512, 8452
146557519076208, 146557519084036, 7828
146557822343232, 146557822354500, 11268
146558143782384, 146558143791152, 8768
146558555714628, 146558555721904, 7276
146558876755728, 146558876764500, 8772
146559350532076, 146559350541020, 8944
146559769754484, 146559769762900, 8416
146560039856624, 146560039864904, 8280
146560653375656, 146560653382808, 7152
146561072481500, 146561072488896, 7396
146561260391288, 146561260398176, 6888
146561873906236, 146561873914308, 8072
146562004841580, 146562004849220, 7640
146562735984760, 146562735992180, 7420
146563148057696, 146563148067308, 9612
146563469972548, 146563469981228, 8680
146563768940104, 146563768948616, 8512
146564665270052, 146564665279760, 9708
146564988137452, 146564988146276, 8824
146565410099732, 146565410107276, 7544
146565732005956, 146565732014352, 8396
146566030994980, 146566031003732, 8752
146566143872252, 146566143873480, 1228
146566465869244, 146566465876472, 7228
146566886919092, 146566886926944, 7852
146566906042020, 146566906043284, 1264
146567228018500, 146567228026576, 8076
146567646455920, 146567646463508, 7588
146567668192236, 146567668193520, 1284
146567989575404, 146567989583080, 7676
146568802533544, 146568802539848, 6304
146569105783996, 146569105792452, 8456
146569580050140, 146569580057936, 7796
146570194077280, 146570194085236, 7956
146570844207580, 146570844216208, 8628
146571654217000, 146571654222888, 5888
146572467107828, 146572467115552, 7724
146572878931116, 146572878939748, 8632
146573151569000, 146573151577248, 8248
146573569995924, 146573570003956, 8032
146573753821616, 146573753829916, 8300
146573884280500, 146573884287832, 7332
146574296704512, 146574296711448, 6936
146574734030184, 146574734038688, 8504
146575237499228, 146575237507368, 8140
146575536187028, 146575536191216, 4188
146575720341868, 146575720345328, 3460
146550572039716, 146550572047652, 7936
146550657344604, 146550657351792, 7188
146550709028708, 146550709041800, 13092
146550725803300, 146550725812040, 8740
146555926520404, 146555926523896, 3492
146555926537864, 146555926543604, 5740
146556740596404, 146556740602264, 5860
146557553834912, 146557553839784, 4872
146558367352768, 146558367360536, 7768
146558639393400, 146558639402412, 9012
146558812886624, 146558812895560, 8936
146558996679972, 146558996687752, 7780
146559027300908, 146559027304592, 3684
146559677139212, 146559677146352, 7140
146559861276288, 146559861282432, 6144
146560511533752, 146560511541652, 7900
146560933577108, 146560933585492, 8384
146561584121488, 146561584127124, 5636
146562234581096, 146562234589016, 7920
146562738246908, 146562738254672, 7764
146563296804300, 146563296813092, 8792
146564140732336, 146564140735044, 2708
146564957436688, 146564957446228, 9540
146565474111444, 146565474120376, 8932
146565892627636, 146565892636268, 8632
146566023583912, 146566023592292, 8380
146566326839832, 146566326848240, 8408
146566738988360, 146566738996952, 8592
146567297510152, 146567297518292, 8140
146568191306164, 146568191313640, 7476
146568378512140, 146568378520376, 8236
146568551814344, 146568551822732, 8388
146568970739272, 146568970747760, 8488
146569407964620, 146569407972244, 7624
146569679803716, 146569679811472, 7756
146569863308336, 146569863316504, 8168
146570676679596, 146570676686380, 6784
146571150093024, 146571150101180, 8156
146571708836880, 146571708844920, 8040
146572145329976, 146572145337452, 7476
146572711173480, 146572711182756, 9276
146573214748872, 146573214757016, 8144
146573387574332, 146573387582364, 8032
146573809501060, 146573809509560, 8500
146574130753364, 146574130761460, 8096
146574862361448, 146574862368680, 7232
146575284259720, 146575284267744, 8024
146575457722588, 146575457726208, 3620
