21832162523800, 21832162531432, 7632
21832168751640, 21832168760376, 8736
21836239066992, 21836239107204, 40212
21836318874178, 21836318881412, 7234
21836482490298, 21836482501012, 10714
21836646098312, 21836646109452, 11140
21836809703744, 21836809712498, 8754
21836973322564, 21836973353900, 31336
21837136839796, 21837136846404, 6608
21837300477118, 21837300511232, 34114
21837328413292, 21837328442604, 29312
21837356322568, 21837356326672, 4104
21837384256280, 21837384260424, 4144
21837412189184, 21837412193108, 3924
21837440123632, 21837440128272, 4640
21837468057916, 21837468062064, 4148
21837495990464, 21837495994424, 3960
21837523919584, 21837523923708, 4124
21837551858536, 21837551862568, 4032
21837579790008, 21837579794036, 4028
21837607750898, 21837607798784, 47886
21837635659364, 21837635663668, 4304
21837663593452, 21837663597712, 4260
21837691526972, 21837691531012, 4040
21837719458904, 21837719463324, 4420
21837747393464, 21837747397456, 3992
21837775341778, 21837775348784, 7006
21837803261952, 21837803266028, 4076
21837831196444, 21837831200576, 4132
21837859128968, 21837859132976, 4008
21837887062400, 21837887066404, 4004
21837915061760, 21837915065888, 4128
21837942979668, 21837942984160, 4492
21837970862976, 21837970866904, 3928
21837998796788, 21837998800844, 4056
21838026732408, 21838026736632, 4224
21838054665112, 21838054669200, 4088
21838082647600, 21838082651748, 4148
21838110555152, 21838110585536, 30384
21838138466444, 21838138471136, 4692
21838166400532, 21838166404764, 4232
21838194333364, 21838194337364, 4000
21838222266444, 21838222270508, 4064
21838250223864, 21838250230704, 6840
21838278158432, 21838278165352, 6920
21838306068500, 21838306072568, 4068
21838334003136, 21838334007292, 4156
21838361936356, 21838361940296, 3940
21838389869168, 21838389873232, 4064
21838417825864, 21838417832518, 6654
21839219877240, 21839219880532, 3292
21839341046500, 21839341051984, 5484
21839461678760, 21839461682380, 3620
21839582849596, 21839582853132, 3536
21839703466576, 21839703470348, 3772
21839824638224, 21839824641712, 3488
21839945229992, 21839945233640, 3648
21840066425704, 21840066429764, 4060
21840187060804, 21840187064140, 3336
21840308252264, 21840308255816, 3552
21840428848880, 21840428852608, 3728
21840550031816, 21840550035300, 3484
21840670652456, 21840670656040, 3584
21840791808356, 21840791811780, 3424
21840912448684, 21840912451912, 3228
21841033629016, 21841033632968, 3952
21841154338552, 21841154342200, 3648
21841275533608, 21841275537136, 3528
21841396159584, 21841396162820, 3236
21841554238964, 21841554269948, 30984
21841717821164, 21841717827880, 6716
21841881457292, 21841881469492, 12200
21841909417572, 21841909421676, 4104
21841937329144, 21841937381172, 52028
21841965239088, 21841965243272, 4184
21841993173488, 21841993177684, 4196
21842021106272, 21842021110476, 4204
21842049038032, 21842049042080, 4048
21842076972744, 21842076976820, 4076
21842104906912, 21842104910940, 4028
21842132841644, 21842132846084, 4440
21842160773672, 21842160777660, 3988
21842188706984, 21842188710960, 3976
21842216641864, 21842216645804, 3940
21842244575688, 21842244579720, 4032
21842272509012, 21842272513176, 4164
21842300441912, 21842300445932, 4020
21842328375652, 21842328380044, 4392
21842356382016, 21842356386184, 4168
21842384243560, 21842384247736, 4176
21842412178380, 21842412182372, 3992
21842440113524, 21842440117508, 3984
21842468044388, 21842468048448, 4060
21842496004184, 21842496043308, 39124
21842523960652, 21842523964884, 4232
21842551845612, 21842551849648, 4036
21842579780380, 21842579784440, 4060
21842607711896, 21842607715856, 3960
21842635653456, 21842635657348, 3892
21842663604732, 21842663645512, 40780
21842691564416, 21842691568512, 4096
21842719449244, 21842719453260, 4016
21842747381540, 21842747385608, 4068
21842775316132, 21842775320420, 4288
21842803249272, 21842803253336, 4064
21842831254260, 21842831258464, 4204
21842859141764, 21842859170028, 28264
21842887050340, 21842887054416, 4076
21842914984752, 21842914988772, 4020
21842942917596, 21842942921600, 4004
21842970851908, 21842970855968, 4060
21842998808744, 21842998853744, 45000
21843210233572, 21843210262280, 28708
21843331455976, 21843331461092, 5116
21843452119256, 21843452123316, 4060
21843573294488, 21843573298212, 3724
21843693933340, 21843693936512, 3172
21843844726672, 21843844756740, 30068
21844008308092, 21844008313672, 5580
21844171949104, 21844171999936, 50832
21844199886644, 21844199937756, 51112
21844227821372, 21844227829004, 7632
21844255782472, 21844255786776, 4304
21844283685464, 21844283715264, 29800
21844311621692, 21844311650324, 28632
21844339554924, 21844339561798, 6874
21844367488512, 21844367516888, 28376
21844395422264, 21844395451900, 29636
21844423355878, 21844423386392, 30514
21844451289464, 21844451319504, 30040
21844479224312, 21844479255728, 31416
21844507147118, 21844507154572, 7454
21844535092438, 21844535122124, 29686
21844563046080, 21844563050148, 4068
21844590959538, 21844590988628, 29090
21844618891104, 21844618919928, 28824
21844646826284, 21844646856236, 29952
21844674760718, 21844674792228, 31510
21844702690592, 21844702720640, 30048
21844730627778, 21844730656140, 28362
21844758549458, 21844758556384, 6926
21844786517856, 21844786521884, 4028
21844814429404, 21844814458120, 28716
21844842386072, 21844842390292, 4220
21844870296224, 21844870326192, 29968
21844898227664, 21844898258504, 30840
21844926163944, 21844926195724, 31780
21844954096624, 21844954126412, 29788
21844982052380, 21844982056480, 4100
21845009951644, 21845009958898, 7254
21845037899164, 21845037928376, 29212
21845065760112, 21845065789516, 29404
21845093690424, 21845093719248, 28824
21845121626752, 21845121655460, 28708
21845149559858, 21845149566558, 6700
21845177492818, 21845177499598, 6780
21845205404152, 21845205408372, 4220
21845233337024, 21845233341092, 4068
21845261269904, 21845261274076, 4172
21845289202832, 21845289206820, 3988
21845317137496, 21845317141512, 4016
21845345071164, 21845345075292, 4128
21845373004516, 21845373008564, 4048
21845400937280, 21845400941212, 3932
21845428872728, 21845428876804, 4076
21845456805400, 21845456809512, 4112
21845484739588, 21845484743640, 4052
21845512673976, 21845512678212, 4236
21845540606392, 21845540610436, 4044
21845568541780, 21845568545792, 4012
21845596475676, 21845596479788, 4112
21845624409212, 21845624413460, 4248
21845652342260, 21845652346320, 4060
21845680274412, 21845680278392, 3980
21845708208992, 21845708213028, 4036
21845736143600, 21845736147688, 4088
21845764077104, 21845764081512, 4408
21845792010584, 21845792014596, 4012
21845819944896, 21845819949004, 4108
21845847877892, 21845847882072, 4180
21845875811720, 21845875815768, 4048
21845903746248, 21845903750308, 4060
21845931678928, 21845931682984, 4056
21845959611824, 21845959615888, 4064
21845987546052, 21845987550120, 4068
21846015481348, 21846015485520, 4172
21846043414024, 21846043418088, 4064
21846071347280, 21846071351272, 3992
21846099280088, 21846099284136, 4048
21846127214700, 21846127218716, 4016
21846155148412, 21846155152508, 4096
21846183082348, 21846183086428, 4080
21846211015924, 21846211019956, 4032
21846238948520, 21846238952532, 4012
21846266884976, 21846266889208, 4232
21846294817280, 21846294821296, 4016
21846322751420, 21846322755788, 4368
21846350685532, 21846350689708, 4176
21846378617712, 21846378621696, 3984
21846406551896, 21846406556212, 4316
21846434486408, 21846434490400, 3992
21846462419660, 21846462423668, 4008
21846490353572, 21846490357604, 4032
21846518286776, 21846518291468, 4692
21846546220892, 21846546224920, 4028
21846574154208, 21846574158272, 4064
21846602088564, 21846602092704, 4140
21846630020636, 21846630024644, 4008
21846657955148, 21846657959144, 3996
21846685889016, 21846685893108, 4092
21846713822272, 21846713826420, 4148
21846741756648, 21846741760704, 4056
21846769691356, 21846769695568, 4212
21846797622608, 21846797626580, 3972
21846825557472, 21846825561540, 4068
21846853490788, 21846853494868, 4080
21846881424952, 21846881428996, 4044
21846909359376, 21846909363420, 4044
21846937291400, 21846937295428, 4028
21846965227032, 21846965231044, 4012
21846993159996, 21846993164056, 4060
21847021094128, 21847021098428, 4300
21847048948164, 21847048952224, 4060
21847076886968, 21847076891000, 4032
21847104822352, 21847104826332, 3980
21847132755004, 21847132759056, 4052
21847160690160, 21847160694164, 4004
21847188623188, 21847188627724, 4536
21847216555476, 21847216559700, 4224
21847244490844, 21847244494848, 4004
21847272423288, 21847272427240, 3952
21847300350488, 21847300354372, 3884
21847328292000, 21847328296036, 4036
21847356224744, 21847356228884, 4140
21847384158216, 21847384162300, 4084
21847412092636, 21847412096776, 4140
21847440025708, 21847440029812, 4104
21847467959568, 21847467963656, 4088
21847495893460, 21847495897512, 4052
21847523827484, 21847523831552, 4068
21847551761972, 21847551766168, 4196
21847579693860, 21847579697920, 4060
21847607629232, 21847607633296, 4064
21847635561344, 21847635565432, 4088
21847663496264, 21847663500292, 4028
21847691429108, 21847691433108, 4000
21847719363008, 21847719367396, 4388
21847747304900, 21847747309168, 4268
21847775229464, 21847775233468, 4004
21847803164140, 21847803168324, 4184
21847831097548, 21847831101612, 4064
21847859031368, 21847859035452, 4084
21847886965300, 21847886969400, 4100
21847914899144, 21847914903512, 4368
21847942832920, 21847942836944, 4024
21847970765372, 21847970769396, 4024
21847998694716, 21847998698888, 4172
21848026634780, 21848026638796, 4016
21848054566492, 21848054570520, 4028
21848082500880, 21848082505020, 4140
21848110434548, 21848110438736, 4188
21848138368452, 21848138372592, 4140
21848166303632, 21848166307644, 4012
21848194235008, 21848194239092, 4084
21848222193844, 21848222200652, 6808
21848250117184, 21848250124252, 7068
21848278037476, 21848278041712, 4236
21848305971736, 21848305975816, 4080
21848333903548, 21848333907736, 4188
21848361839804, 21848361843952, 4148
21848389820732, 21848389824856, 4124
21848417755052, 21848417759360, 4308
21848445639256, 21848445643368, 4112
21848473572116, 21848473576208, 4092
21848501502220, 21848501506504, 4284
21848529441852, 21848529445936, 4084
21848557397572, 21848557443240, 45668
21848585332744, 21848585362672, 29928
21848613241832, 21848613246496, 4664
21848641176336, 21848641180460, 4124
21848669109716, 21848669113764, 4048
21848697043364, 21848697047452, 4088
21848725024288, 21848725028420, 4132
21849195809064, 21849195838508, 29444
21849317012724, 21849317017960, 5236
21849437602352, 21849437605872, 3520
21849558724812, 21849558728464, 3652
21849679331172, 21849679334820, 3648
21849800508080, 21849800511424, 3344
21849921107864, 21849921111456, 3592
21850042267220, 21850042270868, 3648
21850162852924, 21850162856148, 3224
21850284027288, 21850284030384, 3096
21850404606372, 21850404609980, 3608
21850552583498, 21850552638960, 55462
21850716198572, 21850716230196, 31624
21850879785372, 21850879792088, 6716
21851043348652, 21851043384508, 35856
21851071330100, 21851071334296, 4196
21851099247048, 21851099251092, 4044
21851127151972, 21851127200892, 48920
21851155110916, 21851155115248, 4332
21851183022278, 21851183051248, 28970
21851210931976, 21851210936308, 4332
21851238867808, 21851238871980, 4172
21851266797468, 21851266801484, 4016
21851294732256, 21851294736240, 3984
21851322665560, 21851322669556, 3996
21851350598428, 21851350602460, 4032
21851378533316, 21851378537400, 4084
21851406466064, 21851406470444, 4380
21851434399856, 21851434403932, 4076
21851462334148, 21851462338080, 3932
21851490262952, 21851490267060, 4108
21851518201144, 21851518205160, 4016
21851546135112, 21851546139092, 3980
21851574069408, 21851574073468, 4060
21851602003132, 21851602007168, 4036
21851629936520, 21851629940552, 4032
21851657869528, 21851657873520, 3992
21851685828832, 21851685876560, 47728
21851713737944, 21851713741888, 3944
21851741664412, 21851741668496, 4084
21851769604560, 21851769608532, 3972
21851797538940, 21851797542904, 3964
21851825495638, 21851825540660, 45022
21851853430724, 21851853437624, 6900
21851881340016, 21851881344036, 4020
21851909274092, 21851909278260, 4168
21851937208104, 21851937212096, 3992
21851965139804, 21851965143804, 4000
21851993092278, 21851993099358, 7080
21852021057560, 21852021061576, 4016
21852048942252, 21852048946224, 3972
21852076875484, 21852076879412, 3928
21852104809676, 21852104813736, 4060
21852132743088, 21852132747260, 4172
21852160699792, 21852160706638, 6846
21853190181238, 21853190186084, 4846
21853311394396, 21853311399412, 5016
21853432006856, 21853432010448, 3592
21853553178984, 21853553182364, 3380
21853673818028, 21853673821440, 3412
21853794987092, 21853794990704, 3612
21853915604944, 21853915608676, 3732
21854036795652, 21854036799304, 3652
21854157403720, 21854157406784, 3064
21854278605840, 21854278609032, 3192
21854399220764, 21854399224584, 3820
21854520395148, 21854520398496, 3348
21854641005396, 21854641008548, 3152
21854762171264, 21854762174912, 3648
21854882786264, 21854882789776, 3512
21855003976700, 21855003980380, 3680
21855124695240, 21855124698876, 3636
21855245871584, 21855245874904, 3320
21855366493060, 21855366496164, 3104
21855487671216, 21855487674788, 3572
21855608287984, 21855608291212, 3228
21855729441708, 21855729445084, 3376
21855850007080, 21855850010488, 3408
21855970544148, 21855970547528, 3380
21856115161118, 21856115172524, 11406
21837334368544, 21837334371372, 2828
21837464117996, 21837464123020, 5024
21837627698618, 21837627731344, 32726
21837791306484, 21837791318178, 11694
21837954918258, 21837954952656, 34398
21838118529484, 21838118563908, 34424
21838282125744, 21838282130088, 4344
21838445756118, 21838445791156, 35038
21838473676118, 21838473685498, 9380
21838501626752, 21838501656364, 29612
21838529554072, 21838529561432, 7360
21838557518996, 21838557523196, 4200
21838585426704, 21838585433372, 6668
21838613362284, 21838613392032, 29748
21838641321084, 21838641325296, 4212
21838669254184, 21838669258248, 4064
21838697163838, 21838697193960, 30122
21838725120840, 21838725124872, 4032
21838753031258, 21838753037992, 6734
21838780967784, 21838780995792, 28008
21838808922572, 21838808926596, 4024
21838836831238, 21838836861012, 29774
21838864791044, 21838864794956, 3912
21838892691572, 21838892698198, 6626
21838920632918, 21838920661724, 28806
21838948558798, 21838948565538, 6740
21838976496238, 21838976502918, 6680
21839004433784, 21839004440444, 6660
21839032393992, 21839032398456, 4464
21839060301332, 21839060330120, 28788
21839088159958, 21839088190252, 30294
21839116094632, 21839116123472, 28840
21839144029238, 21839144059304, 30066
21839171964944, 21839171993424, 28480
21839199900132, 21839199930816, 30684
21839227806844, 21839227810904, 4060
21839255738872, 21839255743004, 4132
21839283674352, 21839283678508, 4156
21839311601604, 21839311605696, 4092
21839339542692, 21839339546952, 4260
21839367471392, 21839367475428, 4036
21839395408944, 21839395412940, 3996
21839423341304, 21839423345292, 3988
21839451275944, 21839451279888, 3944
21839479211008, 21839479214984, 3976
21839507144196, 21839507148148, 3952
21839535076932, 21839535081856, 4924
21839563011396, 21839563015560, 4164
21839590945400, 21839590949496, 4096
21839618878860, 21839618883012, 4152
21839646812172, 21839646816204, 4032
21839674744876, 21839674748864, 3988
21839702679304, 21839702683284, 3980
21839730613856, 21839730617924, 4068
21839758547320, 21839758551368, 4048
21839786476228, 21839786480572, 4344
21839814413492, 21839814417460, 3968
21839842348292, 21839842352240, 3948
21839870282196, 21839870286180, 3984
21839898215216, 21839898219208, 3992
21839926149172, 21839926153192, 4020
21839954081712, 21839954085748, 4036
21839982016572, 21839982020580, 4008
21840009950864, 21840009954816, 3952
21840037885012, 21840037889200, 4188
21840065818264, 21840065822320, 4056
21840093751352, 21840093755512, 4160
21840121685608, 21840121689628, 4020
21840149619252, 21840149623228, 3976
21840177552696, 21840177556728, 4032
21840205481232, 21840205485252, 4020
21840233419640, 21840233424060, 4420
21840261354084, 21840261358204, 4120
21840289286796, 21840289290792, 3996
21840317220972, 21840317225164, 4192
21840345155808, 21840345159812, 4004
21840373087580, 21840373091564, 3984
21840401022328, 21840401026220, 3892
21840428956596, 21840428960872, 4276
21840456889252, 21840456893292, 4040
21840484823492, 21840484827532, 4040
21840512756848, 21840512760784, 3936
21840540691496, 21840540695560, 4064
21840568626448, 21840568630400, 3952
21840596559080, 21840596563172, 4092
21840624485700, 21840624489936, 4236
21840652424872, 21840652428980, 4108
21840680359116, 21840680363180, 4064
21840708294012, 21840708298020, 4008
21840736226688, 21840736230952, 4264
21840764164156, 21840764168584, 4428
21840792093808, 21840792097776, 3968
21840820029660, 21840820033716, 4056
21840847962072, 21840847966196, 4124
21840875895648, 21840875899696, 4048
21840903830060, 21840903834036, 3976
21840931761632, 21840931765792, 4160
21840959697336, 21840959701220, 3884
21840987630284, 21840987634284, 4000
21841015559700, 21841015564040, 4340
21841043492732, 21841043496772, 4040
21841071357756, 21841071361740, 3984
21841099292344, 21841099296288, 3944
21841127226604, 21841127230820, 4216
21841155159036, 21841155163024, 3988
21841183093324, 21841183097220, 3896
21841211031836, 21841211033452, 1616
21841238960296, 21841238964276, 3980
21841266889452, 21841266893684, 4232
21841294828572, 21841294832604, 4032
21841322761592, 21841322765588, 3996
21841350694744, 21841350698864, 4120
21841378629104, 21841378633152, 4048
21841406562476, 21841406566636, 4160
21841434496424, 21841434500852, 4428
21841462424632, 21841462428712, 4080
21841490363416, 21841490367452, 4036
21841518309824, 21841518317438, 7614
21841546255498, 21841546285828, 30330
21841574165920, 21841574169904, 3984
21841602098336, 21841602102340, 4004
21841630030968, 21841630035164, 4196
21841657965772, 21841657969744, 3972
21841685924998, 21841685970896, 45898
21841713854952, 21841713908064, 53112
21841741767720, 21841741771696, 3976
21841769701328, 21841769705452, 4124
21841797635776, 21841797639720, 3944
21841825569168, 21841825573288, 4120
21841853550192, 21841853554276, 4084
21841963261804, 21841963267004, 5200
21842084290464, 21842084295460, 4996
21842208673504, 21842208707260, 33756
21842372288384, 21842372298578, 10194
21842535898192, 21842535908578, 10386
21842699509384, 21842699520144, 10760
21842863101432, 21842863107520, 6088
21843026768944, 21843026774668, 5724
21843054856016, 21843054860252, 4236
21843082525284, 21843082532912, 7628
21843110469738, 21843110500772, 31034
21843138393512, 21843138400918, 7406
21843166335498, 21843166366880, 31382
21843194269604, 21843194276044, 6440
21843222180748, 21843222184828, 4080
21843250114988, 21843250118968, 3980
21843278049504, 21843278053660, 4156
21843305981568, 21843305985652, 4084
21843333915504, 21843333919564, 4060
21843361849512, 21843361853616, 4104
21843389783060, 21843389787160, 4100
21843417716816, 21843417720860, 4044
21843445650224, 21843445654260, 4036
21843473584640, 21843473588636, 3996
21843501518660, 21843501522564, 3904
21843529452436, 21843529456764, 4328
21843557380996, 21843557385124, 4128
21843585318644, 21843585322792, 4148
21843613251696, 21843613255752, 4056
21843641187804, 21843641191928, 4124
21843669120860, 21843669124860, 4000
21843697053568, 21843697057528, 3960
21843724986620, 21843724990712, 4092
21843752921196, 21843752925176, 3980
21843780855232, 21843780859188, 3956
21843808788392, 21843808792400, 4008
21843836749432, 21843836778964, 29532
21843864656228, 21843864660260, 4032
21843892590060, 21843892594116, 4056
21843920524196, 21843920528156, 3960
21843948457388, 21843948461376, 3988
21843976407012, 21843976413972, 6960
21844004348392, 21844004354864, 6472
21844032258856, 21844032262840, 3984
21844060192488, 21844060196548, 4060
21844088126952, 21844088130864, 3912
21844116061384, 21844116065308, 3924
21844144017732, 21844144024558, 6826
21845201425818, 21845201431672, 5854
21845322401144, 21845322406480, 5336
21845442728272, 21845442731548, 3276
21845563672420, 21845563675916, 3496
21845684039888, 21845684043484, 3596
21845805000476, 21845805004048, 3572
21845925364304, 21845925367988, 3684
21846046286892, 21846046290720, 3828
21846166648964, 21846166652260, 3296
21846287603488, 21846287606884, 3396
21846407995136, 21846407999060, 3924
21846528943176, 21846528946604, 3428
21846649303128, 21846649306424, 3296
21846770272436, 21846770276272, 3836
21846890649720, 21846890653008, 3288
21847011565388, 21847011568668, 3280
21847132039412, 21847132043088, 3676
21847253023236, 21847253026836, 3600
21847373403088, 21847373406300, 3212
21847493812620, 21847493815880, 3260
21847614787064, 21847614790484, 3420
21847735172816, 21847735176268, 3452
21847856157564, 21847856160856, 3292
21847976562624, 21847976570368, 7744
21848098488832, 21848098495958, 7126
21848262091972, 21848262147972, 56000
21848425711184, 21848425718258, 7074
21848589287380, 21848589292684, 5304
21848752930044, 21848752965744, 35700
21848780865392, 21848780894764, 29372
21848808825392, 21848808829376, 3984
21848836733664, 21848836763428, 29764
21848864667498, 21848864698364, 30866
21848892599132, 21848892628988, 29856
21848920537664, 21848920567516, 29852
21848948461484, 21848948468144, 6660
21848976403398, 21848976409904, 6506
21849004327932, 21849004335532, 7600
21849032267832, 21849032298660, 30828
21849060131178, 21849060160940, 29762
21849088063184, 21849088069838, 6654
21849115997492, 21849116004578, 7086
21849143926098, 21849143933364, 7266
21849171863844, 21849171871358, 7514
21849199775704, 21849199779688, 3984
21849227709040, 21849227713204, 4164
21849255643124, 21849255647252, 4128
21849283576964, 21849283580924, 3960
21849311509692, 21849311514136, 4444
21849339444752, 21849339448660, 3908
21849367373360, 21849367377440, 4080
21849395310852, 21849395314920, 4068
21849423240944, 21849423244960, 4016
21849451178308, 21849451182392, 4084
21849479113300, 21849479117320, 4020
21849507047552, 21849507051772, 4220
21849534980976, 21849534984968, 3992
21849562914080, 21849562917984, 3904
21849590847040, 21849590851032, 3992
21849618781180, 21849618785168, 3988
21849646714816, 21849646718740, 3924
21849674648576, 21849674652512, 3936
21849702582212, 21849702586128, 3916
21849730515472, 21849730519440, 3968
21849758450976, 21849758455068, 4092
21849786377536, 21849786381688, 4152
21849814316684, 21849814321084, 4400
21849842246588, 21849842250632, 4044
21849870184112, 21849870188176, 4064
21849898122500, 21849898129020, 6520
21849926048156, 21849926061156, 13000
21849953981536, 21849953994048, 12512
21849981914800, 21849981930860, 16060
21850009848580, 21850009864976, 16396
21850037782336, 21850037798800, 16464
21850065715568, 21850065727604, 12036
21850093648968, 21850093661532, 12564
21850121582380, 21850121595028, 12648
21850149514368, 21850149526284, 11916
21850177450412, 21850177462572, 12160
21850205380632, 21850205393164, 12532
21850233317724, 21850233333132, 15408
21850261249540, 21850261266192, 16652
21850289183708, 21850289195516, 11808
21850317117980, 21850317130660, 12680
21850345052736, 21850345068436, 15700
21850372985876, 21850372997976, 12100
21850400920248, 21850400932568, 12320
21850428852552, 21850428867864, 15312
21850456786892, 21850456799180, 12288
21850484720840, 21850484732860, 12020
21850512655080, 21850512672208, 17128
21850540610904, 21850540664884, 53980
21850568521420, 21850568527688, 6268
21850596455644, 21850596461960, 6316
21850624384924, 21850624391304, 6380
21850652323876, 21850652330284, 6408
21850680267558, 21850680278812, 11254
21850708210184, 21850708220832, 10648
21850736124716, 21850736131036, 6320
21850764057392, 21850764063796, 6404
21850791991420, 21850791997840, 6420
21850819925992, 21850819932360, 6368
21850847878172, 21850847888544, 10372
21850875815198, 21850875825718, 10520
21850903726568, 21850903733008, 6440
21850931660492, 21850931667000, 6508
21850959595192, 21850959601516, 6324
21850987526300, 21850987532600, 6300
21851015482092, 21851015492812, 10720
21851186980444, 21851186983612, 3168
21851307965864, 21851307971264, 5400
21851428366672, 21851428370152, 3480
21851549319308, 21851549323020, 3712
21851697781104, 21851697792904, 11800
21851861402398, 21851861412918, 10520
21852024992200, 21852024999220, 7020
21852188630012, 21852188662340, 32328
21852216558884, 21852216569364, 10480
21852244484724, 21852244496838, 12114
21852272424852, 21852272434618, 9766
21852300351324, 21852300361804, 10480
21852328293698, 21852328304172, 10474
21852356219092, 21852356229432, 10340
21852384159612, 21852384193524, 33912
21852412094238, 21852412104372, 10134
21852440026978, 21852440061516, 34538
21852467962198, 21852467972118, 9920
21852495898472, 21852495932624, 34152
21852523830538, 21852523840524, 9986
21852551763132, 21852551773098, 9966
21852579698078, 21852579731380, 33302
21852607630912, 21852607641524, 10612
21852635563684, 21852635596288, 32604
21852663495964, 21852663505972, 10008
21852691431858, 21852691441758, 9900
21852719361558, 21852719371764, 10206
21852747299304, 21852747309878, 10574
21852775224224, 21852775234404, 10180
21852803165444, 21852803199228, 33784
21852831102352, 21852831135808, 33456
21852859033938, 21852859066964, 33026
21852886967638, 21852887001380, 33742
21852914902698, 21852914912512, 9814
21852942832844, 21852942842858, 10014
21852970768158, 21852970778612, 10454
21852998705798, 21852998738448, 32650
21853026635678, 21853026645832, 10154
21853054497204, 21853054530436, 33232
21853082430064, 21853082439912, 9848
21853110364918, 21853110375064, 10146
21853138288492, 21853138298832, 10340
21853166233272, 21853166266400, 33128
21853194141580, 21853194148492, 6912
21853222078152, 21853222084520, 6368
21853250012572, 21853250019496, 6924
21853277946536, 21853277952864, 6328
21853305880244, 21853305886804, 6560
21853333813668, 21853333819920, 6252
21853361746924, 21853361753160, 6236
21853389680636, 21853389687052, 6416
21853417614372, 21853417620576, 6204
21853445548812, 21853445555176, 6364
21853473482344, 21853473488676, 6332
21853501415200, 21853501422096, 6896
21853529350728, 21853529357120, 6392
21853557278368, 21853557284568, 6200
21853585217912, 21853585224312, 6400
21853613145956, 21853613152404, 6448
21853641083196, 21853641089620, 6424
21853669017276, 21853669023636, 6360
21853696953152, 21853696959524, 6372
21853724885624, 21853724892072, 6448
21853752819584, 21853752826520, 6936
21853780750740, 21853780757056, 6316
21853808687284, 21853808693540, 6256
21853836620212, 21853836626588, 6376
21853864553472, 21853864559872, 6400
21853892488468, 21853892494848, 6380
21853920420916, 21853920427276, 6360
21853948355044, 21853948361296, 6252
21853976284224, 21853976290636, 6412
21854004223056, 21854004229624, 6568
21854032152076, 21854032158680, 6604
21854060088868, 21854060095272, 6404
21854088027984, 21854088034448, 6464
21854115957540, 21854115963844, 6304
21854143891180, 21854143897508, 6328
21854171825480, 21854171831756, 6276
21854199758164, 21854199764420, 6256
21854227693808, 21854227700184, 6376
21854255626228, 21854255632488, 6260
21854283560952, 21854283567248, 6296
21854311493908, 21854311500292, 6384
21854339425992, 21854339432300, 6308
21854367361184, 21854367367512, 6328
21854395289612, 21854395296076, 6464
21854423229196, 21854423235588, 6392
21854451155512, 21854451161920, 6408
21854479095856, 21854479102260, 6404
21854507028884, 21854507035336, 6452
21854534962900, 21854534969196, 6296
21854562897196, 21854562903588, 6392
21854590830484, 21854590836828, 6344
21854618763056, 21854618769480, 6424
21854646698500, 21854646704744, 6244
21854674632328, 21854674638624, 6296
21854702565412, 21854702571888, 6476
21854730501952, 21854730508804, 6852
21854758430952, 21854758437260, 6308
21854786367268, 21854786373752, 6484
21854814294940, 21854814301388, 6448
21854842233372, 21854842239572, 6200
21854870166956, 21854870173420, 6464
21854898100752, 21854898107128, 6376
21854926035000, 21854926041400, 6400
21854953968476, 21854953974776, 6300
21854981900168, 21854981907124, 6956
21855009835144, 21855009841480, 6336
21855037695096, 21855037701488, 6392
21855065630404, 21855065636840, 6436
21855093564368, 21855093570728, 6360
21855121498320, 21855121504720, 6400
21855149431172, 21855149437512, 6340
21855177370060, 21855177371652, 1592
21855205299576, 21855205306348, 6772
21855233229276, 21855233236192, 6916
21855261167340, 21855261173580, 6240
21855289099536, 21855289106052, 6516
21855317032528, 21855317039024, 6496
21855344967600, 21855344974024, 6424
21855372901440, 21855372907792, 6352
21855400835532, 21855400842176, 6644
21855428768860, 21855428775348, 6488
21855456701116, 21855456707684, 6568
21855484631964, 21855484638924, 6960
21855512570128, 21855512576572, 6444
21855540502956, 21855540509480, 6524
21855568438300, 21855568444680, 6380
21855596369912, 21855596376640, 6728
21855624303944, 21855624310452, 6508
21855652233700, 21855652240292, 6592
21855680171688, 21855680178428, 6740
21855708105660, 21855708112188, 6528
21855736039548, 21855736046444, 6896
21855763972692, 21855763979148, 6456
21855791908084, 21855791914408, 6324
21855819841432, 21855819847812, 6380
21855847775084, 21855847781388, 6304
21855875709296, 21855875715840, 6544
21855903642876, 21855903649284, 6408
21855931575304, 21855931581764, 6460
21855959509168, 21855959515700, 6532
21855987443084, 21855987449888, 6804
21856015376328, 21856015382768, 6440
21856043309552, 21856043316016, 6464
21856071245388, 21856071249540, 4152
21856099201818, 21856099233948, 32130
21856127111072, 21856127117552, 6480
21834161682812, 21834161688320, 5508
21834161726812, 21834161730000, 3188
21836155262784, 21836155270258, 7474
21836183190018, 21836183197298, 7280
21836211126718, 21836211133638, 6920
21836239063384, 21836239070772, 7388
21836266994198, 21836267000878, 6680
21836294929544, 21836294936632, 7088
21836322839860, 21836322844080, 4220
21836350774572, 21836350778488, 3916
21836378708472, 21836378712684, 4212
21836406640932, 21836406644888, 3956
21836434574268, 21836434578264, 3996
21836462522798, 21836462532232, 9434
21836490440900, 21836490444620, 3720
21836518375676, 21836518379360, 3684
21836546309516, 21836546313952, 4436
21836574243332, 21836574246892, 3560
21836602175916, 21836602179492, 3576
21836630131604, 21836630138098, 6494
21836658038868, 21836658044036, 5168
21836685978316, 21836685982172, 3856
21836713911844, 21836713915724, 3880
21836741846028, 21836741849968, 3940
21836769797318, 21836769803464, 6146
21836797739824, 21836797748618, 8794
21836825642636, 21836825647680, 5044
21836853581444, 21836853585368, 3924
21836881512648, 21836881516588, 3940
21836909447276, 21836909451052, 3776
21836937399978, 21836937406872, 6894
21836965334612, 21836965341418, 6806
21836993249500, 21836993252968, 3468
21837021183388, 21837021187528, 4140
21837049116140, 21837049119880, 3740
21837076976820, 21837076980448, 3628
21837104922704, 21837104931712, 9008
21837132857744, 21837132866618, 8874
21837160778348, 21837160782000, 3652
21837188712208, 21837188716156, 3948
21837216647656, 21837216651184, 3528
21837244580272, 21837244584368, 4096
21837272528878, 21837272538044, 9166
