146595465344196, 146595465354596, 10400
146596267390048, 146596267400932, 10884
146596758111940, 146596758122664, 10724
146597105618168, 146597105627188, 9020
146598153651636, 146598153661504, 9868
146598525108912, 146598525118644, 9732
146598903475928, 146598903487060, 11132
146598906928888, 146598906936296, 7408
146599278085896, 146599278094616, 8720
146600279539696, 146600279548932, 9236
146600904597088, 146600904608040, 10952
146601539878876, 146601539888128, 9252
146602401926920, 146602401936412, 9492
146602719361656, 146602719370336, 8680
146603090983624, 146603090992880, 9256
146603764036504, 146603764047064, 10560
146604811035160, 146604811043976, 8816
146605189002380, 146605189011012, 8632
146605825227892, 146605825236824, 8932
146606081727272, 146606081735948, 8676
146606793500488, 146606793510208, 9720
146607794235692, 146607794244880, 9188
146608112359956, 146608112367856, 7900
146609113286612, 146609113296472, 9860
146609584424240, 146609584434028, 9788
146609955571764, 146609955579608, 7844
146610345379976, 146610345391184, 11208
146610716684812, 146610716695020, 10208
146611580167800, 146611580177592, 9792
146611886157284, 146611886166848, 9564
146612856810924, 146612856821196, 10272
146613568403448, 146613568411900, 8452
146614537440480, 146614537449376, 8896
146615537700904, 146615537711164, 10260
146616413135704, 146616413145800, 10096
146595457299468, 146595457310928, 11460
146596391107564, 146596391119456, 11892
146597266662172, 146597266672164, 9992
146598236821948, 146598236832016, 10068
146599237601928, 146599237612564, 10636
146600032254976, 146600032266044, 11068
146600503463248, 146600503473672, 10424
146601365539444, 146601365548800, 9356
146601989689480, 146601989698796, 9316
146602662812232, 146602662820932, 8700
146603524519872, 146603524529588, 9716
146603854733340, 146603854741644, 8304
146604565639912, 146604565648688, 8776
146604883570180, 146604883579924, 9744
146605508425024, 146605508434176, 9152
146606558507004, 146606558517644, 10640
146607528247712, 146607528257192, 9480
146608201336940, 146608201344404, 7464
146608579617276, 146608579627288, 10012
146609251991104, 146609252001232, 10128
146610252221072, 146610252231344, 10272
146612410391940, 146612410403260, 11320
146614282625208, 146614282634900, 9692
146614627173248, 146614627182172, 8924
146614944483264, 146614944491880, 8616
146615415016668, 146615415024756, 8088
146615761964444, 146615761975504, 11060
146616623825532, 146616623835400, 9868
146596441038712, 146596441052604, 13892
146597402652172, 146597402663696, 11524
146598277390984, 146598277401724, 10740
146598583270680, 146598583280804, 10124
146599553124868, 146599553134736, 9868
146600415989008, 146600415999848, 10840
146601290227156, 146601290235836, 8680
146602001479500, 146602001487908, 8408
146602348759608, 146602348767484, 7876
146603059494716, 146603059503064, 8348
146603695440764, 146603695450812, 10048
146604319648428, 146604319657604, 9176
146604992813296, 146604992821968, 8672
146606040146728, 146606040154828, 8100
146606387450620, 146606387459524, 8904
146606764908196, 146606764917476, 9280
146607082719616, 146607082727328, 7712
146610528371408, 146610528381364, 9956
146611529655108, 146611529664192, 9084
146611908002448, 146611908011268, 8820
146612908720148, 146612908729808, 9660
146613226232768, 146613226240472, 7704
146613531785836, 146613531794468, 8632
146614406892680, 146614406901572, 8892
146614455454052, 146614455461056, 7004
146615330648928, 146615330657592, 8664
146616003248156, 146616003258580, 10424
146616473952228, 146616473961452, 9224
146593392904224, 146593392915220, 10996
146593392951220, 146593392958284, 7064
146593393004356, 146593393011728, 7372
146593393039720, 146593393046680, 6960
146593393063556, 146593393069888, 6332
146593393092584, 146593393099244, 6660
146593393144012, 146593393151052, 7040
146593393178532, 146593393185828, 7296
146593393264508, 146593393271220, 6712
146593393307908, 146593393314912, 7004
146593393349640, 146593393356484, 6844
146593393390172, 146593393397516, 7344
146593393418096, 146593393424508, 6412
146593393507480, 146593393514188, 6708
146593393537228, 146593393544704, 7476
146595387623396, 146595387638252, 14856
146595387655804, 146595387663172, 7368
146595387676620, 146595387683444, 6824
146595387695512, 146595387702420, 6908
146595387714876, 146595387721696, 6820
146595387733732, 146595387740328, 6596
146595387752268, 146595387758916, 6648
146595387771208, 146595387777720, 6512
146596261396976, 146596261408384, 11408
146596646498580, 146596646509356, 10776
146597745729080, 146597745739780, 10700
146598216259356, 146598216267856, 8500
146598633624112, 146598633635904, 11792
146598882986068, 146598882996616, 10548
146599200288928, 146599200297272, 8344
146599824557412, 146599824567844, 10432
146600460888696, 146600460897032, 8336
146601460567608, 146601460576256, 8648
146602335490460, 146602335499892, 9432
146603304921336, 146603304931212, 9876
146603682866356, 146603682874760, 8404
146604053869860, 146604053877860, 8000
146604360012628, 146604360020340, 7712
146604730944088, 146604730952716, 8628
146605201834264, 146605201843380, 9116
146605519806380, 146605519814016, 7636
146605568859400, 146605568866700, 7300
146606039585920, 146606039593672, 7752
146606456767316, 146606456779452, 12136
146607129979364, 146607129988756, 9392
146607435309096, 146607435318088, 8992
146608334270536, 146608334281872, 11336
146608640023292, 146608640033192, 9900
146608957412356, 146608957421088, 8732
146609369739864, 146609369752236, 12372
146609687330832, 146609687341280, 10448
146610459103452, 146610459114564, 11112
146611335109624, 146611335120360, 10736
146611682446248, 146611682454264, 8016
146612544687360, 146612544697952, 10592
146613419464736, 146613419474168, 9432
146614465877984, 146614465887044, 9060
146615041392824, 146615041401472, 8648
146615676788724, 146615676798392, 9668
146616301708880, 146616301717444, 8564
