146591288547584, 146591288556280, 8696
146591331439572, 146591331445800, 6228
146595465341028, 146595465344004, 2976
146596267385400, 146596267389852, 4452
146596758109112, 146596758111748, 2636
146597105607740, 146597105617916, 10176
146598153641224, 146598153651440, 10216
146598525099524, 146598525108688, 9164
146598903466076, 146598903475712, 9636
146598906927284, 146598906928684, 1400
146599278077128, 146599278085708, 8580
146600279530092, 146600279539504, 9412
146600904586988, 146600904596864, 9876
146601539870288, 146601539878664, 8376
146602401917988, 146602401926736, 8748
146602719352672, 146602719361460, 8788
146603090976212, 146603090983432, 7220
146603764026404, 146603764036292, 9888
146604811026980, 146604811034968, 7988
146605188995040, 146605189002184, 7144
146605825219036, 146605825227692, 8656
146606081719328, 146606081727080, 7752
146606793491352, 146606793500272, 8920
146607794226760, 146607794235480, 8720
146608112352168, 146608112359708, 7540
146609113277260, 146609113286396, 9136
146609584414064, 146609584424008, 9944
146609955563356, 146609955571580, 8224
146610345359520, 146610345379760, 20240
146610716649912, 146610716684604, 34692
146611580158524, 146611580167604, 9080
146611886148468, 146611886157084, 8616
146612856801740, 146612856810728, 8988
146613568395648, 146613568403248, 7600
146614537433636, 146614537440292, 6656
146615537693348, 146615537700708, 7360
146616413130116, 146616413135508, 5392
146591280630908, 146591280640068, 9160
146591296924800, 146591296934052, 9252
146591313892264, 146591313900944, 8680
146595457289084, 146595457299252, 10168
146596391100624, 146596391107364, 6740
146597266651416, 146597266661956, 10540
146598236811768, 146598236821728, 9960
146599237593252, 146599237601724, 8472
146600032245660, 146600032254764, 9104
146600503453056, 146600503463028, 9972
146601365530356, 146601365539216, 8860
146601989680804, 146601989689284, 8480
146602662803748, 146602662812040, 8292
146603524510328, 146603524519640, 9312
146603854725352, 146603854733120, 7768
146604565632816, 146604565639716, 6900
146604883560432, 146604883569956, 9524
146605508415684, 146605508424808, 9124
146606558503096, 146606558506784, 3688
146607528238796, 146607528247496, 8700
146608201330124, 146608201336748, 6624
146608579615052, 146608579617060, 2008
146609251981396, 146609251990836, 9440
146610252212148, 146610252220852, 8704
146612410388748, 146612410391748, 3000
146613034427652, 146613034434220, 6568
146613658813872, 146613658818988, 5116
146614282616164, 146614282624996, 8832
146614627164248, 146614627173048, 8800
146614944475240, 146614944483068, 7828
146615415009412, 146615415016476, 7064
146615761955080, 146615761964228, 9148
146616623820556, 146616623825308, 4752
146591383417928, 146591383426808, 8880
146596441035508, 146596441038520, 3012
146596441057560, 146596441064460, 6900
146597402648840, 146597402651948, 3108
146598277380036, 146598277390784, 10748
146598583261100, 146598583270468, 9368
146599553114256, 146599553124676, 10420
146600415978876, 146600415988792, 9916
146601290218172, 146601290226944, 8772
146602001470640, 146602001479288, 8648
146602348752824, 146602348759408, 6584
146603059486756, 146603059494520, 7764
146603695431580, 146603695440572, 8992
146604319639264, 146604319648232, 8968
146604992804940, 146604992813108, 8168
146606040138536, 146606040146532, 7996
146606387441644, 146606387450424, 8780
146606764900184, 146606764908000, 7816
146607082709768, 146607082719420, 9652
146607943400280, 146607943405624, 5344
146608804668620, 146608804674736, 6116
146609666632752, 146609666639272, 6520
146610528361552, 146610528371176, 9624
146611529646240, 146611529654896, 8656
146611907995604, 146611908002256, 6652
146612908710956, 146612908719932, 8976
146613226224356, 146613226232552, 8196
146613531777340, 146613531785628, 8288
146614406884592, 146614406892484, 7892
146614455452524, 146614455453856, 1332
146615330641452, 146615330648736, 7284
146616003238344, 146616003247936, 9592
146616473946872, 146616473952036, 5164
146591366217948, 146591366226292, 8344
146591400336604, 146591400344828, 8224
146593392900420, 146593392903960, 3540
146593392947464, 146593392951024, 3560
146593393001452, 146593393004160, 2708
146593393036760, 146593393039524, 2764
146593393061876, 146593393063360, 1484
146593393089964, 146593393092388, 2424
146593393141196, 146593393143816, 2620
146593393175796, 146593393178344, 2548
146593393261492, 146593393264316, 2824
146593393305004, 146593393307720, 2716
146593393346720, 146593393349452, 2732
146593393387404, 146593393389984, 2580
146593393413880, 146593393417908, 4028
146593393504900, 146593393507292, 2392
146593393534704, 146593393537032, 2328
146595387617108, 146595387623180, 6072
146595387643432, 146595387655612, 12180
146595387666832, 146595387676424, 9592
146595387686984, 146595387695320, 8336
146595387705884, 146595387714684, 8800
146595387725320, 146595387733536, 8216
146595387743836, 146595387752076, 8240
146595387762592, 146595387771012, 8420
146596261390928, 146596261396760, 5832
146596646493720, 146596646498364, 4644
146597745726012, 146597745728868, 2856
146598216249240, 146598216259140, 9900
146598633621112, 146598633623904, 2792
146598882984112, 146598882985876, 1764
146599200280448, 146599200288736, 8288
146599824546668, 146599824557188, 10520
146600460879448, 146600460888480, 9032
146601460559000, 146601460567420, 8420
146602335481120, 146602335490264, 9144
146603304912252, 146603304921144, 8892
146603682858944, 146603682866160, 7216
146604053861444, 146604053869668, 8224
146604360006736, 146604360012436, 5700
146604730936360, 146604730943900, 7540
146605201825616, 146605201834060, 8444
146605519799048, 146605519806188, 7140
146605568857952, 146605568859204, 1252
146606039578728, 146606039585728, 7000
146606456763948, 146606456767120, 3172
146607129970584, 146607129979152, 8568
146607435300368, 146607435308876, 8508
146608334253940, 146608334270320, 16380
146608640014868, 146608640023092, 8224
146608957399568, 146608957412160, 12592
146609369714224, 146609369739652, 25428
146609687286820, 146609687330608, 43788
146610459100056, 146610459103256, 3200
146611335100044, 146611335109412, 9368
146611682437968, 146611682446056, 8088
146612544677612, 146612544687148, 9536
146613419456084, 146613419464540, 8456
146614465870576, 146614465877788, 7212
146615041384264, 146615041392632, 8368
146615676780820, 146615676788540, 7720
146616301704524, 146616301708612, 4088
