146637051079056, 146637051089860, 10804
146637643658464, 146637643662884, 4420
146638224219964, 146638224230732, 10768
146638606143216, 146638606152656, 9440
146639283322488, 146639283331264, 8776
146639517940932, 146639517951052, 10120
146640508907136, 146640508917736, 10600
146641565307752, 146641565316932, 9180
146642325211592, 146642325220560, 8968
146642559293448, 146642559302424, 8976
146642940082892, 146642940091196, 8304
146643154166112, 146643154175224, 9112
146644070165592, 146644070176496, 10904
146644374839036, 146644374848020, 8984
146644630898924, 146644630906976, 8052
146644865039528, 146644865048384, 8856
146645081636720, 146645081645012, 8292
146645337618944, 146645337627456, 8512
146646127738768, 146646127749200, 10432
146646772501192, 146646772510480, 9288
146647026969368, 146647026979856, 10488
146647703441368, 146647703450064, 8696
146648110711040, 146648110720096, 9056
146648754971884, 146648754981224, 9340
146648884555476, 146648884563860, 8384
146649118771904, 146649118780156, 8252
146649763509304, 146649763517888, 8584
146649924024136, 146649924034028, 9892
146650131481444, 146650131491572, 10128
146650776253440, 146650776263852, 10412
146651565615592, 146651565624740, 9148
146651972875136, 146651972884796, 9660
146652268487944, 146652268497320, 9376
146652913427168, 146652913435776, 8608
146653209588332, 146653209598256, 9924
146653853858372, 146653853866796, 8424
146654149472616, 146654149481316, 8700
146655140974004, 146655140983404, 9400
146655196840120, 146655196847732, 7612
146655646625000, 146655646634272, 9272
146656053641940, 146656053650596, 8656
146656109505376, 146656109513312, 7936
146656869376564, 146656869384900, 8336
146657318340204, 146657318349864, 9660
146657962894620, 146657962905008, 10388
146636891465596, 146636891476920, 11324
146637745354952, 146637745367084, 12132
146638315990904, 146638316001548, 10644
146639307596792, 146639307605732, 8940
146639692884692, 146639692894772, 10080
146639987988648, 146639987997252, 8604
146641275582184, 146641275590028, 7844
146642064563416, 146642064572828, 9412
146642708589148, 146642708598196, 9048
146643468646924, 146643468655648, 8724
146643764838680, 146643764846932, 8252
146644171532112, 146644171541972, 9860
146644848413224, 146644848422712, 9488
146645229224900, 146645229233868, 8968
146645358742696, 146645358751072, 8376
146645654557060, 146645654567628, 10568
146645889142536, 146645889153116, 10580
146646145166872, 146646145175088, 8216
146646358981672, 146646358990564, 8892
146646489028336, 146646489036512, 8176
146646544861636, 146646544869740, 8104
146647378549832, 146647378560008, 10176
146647634426256, 146647634435136, 8880
146648624829640, 146648624839176, 9536
146648680643112, 146648680651788, 8676
146649357074820, 146649357083836, 9016
146649442083280, 146649442091640, 8360
146649746754780, 146649746762536, 7756
146649802583348, 146649802591528, 8180
146650891702020, 146650891711864, 9844
146651724887704, 146651724896600, 8896
146651938724492, 146651938734396, 9904
146652386952784, 146652386961456, 8672
146652791085824, 146652791097500, 11676
146652940697644, 146652940707788, 10144
146653480030268, 146653480038968, 8700
146653485389404, 146653485397236, 7832
146653614888480, 146653614897004, 8524
146654403851552, 146654403861840, 10288
146654533919268, 146654533927972, 8704
146655311023176, 146655311033984, 10808
146655955933864, 146655955944112, 10248
146656453086984, 146656453096240, 9256
146657242200172, 146657242208856, 8684
146657918605148, 146657918615944, 10796
146658132844180, 146658132854360, 10180
146636913461560, 146636913472308, 10748
146637795352168, 146637795363372, 11204
146638323967796, 146638323978092, 10296
146638730460516, 146638730471244, 10728
146638738938928, 146638738946780, 7852
146639035129948, 146639035138100, 8152
146640124157324, 146640124167900, 10576
146640338197664, 146640338206472, 8808
146641171163788, 146641171172792, 9004
146641577737864, 146641577746648, 8784
146641873091436, 146641873099964, 8528
146642961771332, 146642961779744, 8412
146643409505576, 146643409514092, 8516
146643906888092, 146643906896880, 8788
146644696241268, 146644696251572, 10304
146645144280172, 146645144289172, 9000
146645919302316, 146645919311808, 9492
146646224230056, 146646224238480, 8424
146646604295648, 146646604303648, 8000
146647024980124, 146647024991740, 11616
146647522158040, 146647522166652, 8612
146648281886552, 146648281895492, 8940
146648974417868, 146648974426416, 8548
146649964948072, 146649964957764, 9692
146650724244808, 146650724254896, 10088
146651416687816, 146651416696936, 9120
146652093317880, 146652093327740, 9860
146652689332660, 146652689344644, 11984
146653071144108, 146653071153576, 9468
146653811167688, 146653811178168, 10480
146654295462096, 146654295473348, 11252
146654701592808, 146654701601764, 8956
146654850369868, 146654850378252, 8384
146655154827280, 146655154835324, 8044
146655410786908, 146655410798724, 11816
146655645177220, 146655645187592, 10372
146655949775216, 146655949783736, 8520
146656643138148, 146656643148120, 9972
146656948109700, 146656948118636, 8936
146657354837676, 146657354848200, 10524
146657409936444, 146657409945948, 9504
146657715220664, 146657715231144, 10480
146658010767500, 146658010776048, 8548
146637112990960, 146637113002184, 11224
146637873084704, 146637873095528, 10824
146638520815616, 146638520825176, 9560
146638650374704, 146638650382872, 8168
146638955125772, 146638955133664, 7892
146639599759648, 146639599769020, 9372
146639904210632, 146639904218652, 8020
146640160113404, 146640160121320, 7916
146640394138672, 146640394146804, 8132
146640426866908, 146640426874220, 7312
146640730958212, 146640730966956, 8744
146641424132492, 146641424141612, 9120
146641680064868, 146641680073580, 8712
146641895339132, 146641895347028, 7896
146642588594832, 146642588604228, 9396
146642673638276, 146642673646452, 8176
146643350212644, 146643350221140, 8496
146643405998972, 146643406006072, 7100
146644099187836, 146644099197560, 9724
146644743624596, 146644743633652, 9056
146645576677396, 146645576686804, 9408
146646253807208, 146646253816824, 9616
146646701215256, 146646701224984, 9728
146647006809304, 146647006819524, 10220
146647391752864, 146647391762752, 9888
146648035833188, 146648035842348, 9160
146648825068700, 146648825077736, 9036
146649039195980, 146649039205012, 9032
146649445294508, 146649445302188, 7680
146650235064104, 146650235074580, 10476
146651225563684, 146651225573156, 9472
146651354969888, 146651354978588, 8700
146651835397540, 146651835408292, 10752
146652147188472, 146652147197472, 9000
146652381273816, 146652381283012, 9196
146653171469828, 146653171478940, 9112
146654260340264, 146654260350556, 10292
146654903720804, 146654903731056, 10252
146655159666584, 146655159675368, 8784
146655950772932, 146655950782948, 10016
146657078920612, 146657078930672, 10060
146657772607688, 146657772618160, 10472
