147742302735868, 147742302747104, 11236
147742424365132, 147742424377028, 11896
147742581991068, 147742581994880, 3812
147742739456460, 147742739460188, 3728
147742897048840, 147742897053408, 4568
147743054584092, 147743054587812, 3720
147743212104056, 147743212108996, 4940
147743369689432, 147743369693260, 3828
147743527198732, 147743527203740, 5008
147743684724384, 147743684729352, 4968
147743842263784, 147743842268676, 4892
147743999855524, 147743999860432, 4908
147744157377232, 147744157381968, 4736
147744314856036, 147744314860888, 4852
147744472435160, 147744472439944, 4784
147744630047380, 147744630051280, 3900
147744787560484, 147744787565216, 4732
147744945231024, 147744945235460, 4436
147745102588952, 147745102593700, 4748
147745260124204, 147745260128940, 4736
147745417726860, 147745417730568, 3708
147745575235680, 147745575240768, 5088
147745732871752, 147745732876636, 4884
147745890385960, 147745890390876, 4916
147746047924396, 147746047929084, 4688
147746205442080, 147746205446868, 4788
147746362992404, 147746362997204, 4800
147746520431028, 147746520435868, 4840
147746678054952, 147746678059840, 4888
147746835522552, 147746835527064, 4512
147746993194664, 147746993198588, 3924
147747150594800, 147747150599616, 4816
147747308299588, 147747308304232, 4644
147747465695212, 147747465699948, 4736
147747623242616, 147747623247288, 4672
147747780805564, 147747780810084, 4520
147747938320012, 147747938324560, 4548
147748095923784, 147748095927416, 3632
147748253404444, 147748253409148, 4704
147748410954524, 147748410959456, 4932
147748568547752, 147748568552260, 4508
147748726017820, 147748726035508, 17688
147748883548352, 147748883553384, 5032
147749041185620, 147749041190392, 4772
147749198686328, 147749198690952, 4624
147749356283648, 147749356288148, 4500
147749513764596, 147749513769232, 4636
147749671279036, 147749671284032, 4996
147749828956484, 147749828961156, 4672
147749986519840, 147749986524636, 4796
147750144045084, 147750144049764, 4680
147750301544600, 147750301548636, 4036
147750458986268, 147750458990892, 4624
147750616661680, 147750616665340, 3660
147750774185980, 147750774190640, 4660
147750931641280, 147750931645044, 3764
147751089237016, 147751089241488, 4472
147751246722768, 147751246727444, 4676
147751404210636, 147751404215780, 5144
147751561832192, 147751561836468, 4276
147751719467892, 147751719472956, 5064
147751876864748, 147751876868520, 3772
147752034420752, 147752034424680, 3928
147752191947952, 147752191952932, 4980
147752349480180, 147752349487404, 7224
147752507045468, 147752507050212, 4744
147752664652316, 147752664656932, 4616
147753775384372, 147753775388500, 4128
147759123875080, 147759123880028, 4948
147759281441940, 147759281446776, 4836
147759438851580, 147759438855344, 3764
147759596509964, 147759596514920, 4956
147759753952384, 147759753956940, 4556
147759911564916, 147759911568436, 3520
147760069072572, 147760069077568, 4996
147760226608620, 147760226613404, 4784
147760384133880, 147760384138820, 4940
147760541695956, 147760541700444, 4488
147760699256248, 147760699261036, 4788
147760856777672, 147760856782284, 4612
147761014280156, 147761014285048, 4892
147761171794836, 147761171799456, 4620
147761329379576, 147761329384584, 5008
147761486945672, 147761486950500, 4828
147761644423652, 147761644428436, 4784
147761802005608, 147761802010848, 5240
147761959512196, 147761959516640, 4444
147762117052188, 147762117057116, 4928
147762274645424, 147762274650448, 5024
147742346654748, 147742346666280, 11532
147742442312164, 147742442323464, 11300
147742617831472, 147742617835616, 4144
147742793325900, 147742793330308, 4408
147742968788484, 147742968792228, 3744
147743144313100, 147743144317548, 4448
147743319823008, 147743319827676, 4668
147743495342876, 147743495347208, 4332
147743670756644, 147743670761008, 4364
147743846248048, 147743846253212, 5164
147744021716024, 147744021720532, 4508
147744197235304, 147744197239716, 4412
147744372693316, 147744372697628, 4312
147744548184032, 147744548188068, 4036
147744723708544, 147744723712952, 4408
147744899167756, 147744899172260, 4504
147745074642716, 147745074647316, 4600
147745250140816, 147745250144960, 4144
147745425675284, 147745425680184, 4900
147745601241736, 147745601246368, 4632
147745776624068, 147745776628124, 4056
147745952119276, 147745952123332, 4056
147746127653548, 147746127658080, 4532
147746303090292, 147746303095088, 4796
147746478571244, 147746478575704, 4460
147746654050180, 147746654054440, 4260
147746829587792, 147746829592260, 4468
147747005068232, 147747005072860, 4628
147747180565440, 147747180569856, 4416
147747356011460, 147747356015600, 4140
147747531502716, 147747531507368, 4652
147747707052048, 147747707056432, 4384
147747882467980, 147747882472264, 4284
147748057955020, 147748057958988, 3968
147748233487304, 147748233491200, 3896
147748409039748, 147748409044544, 4796
147748584459312, 147748584463368, 4056
147748759900988, 147748759905836, 4848
147748935407132, 147748935411744, 4612
147749110908156, 147749110912228, 4072
147749286390288, 147749286394912, 4624
147749461877896, 147749461882620, 4724
147749637372536, 147749637376776, 4240
147749812875360, 147749812879908, 4548
147749988465004, 147749988469176, 4172
147750163942488, 147750163946624, 4136
147750339331364, 147750339335748, 4384
147750514852908, 147750514858060, 5152
147750690312108, 147750690316164, 4056
147750865829612, 147750865834496, 4884
147751041368332, 147751041372716, 4384
147751216768012, 147751216772264, 4252
147751392310048, 147751392315572, 5524
147751567806932, 147751567811228, 4296
147751743252056, 147751743256392, 4336
147751918710288, 147751918714272, 3984
147752094292268, 147752094296944, 4676
147752269767800, 147752269772512, 4712
147752445181692, 147752445186116, 4424
147752620732052, 147752620736628, 4576
147752796235304, 147752796240032, 4728
147752971765684, 147752971769864, 4180
147753147143744, 147753147148184, 4440
147753322682748, 147753322687380, 4632
147753498189924, 147753498194020, 4096
147753673658120, 147753673662652, 4532
147753849148008, 147753849152524, 4516
147754024667232, 147754024678452, 11220
147754158223552, 147754158228228, 4676
147754291836704, 147754291840992, 4288
147754425445088, 147754425449652, 4564
147754559126824, 147754559131160, 4336
147754692664216, 147754692668972, 4756
147754826320516, 147754826324704, 4188
147754959876244, 147754959880748, 4504
147755093511708, 147755093516340, 4632
147755227117716, 147755227121320, 3604
147755360826228, 147755360831008, 4780
147755494337108, 147755494341380, 4272
147755627927524, 147755627932064, 4540
147755761621036, 147755761625296, 4260
147755895200412, 147755895204876, 4464
147756028808300, 147756028812924, 4624
147756162429544, 147756162434176, 4632
147756296000704, 147756296004848, 4144
147756429653360, 147756429657936, 4576
147756563226832, 147756563231560, 4728
147756696824268, 147756696829036, 4768
147756830496860, 147756830501388, 4528
147756964048236, 147756964053024, 4788
147757097653164, 147757097657136, 3972
147757231352664, 147757231356984, 4320
147757364879812, 147757364884156, 4344
147757498505132, 147757498509776, 4644
147757632099240, 147757632103828, 4588
147757765778744, 147757765783408, 4664
147757899342820, 147757899347636, 4816
147758033064064, 147758033068508, 4444
147758166598188, 147758166603020, 4832
147758300128576, 147758300133140, 4564
147758433754648, 147758433759428, 4780
147758567452160, 147758567456832, 4672
147758701025380, 147758701030128, 4748
147758834694944, 147758834699592, 4648
147758968201920, 147758968206728, 4808
147759101857084, 147759101861916, 4832
147759235450852, 147759235454612, 3760
147759369053048, 147759369057300, 4252
147759502677912, 147759502682428, 4516
147759636299256, 147759636303900, 4644
147759769868916, 147759769874144, 5228
147759903566496, 147759903571036, 4540
147760037128904, 147760037133936, 5032
147760170775444, 147760170779188, 3744
147760304355500, 147760304359944, 4444
147760437933156, 147760437937288, 4132
147760571587772, 147760571592064, 4292
147760705166404, 147760705171024, 4620
147760838793204, 147760838797336, 4132
147760972374256, 147760972385820, 11564
147761105964372, 147761105968924, 4552
147761239597356, 147761239601980, 4624
147761373295488, 147761373299876, 4388
147761506917824, 147761506922160, 4336
147761640567208, 147761640571704, 4496
147761774092000, 147761774096304, 4304
147761907710648, 147761907715368, 4720
147762041289496, 147762041293760, 4264
147762174899860, 147762174903540, 3680
147762308476860, 147762308481252, 4392
147754024654580, 147754024661624, 7044
147754200089068, 147754200092692, 3624
147754375649248, 147754375653556, 4308
147754551152152, 147754551156372, 4220
147754726608852, 147754726613384, 4532
147754902080008, 147754902083768, 3760
147755077585188, 147755077589644, 4456
147755253051004, 147755253055148, 4144
147755428512460, 147755428516732, 4272
147755604040280, 147755604044736, 4456
147755779531832, 147755779536872, 5040
147755955017108, 147755955020924, 3816
147756130480184, 147756130484764, 4580
147756305949884, 147756305954260, 4376
147756481427316, 147756481431964, 4648
147756657046300, 147756657051308, 5008
147756832446108, 147756832450404, 4296
147757008051132, 147757008055512, 4380
147757183407544, 147757183412392, 4848
147757358889480, 147757358893884, 4404
147757534385004, 147757534389532, 4528
147757709928760, 147757709932588, 3828
147757885436924, 147757885440940, 4016
147758060856412, 147758060860740, 4328
147758236415456, 147758236419536, 4080
147758411828724, 147758411833048, 4324
147758587295736, 147758587300140, 4404
147758762851260, 147758762855552, 4292
147758938415072, 147758938420064, 4992
147759113822496, 147759113827280, 4784
147759289391048, 147759289395436, 4388
147759464826216, 147759464830536, 4320
147759640283636, 147759640288224, 4588
147759815758820, 147759815763072, 4252
147759991294396, 147759991298140, 3744
147760166778160, 147760166781912, 3752
147760342215852, 147760342220468, 4616
147760517792544, 147760517797056, 4512
147760693203440, 147760693207304, 3864
147760868685620, 147760868689800, 4180
147761044197340, 147761044201564, 4224
147761219718012, 147761219721932, 3920
147761395247464, 147761395251664, 4200
147761570648816, 147761570652972, 4156
147761746159544, 147761746163668, 4124
147761921734732, 147761921738444, 3712
147762097117704, 147762097121952, 4248
147762272605396, 147762272609296, 3900
