147738267745068, 147738267776248, 31180
147742302732500, 147742302735680, 3180
147742424358148, 147742424364936, 6788
147742581986328, 147742581990880, 4552
147742739449792, 147742739456268, 6476
147742897041832, 147742897048644, 6812
147743054579452, 147743054583900, 4448
147743212096736, 147743212103844, 7108
147743369683136, 147743369689232, 6096
147743527193300, 147743527198528, 5228
147743684718132, 147743684724196, 6064
147743842258488, 147743842263588, 5100
147743999848544, 147743999855312, 6768
147744157370240, 147744157377036, 6796
147744314850632, 147744314855848, 5216
147744472428712, 147744472434964, 6252
147744630040276, 147744630047184, 6908
147744787555564, 147744787560288, 4724
147744945225724, 147744945230832, 5108
147745102583956, 147745102588748, 4792
147745260118632, 147745260124008, 5376
147745417720152, 147745417726668, 6516
147745575229704, 147745575235480, 5776
147745732866356, 147745732871560, 5204
147745890379164, 147745890385768, 6604
147746047919708, 147746047924204, 4496
147746205434820, 147746205441880, 7060
147746362985700, 147746362992204, 6504
147746520425772, 147746520430828, 5056
147746678047904, 147746678054760, 6856
147746835517512, 147746835522360, 4848
147746993188228, 147746993194468, 6240
147747150588276, 147747150594608, 6332
147747308294656, 147747308299396, 4740
147747465690704, 147747465695020, 4316
147747623235648, 147747623242424, 6776
147747780800024, 147747780805372, 5348
147747938313376, 147747938319812, 6436
147748095919352, 147748095923588, 4236
147748253399224, 147748253404252, 5028
147748410946604, 147748410954340, 7736
147748568542776, 147748568547560, 4784
147748726010900, 147748726017628, 6728
147748883543032, 147748883548156, 5124
147749041179976, 147749041185424, 5448
147749198679980, 147749198686128, 6148
147749356276616, 147749356283448, 6832
147749513759380, 147749513764392, 5012
147749671271936, 147749671278844, 6908
147749828951416, 147749828956232, 4816
147749986513292, 147749986519628, 6336
147750144038376, 147750144044888, 6512
147750301538188, 147750301544404, 6216
147750458960648, 147750458986060, 25412
147750616655132, 147750616661484, 6352
147750774181092, 147750774185788, 4696
147750931636484, 147750931641084, 4600
147751089231996, 147751089236820, 4824
147751246717672, 147751246722572, 4900
147751404203120, 147751404210440, 7320
147751561827556, 147751561832004, 4448
147751719461808, 147751719467700, 5892
147751876857732, 147751876864552, 6820
147752034415492, 147752034420556, 5064
147752191940404, 147752191947756, 7352
147752349473356, 147752349479988, 6632
147752507040404, 147752507045276, 4872
147752664645788, 147752664652124, 6336
147753775382252, 147753775384168, 1916
147753909374232, 147753909379988, 5756
147754043226060, 147754043231948, 5888
147754176913808, 147754176919932, 6124
147754310118608, 147754310124008, 5400
147754443861660, 147754443867800, 6140
147754577661460, 147754577666812, 5352
147754710732256, 147754710737200, 4944
147754844562412, 147754844567584, 5172
147754977701796, 147754977706680, 4884
147755111319872, 147755111325540, 5668
147755244799368, 147755244805488, 6120
147755378616636, 147755378621992, 5356
147755511705056, 147755511710100, 5044
147755645253920, 147755645259116, 5196
147755778730320, 147755778736288, 5968
147755912109436, 147755912114620, 5184
147756045380508, 147756045386504, 5996
147756179166320, 147756179172064, 5744
147756312449084, 147756312454904, 5820
147756446323288, 147756446328152, 4864
147756580124180, 147756580129972, 5792
147756713359248, 147756713363776, 4528
147756846917556, 147756846923172, 5616
147756980137716, 147756980143096, 5380
147757114084044, 147757114089676, 5632
147757247161520, 147757247166272, 4752
147757381070088, 147757381075952, 5864
147757514062412, 147757514067528, 5116
147757647697988, 147757647702792, 4804
147757781121724, 147757781126892, 5168
147757914492936, 147757914498452, 5516
147758047600296, 147758047605812, 5516
147758181094892, 147758181100736, 5844
147758315132160, 147758315137920, 5760
147758448912668, 147758448918340, 5672
147758582770156, 147758582775212, 5056
147758716299592, 147758716305144, 5552
147758849887276, 147758849892600, 5324
147758982966360, 147758982972060, 5700
147759123867336, 147759123874896, 7560
147759281437240, 147759281441744, 4504
147759438844388, 147759438851376, 6988
147759596502764, 147759596509768, 7004
147759753947600, 147759753952192, 4592
147759911558164, 147759911564720, 6556
147760069067996, 147760069072376, 4380
147760226601584, 147760226608440, 6856
147760384127832, 147760384133688, 5856
147760541690928, 147760541695744, 4816
147760699249152, 147760699256052, 6900
147760856771364, 147760856777452, 6088
147761014254488, 147761014259720, 5232
147761171765336, 147761171794624, 29288
147761329372256, 147761329379360, 7104
147761486940668, 147761486945492, 4824
147761644416532, 147761644423380, 6848
147761802000052, 147761802005416, 5364
147761959507232, 147761959512012, 4780
147762117044160, 147762117051736, 7576
147762274640724, 147762274645232, 4508
147742346651108, 147742346654440, 3332
147742442304280, 147742442311692, 7412
147742617823520, 147742617831264, 7744
147742793317596, 147742793325444, 7848
147742968783444, 147742968788180, 4736
147743144305752, 147743144312768, 7016
147743319817840, 147743319822716, 4876
147743495336000, 147743495342532, 6532
147743670751616, 147743670756312, 4696
147743846242452, 147743846247736, 5284
147744021710892, 147744021715724, 4832
147744197227712, 147744197234916, 7204
147744372686792, 147744372692988, 6196
147744548179160, 147744548183840, 4680
147744723702600, 147744723708268, 5668
147744899161676, 147744899167476, 5800
147745074636276, 147745074642364, 6088
147745250135640, 147745250140452, 4812
147745425668224, 147745425674972, 6748
147745601236520, 147745601241436, 4916
147745776618716, 147745776623716, 5000
147745952109392, 147745952116044, 6652
147746127647568, 147746127653184, 5616
147746303083072, 147746303089952, 6880
147746478566368, 147746478570932, 4564
147746654043512, 147746654049816, 6304
147746829580908, 147746829587540, 6632
147747005061220, 147747005067864, 6644
147747180558420, 147747180565124, 6704
147747356005356, 147747356011172, 5816
147747531495840, 147747531502424, 6584
147747707047156, 147747707051728, 4572
147747882460784, 147747882467672, 6888
147748057948372, 147748057954708, 6336
147748233480644, 147748233486988, 6344
147748409032436, 147748409039448, 7012
147748584454076, 147748584458988, 4912
147748759894212, 147748759900700, 6488
147748935401548, 147748935406828, 5280
147749110903316, 147749110907880, 4564
147749286385344, 147749286389940, 4596
147749461870596, 147749461877552, 6956
147749637365452, 147749637372220, 6768
147749812868156, 147749812875052, 6896
147749988460020, 147749988464684, 4664
147750163935576, 147750163942220, 6644
147750339326076, 147750339331024, 4948
147750514847356, 147750514852600, 5244
147750690305836, 147750690311920, 6084
147750865824728, 147750865829280, 4552
147751041361420, 147751041368036, 6616
147751216761560, 147751216767704, 6144
147751392302808, 147751392309740, 6932
147751567801396, 147751567806576, 5180
147751743231264, 147751743251700, 20436
147751918703268, 147751918709980, 6712
147752094287500, 147752094291968, 4468
147752269761212, 147752269767428, 6216
147752445176348, 147752445181348, 5000
147752620725560, 147752620731720, 6160
147752796230008, 147752796235036, 5028
147752971679028, 147752971765424, 86396
147753147137296, 147753147143376, 6080
147753322675836, 147753322682400, 6564
147753498184844, 147753498189624, 4780
147753673652736, 147753673657652, 4916
147753849140576, 147753849147692, 7116
147754024659644, 147754024666848, 7204
147754158217976, 147754158223268, 5292
147754291830404, 147754291836396, 5992
147754425437560, 147754425444736, 7176
147754559120556, 147754559126472, 5916
147754692657068, 147754692663900, 6832
147754826316008, 147754826320200, 4192
147754959869236, 147754959875932, 6696
147755093506588, 147755093511416, 4828
147755227111116, 147755227117444, 6328
147755360819464, 147755360825844, 6380
147755494331208, 147755494336764, 5556
147755627920376, 147755627927224, 6848
147755761616032, 147755761620668, 4636
147755895193556, 147755895200048, 6492
147756028801496, 147756028807960, 6464
147756162422352, 147756162429192, 6840
147756295993320, 147756296000400, 7080
147756429647988, 147756429653036, 5048
147756563219108, 147756563226496, 7388
147756696819312, 147756696823964, 4652
147756830491924, 147756830496548, 4624
147756964041120, 147756964047952, 6832
147757097646464, 147757097652952, 6488
147757231345408, 147757231352336, 6928
147757364873952, 147757364879460, 5508
147757498498408, 147757498504840, 6432
147757632091684, 147757632098888, 7204
147757765771784, 147757765778408, 6624
147757899335616, 147757899342512, 6896
147758033059128, 147758033063712, 4584
147758166591624, 147758166597884, 6260
147758300121216, 147758300128224, 7008
147758433736500, 147758433754320, 17820
147758567436192, 147758567451804, 15612
147758701009036, 147758701024992, 15956
147758834679452, 147758834694664, 15212
147758968184976, 147758968201440, 16464
147759101839940, 147759101856732, 16792
147759235443944, 147759235450576, 6632
147759369045824, 147759369052712, 6888
147759502670656, 147759502677632, 6976
147759636291688, 147759636298900, 7212
147759769861816, 147759769868592, 6776
147759903559404, 147759903566188, 6784
147760037121144, 147760037128624, 7480
147760170768916, 147760170775252, 6336
147760304348272, 147760304355160, 6888
147760437926468, 147760437932828, 6360
147760571580764, 147760571587440, 6676
147760705159456, 147760705166072, 6616
147760838786356, 147760838793008, 6652
147760972367228, 147760972373928, 6700
147761105957020, 147761105964084, 7064
147761239589976, 147761239597032, 7056
147761373288100, 147761373295136, 7036
147761506910964, 147761506917560, 6596
147761640560048, 147761640566848, 6800
147761774085128, 147761774091636, 6508
147761907703188, 147761907710340, 7152
147762041282332, 147762041289212, 6880
147762174892748, 147762174899652, 6904
147762308470056, 147762308476552, 6496
147754024644560, 147754024654388, 9828
147754200082520, 147754200088876, 6356
147754375642556, 147754375649044, 6488
147754551147436, 147754551151960, 4524
147754726603636, 147754726608656, 5020
147754902074788, 147754902079820, 5032
147755077580264, 147755077585000, 4736
147755253044420, 147755253050816, 6396
147755428505724, 147755428512268, 6544
147755604033448, 147755604040076, 6628
147755779524872, 147755779531628, 6756
147755955010208, 147755955016920, 6712
147756130475168, 147756130479988, 4820
147756305944496, 147756305949692, 5196
147756481421696, 147756481427124, 5428
147756657040572, 147756657046116, 5544
147756832441348, 147756832445888, 4540
147757008044600, 147757008050944, 6344
147757183400960, 147757183407352, 6392
147757358882540, 147757358889260, 6720
147757534378304, 147757534384824, 6520
147757709923724, 147757709928576, 4852
147757885431476, 147757885436736, 5260
147758060849552, 147758060856212, 6660
147758236408856, 147758236415252, 6396
147758411814136, 147758411828528, 14392
147758587278728, 147758587295548, 16820
147758762836308, 147758762851044, 14736
147758938404128, 147758938414876, 10748
147759113806064, 147759113822304, 16240
147759289384028, 147759289390840, 6812
147759464819180, 147759464826024, 6844
147759640275628, 147759640283444, 7816
147759815751368, 147759815758588, 7220
147759991287320, 147759991294204, 6884
147760166771156, 147760166777964, 6808
147760342208348, 147760342215652, 7304
147760517785712, 147760517792352, 6640
147760693196232, 147760693203248, 7016
147760868677576, 147760868685404, 7828
147761044189944, 147761044197144, 7200
147761219710716, 147761219717816, 7100
147761395240456, 147761395247276, 6820
147761570641448, 147761570648608, 7160
147761746152468, 147761746159356, 6888
147761921727920, 147761921734548, 6628
147762097110300, 147762097117508, 7208
147762272598140, 147762272605180, 7040
