32401005483396, 32401005486268, 2872
32401878960864, 32401878965828, 4964
32402544951164, 32402544954864, 3700
32403665687040, 32403665690488, 3448
32404395561812, 32404395567064, 5252
32405124649312, 32405124656208, 6896
32406072718396, 32406072723088, 4692
32407099770036, 32407099777060, 7024
32408126848776, 32408126855404, 6628
32409153707432, 32409153709500, 2068
32410180782308, 32410180787084, 4776
32411207733572, 32411207738488, 4916
32412234773052, 32412234777508, 4456
32413261764972, 32413261772548, 7576
32414288899544, 32414288904280, 4736
32415315893136, 32415315898128, 4992
32416342761872, 32416342767016, 5144
32417369806336, 32417369813736, 7400
32418396804288, 32418396809252, 4964
32419423832608, 32419423839696, 7088
32420450807392, 32420450814384, 6992
32421477838796, 32421477843808, 5012
32401017506560, 32401017509704, 3144
32401964735264, 32401964742764, 7500
32404044628428, 32404044632080, 3652
32404321374072, 32404321380680, 6608
32404702659352, 32404702665384, 6032
32405644033232, 32405644048200, 14968
32406585168592, 32406585175204, 6612
32407526454040, 32407526455672, 1632
32408467770112, 32408467777224, 7112
32409177641796, 32409177645972, 4176
32409409062112, 32409409069948, 7836
32409903590976, 32409903599360, 8384
32410350252384, 32410350259944, 7560
32411024256332, 32411024263252, 6920
32411291506572, 32411291513532, 6960
32412145128148, 32412145135128, 6980
32412232768268, 32412232775544, 7276
32413174102872, 32413174109996, 7124
32414115300900, 32414115308456, 7556
32415056556356, 32415056561320, 4964
32415997829088, 32415997835984, 6896
32416939046848, 32416939053460, 6612
32417752756712, 32417752759532, 2820
32417880343364, 32417880348132, 4768
32418626109320, 32418626112868, 3548
32419978312632, 32419978317636, 5004
32421338276488, 32421338281428, 4940
32400965618064, 32400965621064, 3000
32402058422560, 32402058429280, 6720
32403179139328, 32403179144208, 4880
32403402524672, 32403402527500, 2828
32404152300180, 32404152305528, 5348
32404796382736, 32404796386432, 3696
32406066730448, 32406066732080, 1632
32407348971820, 32407348979816, 7996
32407743816436, 32407743819824, 3388
32408631237016, 32408631238764, 1748
32409913549928, 32409913556832, 6904
32411195802984, 32411195810464, 7480
32412477991924, 32412477999240, 7316
32413281696628, 32413281700124, 3496
32413760321228, 32413760329108, 7880
32414386473588, 32414386481056, 7468
32415042618316, 32415042625544, 7228
32415507223680, 32415507230848, 7168
32416324876440, 32416324878960, 2520
32416627959620, 32416627967072, 7452
32417607234068, 32417607241500, 7432
32418825547568, 32418825550608, 3040
32419762942036, 32419762948332, 6296
32420704194768, 32420704196148, 1380
32421645348308, 32421645354996, 6688
32396945123484, 32396945136392, 12908
32402628726776, 32402628730808, 4032
32402628749176, 32402628755612, 6436
32403336269872, 32403336276320, 6448
32404373688312, 32404373691148, 2836
32404955927024, 32404955930332, 3308
32405420615388, 32405420629712, 14324
32405759687576, 32405759702796, 15220
32406541370460, 32406541378324, 7864
32406563584256, 32406563591648, 7392
32407366908376, 32407366915844, 7468
32408170606764, 32408170613820, 7056
32408974228372, 32408974235480, 7108
32409777978792, 32409777986568, 7776
32410581526172, 32410581533264, 7092
32411385248560, 32411385250176, 1616
32412188919396, 32412188939104, 19708
32412992659492, 32412992667300, 7808
32413796207228, 32413796214524, 7296
32414599836044, 32414599843280, 7236
32415403597700, 32415403604964, 7264
32416207237492, 32416207244320, 6828
32417010838188, 32417010845180, 6992
32417814560660, 32417814568032, 7372
32418875386284, 32418875389660, 3376
32418899327448, 32418899331428, 3980
32419990189492, 32419990197232, 7740
32420171680720, 32420171688408, 7688
32421110941772, 32421110948764, 6992
32421453931944, 32421453939856, 7912
32396886482920, 32396886650292, 167372
32396894086764, 32396894095356, 8592
32396902627280, 32396902635468, 8188
32398944805104, 32398944810824, 5720
32398944883772, 32398944886672, 2900
32398944950820, 32398944953700, 2880
32398944976380, 32398944978616, 2236
32398945005636, 32398945008064, 2428
32398945058372, 32398945061236, 2864
32398945083636, 32398945085296, 1660
32398945107188, 32398945108580, 1392
32398945128948, 32398945130436, 1488
32400937991212, 32400937998036, 6824
32400938014288, 32400938026088, 11800
32401741396440, 32401741403672, 7232
32402523002940, 32402523009716, 6776
32404108454900, 32404108456588, 1688
32405693803180, 32405693819364, 16184
32407279273480, 32407279280928, 7448
32408864568792, 32408864576540, 7748
32410449932864, 32410449939436, 6572
32412035377092, 32412035378980, 1888
32413620820876, 32413620827572, 6696
32415206096920, 32415206104760, 7840
32416791604312, 32416791611908, 7596
32418376933884, 32418376940840, 6956
32419962352376, 32419962358688, 6312
32421547625192, 32421547633080, 7888
32396911375948, 32396911384228, 8280
32396953356044, 32396953364704, 8660
32401825134640, 32401825137696, 3056
32402220000956, 32402220005944, 4988
32403502191144, 32403502197128, 5984
32404341739560, 32404341742964, 3404
32405468485680, 32405468502048, 16368
32406601231460, 32406601238580, 7120
32407733859020, 32407733866148, 7128
32408866541800, 32408866548664, 6864
32409999291300, 32409999298488, 7188
32411132090252, 32411132097768, 7516
32412264674000, 32412264681524, 7524
32413397371620, 32413397378412, 6792
32414530189252, 32414530196060, 6808
32415662786984, 32415662793644, 6660
32416795482092, 32416795489248, 7156
32417928193820, 32417928200876, 7056
32419060859688, 32419060867536, 7848
32420193608800, 32420193615916, 7116
32421326314568, 32421326321332, 6764
32396927946480, 32396927960428, 13948
32396936596160, 32396936605316, 9156
32401017455088, 32401017458336, 3248
32402297841868, 32402297848456, 6588
32403657755040, 32403657762836, 7796
32405017745532, 32405017752996, 7464
32406377781296, 32406377788276, 6980
32407737938156, 32407737944912, 6756
32409097869296, 32409097876428, 7132
32410457896472, 32410457904260, 7788
32411818158152, 32411818164788, 6636
32413178070424, 32413178077800, 7376
32414538158592, 32414538165964, 7372
32415898216464, 32415898223764, 7300
32417258109824, 32417258116788, 6964
32418618155560, 32418618164340, 8780
32419421930724, 32419421937468, 6744
32420225598720, 32420225606408, 7688
32421029144748, 32421029152672, 7924
32396919562704, 32396919574960, 12256
32401035437544, 32401035440588, 3044
32402473147760, 32402473155068, 7308
32404008721376, 32404008726296, 4920
32405544268784, 32405544282044, 13260
32407079808452, 32407079816532, 8080
32408615302388, 32408615309556, 7168
32410150942008, 32410150949548, 7540
32411686438416, 32411686445920, 7504
32413221878840, 32413221886308, 7468
32414757377124, 32414757384580, 7456
32416292980876, 32416292982584, 1708
32417828505784, 32417828513888, 8104
32419364013028, 32419364019492, 6464
32420899556200, 32420899562872, 6672
