145738828504964, 145738828515396, 10432
145739859462124, 145739859473508, 11384
145740894428816, 145740894440000, 11184
145742525807104, 145742525816968, 9864
145743219726312, 145743219736568, 10256
145744519886088, 145744519897404, 11316
145746514094116, 145746514105324, 11208
145750502438252, 145750502449488, 11236
145751244328284, 145751244338816, 10532
145752496650988, 145752496661764, 10776
145753314259528, 145753314269828, 10300
145754349220864, 145754349225248, 4384
145756485009992, 145756485020700, 10708
145757454220980, 145757454231956, 10976
145759050261076, 145759050271664, 10588
145759583533868, 145759583544344, 10476
145738844569352, 145738844579848, 10496
145739949232644, 145739949244632, 11988
145740906418384, 145740906428860, 10476
145741929463544, 145741929473676, 10132
145742964495928, 145742964506808, 10880
145743999384676, 145743999394276, 9600
145745034401280, 145745034412272, 10992
145746069361868, 145746069366228, 4360
145747104374244, 145747104378472, 4228
145748139381548, 145748139385756, 4208
145749174265280, 145749174276548, 11268
145750209295052, 145750209299276, 4224
145751254329244, 145751254339948, 10704
145752279294204, 145752279305116, 10912
145754486819928, 145754486830056, 10128
145755384249792, 145755384260892, 11100
145756419232188, 145756419236500, 4312
145757544083004, 145757544093532, 10528
145758489189472, 145758489208836, 19364
145759524191656, 145759524203776, 12120
145736831698032, 145736831708688, 10656
145736831811972, 145736831818704, 6732
145736831896332, 145736831903112, 6780
145736831925844, 145736831932468, 6624
145738824536692, 145738824549516, 12824
145739777758548, 145739777770256, 11708
145740730948008, 145740730952624, 4616
145741684178040, 145741684182436, 4396
145742637431256, 145742637442188, 10932
145743590541812, 145743590546268, 4456
145744543794620, 145744543798888, 4268
145745497054232, 145745497058456, 4224
145746450283820, 145746450287804, 3984
145747403505440, 145747403510012, 4572
145748356787392, 145748356792000, 4608
145749309892508, 145749309896764, 4256
145750263175760, 145750263179868, 4108
145751216430660, 145751216434524, 3864
145752169663972, 145752169668004, 4032
145753122825584, 145753122830216, 4632
145754076144168, 145754076148476, 4308
145755029280812, 145755029285072, 4260
145755982557648, 145755982562280, 4632
145756935692456, 145756935696328, 3872
145757888896772, 145757888900968, 4196
145758842211928, 145758842216368, 4440
145739863363368, 145739863377400, 14032
145740112743264, 145740112755024, 11760
145741400922548, 145741400933728, 11180
145742689213720, 145742689224952, 11232
145743977574704, 145743977579268, 4564
145745265650876, 145745265655304, 4428
145746553919984, 145746553924404, 4420
145747842184652, 145747842188928, 4276
145749130458308, 145749130462640, 4332
145750418733604, 145750418738084, 4480
145751707023924, 145751707028236, 4312
145752995229432, 145752995233412, 3980
145754283465204, 145754283469064, 3860
145755571726680, 145755571730832, 4152
145756859926940, 145756859938568, 11628
145758148146888, 145758148151076, 4188
145759436454848, 145759436459080, 4232
