145734817643452, 145734817655348, 11896
145734824234548, 145734824243952, 9404
145738828502052, 145738828504768, 2716
145739859453688, 145739859461932, 8244
145740894421524, 145740894428608, 7084
145742525804016, 145742525806888, 2872
145743219722932, 145743219726100, 3168
145744519882504, 145744519885900, 3396
145746514090816, 145746514093900, 3084
145747069480356, 145747069486988, 6632
145747624850564, 145747624856736, 6172
145748180795724, 145748180801716, 5992
145750502434656, 145750502438024, 3368
145750552681112, 145750552687876, 6764
145751244320120, 145751244328064, 7944
145752496648028, 145752496650796, 2768
145753314253556, 145753314259312, 5756
145754349215976, 145754349220648, 4672
145756485007064, 145756485009776, 2712
145756535383764, 145756535389772, 6008
145757454212808, 145757454220568, 7760
145759050256720, 145759050260736, 4016
145759583529544, 145759583533576, 4032
145738844565872, 145738844568888, 3016
145739949229252, 145739949232368, 3116
145740906414960, 145740906417892, 2932
145741929456792, 145741929463160, 6368
145742964489568, 145742964495596, 6028
145743999378416, 145743999384256, 5840
145745034394352, 145745034400976, 6624
145746069356360, 145746069361548, 5188
145747104359388, 145747104373952, 14564
145748139365616, 145748139381052, 15436
145749174256644, 145749174264956, 8312
145750209287824, 145750209294576, 6752
145751254325208, 145751254328900, 3692
145752279286036, 145752279293880, 7844
145754486816800, 145754486819556, 2756
145754536893688, 145754536900036, 6348
145755384242308, 145755384249572, 7264
145756419225172, 145756419231972, 6800
145757544078868, 145757544082788, 3920
145758489181932, 145758489189260, 7328
145759524183460, 145759524191432, 7972
145736831691828, 145736831697760, 5932
145736831809016, 145736831811784, 2768
145736831891992, 145736831896144, 4152
145736831920888, 145736831925660, 4772
145738824528908, 145738824536488, 7580
145739777751104, 145739777758360, 7256
145740730943192, 145740730947816, 4624
145741684171204, 145741684177852, 6648
145742637426508, 145742637431044, 4536
145743590535976, 145743590541584, 5608
145744543789248, 145744543794432, 5184
145745497047488, 145745497054016, 6528
145746450278484, 145746450283604, 5120
145747403488776, 145747403505220, 16444
145748356771068, 145748356787172, 16104
145749309885452, 145749309892280, 6828
145750263169244, 145750263175548, 6304
145751216423984, 145751216430444, 6460
145752169656756, 145752169663760, 7004
145753122818204, 145753122825372, 7168
145754076137244, 145754076143952, 6708
145755029273640, 145755029280620, 6980
145755982549928, 145755982557436, 7508
145756935685396, 145756935692240, 6844
145757888889616, 145757888896552, 6936
145758842204744, 145758842211716, 6972
145739863359860, 145739863363172, 3312
145740112735800, 145740112742976, 7176
145741400917120, 145741400922328, 5208
145742689207336, 145742689213524, 6188
145743977569780, 145743977574456, 4676
145745265644132, 145745265650664, 6532
145746553912192, 145746553919772, 7580
145747842168560, 145747842184444, 15884
145749130415224, 145749130458084, 42860
145750418726584, 145750418733384, 6800
145751707016064, 145751707023712, 7648
145752995223156, 145752995229216, 6060
145754283459072, 145754283464988, 5916
145755571719808, 145755571726464, 6656
145756859919764, 145756859926748, 6984
145758148140468, 145758148146672, 6204
145759436448352, 145759436454660, 6308
