41168959958684, 41168959966904, 8220
41169735996172, 41169736004048, 7876
41170356528692, 41170356537400, 8708
41170736620608, 41170736629324, 8716
41171040723640, 41171040732360, 8720
41171837752080, 41171837761872, 9792
41172243542116, 41172243550564, 8448
41172477287260, 41172477294808, 7548
41173309243812, 41173309252352, 8540
41173365573368, 41173365580608, 7240
41173599412284, 41173599420540, 8256
41173812624720, 41173812632248, 7528
41174645138944, 41174645147284, 8340
41175634811796, 41175634820800, 9004
41175764109332, 41175764118096, 8764
41176019734968, 41176019742888, 7920
41176105173392, 41176105181940, 8548
41176747999044, 41176748007512, 8468
41176803745936, 41176803753340, 7404
41177300476200, 41177300484592, 8392
41178388194608, 41178388203280, 8672
41178683201560, 41178683209820, 8260
41179037625784, 41179037637532, 11748
41179730010036, 41179730019348, 9312
41180110626088, 41180110634772, 8684
41180942607064, 41180942615752, 8688
41181198196776, 41181198205056, 8280
41181645930088, 41181645939036, 8948
41182142625240, 41182142633968, 8728
41182869620692, 41182869629212, 8520
41183657690952, 41183657699572, 8620
41184647874524, 41184647882900, 8376
41185144617628, 41185144626044, 8416
41185448770584, 41185448779356, 8772
41185704271764, 41185704279644, 7880
41185937940316, 41185937948172, 7856
41186151673752, 41186151681128, 7376
41186648231864, 41186648240520, 8656
41187028175732, 41187028183800, 8068
41187332828576, 41187332835824, 7248
41187829652684, 41187829660656, 7972
41188063371104, 41188063379432, 8328
41188358456340, 41188358464800, 8460
41188414215620, 41188414223848, 8228
41188799014808, 41188799022988, 8180
41189012218508, 41189012227132, 8624
41189142047804, 41189142056136, 8332
41190229519344, 41190229527392, 8048
41190443328440, 41190443337192, 8752
41169474648970, 41169474686584, 37614
41169837752600, 41169837760260, 7660
41170356530260, 41170356540980, 10720
41171346015220, 41171346023936, 8716
41171401751528, 41171401759452, 7924
41171786063460, 41171786071576, 8116
41172081708948, 41172081716956, 8008
41172756861172, 41172756869080, 7908
41173051882224, 41173051890264, 8040
41173432619120, 41173432627196, 8076
41173736703024, 41173736711712, 8688
41173866581404, 41173866590276, 8872
41174953985408, 41174953994216, 8808
41175209527604, 41175209535836, 8232
41176041525604, 41176041534344, 8740
41176426269544, 41176426277968, 8424
41176681797452, 41176681805412, 7960
41176915488200, 41176915496712, 8512
41177295474280, 41177295482908, 8628
41177938757692, 41177938767160, 9468
41178194217016, 41178194225100, 8084
41178407899668, 41178407907756, 8088
41179397127648, 41179397136028, 8380
41179692255068, 41179692262524, 7456
41179747997436, 41179748004288, 6852
41180737643236, 41180737650496, 7260
41180793401272, 41180793408856, 7584
41181469175752, 41181469184000, 8248
41181773270020, 41181773277808, 7788
41181829565304, 41181829573068, 7764
41182916822772, 41182916831652, 8880
41183413502748, 41183413511468, 8720
41183647201584, 41183647208796, 7212
41184735036940, 41184735045664, 8724
41184990551336, 41184990559216, 7880
41185375294212, 41185375302456, 8244
41186365003052, 41186365012588, 9536
41186660050108, 41186660058048, 7940
41186893787460, 41186893795340, 7880
41187300127532, 41187300135896, 8364
41187429478168, 41187429485984, 7816
41188516534816, 41188516542988, 8172
41189013061376, 41189013069456, 8080
41189098470372, 41189098478264, 7892
41189886370412, 41189886379864, 9452
41190561925972, 41190561934584, 8612
41169466660350, 41169466696012, 35662
41169887627800, 41169887635768, 7968
41170280698080, 41170280709504, 11424
41170687121096, 41170687129460, 8364
41171362993692, 41171363002272, 8580
41171649382296, 41171649393668, 11372
41171953541876, 41171953549960, 8084
41172209165936, 41172209173992, 8056
41172264921284, 41172264928888, 7604
41173023988412, 41173023996724, 8312
41173521013664, 41173521022244, 8580
41174309307380, 41174309315556, 8176
41174613991876, 41174614000200, 8324
41174909172388, 41174909180640, 8252
41175252748904, 41175252760152, 11248
41175556981860, 41175556990068, 8208
41175790779764, 41175790787792, 8028
41176878975472, 41176878984524, 9052
41177008271972, 41177008279924, 7952
41177414779032, 41177414787340, 8308
41177799065940, 41177799074500, 8560
41178032826556, 41178032834536, 7980
41178791694196, 41178791701688, 7492
41179071562184, 41179071572740, 10556
41179455918112, 41179455927248, 9136
41180099443532, 41180099452196, 8664
41180887700724, 41180887709300, 8576
41181646910336, 41181646919344, 9008
41181776248204, 41181776256596, 8392
41182080294028, 41182080305332, 11304
41182314086356, 41182314094432, 8076
41182609219848, 41182609227664, 7816
41183599061404, 41183599069720, 8316
41183979238684, 41183979246580, 7896
41184035004264, 41184035012700, 8436
41184290638748, 41184290646688, 7940
41184504514560, 41184504522580, 8020
41185148589184, 41185148596924, 7740
41185204341864, 41185204349244, 7380
41185585196796, 41185585204744, 7948
41186228202200, 41186228210088, 7888
41186532345600, 41186532353976, 8376
41186980000996, 41186980009216, 8220
41187812764404, 41187812771540, 7136
41188259881828, 41188259890172, 8344
41188952130876, 41188952138324, 7448
41189256105472, 41189256113420, 7948
41189636810732, 41189636819656, 8924
41189766074456, 41189766082736, 8280
41190262785676, 41190262793788, 8112
41190348230980, 41190348239320, 8340
41169458682256, 41169458722464, 40208
41169965449184, 41169965456952, 7768
41170608301276, 41170608310728, 9452
41170737536512, 41170737544260, 7748
41170951280960, 41170951288792, 7832
41170987013508, 41170987021032, 7524
41171630318624, 41171630327368, 8744
41172619782808, 41172619791212, 8404
41172923778628, 41172923787268, 8640
41173053031384, 41173053038668, 7284
41174042533260, 41174042542132, 8872
41174539142152, 41174539150736, 8584
41174668970052, 41174668978156, 8104
41175053088052, 41175053095972, 7920
41175500597752, 41175500606360, 8608
41176192549224, 41176192557348, 8124
41176496332592, 41176496340628, 8036
41176791126928, 41176791134348, 7420
41177482920580, 41177482928832, 8252
41177736712692, 41177736721920, 9228
41177866515272, 41177866524224, 8952
41178362943496, 41178362951868, 8372
41178810275852, 41178810284316, 8464
41179114100300, 41179114108352, 8052
41179789004448, 41179789013248, 8800
41180195160964, 41180195169732, 8768
41180838329292, 41180838337956, 8664
41180967554132, 41180967562280, 8148
41181181205760, 41181181212868, 7108
41181587504940, 41181587513572, 8632
41182375120732, 41182375129012, 8280
41182679051244, 41182679058412, 7168
41185404236348, 41185404247316, 10968
41186289027408, 41186289036348, 8940
41186374441684, 41186374449812, 8128
41186629904200, 41186629912224, 8024
41187272487380, 41187272495388, 8008
41188031189652, 41188031198216, 8564
41188411676880, 41188411685404, 8524
41188667154680, 41188667162976, 8296
41189310292296, 41189310300604, 8308
41189757274068, 41189757282224, 8156
41190061833652, 41190061842640, 8988
