41168959915550, 41168959958488, 42938
41169735991272, 41169735995892, 4620
41170356525720, 41170356528504, 2784
41170736610040, 41170736620412, 10372
41171040714648, 41171040723440, 8792
41171837742768, 41171837751888, 9120
41172243533536, 41172243541812, 8276
41172477279896, 41172477287036, 7140
41173309234896, 41173309243600, 8704
41173365566248, 41173365573148, 6900
41173599404968, 41173599411900, 6932
41173812618176, 41173812624532, 6356
41174645131276, 41174645138764, 7488
41175634804364, 41175634811604, 7240
41175764100400, 41175764109140, 8740
41176019726628, 41176019734768, 8140
41176105165676, 41176105173204, 7528
41176747989984, 41176747998856, 8872
41176803737924, 41176803745740, 7816
41177300468236, 41177300476008, 7772
41178388185872, 41178388194420, 8548
41178683192964, 41178683201364, 8400
41179037622420, 41179037625432, 3012
41179729999760, 41179730009708, 9948
41180110617680, 41180110625816, 8136
41180942597592, 41180942606788, 9196
41181198188884, 41181198196596, 7712
41181645921292, 41181645929812, 8520
41182142617464, 41182142625048, 7584
41182869612400, 41182869620396, 7996
41183657682840, 41183657690688, 7848
41184647865956, 41184647874256, 8300
41185144608656, 41185144617300, 8644
41185448762056, 41185448770288, 8232
41185704263520, 41185704271568, 8048
41185937932264, 41185937940124, 7860
41186151666736, 41186151673272, 6536
41186648223616, 41186648231472, 7856
41187028167808, 41187028175544, 7736
41187332821040, 41187332828384, 7344
41187829644480, 41187829652176, 7696
41188063362472, 41188063370916, 8444
41188358447668, 41188358456144, 8476
41188414207056, 41188414215424, 8368
41188799006424, 41188799014320, 7896
41189012210432, 41189012218312, 7880
41189142039880, 41189142047320, 7440
41190229512544, 41190229518940, 6396
41190443323520, 41190443328204, 4684
41164826529704, 41164826537412, 7708
41164843892836, 41164843901176, 8340
41164860435672, 41164860443064, 7392
41164877099940, 41164877108164, 8224
41164910233692, 41164910241868, 8176
41164970856448, 41164970864900, 8452
41169474643050, 41169474648650, 5600
41169837748076, 41169837752408, 4332
41170356525832, 41170356530068, 4236
41171346005176, 41171346015000, 9824
41171401743648, 41171401751348, 7700
41171786054048, 41171786063260, 9212
41172081700940, 41172081708752, 7812
41172756853536, 41172756860976, 7440
41173051873864, 41173051882032, 8168
41173432610536, 41173432618924, 8388
41173736694188, 41173736702828, 8640
41173866573240, 41173866581144, 7904
41174953976132, 41174953985212, 9080
41175209519744, 41175209527412, 7668
41176041517244, 41176041525408, 8164
41176426260268, 41176426269348, 9080
41176681789032, 41176681797260, 8228
41176915480128, 41176915488004, 7876
41177295465580, 41177295474088, 8508
41177938748060, 41177938757456, 9396
41178194209532, 41178194216824, 7292
41178407891544, 41178407899476, 7932
41179397118356, 41179397127456, 9100
41179692246344, 41179692254872, 8528
41179747990568, 41179747997244, 6676
41180737636760, 41180737643040, 6280
41180793393548, 41180793401084, 7536
41181469166592, 41181469175560, 8968
41181773262136, 41181773269812, 7676
41181829557676, 41181829565120, 7444
41182916814840, 41182916822576, 7736
41183413494540, 41183413502556, 8016
41183647194104, 41183647201384, 7280
41184735028724, 41184735036744, 8020
41184990543172, 41184990551144, 7972
41185375286108, 41185375294028, 7920
41186364995916, 41186365002848, 6932
41186660041712, 41186660049916, 8204
41186893779136, 41186893787264, 8128
41187300119352, 41187300127336, 7984
41187429469424, 41187429477968, 8544
41188516528436, 41188516534620, 6184
41189013052536, 41189013061184, 8648
41189098462648, 41189098470180, 7532
41189886362760, 41189886370208, 7448
41190561921552, 41190561925776, 4224
41164809615076, 41164809622984, 7908
41164970863164, 41164970872316, 9152
41169466654310, 41169466659936, 5626
41169887625692, 41169887627608, 1916
41170280694832, 41170280697876, 3044
41170687109968, 41170687120900, 10932
41171362984948, 41171362993492, 8544
41171649378484, 41171649382108, 3624
41171953531724, 41171953541684, 9960
41172209157648, 41172209165748, 8100
41172264913060, 41172264921088, 8028
41173023979712, 41173023988216, 8504
41173521005400, 41173521013408, 8008
41174309298856, 41174309307188, 8332
41174613983788, 41174613991684, 7896
41174909164628, 41174909172192, 7564
41175252746936, 41175252748700, 1764
41175556973108, 41175556981660, 8552
41175790770932, 41175790779560, 8628
41176878966396, 41176878975276, 8880
41177008263800, 41177008271788, 7988
41177414771152, 41177414778836, 7684
41177799058316, 41177799065752, 7436
41178032818164, 41178032826360, 8196
41178791687080, 41178791694004, 6924
41179071535696, 41179071561992, 26296
41179455910316, 41179455917928, 7612
41180099434952, 41180099443336, 8384
41180887692280, 41180887700532, 8252
41181646901656, 41181646910088, 8432
41181776239424, 41181776248004, 8580
41182080289548, 41182080293832, 4284
41182314076188, 41182314086160, 9972
41182609212156, 41182609219660, 7504
41183599054128, 41183599061204, 7076
41183979230220, 41183979238484, 8264
41184034995980, 41184035004072, 8092
41184290630676, 41184290638556, 7880
41184504506892, 41184504514364, 7472
41185148581684, 41185148588992, 7308
41185204335700, 41185204341672, 5972
41185585189012, 41185585196596, 7584
41186228194292, 41186228202004, 7712
41186532337088, 41186532345404, 8316
41186979993232, 41186980000800, 7568
41187812758268, 41187812764212, 5944
41188259873888, 41188259881624, 7736
41188952122516, 41188952130684, 8168
41189256097124, 41189256105284, 8160
41189636801568, 41189636810536, 8968
41189766070196, 41189766074264, 4068
41190262781992, 41190262785480, 3488
41190348227012, 41190348230792, 3780
41164893633084, 41164893642296, 9212
41169458674404, 41169458681936, 7532
41169965444568, 41169965448996, 4428
41170608283128, 41170608301048, 17920
41170737522644, 41170737536316, 13672
41170951268200, 41170951280760, 12560
41170987007712, 41170987013296, 5584
41171630310208, 41171630318424, 8216
41172619773736, 41172619782604, 8868
41172923769448, 41172923778432, 8984
41173053023940, 41173053031180, 7240
41174042524972, 41174042533068, 8096
41174539133148, 41174539141948, 8800
41174668961392, 41174668969856, 8464
41175053079968, 41175053087848, 7880
41175500589268, 41175500597564, 8296
41176192541000, 41176192549032, 8032
41176496323536, 41176496332388, 8852
41176791119408, 41176791126732, 7324
41177482912608, 41177482920384, 7776
41177736709884, 41177736712500, 2616
41177866505468, 41177866515076, 9608
41178362934468, 41178362943296, 8828
41178810266708, 41178810275652, 8944
41179114091896, 41179114100100, 8204
41179788996416, 41179789004248, 7832
41180195152120, 41180195160764, 8644
41180838319756, 41180838329088, 9332
41180967545932, 41180967553932, 8000
41181181199000, 41181181205572, 6572
41181587496612, 41181587504736, 8124
41182375111900, 41182375120536, 8636
41182679044340, 41182679051040, 6700
41185404232052, 41185404236152, 4100
41185699168592, 41185699174640, 6048
41185994091108, 41185994096192, 5084
41186289020532, 41186289027216, 6684
41186374432976, 41186374441484, 8508
41186629895732, 41186629904004, 8272
41187272478632, 41187272487184, 8552
41188031182480, 41188031189448, 6968
41188411667772, 41188411676680, 8908
41188667145836, 41188667154476, 8640
41189310284652, 41189310292096, 7444
41189757265352, 41189757273864, 8512
41190061828816, 41190061833456, 4640
