146308971654968, 146308971664924, 9956
146310019129704, 146310019141648, 11944
146310719433032, 146310719444264, 11232
146311176336752, 146311176347920, 11168
146311772904328, 146311772916264, 11936
146312666731412, 146312666742104, 10692
146312950058084, 146312950069380, 11296
146313444873064, 146313444885196, 12132
146313993544020, 146313993554976, 10956
146314350665360, 146314350676220, 10860
146314733749996, 146314733760944, 10948
146315005118444, 146315005129672, 11228
146315430095312, 146315430106416, 11104
146316082505400, 146316082515732, 10332
146316340899684, 146316340910228, 10544
146316878598060, 146316878609356, 11296
146317159920788, 146317159931592, 10804
146317602846292, 146317602856096, 9804
146317753035056, 146317753045592, 10536
146318237312548, 146318237323752, 11204
146319147145132, 146319147156808, 11676
146319392029528, 146319392039624, 10096
146320242579716, 146320242583948, 4232
146321094458220, 146321094469972, 11752
146321946368336, 146321946379408, 11072
146322700562864, 146322700574000, 11136
146323396900388, 146323396912036, 11648
146323692159532, 146323692170552, 11020
146324121140064, 146324121150692, 10628
146324653856396, 146324653866264, 9868
146324845388032, 146324845398756, 10724
146324995897040, 146324995906088, 9048
146325801108480, 146325801118204, 9724
146326936357404, 146326936366704, 9300
146327816234288, 146327816244940, 10652
146327966492412, 146327966502916, 10504
146328225037140, 146328225047620, 10480
146308973653264, 146308973667200, 13936
146312820462208, 146312820466620, 4412
146313891775176, 146313891779804, 4628
146314963262532, 146314963267324, 4792
146316034640128, 146316034644712, 4584
146317106049056, 146317106061268, 12212
146318177471220, 146318177475812, 4592
146319248964656, 146319248975524, 10868
146320320298464, 146320320302620, 4156
146321391735856, 146321391746376, 10520
146322463140384, 146322463144348, 3964
146323550516600, 146323550526920, 10320
146323794925696, 146323794935680, 9984
146324751595556, 146324751606180, 10624
146325611588096, 146325611599080, 10984
146325779169532, 146325779181012, 11480
146326293908640, 146326293919836, 11196
146326543297308, 146326543308392, 11084
146326856553096, 146326856564284, 11188
146327115036056, 146327115045928, 9872
146327910000008, 146327910011736, 11728
146305470081416, 146305470092344, 10928
146305470122700, 146305470129724, 7024
146305470230692, 146305470237760, 7068
146305470261132, 146305470267924, 6792
146305470297588, 146305470304604, 7016
146305470327248, 146305470333876, 6628
146305470351068, 146305470357392, 6324
146305470380948, 146305470387492, 6544
146305470421440, 146305470428308, 6868
146305470455968, 146305470463280, 7312
146305470492996, 146305470499744, 6748
146307463426324, 146307463441860, 15536
146307463459048, 146307463466684, 7636
146307463480456, 146307463487356, 6900
146307463499992, 146307463506660, 6668
146308187606032, 146308187618996, 12964
146308911873460, 146308911877152, 3692
146309062977944, 146309062987564, 9620
146310651621560, 146310651626148, 4588
146312052009104, 146312052019848, 10744
146313480780440, 146313480791812, 11372
146314011475892, 146314011486328, 10436
146314765663252, 146314765674348, 11096
146315047019964, 146315047031692, 11728
146315561753132, 146315561764168, 11036
146316130367248, 146316130377220, 9972
146316609335084, 146316609345504, 10420
146317213783796, 146317213794452, 10656
146317694602424, 146317694613724, 11300
146317752445660, 146317752453684, 8024
146318297175992, 146318297187112, 11120
146318895719256, 146318895731304, 12048
146319322684868, 146319322694772, 9904
146320038970972, 146320038981000, 10028
146320392111076, 146320392122024, 10948
146320650431384, 146320650441268, 9884
146321182239744, 146321182251100, 11356
146321469541844, 146321469553044, 11200
146322074041636, 146322074052620, 10984
146322325461620, 146322325471864, 10244
146322546957432, 146322546968216, 10784
146322806003284, 146322806014040, 10756
146323468809968, 146323468820084, 10116
146323653186052, 146323653196208, 10156
146324502216552, 146324502221028, 4476
146325002114148, 146325002124032, 9884
146326593178284, 146326593189528, 11244
146328093534992, 146328093545476, 10484
146308977633012, 146308977647080, 14068
146309618085956, 146309618097380, 11424
146309876324564, 146309876334836, 10272
146310470040960, 146310470052296, 11336
146310871047972, 146310871058732, 10760
146311723008864, 146311723013096, 4232
146313115666524, 146313115676704, 10180
146320216550512, 146320216554804, 4292
146321810784380, 146321810788564, 4184
146323404888912, 146323404893724, 4812
146324806969800, 146324806979864, 10064
146325771214908, 146325771226224, 11316
146325954969456, 146325954979724, 10268
146327323454864, 146327323464464, 9600
146328742104224, 146328742108444, 4220
