148213383393536, 148213383406000, 12464
148213387378464, 148213387391016, 12552
148213423275764, 148213423286056, 10292
148213483098196, 148213483111352, 13156
148213542655272, 148213542665196, 9924
148213609891152, 148213609902036, 10884
148213616968336, 148213616976488, 8152
148213628875644, 148213628885272, 9628
148213636585756, 148213636593008, 7252
148213648576840, 148213648587364, 10524
148213655644944, 148213655652840, 7896
148213658522232, 148213658529088, 6856
148213670523776, 148213670533476, 9700
148213674890264, 148213674897404, 7140
148213698269300, 148213698279488, 10188
148213699017956, 148213699026128, 8172
148213710953168, 148213710963044, 9876
148213732689652, 148213732700180, 10528
148213744684340, 148213744694372, 10032
148213811948672, 148213811958332, 9660
148213859626524, 148213859636672, 10148
148213921823464, 148213921832436, 8972
148213931227996, 148213931237384, 9388
148213997559624, 148213997569608, 9984
148213998285052, 148213998292596, 7544
148214027404668, 148214027414524, 9856
148214034514908, 148214034523280, 8372
148214096522704, 148214096532360, 9656
148214105979564, 148214105989568, 10004
148214113084304, 148214113092372, 8068
148214178694604, 148214178704076, 9472
148214199836132, 148214199844692, 8560
148214242229036, 148214242238436, 9400
148214246703528, 148214246713836, 10308
148214253788032, 148214253795816, 7784
148214321014496, 148214321024408, 9912
148214333000732, 148214333011044, 10312
148214340054956, 148214340061896, 6940
148214352005688, 148214352015932, 10244
148214352757276, 148214352764616, 7340
148214364724332, 148214364734144, 9812
148214426610340, 148214426620540, 10200
148214438471972, 148214438480780, 8808
148214492199836, 148214492208468, 8632
148214492925092, 148214492932428, 7336
148214578325260, 148214578337764, 12504
148214643695848, 148214643704696, 8848
148214696833132, 148214696841588, 8456
148214705964072, 148214705970996, 6924
148215452002188, 148215452010316, 8128
148215453299264, 148215453306060, 6796
148215507078496, 148215507087472, 8976
148215515999212, 148215516007008, 7796
148215525347892, 148215525357224, 9332
148215578535332, 148215578544524, 9192
148215596386152, 148215596395436, 9284
148215625479356, 148215625488800, 9444
148215667295172, 148215667306008, 10836
148215836211656, 148215836223148, 11492
148215863574608, 148215863584644, 10036
148215867925600, 148215867933604, 8004
148215933467892, 148215933476424, 8532
148215954708396, 148215954718000, 9604
148215979050152, 148215979059932, 9780
148215983400716, 148215983409008, 8292
148215984160936, 148215984168144, 7208
148215996018020, 148215996025864, 7844
148216076835864, 148216076845752, 9888
148216138825480, 148216138835080, 9600
148216225072716, 148216225082052, 9336
148216305729008, 148216305738236, 9228
148216371306316, 148216371316092, 9776
148216395074600, 148216395084312, 9712
148216448509600, 148216448519576, 9976
148216460472568, 148216460482104, 9536
148216482138020, 148216482147964, 9944
148216494005348, 148216494013308, 7960
148216579752920, 148216579762640, 9720
148216603506808, 148216603516564, 9756
148216669040260, 148216669050056, 9796
148216750271864, 148216750280672, 8808
148216800704028, 148216800713324, 9296
148216801457432, 148216801465400, 7968
148216836736568, 148216836745628, 9060
148216846042764, 148216846051084, 8320
148216867278104, 148216867287084, 8980
148216888396584, 148216888405352, 8768
148216892758820, 148216892767584, 8764
148216973898596, 148216973907752, 9156
148216982396668, 148216982405640, 8972
148217005803452, 148217005812572, 9120
148217086464880, 148217086473764, 8884
148217146081596, 148217146090908, 9312
148217146821428, 148217146829104, 7676
148217155300176, 148217155309612, 9436
148217167158444, 148217167165944, 7500
148217190536536, 148217190545132, 8596
148217232848664, 148217232858192, 9528
148217233573196, 148217233580624, 7428
148217314346908, 148217314356136, 9228
148217322874152, 148217322882624, 8472
148217323596564, 148217323603268, 6704
148217332716980, 148217332723988, 7008
148217398329176, 148217398338648, 9472
148217407441220, 148217407449188, 7968
148217408180556, 148217408188680, 8124
148217420108848, 148217420118472, 9624
148217428521200, 148217428528724, 7524
148217437911968, 148217437921236, 9268
148217459128444, 148217459138020, 9576
148217464022476, 148217464030308, 7832
148217485139888, 148217485149464, 9576
148217591904384, 148217591913188, 8804
148217601096208, 148217601106212, 10004
148217601820392, 148217601827964, 7572
148217613710612, 148217613718424, 7812
148217635007008, 148217635017336, 10328
148217712913836, 148217712922936, 9100
148217722252492, 148217722267936, 15444
148217734109168, 148217734116408, 7240
148217743295892, 148217743305540, 9648
148217744019772, 148217744026988, 7216
148217748374060, 148217748381708, 7648
148217771743848, 148217771753572, 9724
148217772474076, 148217772481492, 7416
148217781646892, 148217781656852, 9960
148217862353132, 148217862361504, 8372
148217915689332, 148217915698944, 9612
148217936874104, 148217936882952, 8848
148218002834636, 148218002844184, 9548
148218007197544, 148218007205876, 8332
148218028431832, 148218028442012, 10180
148218040347404, 148218040356612, 9208
148218049453616, 148218049460716, 7100
148218073247660, 148218073257672, 10012
148218094533744, 148218094543384, 9640
148218098885464, 148218098893160, 7696
148218122242260, 148218122251420, 9160
148218130672924, 148218130681044, 8120
148218211972452, 148218211982112, 9660
148218212701764, 148218212709956, 8192
148218266083324, 148218266091396, 8072
148218278036244, 148218278045588, 9344
148218287187532, 148218287195380, 7848
148218291541032, 148218291548504, 7472
148218315011384, 148218315020836, 9452
148218421531348, 148218421540876, 9528
148218463741224, 148218463749228, 8004
148218468095324, 148218468103140, 7816
148218491375792, 148218491384064, 8272
148218520348340, 148218520356892, 8552
148218585680032, 148218585688776, 8744
148218597543548, 148218597552140, 8592
148218598289740, 148218598297572, 7832
148218607381064, 148218607387920, 6856
148218648983920, 148218648991012, 7092
148218658102232, 148218658109488, 7256
148218658823764, 148218658831192, 7428
148218667230548, 148218667238672, 8124
148218688370660, 148218688379232, 8572
148218712612032, 148218712619804, 7772
148218741586788, 148218741593816, 7028
148218762726872, 148218762735128, 8256
148218771844576, 148218771852292, 7716
148218837167852, 148218837175988, 8136
148218860401992, 148218860410424, 8432
148219126458852, 148219126467060, 8208
148219147527696, 148219147535584, 7888
148219155953056, 148219155961300, 8244
148219156695352, 148219156703016, 7664
148219224057084, 148219224065344, 8260
148219228420808, 148219228428204, 7396
148219251686148, 148219251694832, 8684
148219260609424, 148219260617204, 7780
148219281657976, 148219281665292, 7316
148219290571384, 148219290579500, 8116
148219352248544, 148219352256744, 8200
148219361146720, 148219361155088, 8368
148219365490460, 148219365498688, 8228
148219432335152, 148219432343180, 8028
148219441249104, 148219441257664, 8560
148219441993732, 148219442001384, 7652
148219450406672, 148219450415068, 8396
148219462822616, 148219462831512, 8896
148219475210944, 148219475218524, 7580
148219487059940, 148219487067508, 7568
148219491410280, 148219491418360, 8080
148219500334116, 148219500343020, 8904
148219509437860, 148219509445820, 7960
148219530584040, 148219530592360, 8320
148219572225180, 148219572233640, 8460
148219581138220, 148219581146136, 7916
148219589571428, 148219589579148, 7720
148219601952720, 148219601960192, 7472
148219610854940, 148219610862540, 7600
148219639979940, 148219639988904, 8964
148219649318688, 148219649327100, 8412
148219657736416, 148219657744496, 8080
148219658466524, 148219658473320, 6796
148219667566516, 148219667574636, 8120
148221114852164, 148221114861876, 9712
148221561699208, 148221561709908, 10700
148221614863472, 148221614872492, 9020
148221623278532, 148221623286780, 8248
148221630337788, 148221630346184, 8396
148221695756104, 148221695766120, 10016
148222377176048, 148222377187036, 10988
148222591306716, 148222591316096, 9380
148222620276820, 148222620285628, 8808
148222629395168, 148222629403176, 8008
148222630117820, 148222630125176, 7356
148222742239756, 148222742251984, 12228
148222875740280, 148222875751476, 11196
148222877180236, 148222877187276, 7040
148222944421868, 148222944430400, 8532
148223006865196, 148223006875256, 10060
148223015307172, 148223015315712, 8540
148223024424240, 148223024432376, 8136
148223042241456, 148223042249840, 8384
148223043222316, 148223043229176, 6860
148223052120648, 148223052128880, 8232
148223212842028, 148223212853184, 11156
148223248569892, 148223248579184, 9292
148223269781516, 148223269790396, 8880
148223276895212, 148223276904716, 9504
148223300254196, 148223300262828, 8632
148223329390976, 148223329399156, 8180
148223396516356, 148223396525728, 9372
148223417711552, 148223417720356, 8804
148223438853760, 148223438862480, 8720
148223447831640, 148223447839748, 8108
148223459797904, 148223459807848, 9944
148223463978456, 148223463985784, 7328
148223475864044, 148223475873896, 9852
148223556458496, 148223556467752, 9256
148223565350876, 148223565358092, 7216
148223646019480, 148223646028852, 9372
148223712075800, 148223712085308, 9508
148223719153900, 148223719163720, 9820
148223786278764, 148223786288292, 9528
148223807488892, 148223807497948, 9056
148223831247612, 148223831257524, 9912
148223836898148, 148223836907720, 9572
148223848745516, 148223848753532, 8016
148223915937000, 148223915945072, 8072
148223958257596, 148223958266764, 9168
148223962627232, 148223962635604, 8372
148224122529372, 148224122538752, 9380
148224135367452, 148224135376556, 9104
148224144681452, 148224144689500, 8048
148224156027268, 148224156036036, 8768
148224177245036, 148224177254552, 9516
148224181606648, 148224181614784, 8136
148224267847192, 148224267856516, 9324
148224276816232, 148224276825736, 9504
148224288677720, 148224288685600, 7880
148224330461024, 148224330470228, 9204
148224342908952, 148224342918776, 9824
148224404831424, 148224404840936, 9512
148224458607340, 148224458617052, 9712
148224459352972, 148224459360440, 7468
148224480447352, 148224480457268, 9916
148224489364612, 148224489372544, 7932
148224555023380, 148224555033176, 9796
148224635616760, 148224635627316, 10556
148224647992684, 148224648000612, 7928
148224656414484, 148224656421888, 7404
148224737543696, 148224737553228, 9532
148224779310008, 148224779319952, 9944
148224939158840, 148224939168108, 9268
148224960835640, 148224960845444, 9804
148224972759156, 148224972769020, 9864
148225053376452, 148225053385680, 9228
148225069376884, 148225069388236, 11352
148225150375624, 148225150385372, 9748
148225211173860, 148225211183780, 9920
148225218241528, 148225218248920, 7392
148225218871716, 148225218878748, 7032
148225230743740, 148225230753340, 9600
148225271875156, 148225271885816, 10660
148225272606704, 148225272614768, 8064
148225281739180, 148225281746884, 7704
148225348719984, 148225348730424, 10440
148225359145280, 148225359154072, 8792
148225366198140, 148225366206132, 7992
148225389557536, 148225389566844, 9308
148225398684852, 148225398692896, 8044
148225400346088, 148225400354064, 7976
148225421560796, 148225421570452, 9656
148225484250016, 148225484259868, 9852
148225549814232, 148225549823352, 9120
148225558295000, 148225558303480, 8480
148225611551344, 148225611560776, 9432
148225634917364, 148225634926068, 8704
148225670559120, 148225670569408, 10288
148225671298432, 148225671306408, 7976
148225680443896, 148225680451124, 7228
148225692876096, 148225692885480, 9384
148225774015012, 148225774025120, 10108
148225859572584, 148225859581624, 9040
148225860302624, 148225860310664, 8040
148225872224856, 148225872234352, 9496
148225876961304, 148225876968728, 7424
148225888811096, 148225888818796, 7700
148225900897968, 148225900907588, 9620
148225910147956, 148225910157920, 9964
148225991402264, 148225991413000, 10736
148226002597012, 148226002604256, 7244
148226083186864, 148226083196868, 10004
148226104399372, 148226104409228, 9856
148226116825156, 148226116834944, 9788
148226197961172, 148226197970584, 9412
148226206416916, 148226206425340, 8424
148226218332896, 148226218342780, 9884
148226298886656, 148226298896108, 9452
148226360825620, 148226360835340, 9720
148226366241244, 148226366249640, 8396
148226375394504, 148226375404308, 9804
148226404434208, 148226404443448, 9240
148226425628336, 148226425638516, 10180
148226437502732, 148226437511164, 8432
148226491196148, 148226491204764, 8616
148226600890796, 148226600902688, 11892
148226974911356, 148226974920428, 9072
148227060706700, 148227060716260, 9560
148227061432440, 148227061440020, 7580
148227139724908, 148227139732920, 8012
148227162622816, 148227162631972, 9156
148227171949104, 148227171957288, 8184
148227180505340, 148227180515312, 9972
148227181262896, 148227181271076, 8180
148227190682852, 148227190696508, 13656
148227211993164, 148227212003284, 10120
148227220977332, 148227220987168, 9836
148227233435648, 148227233444216, 8568
148227234160328, 148227234167808, 7480
148227242975832, 148227242985932, 10100
148227251928692, 148227251936760, 8068
148227317761344, 148227317771788, 10444
148227326772996, 148227326782872, 9876
148227393904584, 148227393913992, 9408
148227402915912, 148227402925184, 9272
148227409962124, 148227409970248, 8124
148227463815324, 148227463824464, 9140
148227472267320, 148227472275048, 7728
148227539437492, 148227539447096, 9604
148227548402572, 148227548412312, 9740
148227556896308, 148227556903904, 7596
148227580495480, 148227580505304, 9824
148227587571532, 148227587579184, 7652
148227608880572, 148227608890644, 10072
148227617808516, 148227617816128, 7612
148227618556388, 148227618563132, 6744
148227627611880, 148227627621752, 9872
148227695486184, 148227695495740, 9556
148227749182696, 148227749192600, 9904
148227834967516, 148227834976836, 9320
148227835707992, 148227835716460, 8468
148227842829036, 148227842838456, 9420
148227864113272, 148227864122056, 8784
148227864837752, 148227864845760, 8008
148227871903140, 148227871911264, 8124
148227880851924, 148227880861320, 9396
148227889327896, 148227889335544, 7648
148227918442476, 148227918452168, 9692
148228004943136, 148228004953152, 10016
148228012018256, 148228012026708, 8452
148228021012096, 148228021020328, 8232
148228086726316, 148228086736272, 9956
148228140201504, 148228140211656, 10152
148228152625588, 148228152633632, 8044
148228194964844, 148228194974328, 9484
148228202068672, 148228202078252, 9580
148228210506192, 148228210514680, 8488
148228272595208, 148228272604432, 9224
148228293798848, 148228293809192, 10344
148228359515140, 148228359524596, 9456
148228388624132, 148228388633152, 9020
148228397521280, 148228397528952, 7672
148228398267392, 148228398275524, 8132
148228505457068, 148228505465532, 8464
148228526599348, 148228526606780, 7432
148228527336852, 148228527344644, 7792
148228594300092, 148228594309468, 9376
148228603227680, 148228603235272, 7592
148228610273436, 148228610281480, 8044
148228672045568, 148228672054368, 8800
148228680974680, 148228680982716, 8036
148228704797392, 148228704806092, 8700
148228717167860, 148228717175716, 7856
148228726280616, 148228726288552, 7936
148228767921536, 148228767929804, 8268
148228776333356, 148228776341132, 7776
148228777074904, 148228777082716, 7812
148228862483892, 148228862491892, 8000
148228871382788, 148228871390688, 7900
148228875732184, 148228875740668, 8484
148228896875500, 148228896882796, 7296
148228982818496, 148228982826976, 8480
148229003964096, 148229003971600, 7504
148229045588832, 148229045597284, 8452
148229046333524, 148229046341612, 8088
148229053386208, 148229053393516, 7308
148229074529092, 148229074537212, 8120
148229083447164, 148229083455116, 7952
148229104588672, 148229104597112, 8440
148229169928152, 148229169936688, 8536
148229179229084, 148229179236620, 7536
148229200830964, 148229200838516, 7552
148229309018852, 148229309030396, 11544
148229325861652, 148229325869424, 7772
148229335216760, 148229335225984, 9224
148229420662428, 148229420671636, 9208
148229488196196, 148229488205344, 9148
148229497361312, 148229497371484, 10172
148229550615364, 148229550624740, 9376
148229559712596, 148229559719992, 7396
148229612943648, 148229612953908, 10260
148229648498352, 148229648509940, 11588
148229656947088, 148229656955556, 8468
148229665861940, 148229665869352, 7412
148229670305316, 148229670315388, 10072
148229679451212, 148229679459380, 8168
148229703301596, 148229703312188, 10592
148229715687940, 148229715695608, 7668
148229736760528, 148229736769184, 8656
148229745877164, 148229745885424, 8260
148229746600048, 148229746607452, 7404
148229775610620, 148229775621068, 10448
148229847446724, 148229847456796, 10072
148229855884272, 148229855892084, 7812
148229863356416, 148229863364952, 8536
148229867344476, 148229867351336, 6860
148229875809740, 148229875818976, 9236
148229896965732, 148229896974360, 8628
148229939235792, 148229939245412, 9620
148229947111840, 148229947119944, 8104
148229949119832, 148229949129272, 9440
148229949850892, 148229949857504, 6612
148229969064524, 148229969073816, 9292
148229978185644, 148229978193788, 8144
148230032343844, 148230032353824, 9980
148230074205060, 148230074215388, 10328
148230081332452, 148230081340624, 8172
148230090501736, 148230090512020, 10284
148230091250776, 148230091258516, 7740
148230103634320, 148230103642616, 8296
148230110749936, 148230110759320, 9384
148230115114292, 148230115122548, 8256
148230122602240, 148230122610332, 8092
148230123330780, 148230123338460, 7680
148230132495540, 148230132505940, 10400
148230200222396, 148230200231016, 8620
148230200965044, 148230200972404, 7360
148230205313264, 148230205320276, 7012
148230213765332, 148230213774316, 8984
148230275693324, 148230275703168, 9844
148230284997020, 148230285005380, 8360
148230292144272, 148230292154144, 9872
148230300599324, 148230300607288, 7964
148230309759256, 148230309769424, 10168
148230310501568, 148230310509552, 7984
148230363808516, 148230363817852, 9336
148230384956424, 148230384967396, 10972
148230392067392, 148230392077148, 9756
148230401359036, 148230401366428, 7392
148230424683284, 148230424692432, 9148
148230434200236, 148230434209056, 8820
148230434924996, 148230434932592, 7596
148230437687956, 148230437695384, 7428
148230446589724, 148230446597632, 7908
148230499818432, 148230499827236, 8804
148230506867564, 148230506876020, 8456
148230524725400, 148230524735000, 9600
148230525474216, 148230525482184, 7968
148230543729964, 148230543739480, 9516
148230548121428, 148230548131420, 9992
148230557021980, 148230557030468, 8488
148230569457096, 148230569467592, 10496
148230576514580, 148230576522944, 8364
148230581271072, 148230581279736, 8664
148230590212636, 148230590222052, 9416
148230594564180, 148230594572584, 8404
148230606426924, 148230606435312, 8388
148230613519088, 148230613528332, 9244
148230621940380, 148230621948584, 8204
148230633829612, 148230633838944, 9332
148230637110160, 148230637117504, 7344
148230648980232, 148230648989588, 9356
148230658111596, 148230658119760, 8164
148230667062420, 148230667072288, 9868
148230674126152, 148230674134704, 8552
148230679017892, 148230679026016, 8124
148230684985080, 148230684993336, 8256
148230693425716, 148230693435052, 9336
148230705233720, 148230705242172, 8452
148230717103420, 148230717113332, 9912
148230724136208, 148230724144480, 8272
148230733465736, 148230733475352, 9616
148230745312800, 148230745320736, 7936
148230746792648, 148230746799296, 6648
148230758774200, 148230758782784, 8584
148230768760344, 148230768769628, 9284
148230780650568, 148230780659412, 8844
148230834028856, 148230834038684, 9828
148230842955064, 148230842963228, 8164
148230864083492, 148230864093592, 10100
148230971181940, 148230971190484, 8544
148230983062760, 148230983071244, 8484
148230992136560, 148230992147092, 10532
148231004004620, 148231004012816, 8196
148231011136620, 148231011146696, 10076
148231023026860, 148231023035212, 8352
148231027387292, 148231027395052, 7760
148231031981372, 148231031991572, 10200
148232134774400, 148232134784744, 10344
148232501228224, 148232501237796, 9572
148232566641504, 148232566651460, 9956
148232575103772, 148232575113596, 9824
148232637215200, 148232637225416, 10216
148233509245784, 148233509255280, 9496
148213419456964, 148213419467392, 10428
148213520964212, 148213520975852, 11640
148213535124600, 148213535133764, 9164
148213535850456, 148213535857396, 6940
148213597992180, 148213598001736, 9556
148213637175844, 148213637185408, 9564
148213715398664, 148213715407780, 9116
148213777968900, 148213777978004, 9104
148213859016872, 148213859026600, 9728
148213866201056, 148213866210656, 9600
148213878102660, 148213878110528, 7868
148213882546216, 148213882555168, 8952
148213906013500, 148213906021888, 8388
148213906734960, 148213906741220, 6260
148213918620040, 148213918627628, 7588
148213986564900, 148213986574852, 9952
148213993649668, 148213993657172, 7504
148214047360216, 148214047370188, 9972
148214048099728, 148214048107816, 8088
148214060475180, 148214060482088, 6908
148214072421600, 148214072430564, 8964
148214139577448, 148214139586656, 9208
148214151538952, 148214151547880, 8928
148214174986240, 148214174996112, 9872
148214187444900, 148214187454384, 9484
148214241367628, 148214241377276, 9648
148214277035996, 148214277046304, 10308
148214342736668, 148214342760088, 23420
148214347101888, 148214347109600, 7712
148214370467480, 148214370476900, 9420
148214423826540, 148214423835452, 8912
148214433135808, 148214433144040, 8232
148214437479404, 148214437486504, 7100
148214479637384, 148214479645664, 8280
148214544943276, 148214544951688, 8412
148214556785724, 148214556794136, 8412
148214565907880, 148214565916564, 8684
148214572949456, 148214572957320, 7864
148214639793700, 148214639801972, 8272
148214648213696, 148214648222188, 8492
148214734084748, 148214734093036, 8288
148214741137544, 148214741145296, 7752
148214762191652, 148214762198600, 6948
148214847550060, 148214847557808, 7748
148214918603540, 148214918611808, 8268
148214960222552, 148214960244564, 22012
148214969872356, 148214969880764, 8408
148214979174540, 148214979181136, 6596
148214988278888, 148214988286808, 7920
148214989019564, 148214989027376, 7812
148215054301464, 148215054309716, 8252
148215058670348, 148215058678608, 8260
148215067579068, 148215067587512, 8444
148215076687584, 148215076695720, 8136
148215097788876, 148215097796104, 7228
148215106907252, 148215106915252, 8000
148215112189188, 148215112196876, 7688
148215121107048, 148215121114188, 7140
148215142321756, 148215142330408, 8652
148215146189160, 148215146196212, 7052
148215155089212, 148215155097204, 7992
148215155813432, 148215155821100, 7668
148215223182180, 148215223190580, 8400
148215308351036, 148215308358508, 7472
148215401626816, 148215401637296, 10480
148215403068188, 148215403076244, 8056
148215424258232, 148215424266400, 8168
148215431302468, 148215431309932, 7464
148215433358244, 148215433366380, 8136
148215442289536, 148215442298604, 9068
148215508258780, 148215508267456, 8676
148215575192404, 148215575201412, 9008
148215583644584, 148215583654368, 9784
148215588002376, 148215588010396, 8020
148215602129256, 148215602138628, 9372
148215724626756, 148215724638036, 11280
148215843513104, 148215843521716, 8612
148215852909840, 148215852919956, 10116
148215864826476, 148215864835500, 9024
148215888169816, 148215888179336, 9520
148215917946432, 148215917954008, 7576
148215983725364, 148215983734400, 9036
148215992917868, 148215992928220, 10352
148216002215528, 148216002223712, 8184
148216010719856, 148216010730092, 10236
148216022571680, 148216022579892, 8212
148216027632264, 148216027642508, 10244
148216039503876, 148216039511204, 7328
148216043645708, 148216043653584, 7876
148216044419928, 148216044430036, 10108
148216049566664, 148216049575416, 8752
148216061426548, 148216061433908, 7360
148216084857276, 148216084866072, 8796
148216138217956, 148216138227428, 9472
148216150152644, 148216150161188, 8544
148216150877408, 148216150883924, 6516
148216192738112, 148216192747792, 9680
148216217040060, 148216217050148, 10088
148216278972900, 148216278982536, 9636
148216290915972, 148216290925828, 9856
148216291642064, 148216291649512, 7448
148216312890768, 148216312899388, 8620
148216324811428, 148216324820624, 9196
148216353920860, 148216353931300, 10440
148216365818060, 148216365827956, 9896
148216366546048, 148216366553912, 7864
148216428516312, 148216428525604, 9292
148216440384164, 148216440391976, 7812
148216448856936, 148216448866492, 9556
148216502647860, 148216502657584, 9724
148216514545272, 148216514554296, 9024
148216518918600, 148216518926832, 8232
148216528893684, 148216528901716, 8032
148216550179428, 148216550188784, 9356
148216562017872, 148216562024928, 7056
148216571364944, 148216571373936, 8992
148216613170592, 148216613179288, 8696
148216634406700, 148216634415972, 9272
148216638764032, 148216638771428, 7396
148216700807784, 148216700816980, 9196
148216768590284, 148216768600140, 9856
148216780453928, 148216780461484, 7556
148216822229344, 148216822239312, 9968
148216875625120, 148216875634564, 9444
148216899423756, 148216899433012, 9256
148216952866328, 148216952875612, 9284
148216974665800, 148216974675656, 9856
148217016529660, 148217016539504, 9844
148217028428704, 148217028438076, 9372
148217090429100, 148217090438704, 9604
148217111616220, 148217111626360, 10140
148217165068936, 148217165078228, 9292
148217169432360, 148217169440676, 8316
148217190641356, 148217190650864, 9508
148217220301820, 148217220312308, 10488
148217232212408, 148217232221744, 9336
148217241320320, 148217241327156, 6836
148217253266544, 148217253275924, 9380
148217274402736, 148217274411712, 8976
148217295584460, 148217295593648, 9188
148217304910552, 148217304920196, 9644
148217366764332, 148217366773532, 9200
148217371142820, 148217371150308, 7488
148217394476100, 148217394485140, 9040
148217436221000, 148217436231452, 10452
148217448160424, 148217448170240, 9816
148217510613832, 148217510622576, 8744
148217531890932, 148217531899584, 8652
148217532613536, 148217532620968, 7432
148217536967528, 148217536975216, 7688
148217560336520, 148217560346576, 10056
148217572250896, 148217572260748, 9852
148217652973768, 148217652983444, 9676
148217676690496, 148217676699564, 9068
148217757917520, 148217757926916, 9396
148217779165720, 148217779175032, 9312
148217791093308, 148217791102252, 8944
148217832917852, 148217832927504, 9652
148217837270412, 148217837278112, 7700
148217866374092, 148217866383628, 9536
148217933390864, 148217933399000, 8136
148217957152968, 148217957162832, 9864
148217966160592, 148217966169988, 9396
148217966890148, 148217966897516, 7368
148217976018324, 148217976026444, 8120
148217999809740, 148217999818816, 9076
148218009151720, 148218009159272, 7552
148218050979052, 148218050988936, 9884
148218080111668, 148218080121456, 9788
148218089247164, 148218089256328, 9164
148218089986824, 148218089994704, 7880
148218101922092, 148218101928996, 6904
148218187658320, 148218187667580, 9260
148218235682716, 148218235691824, 9108
148218256774552, 148218256784068, 9516
148218318724360, 148218318734500, 10140
148218327203136, 148218327212448, 9312
148218348469776, 148218348479708, 9932
148218349210620, 148218349218880, 8260
148218361137568, 148218361145504, 7936
148218426556136, 148218426566220, 10084
148218438403828, 148218438411524, 7696
148218460004392, 148218460012740, 8348
148218460750744, 148218460758288, 7544
148218469855024, 148218469863324, 8300
148218550177220, 148218550184536, 7316
148218550917352, 148218550925308, 7956
148218555267152, 148218555274976, 7824
148218563686616, 148218563695456, 8840
148218584836320, 148218584845148, 8828
148218637799268, 148218637806404, 7136
148218658775172, 148218658784176, 9004
148218721011796, 148218721019788, 7992
148218721733380, 148218721740552, 7172
148218730853716, 148218730862344, 8628
148218740151224, 148218740159152, 7928
148218846363828, 148218846371172, 7344
148218867401752, 148218867409580, 7828
148218876493268, 148218876501536, 8268
148218957347268, 148218957355856, 8588
148218980607992, 148218980615112, 7120
148219001667524, 148219001675916, 8392
148219008707548, 148219008715608, 8060
148219009449644, 148219009457432, 7788
148219074740512, 148219074748252, 7740
148219083173392, 148219083181212, 7820
148219087523152, 148219087529748, 6596
148219110809064, 148219110816980, 7916
148219132003416, 148219132011588, 8172
148219139060224, 148219139068120, 7896
148219864389776, 148219864399416, 9640
148219929896892, 148219929905288, 8396
148219939195592, 148219939203336, 7744
148219968779296, 148219968788624, 9328
148219977895416, 148219977902844, 7428
148220064488188, 148220064498160, 9972
148220065947852, 148220065955856, 8004
148220113091856, 148220113102188, 10332
148220120176472, 148220120184632, 8160
148220143469864, 148220143478472, 8608
148220151909244, 148220151916600, 7356
148220214316148, 148220214326084, 9936
148220223533052, 148220223543084, 10032
148220244697744, 148220244707236, 9492
148220247349396, 148220247356464, 7068
148220268516756, 148220268526212, 9456
148220330424856, 148220330435364, 10508
148220342827052, 148220342836856, 9804
148220349883548, 148220349891900, 8352
148220350613776, 148220350621584, 7808
148220359755100, 148220359763000, 7900
148220386945140, 148220386955352, 10212
148220394002132, 148220394009544, 7412
148220395986220, 148220395993820, 7600
148220430689976, 148220430699804, 9828
148220431431640, 148220431439796, 8156
148220440610948, 148220440620792, 9844
148220506761636, 148220506771312, 9676
148220587559852, 148220587569896, 10044
148220594627104, 148220594634868, 7764
148220603774916, 148220603785024, 10108
148220610295572, 148220610304360, 8788
148220617351420, 148220617359624, 8204
148220626745684, 148220626755956, 10272
148220647959960, 148220647970496, 10536
148220648701868, 148220648709812, 7944
148220657791380, 148220657798872, 7492
148220662211004, 148220662220884, 9880
148220666132616, 148220666141364, 8748
148220673184652, 148220673192196, 7544
148220715424980, 148220715434568, 9588
148220721977720, 148220721986656, 8936
148220729018796, 148220729025904, 7108
148220788098696, 148220788107812, 9116
148220795048452, 148220795055676, 7224
148220802210872, 148220802220044, 9172
148220814636012, 148220814644776, 8764
148220815361684, 148220815369304, 7620
148220868855920, 148220868864412, 8492
148220869549564, 148220869557604, 8040
148220878653288, 148220878661036, 7748
148220964878180, 148220964886880, 8700
148220986045960, 148220986056016, 10056
148220986773096, 148220986780616, 7520
148220995916512, 148220995928748, 12236
148221063029512, 148221063039772, 10260
148221070089896, 148221070097728, 7832
148221132008860, 148221132018696, 9836
148221212954056, 148221212963128, 9072
148221254553908, 148221254562020, 8112
148221255277812, 148221255285508, 7696
148221276396728, 148221276405076, 8348
148221341653508, 148221341662168, 8660
148221348709036, 148221348715828, 6792
148221352126840, 148221352134996, 8156
148221405205968, 148221405213940, 7972
148221412264200, 148221412272336, 8136
148221416612016, 148221416619744, 7728
148221419928364, 148221419935736, 7372
148221569532504, 148221569542712, 10208
148221570988264, 148221570996216, 7952
148221580105848, 148221580113288, 7440
148221589385108, 148221589392872, 7764
148221593789352, 148221593797684, 8332
148221617069664, 148221617078744, 9080
148221625987100, 148221625995304, 8204
148221679189424, 148221679198780, 9356
148221679919616, 148221679927044, 7428
148221689007804, 148221689015632, 7828
148221710793112, 148221710802412, 9300
148221719234944, 148221719243240, 8296
148221826775640, 148221826788020, 12380
148221847953008, 148221847961972, 8964
148221857274472, 148221857282652, 8180
148221857997948, 148221858005624, 7676
148221879214528, 148221879224028, 9500
148221887668636, 148221887679084, 10448
148221900044804, 148221900053024, 8220
148221907150344, 148221907159432, 9088
148221914492852, 148221914501116, 8264
148221935682404, 148221935692328, 9924
148221940050436, 148221940058524, 8088
148221948549764, 148221948559528, 9764
148221950389112, 148221950397476, 8364
148221957452044, 148221957460584, 8540
148221958176384, 148221958183884, 7500
148222025186660, 148222025195872, 9212
148222029584804, 148222029593808, 9004
148222038019432, 148222038027128, 7696
148222067120328, 148222067129900, 9572
148222088330312, 148222088339588, 9276
148222100729592, 148222100737884, 8292
148222154008564, 148222154018216, 9652
148222157785452, 148222157793972, 8520
148222165762316, 148222165769412, 7096
148222219616868, 148222219626188, 9320
148222279063340, 148222279072392, 9052
148222300160552, 148222300169852, 9300
148222301371244, 148222301379408, 8164
148222354611660, 148222354621636, 9976
148222367039640, 148222367049016, 9376
148222375483628, 148222375491588, 7960
148222376207284, 148222376214964, 7680
148222429345572, 148222429353072, 7500
148222437758088, 148222437765004, 6916
148222491453836, 148222491461692, 7856
148222556758972, 148222556767068, 8096
148222561104748, 148222561113028, 8280
148222575203280, 148222575211184, 7904
148222640513036, 148222640521188, 8152
148222682226080, 148222682236532, 10452
148222742253412, 148222742264052, 10640
148222754615580, 148222754623268, 7688
148222763028944, 148222763036564, 7620
148222784179360, 148222784188876, 9516
148222788528892, 148222788537072, 8180
148222850542280, 148222850552180, 9900
148222857634776, 148222857642548, 7772
148222866126300, 148222866136976, 10676
148222875232028, 148222875239716, 7688
148222879582060, 148222879589748, 7688
148222891828020, 148222891839968, 11948
148222899650788, 148222899659556, 8768
148222908555620, 148222908564288, 8668
148222915680856, 148222915691900, 11044
148222920296764, 148222920305420, 8656
148223081830700, 148223081840592, 9892
148223090759744, 148223090767400, 7656
148223091574284, 148223091584536, 10252
148224401281780, 148224401292172, 10392
148224417854364, 148224417862064, 7700
148224426783756, 148224426792892, 9136
148224450629356, 148224450638144, 8788
148224513012560, 148224513025940, 13380
148224614690768, 148224614701712, 10944
148224650325816, 148224650335420, 9604
148224662205380, 148224662214864, 9484
148224671126856, 148224671133864, 7008
148224695010264, 148224695019620, 9356
148224766241148, 148224766251784, 10636
148224787418100, 148224787427428, 9328
148224849267376, 148224849276376, 9000
148224916308304, 148224916318308, 10004
148224917033976, 148224917041376, 7400
148224926376112, 148224926386652, 10540
148224992433348, 148224992442776, 9428
148225001548100, 148225001556200, 8100
148225002123328, 148225002131176, 7848
148225014055008, 148225014064256, 9248
148225179021920, 148225179032584, 10664
148225552884020, 148225552893956, 9936
148225574105764, 148225574115240, 9476
148225595228388, 148225595238216, 9828
148225657169920, 148225657178472, 8552
148225686233080, 148225686241608, 8528
148225707846792, 148225707854636, 7844
148225814790364, 148225814799348, 8984
148225881912620, 148225881921660, 9040
148225885632104, 148225885639972, 7868
148225951788576, 148225951797976, 9400
148225960273892, 148225960283112, 9220
148225961026416, 148225961033696, 7280
148225970117344, 148225970124868, 7524
148225974484736, 148225974491996, 7260
148225981594260, 148225981603780, 9520
148226016557364, 148226016566724, 9360
148226017289196, 148226017296020, 6824
148226026523412, 148226026533664, 10252
148226033574240, 148226033581228, 6988
148226075029972, 148226075039476, 9504
148226075755940, 148226075763600, 7660
148226084923828, 148226084932332, 8504
148226091966404, 148226091974448, 8044
148226101333364, 148226101342632, 9268
148226122433384, 148226122442656, 9272
148226132221256, 148226132229272, 8016
148226132951472, 148226132957928, 6456
148226146537640, 148226146547080, 9440
148226153601560, 148226153608944, 7384
148226195871616, 148226195880856, 9240
148226205039808, 148226205050020, 10212
148226266940996, 148226266950092, 9096
148226267674928, 148226267682820, 7892
148226276788216, 148226276795532, 7316
148226285244340, 148226285253032, 8692
148226308572196, 148226308581688, 9492
148226309310696, 148226309318568, 7872
148226318418596, 148226318426588, 7992
148226398913572, 148226398922928, 9356
148226455401596, 148226455411684, 10088
148226464700180, 148226464708880, 8700
148226485832368, 148226485840464, 8096
148226553235264, 148226553246244, 10980
148226574460264, 148226574469824, 9560
148226640035068, 148226640044280, 9212
148226707608360, 148226707617396, 9036
148226716032276, 148226716040476, 8200
148226716777916, 148226716786012, 8096
148226802298624, 148226802307396, 8772
148226831366712, 148226831375388, 8676
148226893299636, 148226893308856, 9220
148226902669444, 148226902678872, 9428
148226907043544, 148226907051488, 7944
148226911953952, 148226911962228, 8276
148226978036268, 148226978046224, 9956
148226999158784, 148226999168632, 9848
148227008110000, 148227008118132, 8132
148227016536052, 148227016544048, 7996
148227025885692, 148227025894828, 9136
148228571160900, 148228571171416, 10516
148213525052652, 148213525067168, 14516
148213526502372, 148213526509764, 7392
148213607565208, 148213607574608, 9400
148213619975340, 148213619983220, 7880
148213620713440, 148213620720524, 7084
148213701734192, 148213701743336, 9144
148213714185176, 148213714194628, 9452
148213726660708, 148213726670912, 10204
148213733737444, 148213733745340, 7896
148213762859460, 148213762869224, 9764
148213772279840, 148213772289980, 10140
148213837921120, 148213837930768, 9648
148213838660680, 148213838668732, 8052
148213892178376, 148213892188980, 10604
148213973560884, 148213973571312, 10428
148213985507408, 148213985517560, 10152
148214006745104, 148214006754696, 9592
148214011140260, 148214011148728, 8468
148214064650996, 148214064660360, 9364
148214150538372, 148214150548308, 9936
148214154906024, 148214154914176, 8152
148214155643116, 148214155651484, 8368
148214191377620, 148214191387480, 9860
148214192101460, 148214192108328, 6868
148214254686584, 148214254704488, 17904
148214264003988, 148214264012092, 8104
148214264792304, 148214264823960, 31656
148214318049944, 148214318059924, 9980
148214398904780, 148214398913808, 9028
148214419996964, 148214420006424, 9460
148214420743528, 148214420752244, 8716
148214501620132, 148214501629052, 8920
148214508692124, 148214508701376, 9252
148214520539820, 148214520547828, 8008
148214532912176, 148214532920272, 8096
148214537255876, 148214537262920, 7044
148214560531988, 148214560539876, 7888
148214561253820, 148214561261404, 7584
148214573107780, 148214573115792, 8012
148214582404132, 148214582414988, 10856
148214591514772, 148214591521920, 7148
148214592255120, 148214592261736, 6616
148214604635164, 148214604642540, 7376
148214608979668, 148214608987556, 7888
148214616035920, 148214616043644, 7724
148214627888024, 148214627895896, 7872
148214669495192, 148214669503220, 8028
148214678408784, 148214678416584, 7800
148214707369812, 148214707377888, 8076
148214715794780, 148214715802600, 7820
148214725236084, 148214725244176, 8092
148214725977624, 148214725985616, 7992
148214735079928, 148214735087980, 8052
148214747482416, 148214747490752, 8336
148214751828968, 148214751837180, 8212
148214775524100, 148214775531112, 7012
148214776244612, 148214776252000, 7388
148214843124756, 148214843132836, 8080
148214860921860, 148214860929948, 8088
148214861664016, 148214861671940, 7924
148214868730920, 148214868739296, 8376
148214881117552, 148214881124812, 7260
148214890028604, 148214890035604, 7000
148214890753108, 148214890759388, 6280
148214899664608, 148214899671616, 7008
148214906719956, 148214906728144, 8188
148214927863468, 148214927871700, 8232
148214939726456, 148214939734528, 8072
148214944072820, 148214944080540, 7720
148214967888040, 148214967896500, 8460
148214985701532, 148214985709588, 8056
148214992762056, 148214992770260, 8204
148215054491736, 148215054499716, 7980
148215062902072, 148215062909796, 7724
148215069954092, 148215069962276, 8184
148215070701416, 148215070709080, 7664
148215137591856, 148215137599712, 7856
148215158654556, 148215158662740, 8184
148215167948864, 148215167956840, 7976
148215172318956, 148215172326972, 8016
148215184176268, 148215184184292, 8024
148215193081160, 148215193089156, 7996
148215258797248, 148215258805784, 8536
148215267682740, 148215267690908, 8168
148215276769956, 148215276776900, 6944
148218388793988, 148218388804568, 10580
148218822588948, 148218822597360, 8412
148218864201160, 148218864209532, 8372
148218871251016, 148218871258888, 7872
148218900205316, 148218900213712, 8396
148218912051748, 148218912059956, 8208
148218912778740, 148218912786780, 8040
148218933915432, 148218933923644, 8212
148218940959564, 148218940967496, 7932
148219008433396, 148219008441928, 8532
148219017550020, 148219017557948, 7928
148219025968220, 148219025975664, 7444
148219030335404, 148219030342508, 7104
148219059331532, 148219059339696, 8164
148219068643664, 148219068651816, 8152
148219075702496, 148219075710992, 8496
148219137541120, 148219137549564, 8444
148219161227316, 148219161234676, 7360
148219170535624, 148219170543640, 8016
148219191652196, 148219191660484, 8288
148219192376844, 148219192383372, 6528
148219221871504, 148219221879692, 8188
148219245559108, 148219245566216, 7108
148219266704104, 148219266712324, 8220
148219278570064, 148219278577400, 7336
148219287851516, 148219287859148, 7632
148219296976032, 148219296983872, 7840
148219301325576, 148219301333780, 8204
148219336790560, 148219336798920, 8360
148219343815164, 148219343821828, 6664
148219355628620, 148219355636264, 7644
148219378833136, 148219378841428, 8292
148219387726184, 148219387733676, 7492
148219411430016, 148219411437236, 7220
148219420349232, 148219420356980, 7748
148219421072288, 148219421078580, 6292
148219444778896, 148219444786640, 7744
148219451860320, 148219451868408, 8088
148219461704808, 148219461712704, 7896
148219470618272, 148219470625472, 7200
148219493910220, 148219493918408, 8188
148219505777580, 148219505785388, 7808
148219506500432, 148219506506716, 6284
148219513572224, 148219513580524, 8300
148219521999364, 148219522007024, 7660
148219543052528, 148219543061356, 8828
148219550265644, 148219550272836, 7192
148219557307612, 148219557314540, 6928
148219580599600, 148219580607736, 8136
148219616153400, 148219616161500, 8100
148219631142932, 148219631152820, 9888
148219716963732, 148219716974660, 10928
148219725897608, 148219725906304, 8696
148219779278664, 148219779287596, 8932
148219791685652, 148219791693588, 7936
148219796050776, 148219796058204, 7428
148219817458664, 148219817467064, 8400
148219825897832, 148219825905880, 8048
148220085912252, 148220085922420, 10168
148220408766836, 148220408775536, 8700
148220429973600, 148220429983372, 9772
148220442368740, 148220442376148, 7408
148220466272288, 148220466282348, 10060
148220467022908, 148220467031300, 8392
148220476159000, 148220476167028, 8028
148220480503044, 148220480511412, 8368
148220534009124, 148220534018936, 9812
148220596048888, 148220596058800, 9912
148220596787848, 148220596795728, 7880
148220601167912, 148220601175100, 7188
148220666813576, 148220666822940, 9364
148220691985684, 148220691995196, 9512
148220704933396, 148220704941372, 7976
148220714103212, 148220714112936, 9724
148220799708224, 148220799716624, 8400
148220820923120, 148220820932224, 9104
148220825336108, 148220825344908, 8800
148220867189688, 148220867199264, 9576
148220888453808, 148220888464472, 10664
148220900854400, 148220900862644, 8244
148220907957536, 148220907967032, 9496
148220917258536, 148220917266388, 7852
148220921628684, 148220921637236, 8552
148220984166476, 148220984176696, 10220
148220988595504, 148220988605108, 9604
148221054187412, 148221054196484, 9072
148221054921348, 148221054927788, 6440
148221064013220, 148221064020956, 7736
148221093070672, 148221093079980, 9308
148221102718560, 148221102726084, 7524
148221107178284, 148221107188040, 9756
148221128418996, 148221128427748, 8752
148221129164148, 148221129171976, 7828
148221136210616, 148221136218836, 8220
148221145578444, 148221145587856, 9412
148221148715268, 148221148722652, 7384
148221202454200, 148221202464184, 9984
148221206854616, 148221206862324, 7708
148221268606480, 148221268616060, 9580
148221429331324, 148221429339816, 8492
148221569544216, 148221569554880, 10664
148221573900768, 148221573909332, 8564
148221582797552, 148221582804952, 7400
148221624479508, 148221624487952, 8444
148221625205196, 148221625212428, 7232
148221634350500, 148221634358344, 7844
148221655394360, 148221655401408, 7048
148221763102440, 148221763113500, 11060
148221771795540, 148221771803856, 8316
148221833861904, 148221833871968, 10064
148221900859300, 148221900869280, 9980
148221954706792, 148221954716432, 9640
148222008024980, 148222008035232, 10252
148222015097212, 148222015104804, 7592
148222036260712, 148222036269892, 9180
148222121819476, 148222121828708, 9232
148222131196124, 148222131205472, 9348
148222138262820, 148222138270760, 7940
148222146770804, 148222146780720, 9916
148222151127024, 148222151135424, 8400
148222151867900, 148222151875720, 7820
148222173036168, 148222173045320, 9152
148222211542036, 148222211550820, 8784
148222217614484, 148222217622612, 8128
148222238747988, 148222238756152, 8164
148222245840440, 148222245850240, 9800
148222299124860, 148222299134060, 9200
148222303565732, 148222303574884, 9152
148222323557036, 148222323565344, 8308
148222388907068, 148222388916356, 9288
148222410040812, 148222410049668, 8856
148222417103196, 148222417111260, 8064
148222479357040, 148222479365344, 8304
148222500398872, 148222500406816, 7944
148222585535904, 148222585544132, 8228
148222714745200, 148222714754068, 8868
148222781638236, 148222781647740, 9504
148222790825636, 148222790835796, 10160
148222797877008, 148222797884948, 7940
148222987393032, 148222987404040, 11008
148223050760804, 148223050769820, 9016
148223051200132, 148223051207032, 6900
148223072386612, 148223072395052, 8440
148223084247960, 148223084256208, 8248
148223194802960, 148223194813664, 10704
148223275980836, 148223275990472, 9636
148223284921564, 148223284929520, 7956
148223289287240, 148223289295536, 8296
148223301191060, 148223301200604, 9544
148223309603464, 148223309611292, 7828
148223310423020, 148223310429828, 6808
148223322337500, 148223322347380, 9880
148223343537664, 148223343547448, 9784
148223352864164, 148223352872288, 8124
148223354298304, 148223354306844, 8540
148223366225184, 148223366234404, 9220
148223426757188, 148223426767096, 9908
148223433814292, 148223433822288, 7996
148223457716724, 148223457726488, 9764
148223467041524, 148223467049744, 8220
148223484094584, 148223484104140, 9556
148223491146312, 148223491154196, 7884
148223503046056, 148223503054992, 8936
148223532089688, 148223532098888, 9200
148223541044724, 148223541053804, 9080
148223545393992, 148223545402452, 8460
148223552468592, 148223552476436, 7844
148223593700216, 148223593709880, 9664
148223600795920, 148223600805220, 9300
148223667626336, 148223667636156, 9820
148223679527180, 148223679536464, 9284
148223683339476, 148223683346880, 7404
148223695810424, 148223695819284, 8860
148223700185040, 148223700192988, 7948
148223721374476, 148223721383292, 8816
148223727215640, 148223727224244, 8604
148223739112008, 148223739121688, 9680
148223742611064, 148223742618876, 7812
148223751546072, 148223751553100, 7028
148223763438296, 148223763447084, 8788
148223770482180, 148223770490292, 8112
148223779450916, 148223779460172, 9256
148223791322476, 148223791330328, 7852
148223803735336, 148223803743960, 8624
148223827080532, 148223827090132, 9600
148223933585460, 148223933595128, 9668
148223946075408, 148223946084724, 9316
148223946577652, 148223946584576, 6924
148223958442340, 148223958451192, 8852
148223979511776, 148223979520660, 8884
148224041403448, 148224041412624, 9176
148224045808936, 148224045816284, 7348
148224058219684, 148224058229584, 9900
148224070086204, 148224070094388, 8184
148224072212980, 148224072221284, 8304
148224079312032, 148224079321676, 9644
148224091180052, 148224091187188, 7136
148224099638832, 148224099648068, 9236
148224100133684, 148224100142052, 8368
148224111977704, 148224111984516, 6812
148224122069440, 148224122078916, 9476
148224133933192, 148224133942608, 9416
148224142868432, 148224142876588, 8156
148224144005000, 148224144011956, 6956
148224155866556, 148224155876056, 9500
148224162940796, 148224162948472, 7676
148224165941012, 148224165947812, 6800
148224177851984, 148224177861456, 9472
148224190249236, 148224190256580, 7344
148224202718856, 148224202728160, 9304
148224223933328, 148224223942412, 9084
148224285834856, 148224285844080, 9224
148224339097116, 148224339106748, 9632
148224343591600, 148224343599500, 7900
148224347979540, 148224347987412, 7872
148224433518936, 148224433527456, 8520
148224437910904, 148224437919932, 9028
148224467448040, 148224467457380, 9340
148224547922404, 148224547931076, 8672
148224560381908, 148224560391100, 9192
148224602139156, 148224602148212, 9056
148224623254756, 148224623263104, 8348
148224688584796, 148224688593008, 8212
148224689308960, 148224689322028, 13068
148224696941616, 148224696951148, 9532
148224806115004, 148224806125244, 10240
148224924812492, 148224924822752, 10260
148224925538312, 148224925545936, 7624
148224937983256, 148224937993292, 10036
148224950472560, 148224950482420, 9860
148224971686568, 148224971695760, 9192
148224980120288, 148224980128560, 8272
148224980846080, 148224980854224, 8144
148224992766668, 148224992775724, 9056
148225001515740, 148225001523992, 8252
148225013935548, 148225013944636, 9088
148225021467516, 148225021476004, 8488
148225028568920, 148225028578264, 9344
148225049750776, 148225049760400, 9624
148225050482256, 148225050489724, 7468
148225059608024, 148225059615500, 7476
148225068085136, 148225068094444, 9308
148225077298084, 148225077306204, 8120
148225091318792, 148225091330440, 11648
148225100461696, 148225100470188, 8492
148225112955116, 148225112965392, 10276
148225125140756, 148225125148908, 8152
148225133752780, 148225133762792, 10012
148225140826140, 148225140834128, 7988
148225150180212, 148225150187680, 7468
148225159420712, 148225159430488, 9776
148225180610536, 148225180619280, 8744
148225206907320, 148225206915356, 8036
148225207638260, 148225207645036, 6776
148225262382960, 148225262391512, 8552
148225285681348, 148225285690500, 9152
148225366132916, 148225366142260, 9344
148225395139944, 148225395149004, 9060
148225403557236, 148225403565128, 7892
148225512044384, 148225512055920, 11536
148225533273824, 148225533284328, 10504
148225600410312, 148225600418420, 8108
148225665946276, 148225665956164, 9888
148225678348400, 148225678356460, 8060
148225687660172, 148225687667900, 7728
148225729946240, 148225729955832, 9592
148225737045676, 148225737055532, 9856
148225745499800, 148225745508044, 8244
148225754637688, 148225754646196, 8508
148225820583708, 148225820593400, 9692
148225829893892, 148225829901872, 7980
148225842370232, 148225842378864, 8632
148225854310516, 148225854319092, 8576
148225863443612, 148225863451312, 7700
148225870492500, 148225870500000, 7500
148225891684056, 148225891692980, 8924
148225933679884, 148225933689656, 9772
148225941292440, 148225941301160, 8720
148225953710584, 148225953719984, 9400
148225974919240, 148225974929364, 10124
148226041955992, 148226041965740, 9748
148226051065872, 148226051073700, 7828
148226063478512, 148226063487660, 9148
148226071929652, 148226071939184, 9532
148226089801208, 148226089809516, 8308
148226156854456, 148226156864208, 9752
148226185902308, 148226185911512, 9204
148226207625120, 148226207635516, 10396
148226274653044, 148226274663032, 9988
148226286509320, 148226286517400, 8080
148226298917096, 148226298927008, 9912
148226310761816, 148226310770052, 8236
148226332004300, 148226332013812, 9512
148226355709636, 148226355718348, 8712
148226359611628, 148226359618788, 7160
148226371408836, 148226371416612, 7776
148226372192592, 148226372201812, 9220
148226381582460, 148226381590796, 8336
148226393437588, 148226393447024, 9436
148226405838848, 148226405845896, 7048
148226417718784, 148226417728108, 9324
148226421383720, 148226421391984, 8264
148226422111288, 148226422117800, 6512
148228349827148, 148228349838440, 11292
148228669524392, 148228669532856, 8464
148228691194676, 148228691203024, 8348
148228691919888, 148228691927512, 7624
148228700329048, 148228700337300, 8252
148228707388328, 148228707396424, 8096
148228772706848, 148228772715088, 8240
148228781804688, 148228781812456, 7768
148228790724176, 148228790732796, 8620
148228803086956, 148228803094892, 7936
148228807436776, 148228807443356, 6580
148228816558460, 148228816566544, 8084
148228837677952, 148228837685936, 7984
148228904513028, 148228904521296, 8268
148228966751160, 148228966758296, 7136
148229033587152, 148229033595276, 8124
148229042697932, 148229042705604, 7672
148229051603328, 148229051611432, 8104
148229080566252, 148229080574340, 8088
148229103900272, 148229103908508, 8236
148229165602376, 148229165610792, 8416
148229174711688, 148229174718964, 7276
148229204209700, 148229204217140, 7440
148229266253604, 148229266264244, 10640
148229278761656, 148229278771372, 9716
148229287887112, 148229287894924, 7812
148229309230108, 148229309239644, 9536
148229374529536, 148229374537928, 8392
148229375273504, 148229375281332, 7828
148229384368816, 148229384377080, 8264
148229391442164, 148229391450184, 8020
148229395791792, 148229395798616, 6824
148229461669968, 148229461678212, 8244
148229503366320, 148229503375448, 9128
148229521216688, 148229521227000, 10312
148229593287880, 148229593298392, 10512
148229605655096, 148229605663492, 8396
148229614827752, 148229614837048, 9296
148229624104024, 148229624115084, 11060
148229677378160, 148229677388724, 10564
148229687259708, 148229687269976, 10268
148229696187928, 148229696196668, 8740
148229857397644, 148229857407712, 10068
148230177480972, 148230177490036, 9064
148230199114268, 148230199123600, 9332
148230208227404, 148230208235448, 8044
148230237261472, 148230237270820, 9348
148230246957124, 148230246965272, 8148
148230256065376, 148230256073308, 7932
148230263156972, 148230263164136, 7164
148230272080052, 148230272087700, 7648
148230339234924, 148230339243692, 8768
148230348152892, 148230348160940, 8048
148230355203404, 148230355211604, 8200
148230355957992, 148230355965616, 7624
148230365104652, 148230365114184, 9532
148230365895772, 148230365903928, 8156
148230374790800, 148230374797648, 6848
148230378422980, 148230378431888, 8908
148230440793960, 148230440803860, 9900
148230467056308, 148230467065932, 9624
148230533975368, 148230533985112, 9744
148230534703256, 148230534710768, 7512
148230544032832, 148230544042248, 9416
148230585711888, 148230585721508, 9620
148230586437088, 148230586444572, 7484
148230595556624, 148230595564800, 8176
148230604869496, 148230604879104, 9608
148230617285596, 148230617295292, 9696
148230626179980, 148230626187984, 8004
148230643098264, 148230643107812, 9548
148230643822508, 148230643828988, 6480
148230712777848, 148230712786804, 8956
148230741789052, 148230741798428, 9376
148230750688924, 148230750696680, 7756
148230834909136, 148230834917768, 8632
148230896876188, 148230896885124, 8936
148230964353228, 148230964361828, 8600
148230985483056, 148230985492160, 9104
148230994411088, 148230994419288, 8200
148230995139520, 148230995146808, 7288
148231004301236, 148231004310744, 9508
148231176462524, 148231176471500, 8976
148231185453796, 148231185460960, 7164
148231337077492, 148231337088724, 11232
148231361826300, 148231361835388, 9088
148231366179060, 148231366186204, 7144
148231387271660, 148231387282040, 10380
148231453215652, 148231453224836, 9184
148231453941388, 148231453948840, 7452
148231463096432, 148231463105084, 8652
148231467461152, 148231467468920, 7768
148231553010168, 148231553019884, 9716
148231618440676, 148231618449736, 9060
148231630818664, 148231630826964, 8300
148231631543684, 148231631551188, 7504
148231667182124, 148231667191656, 9532
148231668098748, 148231668105976, 7228
148231684109324, 148231684120056, 10732
148231693227920, 148231693236580, 8660
148231745716372, 148231745725136, 8764
148231807728220, 148231807737388, 9168
148231819568000, 148231819575564, 7564
148231821674896, 148231821684972, 10076
148231833532896, 148231833540256, 7360
148231840843680, 148231840853344, 9664
148231843598328, 148231843607108, 8780
148232152720252, 148232152731060, 10808
148232207891204, 148232207901088, 9884
148232214992540, 148232215002728, 10188
148232227365504, 148232227373768, 8264
148232333760460, 148232333768676, 8216
148232342887348, 148232342894532, 7184
148232366185324, 148232366194776, 9452
148232428481404, 148232428489224, 7820
148232457437496, 148232457445864, 8368
148232478569516, 148232478577700, 8184
148232482920420, 148232482928860, 8440
148232536035576, 148232536043552, 7976
148232647315072, 148232647325888, 10816
148232665528992, 148232665536688, 7696
148232786895292, 148232786905628, 10336
148232822585372, 148232822595336, 9964
148232835028492, 148232835037312, 8820
148232842688408, 148232842696812, 8404
148232851649588, 148232851658932, 9344
148232852415400, 148232852423016, 7616
148232859494468, 148232859502136, 7668
148232888584440, 148232888594668, 10228
148232897517360, 148232897526068, 8708
148232904582292, 148232904590388, 8096
148232917047376, 148232917057096, 9720
148232926490924, 148232926498452, 7528
148232993599916, 148232993609484, 9568
148233002509808, 148233002517960, 8152
148233014960208, 148233014969168, 8960
148233022003196, 148233022011152, 7956
148233022169992, 148233022178280, 8288
148233031139072, 148233031149016, 9944
148233098228820, 148233098238216, 9396
148233107181196, 148233107190408, 9212
148233169027672, 148233169036852, 9180
148233178481456, 148233178489292, 7836
148233182852344, 148233182860592, 8248
148233218463804, 148233218473396, 9592
148233271750672, 148233271760116, 9444
148233283617004, 148233283624320, 7316
148233291367720, 148233291377756, 10036
148233303214960, 148233303222852, 7892
148233311731240, 148233311740676, 9436
148233320652248, 148233320660780, 8532
148233332583952, 148233332594340, 10388
148233333333808, 148233333341660, 7852
148233349002564, 148233349011660, 9096
148233378118428, 148233378128040, 9612
148233390530352, 148233390539596, 9244
148233417002208, 148233417012404, 10196
148233492837596, 148233492848568, 10972
148211357349448, 148211357359864, 10416
148211357394476, 148211357401204, 6728
148211357433208, 148211357440040, 6832
148211357473760, 148211357480388, 6628
148211357503148, 148211357509604, 6456
148211357627516, 148211357634388, 6872
148211357661516, 148211357668060, 6544
148211357695668, 148211357702352, 6684
148211357750628, 148211357757440, 6812
148211357784344, 148211357790980, 6636
148211357818784, 148211357825660, 6876
148211357867460, 148211357874428, 6968
148211357958224, 148211357965128, 6904
148211358028468, 148211358034936, 6468
148211358112456, 148211358119072, 6616
148211358167036, 148211358174020, 6984
148211358199632, 148211358206300, 6668
148211358258660, 148211358265300, 6640
148211358290960, 148211358297876, 6916
148211358353488, 148211358360736, 7248
148213351587692, 148213351604256, 16564
148213351622276, 148213351630080, 7804
148213351643508, 148213351650616, 7108
148213351664340, 148213351671252, 6912
148213351683956, 148213351691068, 7112
148213351704432, 148213351711228, 6796
148213351724488, 148213351731288, 6800
148213351742168, 148213351748860, 6692
148213351760720, 148213351767456, 6736
148213351779804, 148213351786232, 6428
148213351798592, 148213351805132, 6540
148213351817320, 148213351823900, 6580
148213351835892, 148213351842748, 6856
148213373477496, 148213373490052, 12556
148213395382264, 148213395387396, 5132
148213417344560, 148213417349824, 5264
148213437305100, 148213437316156, 11056
148213443212464, 148213443224344, 11880
148214406395392, 148214406405360, 9968
148214664958300, 148214664967768, 9468
148214672029612, 148214672038252, 8640
148214684392140, 148214684400020, 7880
148214693699588, 148214693707716, 8128
148214705549052, 148214705556820, 7768
148214706287476, 148214706295356, 7880
148214772109340, 148214772117776, 8436
148214781201728, 148214781209464, 7736
148214804895016, 148214804903164, 8148
148214809267164, 148214809275528, 8364
148214832518040, 148214832524932, 6892
148214841621232, 148214841629020, 7788
148214848675800, 148214848684180, 8380
148214869811240, 148214869819600, 8360
148214936643592, 148214936651848, 8256
148214945551184, 148214945559164, 7980
148214953971224, 148214953978800, 7576
148215025543336, 148215025551316, 7980
148215046696140, 148215046704404, 8264
148215088294232, 148215088302844, 8612
148215147485092, 148215147493260, 8168
148215150699348, 148215150707444, 8096
148215162546676, 148215162553784, 7108
148215185831184, 148215185839440, 8256
148215206979416, 148215206987932, 8516
148215231186996, 148215231195044, 8048
148215240474564, 148215240481536, 6972
148215252313404, 148215252321668, 8264
148215259344180, 148215259352252, 8072
148215280370500, 148215280379232, 8732
148215292739492, 148215292747704, 8212
148215401612492, 148215401624196, 11704
148215520703560, 148215520712944, 9384
148215562448092, 148215562457864, 9772
148215563199300, 148215563207152, 7852
148215572309872, 148215572317876, 8004
148215607944624, 148215607954724, 10100
148215608669676, 148215608677808, 8132
148215716594356, 148215716604872, 10516
148215725048692, 148215725057604, 8912
148215778500548, 148215778509840, 9292
148215782871408, 148215782879476, 8068
148215783594316, 148215783601408, 7092
148215804850264, 148215804859404, 9140
148215866870148, 148215866881292, 11144
148215920199212, 148215920208852, 9640
148215923356272, 148215923364396, 8124
148215924096396, 148215924104532, 8136
148215986614984, 148215986624560, 9576
148216053690496, 148216053700352, 9856
148216069791792, 148216069800772, 8980
148216074141756, 148216074150132, 8376
148216086064260, 148216086072828, 8568
148216094497884, 148216094504968, 7084
148216106424304, 148216106433680, 9376
148216115374796, 148216115381992, 7196
148216127306004, 148216127315268, 9264
148216194393808, 148216194402372, 8564
148216202880260, 148216202890012, 9752
148216224629236, 148216224638652, 9416
148216225371288, 148216225379612, 8324
148216237287040, 148216237295808, 8768
148216241634748, 148216241642592, 7844
148216246992016, 148216246998888, 6872
148216258851820, 148216258861280, 9460
148216325987324, 148216325996576, 9252
148216330341536, 148216330349744, 8208
148216411019976, 148216411028444, 8468
148216478654912, 148216478664056, 9144
148216479378208, 148216479385556, 7348
148216488512872, 148216488520308, 7436
148216550538008, 148216550547920, 9912
148216617729276, 148216617738044, 8768
148216641068188, 148216641076328, 8140
148216688555228, 148216688564436, 9208
148216709716540, 148216709726112, 9572
148216719643480, 148216719653772, 10292
148216724020260, 148216724028108, 7848
148216732438744, 148216732446504, 7760
148216733159584, 148216733167392, 7808
148216757020812, 148216757029920, 9108
148216819040628, 148216819049636, 9008
148216842785568, 148216842795240, 9672
148216928578096, 148216928587188, 9092
148216929316320, 148216929323624, 7304
148216938512124, 148216938522164, 10040
148216986706656, 148216986716120, 9464
148216991091428, 148216991099004, 7576
148217058295552, 148217058304840, 9288
148217123957876, 148217123967248, 9372
148217191059872, 148217191067924, 8052
148217202979144, 148217202987768, 8624
148217269103524, 148217269113052, 9528
148217375990356, 148217375999560, 9204
148217462279536, 148217462289088, 9552
148217474139484, 148217474147476, 7992
148217474860820, 148217474868284, 7464
148217484017676, 148217484024840, 7164
148217507815336, 148217507824848, 9512
148217516297996, 148217516308016, 10020
148217528159464, 148217528167320, 7856
148217537398276, 148217537408268, 9992
148217549235092, 148217549242132, 7040
148217616435956, 148217616444924, 8968
148217658209252, 148217658217856, 8604
148217679309796, 148217679319556, 9760
148217687747220, 148217687755432, 8212
148217699677868, 148217699687180, 9312
148217767399936, 148217767408808, 8872
148217775856476, 148217775866196, 9720
148217841487648, 148217841497344, 9696
148217850615516, 148217850622828, 7312
148217912608420, 148217912617888, 9468
148217998940892, 148217998949856, 8964
148218066069176, 148218066078028, 8852
148218119499560, 148218119509200, 9640
148218143279096, 148218143287884, 8788
148218152591436, 148218152599808, 8372
148218205962384, 148218205971544, 9160
148218248267032, 148218248276384, 9352
148218269493608, 148218269502892, 9284
148218298625176, 148218298634984, 9808
148218310493616, 148218310500780, 7164
148218319857652, 148218319867192, 9540
148218343664828, 148218343674052, 9224
148218352778952, 148218352786036, 7084
148218433276716, 148218433287104, 10388
148218454436764, 148218454444492, 7728
148218540371716, 148218540380524, 8808
148218602085968, 148218602094428, 8460
148218613921028, 148218613927860, 6832
148218699062912, 148218699070868, 7956
148218860292696, 148218860300840, 8144
148218895803296, 148218895811444, 8148
148218902840660, 148218902849192, 8532
148218968699740, 148218968708072, 8332
148218981088464, 148218981096096, 7632
148219004757912, 148219004766204, 8292
148219066486124, 148219066493976, 7852
148219151930028, 148219151938228, 8200
148219161054776, 148219161062672, 7896
148219165406100, 148219165414392, 8292
148219184835364, 148219184843284, 7920
148219247073232, 148219247081444, 8212
148219256183576, 148219256191932, 8356
148219263243768, 148219263250636, 6868
148219275618156, 148219275625836, 7680
148219342434204, 148219342442328, 8124
148219363520708, 148219363528640, 7932
148219375364872, 148219375372608, 7736
148219384471036, 148219384478880, 7844
148219391514924, 148219391522748, 7824
148219412573776, 148219412581244, 7468
148219421688176, 148219421695032, 6856
148219428748212, 148219428755872, 7660
148219433114764, 148219433123072, 8308
148219519050228, 148219519058684, 8456
148219530900716, 148219530908188, 7472
148219535267952, 148219535276020, 8068
148219537411972, 148219537418792, 6820
148219549236764, 148219549244968, 8204
148219610978880, 148219610986832, 7952
148219611195612, 148219611202444, 6832
148219615550328, 148219615557152, 6824
148219636443860, 148219636453292, 9432
148219645368180, 148219645375916, 7736
148219666442776, 148219666450700, 7924
148219716994124, 148219717005312, 11188
148219721389152, 148219721397768, 8616
148219742620400, 148219742630940, 10540
148219852542584, 148219852553320, 10736
148219866649200, 148219866656648, 7448
148219879072660, 148219879082728, 10068
148219902390032, 148219902399308, 9276
148219909474212, 148219909482304, 8092
148219971879724, 148219971888644, 8920
148220093914920, 148220093924884, 9964
148220468154200, 148220468163424, 9224
148220477531832, 148220477541456, 9624
148220498795456, 148220498805540, 10084
148220604357912, 148220604368828, 10916
148220629157788, 148220629166492, 8704
148220710411448, 148220710421160, 9712
148220711136940, 148220711144452, 7512
148220732385336, 148220732394776, 9440
148220736738644, 148220736746604, 7960
148220753887836, 148220753897356, 9520
148220763033064, 148220763041144, 8080
148220763754436, 148220763760880, 6444
148220813754752, 148220813764356, 9604
148220822870964, 148220822879480, 8516
148220903508268, 148220903517172, 8904
148220971210188, 148220971219800, 9612
148220983598000, 148220983605364, 7364
148221007069328, 148221007078060, 8732
148221028316748, 148221028326632, 9884
148221036401360, 148221036408764, 7404
148221078212716, 148221078222008, 9292
148221080930248, 148221080938280, 8032
148221134343508, 148221134352320, 8812
148221201912516, 148221201922252, 9736
148221214291992, 148221214300044, 8052
148221243245548, 148221243253720, 8172
148221252351980, 148221252359968, 7988
148221259415936, 148221259424216, 8280
148221263781644, 148221263788580, 6936
148221276156648, 148221276164676, 8028
148221276897840, 148221276904708, 6868
148221343735972, 148221343743948, 7976
148221348082460, 148221348089388, 6928
148221360461120, 148221360468624, 7504
148221398684808, 148221398692848, 8040
148221407794980, 148221407803004, 8024
148221408536988, 148221408544988, 8000
148221429653028, 148221429660160, 7132
148221459172096, 148221459180992, 8896
148221467594104, 148221467601456, 7352
148221468335476, 148221468343244, 7768
148221505683140, 148221505693072, 9932
148221514783212, 148221514790668, 7456
148221580362488, 148221580371652, 9164
148221641954324, 148221641962996, 8672
148221709359184, 148221709368900, 9716
148221727196120, 148221727205344, 9224
148221756385968, 148221756395192, 9224
148221779930720, 148221779940384, 9664
148221886726484, 148221886735868, 9384
148221907829912, 148221907839620, 9708
148221973879880, 148221973889724, 9844
148221974624548, 148221974632444, 7896
148221983940496, 148221983949956, 9460
148222025716844, 148222025726076, 9232
148222026169216, 148222026177372, 8156
148222026892132, 148222026898360, 6228
148222049818148, 148222049827264, 9116
148222111763224, 148222111771656, 8432
148222178855180, 148222178864040, 8860
148222202737400, 148222202746892, 9492
148222203501124, 148222203509544, 8420
148222289059688, 148222289068680, 8992
148222296136176, 148222296143504, 7328
148222308536456, 148222308545612, 9156
148222370457872, 148222370467812, 9940
148222377520176, 148222377528104, 7928
148222386812104, 148222386819456, 7352
148222410079000, 148222410087640, 8640
148222490944952, 148222490952276, 7324
148222500222884, 148222500229572, 6688
148222523494688, 148222523502756, 8068
148222531897968, 148222531906052, 8084
148222553019952, 148222553028776, 8824
148222562109684, 148222562117724, 8040
148222623751144, 148222623759708, 8564
148222630785684, 148222630792904, 7220
148222742256304, 148222742266776, 10472
148222743695652, 148222743703532, 7880
148222750755656, 148222750763240, 7584
148222803940180, 148222803950124, 9944
148222884621780, 148222884630316, 8536
148222926438684, 148222926447208, 8524
148222927162944, 148222927169808, 6864
148222935620084, 148222935628316, 8232
148222944576872, 148222944585672, 8800
148222966299040, 148222966307800, 8760
148222970667416, 148222970675552, 8136
148222977734804, 148222977742664, 7860
148223044671224, 148223044680928, 9704
148223048078708, 148223048086960, 8252
148223059926396, 148223059933848, 7452
148223202781416, 148223202791572, 10156
148223285898948, 148223285909356, 10408
148223366460784, 148223366470084, 9300
148223373519020, 148223373527484, 8464
148223382466152, 148223382474136, 7984
148223394353800, 148223394360920, 7120
148223475557400, 148223475567268, 9868
148223484541548, 148223484550912, 9364
148223550034160, 148223550043656, 9496
148223558463016, 148223558471188, 8172
148223592078576, 148223592087984, 9408
148223613164516, 148223613173408, 8892
148223636526336, 148223636535132, 8796
148223645016136, 148223645025536, 9400
148223653946852, 148223653954944, 8092
148223665861004, 148223665870532, 9528
148223672916376, 148223672925028, 8652
148223685350652, 148223685360440, 9788
148223711134776, 148223711144380, 9604
148223723043472, 148223723053056, 9584
148223784977080, 148223784986464, 9384
148223806122188, 148223806131108, 8920
148223810488724, 148223810496668, 7944
148223818904440, 148223818911524, 7084
148223827876332, 148223827885564, 9232
148223849095684, 148223849104152, 8468
148223856135048, 148223856143076, 8028
148223885219676, 148223885229456, 9780
148223897073980, 148223897081836, 7856
148223902713164, 148223902722680, 9516
148223914549080, 148223914556080, 7000
148223995058564, 148223995068312, 9748
148224006952588, 148224006961804, 9216
148224015404140, 148224015411244, 7104
148224027287636, 148224027296032, 8396
148224031637016, 148224031644956, 7940
148224034321016, 148224034327792, 6776
148224046211944, 148224046221536, 9592
148224131820224, 148224131828280, 8056
148224136194168, 148224136201272, 7104
148224157307380, 148224157317164, 9784
148224166284100, 148224166293128, 9028
148224171724540, 148224171732772, 8232
148224252942084, 148224252950636, 8552
148224262329972, 148224262339172, 9200
148224270761704, 148224270769252, 7548
148224275110512, 148224275118680, 8168
148224340561240, 148224340570448, 9208
148224393902884, 148224393912360, 9476
148224405733620, 148224405742320, 8700
148224414150624, 148224414158776, 8152
148224426030208, 148224426038976, 8768
148224447722084, 148224447730652, 8568
148224489426956, 148224489435900, 8944
148224490999704, 148224491007580, 7876
148224512149036, 148224512158068, 9032
148224535489424, 148224535498724, 9300
148224559316768, 148224559326876, 10108
148224567788512, 148224567801484, 12972
148224588978452, 148224588989048, 10596
148224596043944, 148224596051616, 7672
148224614695028, 148224614705308, 10280
148224670530164, 148224670541208, 11044
148224682377108, 148224682385080, 7972
148224736366052, 148224736375424, 9372
148224803460964, 148224803470320, 9356
148225182997112, 148225183007620, 10508
148225299407116, 148225299415916, 8800
148225364856940, 148225364865588, 8648
148225506069696, 148225506080088, 10392
148225612949108, 148225612958780, 9672
148225622078756, 148225622086708, 7952
148225630552960, 148225630562192, 9232
148225683758280, 148225683766336, 8056
148225746272492, 148225746283764, 11272
148225806217900, 148225806227308, 9408
148225813289480, 148225813296664, 7184
148225825140408, 148225825148376, 7968
148225924953504, 148225924964184, 10680
148226299068028, 148226299076936, 8908
148226301724856, 148226301731836, 6980
148226354997032, 148226355005600, 8568
148226363408744, 148226363417044, 8300
148226370495244, 148226370505264, 10020
148226423682908, 148226423692080, 9172
148226432821564, 148226432830848, 9284
148226440423844, 148226440432240, 8396
148226525971088, 148226525979800, 8712
148226555421600, 148226555431708, 10108
148226562481188, 148226562489216, 8028
148226643178676, 148226643187792, 9116
148226650266588, 148226650276424, 9836
148226731246384, 148226731255324, 8940
148226772954896, 148226772964540, 9644
148226853511680, 148226853520424, 8744
148226874683120, 148226874692740, 9620
148227036289920, 148227036299056, 9136
148228577129764, 148228577140376, 10612
148228650935636, 148228650944392, 8756
148228718301840, 148228718310340, 8500
148228719042996, 148228719050592, 7596
148228727932280, 148228727940092, 7812
148228732278340, 148228732286520, 8180
148228761248308, 148228761256516, 8208
148228791655568, 148228791663584, 8016
148228812701884, 148228812710164, 8280
148228821131108, 148228821139276, 8168
148228886420504, 148228886428600, 8096
148228895313256, 148228895320764, 7508
148228896037564, 148228896045028, 7464
148228905159884, 148228905168068, 8184
148228912216232, 148228912223092, 6860
148228921119036, 148228921127400, 8364
148228934011496, 148228934018824, 7328
148228957290004, 148228957297376, 7372
148228966399780, 148228966407128, 7348
148228974806232, 148228974813068, 6836
148228981852648, 148228981859732, 7084
148228990965068, 148228990972724, 7656
148228995308700, 148228995315312, 6612
148229003730364, 148229003738340, 7976
148229084557412, 148229084565748, 8336
148229096996376, 148229097004132, 7756
148229097736844, 148229097744388, 7544
148229106826508, 148229106833828, 7320
148229148426044, 148229148434100, 8056
148229166227644, 148229166236088, 8444
148229233694612, 148229233704736, 10124
148229287249416, 148229287258636, 9220
148229287974396, 148229287981076, 6680
148229341190368, 148229341200692, 10324
148229362311580, 148229362320184, 8604
148229407916568, 148229407925224, 8656
148229420301460, 148229420309200, 7740
148229441975776, 148229441984352, 8576
148229449036316, 148229449044540, 8224
148229534519340, 148229534527900, 8560
148229555581144, 148229555591000, 9856
148229562651556, 148229562659648, 8092
148229566996760, 148229567004964, 8204
148229672392748, 148229672403388, 10640
148229715205528, 148229715213536, 8008
148230367919632, 148230367929484, 9852
148230934592748, 148230934601808, 9060
148230935324280, 148230935331968, 7688
148230939673472, 148230939681372, 7900
148231023481992, 148231023491476, 9484
148231032431828, 148231032441032, 9204
148231037238660, 148231037245988, 7328
148231060627380, 148231060635912, 8532
148231069761476, 148231069770896, 9420
148231097805260, 148231097808956, 3696
148231109634296, 148231109644556, 10260
148231116744384, 148231116752352, 7968
148231119715060, 148231119724900, 9840
148231131585580, 148231131593596, 8016
148231199254376, 148231199263068, 8692
148231220361676, 148231220371948, 10272
148231227430164, 148231227437940, 7776
148231236537900, 148231236546056, 8156
148231322236648, 148231322246992, 10344
148231331392428, 148231331401044, 8616
148231338501736, 148231338511380, 9644
148231347835192, 148231347843768, 8576
148231348565072, 148231348571916, 6844
148231386022112, 148231386030720, 8608
148231386924988, 148231386933240, 8252
148231393999060, 148231394006884, 7824
148231394905876, 148231394914140, 8264
148231404052820, 148231404061932, 9112
148231412488292, 148231412496652, 8360
148231498645856, 148231498656984, 11128
148231505720380, 148231505728828, 8448
148231514149556, 148231514157908, 8352
148231514904180, 148231514912348, 8168
148231526804920, 148231526815036, 10116
148231539199272, 148231539209032, 9760
148231543566160, 148231543574788, 8628
148231555426628, 148231555435384, 8756
148231562524680, 148231562534628, 9948
148231574384692, 148231574393548, 8856
148231575124916, 148231575132760, 7844
148231580375528, 148231580385668, 10140
148231592225916, 148231592233444, 7528
148231781891128, 148231781901084, 9956
148231798693380, 148231798701484, 8104
148231840410144, 148231840419648, 9504
148231847488700, 148231847498036, 9336
148231908676852, 148231908685920, 9068
148231930369936, 148231930378136, 8200
148231983676040, 148231983685000, 8960
148231995530508, 148231995538144, 7636
148231997143536, 148231997150400, 6864
148232008997416, 148232009007636, 10220
148232016093204, 148232016101488, 8284
148232136777340, 148232136787932, 10592
148232141141680, 148232141149436, 7756
148232203553328, 148232203561724, 8396
148232215411476, 148232215419228, 7752
148232236492468, 148232236501512, 9044
148232265513688, 148232265523196, 9508
148232327351712, 148232327361208, 9496
148232348529820, 148232348539680, 9860
148232360405456, 148232360414720, 9264
148232372778920, 148232372787612, 8692
148232393896256, 148232393904748, 8492
148232405748664, 148232405756876, 8212
148232459424092, 148232459432536, 8444
148232494938884, 148232494947336, 8452
148232504250388, 148232504257708, 7320
148232516089260, 148232516097384, 8124
148232557743364, 148232557752184, 8820
148232643432696, 148232643442076, 9380
148232652715448, 148232652723088, 7640
148232670687100, 148232670695488, 8388
148232671428340, 148232671436320, 7980
148232679053712, 148232679063792, 10080
148232790854988, 148232790866248, 11260
148232909676568, 148232909686040, 9472
148232914057044, 148232914065880, 8836
148232923887900, 148232923896020, 8120
148232935799712, 148232935808660, 8948
148232940406064, 148232940413188, 7124
148232952323984, 148232952333616, 9632
148232959386236, 148232959393564, 7328
148232960109996, 148232960117072, 7076
148232969054036, 148232969061120, 7084
148232980952756, 148232980960944, 8188
148232984279476, 148232984286468, 6992
148232996174720, 148232996184012, 9292
148233004618320, 148233004626140, 7820
148233006219960, 148233006227012, 7052
148233018100388, 148233018109976, 9588
148233018848404, 148233018856268, 7864
148233021627664, 148233021635832, 8168
148233083561616, 148233083571336, 9720
148233136946780, 148233136954864, 8084
148233145875944, 148233145883420, 7476
148233175748588, 148233175757536, 8948
148233182799680, 148233182806700, 7020
148233195205776, 148233195215356, 9580
148233204515536, 148233204523492, 7956
148233213466816, 148233213476892, 10076
148233275442884, 148233275452228, 9344
148233385138472, 148233385148648, 10176
148233399265240, 148233399273572, 8332
148233440975900, 148233440986900, 11000
