41087675765104, 41087675803560, 38456
41087709659040, 41087709661544, 2504
41088168574132, 41088168584912, 10780
41088440166796, 41088440174940, 8144
41088441734340, 41088441741296, 6956
41088860179700, 41088860188156, 8456
41089181123068, 41089181131664, 8596
41090074151336, 41090074160580, 9244
41090261334520, 41090261342280, 7760
41090279473280, 41090279480692, 7412
41091171829240, 41091171837696, 8456
41091608521876, 41091608529656, 7780
41092020338708, 41092020346652, 7944
41092578133820, 41092578142592, 8772
41093080919640, 41093080927476, 7836
41093730288496, 41093730296812, 8316
41094033588140, 41094033596676, 8536
41094469694124, 41094469701428, 7304
41094471259440, 41094471266804, 7364
41094889771948, 41094889781660, 9712
41095502656008, 41095502664624, 8616
41096152520084, 41096152528124, 8040
41096422101176, 41096422109692, 8516
41097071918572, 41097071926900, 8328
41097964193872, 41097964202540, 8668
41098695007436, 41098695016248, 8812
41099116351540, 41099116359780, 8240
41099928439076, 41099928447628, 8552
41100249860216, 41100249868616, 8400
41100521437796, 41100521446264, 8468
41101413707260, 41101413716008, 8748
41101833630924, 41101833642072, 11148
41102017551504, 41102017559844, 8340
41102520382264, 41102520391100, 8836
41103251185740, 41103251194384, 8644
41103439459512, 41103439467720, 8208
41103858501376, 41103858509848, 8472
41104361325852, 41104361334232, 8380
41105660497408, 41105660505952, 8544
41106133896596, 41106133904928, 8332
41106405477968, 41106405485832, 7864
41106704067652, 41106704075632, 7980
41107408244984, 41107408257540, 12556
41107581654560, 41107581663736, 9176
41108318009864, 41108318024932, 15068
41086975487464, 41086975525420, 37956
41087779488516, 41087779496432, 7916
41088428304084, 41088428313144, 9060
41088849632432, 41088849641292, 8860
41089666951920, 41089666963696, 11776
41090103537132, 41090103546216, 9084
41090424392772, 41090424401120, 8348
41091074211936, 41091074220328, 8392
41091687067648, 41091687076364, 8716
41091874728364, 41091874736452, 8088
41092043570328, 41092043578152, 7824
41092516911724, 41092516919936, 8212
41092704009964, 41092704017800, 7836
41093125194916, 41093125202216, 7300
41093298387492, 41093298395412, 7920
41093709639332, 41093709647996, 8664
41094680588228, 41094680600464, 12236
41094756714360, 41094756722260, 7900
41095649477792, 41095649486108, 8316
41095787542748, 41095787550508, 7760
41095789127968, 41095789135280, 7312
41096390762100, 41096390773484, 11384
41097202730112, 41097202738852, 8740
41097390416400, 41097390424532, 8132
41098003828340, 41098003837412, 9072
41098306557428, 41098306566064, 8636
41098809404024, 41098809412372, 8348
41098992797120, 41098992805072, 7952
41099123569116, 41099123576284, 7168
41099626464492, 41099626473084, 8592
41099814084304, 41099814092540, 8236
41100463320404, 41100463328728, 8324
41100736301808, 41100736313896, 12088
41101057820744, 41101057829252, 8508
41101478596344, 41101478604944, 8600
41101890357360, 41101890365852, 8492
41102308699768, 41102308707712, 7944
41102729327072, 41102729335188, 8116
41102902513200, 41102902521216, 8016
41103405195116, 41103405203604, 8488
41103708499740, 41103708508292, 8552
41104029958544, 41104029966352, 7808
41104299519268, 41104299527652, 8384
41104487259916, 41104487267340, 7424
41104808074612, 41104808082044, 7432
41104938370360, 41104938378408, 8048
41105768141988, 41105768152616, 10628
41106580048304, 41106580057688, 9384
41107192643924, 41107192651932, 8008
41107604463496, 41107604472036, 8540
41107925317460, 41107925326256, 8796
41086969500284, 41086969537792, 37508
41087859303116, 41087859313908, 10792
41088361962128, 41088361971324, 9196
41088664811552, 41088664819972, 8420
41089314857244, 41089314865812, 8568
41089502067360, 41089502074560, 7200
41090152108968, 41090152117060, 8092
41090153675692, 41090153682680, 6988
41090572239416, 41090572247240, 7824
41090744974088, 41090744982276, 8188
41091066491952, 41091066500144, 8192
41091253661736, 41091253669784, 8048
41091552894484, 41091552902648, 8164
41091822664912, 41091822672644, 7732
41092325487352, 41092325495948, 8596
41092646447640, 41092646456120, 8480
41093083119988, 41093083128480, 8492
41093814181820, 41093814189944, 8124
41094463635496, 41094463643612, 8116
41094966562324, 41094966569792, 7468
41095378472520, 41095378481064, 8544
41096259089092, 41096259099916, 10824
41096670429372, 41096670438832, 9460
41096801260052, 41096801268604, 8552
41097237439508, 41097237448212, 8704
41098050279036, 41098050288440, 9404
41098319926344, 41098319934648, 8304
41098727250044, 41098727257372, 7328
41098728818536, 41098728825888, 7352
41099342382512, 41099342390820, 8308
41100234874028, 41100234882812, 8784
41101859733520, 41101859741948, 8428
41102162515744, 41102162522732, 6988
41103788149560, 41103788157876, 8316
41104758605020, 41104758616876, 11856
41105261539432, 41105261547936, 8504
41105582596580, 41105582604772, 8192
41105584163156, 41105584170392, 7236
41105853778312, 41105853786676, 8364
41106041554068, 41106041562000, 7932
41106171802552, 41106171811244, 8692
41106474602904, 41106474611204, 8300
41106893049680, 41106893057928, 8248
41107136902540, 41107136913164, 10624
41107267711412, 41107267719768, 8356
41107570621760, 41107570630216, 8456
41087655809010, 41087655849220, 40210
41087867289756, 41087867298620, 8864
41088678846736, 41088678855096, 8360
41088866487092, 41088866494760, 7668
41089135993444, 41089136000908, 7464
41089609313064, 41089609321204, 8140
41090222056248, 41090222063964, 7716
41090491562700, 41090491571244, 8544
41091032220684, 41091032229168, 8484
41091215538364, 41091215546656, 8292
41091865227372, 41091865235924, 8552
41091869631612, 41091869638792, 7180
41092069172160, 41092069183572, 11412
41092718166652, 41092718174988, 8336
41092859308032, 41092859317156, 9124
41093043178424, 41093043186904, 8480
41093173339968, 41093173348156, 8188
41093494065912, 41093494074584, 8672
41093996807356, 41093996815588, 8232
41094180698868, 41094180707016, 8148
41094452163144, 41094452171240, 8096
41095264440652, 41095264447972, 7320
41095535907112, 41095535915516, 8404
41095957974300, 41095957982544, 8244
41096141808100, 41096141816124, 8024
41096755002656, 41096755010848, 8192
41097053535776, 41097053543868, 8092
41097892327180, 41097892335284, 8104
41098076109132, 41098076117652, 8520
41098725156972, 41098725164816, 7844
41099283321636, 41099283329392, 7756
41099455971864, 41099455979016, 7152
41099929244204, 41099929252120, 7916
41100340871420, 41100340879776, 8356
41100528497624, 41100528505748, 8124
41100946210096, 41100946218456, 8360
41101382683480, 41101382691612, 8132
41101513435900, 41101513444268, 8368
41102162555776, 41102162564180, 8404
41102461036284, 41102461043632, 7348
41103110641660, 41103110649500, 7840
41103112574076, 41103112580644, 6568
41103222311632, 41103222318272, 6640
41103872425804, 41103872433800, 7996
41104758620880, 41104758624272, 3392
41105570277696, 41105570287612, 9916
41106183009312, 41106183016968, 7656
41106913468164, 41106913476392, 8228
41107334584708, 41107334591860, 7152
41108065236716, 41108065244812, 8096
