41082811717728, 41082811727120, 9392
41082903828044, 41082903830200, 2156
41082906329248, 41082906337252, 8004
41082965824544, 41082965833008, 8464
41087675757884, 41087675764696, 6812
41087709654784, 41087709658844, 4060
41088168569844, 41088168573936, 4092
41088440155880, 41088440166596, 10716
41088441727356, 41088441734132, 6776
41088860172292, 41088860179504, 7212
41089181113456, 41089181122872, 9416
41090074142004, 41090074151088, 9084
41090261327076, 41090261334316, 7240
41090279471844, 41090279473068, 1224
41091171821428, 41091171829052, 7624
41091608514324, 41091608521676, 7352
41092020330696, 41092020338508, 7812
41092578125000, 41092578133616, 8616
41093080910612, 41093080919436, 8824
41093730281636, 41093730288292, 6656
41094033579796, 41094033587940, 8144
41094469686436, 41094469693928, 7492
41094471252912, 41094471259244, 6332
41094889761800, 41094889771748, 9948
41095502647136, 41095502655812, 8676
41096152512008, 41096152519892, 7884
41096422093248, 41096422100980, 7732
41097071910248, 41097071918372, 8124
41097964185240, 41097964193672, 8432
41098694998796, 41098695007232, 8436
41099116342976, 41099116351344, 8368
41099928431256, 41099928438876, 7620
41100249850796, 41100249860012, 9216
41100521429736, 41100521437596, 7860
41101413698332, 41101413707048, 8716
41101833627460, 41101833630728, 3268
41102017541544, 41102017551304, 9760
41102520373016, 41102520382064, 9048
41103251177912, 41103251185540, 7628
41103439451288, 41103439459308, 8020
41103858491988, 41103858501176, 9188
41104361317248, 41104361325668, 8420
41105011125792, 41105011131276, 5484
41105660489168, 41105660497212, 8044
41106133888552, 41106133896400, 7848
41106405469940, 41106405477768, 7828
41106704058788, 41106704067448, 8660
41107408241532, 41107408244788, 3256
41107581651760, 41107581654364, 2604
41108318006412, 41108318009660, 3248
41082904049048, 41082904070428, 21380
41082910083148, 41082910091316, 8168
41082963688804, 41082963697288, 8484
41086975482250, 41086975486996, 4746
41087779482500, 41087779488320, 5820
41088428287492, 41088428303888, 16396
41088849618172, 41088849632236, 14064
41089666948536, 41089666951728, 3192
41090103527772, 41090103536900, 9128
41090424382640, 41090424392584, 9944
41091074203456, 41091074211736, 8280
41091687057784, 41091687067452, 9668
41091874720100, 41091874728168, 8068
41092043562364, 41092043570132, 7768
41092516905260, 41092516911528, 6268
41092704001960, 41092704009772, 7812
41093125187292, 41093125194724, 7432
41093298379876, 41093298387296, 7420
41093709631164, 41093709639140, 7976
41094680583972, 41094680588032, 4060
41094756712512, 41094756714168, 1656
41095649467944, 41095649477568, 9624
41095787534520, 41095787542552, 8032
41095789120876, 41095789127780, 6904
41096390758508, 41096390761856, 3348
41097202721400, 41097202729916, 8516
41097390407788, 41097390416212, 8424
41098003819452, 41098003828080, 8628
41098306547796, 41098306557232, 9436
41098809395652, 41098809403840, 8188
41098992788416, 41098992796924, 8508
41099123561620, 41099123568924, 7304
41099626455536, 41099626464296, 8760
41099814075636, 41099814084112, 8476
41100463313376, 41100463320212, 6836
41100736298524, 41100736301620, 3096
41101057810460, 41101057820552, 10092
41101478587344, 41101478596144, 8800
41101890349224, 41101890357164, 7940
41102308692256, 41102308699504, 7248
41102729318756, 41102729326880, 8124
41102902505228, 41102902513012, 7784
41103405187224, 41103405194920, 7696
41103708490384, 41103708499484, 9100
41104029950752, 41104029958348, 7596
41104299512276, 41104299519072, 6796
41104487253252, 41104487259712, 6460
41104808066520, 41104808074416, 7896
41104938362704, 41104938370164, 7460
41105768138648, 41105768141788, 3140
41106580040316, 41106580048044, 7728
41107192635512, 41107192643732, 8220
41107604459328, 41107604463244, 3916
41107925313404, 41107925317276, 3872
41086969495284, 41086969499970, 4686
41087859296076, 41087859302924, 6848
41088361945332, 41088361961900, 16568
41088664796668, 41088664811356, 14688
41089314842468, 41089314857052, 14584
41089502056340, 41089502067172, 10832
41090152101028, 41090152108716, 7688
41090153668896, 41090153675496, 6600
41090572231152, 41090572239220, 8068
41090744966436, 41090744973888, 7452
41091066482444, 41091066491752, 9308
41091253652976, 41091253661540, 8564
41091552886788, 41091552894292, 7504
41091822657696, 41091822664716, 7020
41092325479088, 41092325487160, 8072
41092646439672, 41092646447452, 7780
41093083112048, 41093083119796, 7748
41093814173900, 41093814181628, 7728
41094463627320, 41094463635300, 7980
41094966554568, 41094966562128, 7560
41095378464672, 41095378472336, 7664
41096259070056, 41096259088896, 18840
41096670407244, 41096670429180, 21936
41096801239992, 41096801259860, 19868
41097237419448, 41097237439312, 19864
41098050250292, 41098050278792, 28500
41098319917788, 41098319926152, 8364
41098727242008, 41098727249848, 7840
41098728811488, 41098728818336, 6848
41099342374364, 41099342382316, 7952
41100234864440, 41100234873788, 9348
41101047697292, 41101047702904, 5612
41101859726180, 41101859733332, 7152
41102162509692, 41102162515548, 5856
41102974757404, 41102974763032, 5628
41103788142112, 41103788149364, 7252
41104758600632, 41104758604832, 4200
41105261529252, 41105261539240, 9988
41105582587964, 41105582596380, 8416
41105584156516, 41105584162964, 6448
41105853769316, 41105853778120, 8804
41106041545828, 41106041553876, 8048
41106171794220, 41106171802356, 8136
41106474594744, 41106474602708, 7964
41106893041784, 41106893049484, 7700
41107136883464, 41107136902340, 18876
41107267707784, 41107267711156, 3372
41107570618288, 41107570621512, 3224
41082803560272, 41082803569736, 9464
41082904018500, 41082904020976, 2476
41087655802770, 41087655808684, 5914
41087867285772, 41087867289560, 3788
41088678835344, 41088678846532, 11188
41088866477884, 41088866486896, 9012
41089135985384, 41089135993248, 7864
41089609304888, 41089609312876, 7988
41090222048096, 41090222055996, 7900
41090491554768, 41090491562508, 7740
41091032212528, 41091032220496, 7968
41091215529624, 41091215538172, 8548
41091865218596, 41091865227184, 8588
41091869630040, 41091869631412, 1372
41092069164304, 41092069171972, 7668
41092718157580, 41092718166404, 8824
41092859273476, 41092859307836, 34360
41093043168536, 41093043178204, 9668
41093173331352, 41093173339772, 8420
41093494056952, 41093494065720, 8768
41093996799436, 41093996807136, 7700
41094180690764, 41094180698676, 7912
41094452155212, 41094452162948, 7736
41095264434440, 41095264440456, 6016
41095535899236, 41095535906916, 7680
41095957965496, 41095957974108, 8612
41096141799944, 41096141807820, 7876
41096754994568, 41096755002464, 7896
41097053527412, 41097053535592, 8180
41097474139292, 41097474146624, 7332
41097892318852, 41097892326980, 8128
41098076099956, 41098076108940, 8984
41098725148500, 41098725156776, 8276
41099283312832, 41099283321444, 8612
41099455963704, 41099455971652, 7948
41099929235988, 41099929244008, 8020
41100340862432, 41100340871224, 8792
41100528489572, 41100528497432, 7860
41100946202396, 41100946209904, 7508
41101382675364, 41101382683284, 7920
41101513426840, 41101513435704, 8864
41102162547076, 41102162555572, 8496
41102461028664, 41102461036084, 7420
41103110634392, 41103110641468, 7076
41103112572740, 41103112573884, 1144
41103222310192, 41103222311380, 1188
41103872417220, 41103872425608, 8388
41104758617748, 41104758620692, 2944
41105570268492, 41105570277500, 9008
41106183000456, 41106183009124, 8668
41106913459812, 41106913467968, 8156
41107334578024, 41107334584516, 6492
41108065233228, 41108065236520, 3292
