145778424297096, 145778424309416, 12320
145779579413044, 145779579417292, 4248
145780740663668, 145780740668044, 4376
145781901939028, 145781901943340, 4312
145783063101148, 145783063105532, 4384
145784224279180, 145784224283756, 4576
145785385440912, 145785385445340, 4428
145786546714388, 145786546719056, 4668
145787707917988, 145787707922428, 4440
145788869077364, 145788869081844, 4480
145790030384724, 145790030389208, 4484
145791191494136, 145791191498924, 4788
145792352715952, 145792352720504, 4552
145793513976172, 145793513980904, 4732
145794675082040, 145794675086648, 4608
145795836243956, 145795836248256, 4300
145796997484884, 145796997488936, 4052
145798158725056, 145798158729016, 3960
145799319852408, 145799319857000, 4592
145778420366592, 145778420380904, 14312
145779799154396, 145779799158244, 3848
145781179577948, 145781179581928, 3980
145782560301392, 145782560305572, 4180
145783940954480, 145783940958432, 3952
145785321609900, 145785321613964, 4064
145786702308464, 145786702312860, 4396
145788082968604, 145788082972600, 3996
145789463573244, 145789463577452, 4208
145790844268632, 145790844272624, 3992
145792224998620, 145792225002756, 4136
145793605599104, 145793605603072, 3968
145794986385524, 145794986389360, 3836
145796366995608, 145796366999652, 4044
145797747744384, 145797747748484, 4100
145799128285828, 145799128290220, 4392
