145778424293592, 145778424296848, 3256
145779579408120, 145779579412828, 4708
145780740658248, 145780740663456, 5208
145781901932152, 145781901938812, 6660
145783063096124, 145783063100936, 4812
145784224272688, 145784224278968, 6280
145785385433728, 145785385440700, 6972
145786546708292, 145786546714196, 5904
145787707913056, 145787707917768, 4712
145788869071860, 145788869077148, 5288
145790030379688, 145790030384528, 4840
145791191488988, 145791191493944, 4956
145792352710744, 145792352715740, 4996
145793513969116, 145793513975960, 6844
145794675076780, 145794675081840, 5060
145795836238876, 145795836243760, 4884
145796997478276, 145796997484668, 6392
145798158717612, 145798158724844, 7232
145799319844404, 145799319852196, 7792
145778420362864, 145778420366264, 3400
145779799148476, 145779799154068, 5592
145781179573392, 145781179577612, 4220
145782560296248, 145782560301028, 4780
145783940947544, 145783940954116, 6572
145785321603052, 145785321609596, 6544
145786702302780, 145786702308076, 5296
145788082963280, 145788082968320, 5040
145789463568088, 145789463572888, 4800
145790844262216, 145790844268288, 6072
145792224991392, 145792224998272, 6880
145793605591144, 145793605598768, 7624
145794986377996, 145794986385144, 7148
145796366988932, 145796366995252, 6320
145797747737144, 145797747744080, 6936
145799128283080, 145799128285340, 2260
