39223554544388, 39223554556880, 12492
39223643430892, 39223643440624, 9732
39223774444876, 39223774453852, 8976
39223775170440, 39223775178164, 7724
39223784275888, 39223784283680, 7792
39223805379232, 39223805387988, 8756
39223811651980, 39223811659144, 7164
39223876860868, 39223876868660, 7792
39223883896196, 39223883903668, 7472
39223945576560, 39223945584180, 7620
39223954855340, 39223954863352, 8012
39223963965188, 39223963973068, 7880
39223987192636, 39223987200528, 7892
39223994811340, 39223994819500, 8160
39224003215388, 39224003223648, 8260
39224015055900, 39224015063444, 7544
39224076695952, 39224076703116, 7164
39224085094024, 39224085102304, 8280
39224097466128, 39224097474516, 8388
39224104502312, 39224104510532, 8220
39224169740464, 39224169747992, 7528
39224231393176, 39224231401304, 8128
39224252985688, 39224252993612, 7924
39224274074248, 39224274081376, 7128
39224335726772, 39224335734652, 7880
39224358978160, 39224358986164, 8004
39224359702308, 39224359709992, 7684
39224372060428, 39224372068456, 8028
39224437286868, 39224437295148, 8280
39224445691984, 39224445699052, 7068
39224452746204, 39224452753212, 7008
39224461831240, 39224461838864, 7624
39224674600416, 39224674608988, 8572
39224677794904, 39224677801756, 6852
39224730840672, 39224730848988, 8316
39224760329732, 39224760337168, 7436
39224761052624, 39224761060036, 7412
39224770154404, 39224770161444, 7040
39224791233504, 39224791240380, 6876
39224798282552, 39224798289996, 7444
39224859924460, 39224859931800, 7340
39224869009648, 39224869016928, 7280
39224892269108, 39224892276280, 7172
39224953930132, 39224953938244, 8112
39225114946948, 39225114955632, 8684
39225143877924, 39225143886644, 8720
39225153171352, 39225153179672, 8320
39225160207924, 39225160216016, 8092
39225213277332, 39225213286380, 9048
39225279054928, 39225279063172, 8244
39225288141856, 39225288149252, 7396
39225300518504, 39225300526360, 7856
39225321607828, 39225321615808, 7980
39225388392644, 39225388400420, 7776
39225400743920, 39225400751888, 7968
39225462386304, 39225462394508, 8204
39225470800452, 39225470807648, 7196
39225479908748, 39225479916324, 7576
39225553737968, 39225553749488, 11520
39225554468724, 39225554476612, 7888
39225561507952, 39225561515708, 7756
39225626728208, 39225626735704, 7496
39225725310176, 39225725321660, 11484
39225885025576, 39225885034252, 8676
39225885748496, 39225885756376, 7880
39225909417780, 39225909425624, 7844
39225995323428, 39225995331876, 8448
39226007160896, 39226007169128, 8232
39226072374728, 39226072383016, 8288
39226134024460, 39226134032844, 8384
39226138388640, 39226138396388, 7748
39226139110208, 39226139117704, 7496
39226148002724, 39226148010352, 7628
39226189574400, 39226189582252, 7852
39226210688680, 39226210696772, 8092
39226219578040, 39226219586084, 8044
39226231412964, 39226231420488, 7524
39226252998368, 39226253005444, 7076
39226261885680, 39226261893396, 7716
39226262627276, 39226262634020, 6744
39226283716448, 39226283724552, 8104
39226348956552, 39226348964440, 7888
39226360795820, 39226360803404, 7584
39226361516884, 39226361524324, 7440
39226370623924, 39226370631688, 7764
39226437372180, 39226437380380, 8200
39226523180712, 39226523189016, 8304
39226532291648, 39226532299320, 7672
39226597530340, 39226597538120, 7780
39226703649236, 39226703657256, 8020
39226704371324, 39226704378756, 7432
39226716206740, 39226716214852, 8112
39226724612876, 39226724620908, 8032
39226734071956, 39226734079988, 8032
39226745910504, 39226745917508, 7004
39226754818084, 39226754825636, 7552
39226775830980, 39226775838028, 7048
39226784233628, 39226784241320, 7692
39226788576316, 39226788584552, 8236
39226868844316, 39226868852356, 8040
39226935600380, 39226935608160, 7780
39226944506596, 39226944514504, 7908
39226956340232, 39226956346820, 6588
39226977350152, 39226977357944, 7792
39227013394972, 39227013403328, 8356
39227017742160, 39227017749252, 7092
39227029582444, 39227029590324, 7880
39227050693060, 39227050700008, 6948
39227062529284, 39227062536864, 7580
39227127742456, 39227127750360, 7904
39227136865316, 39227136874100, 8784
39227145757640, 39227145766048, 8408
39227207408208, 39227207416296, 8088
39227293221400, 39227293229656, 8256
39227293965672, 39227293973484, 7812
39227302861488, 39227302869712, 8224
39227368090812, 39227368098672, 7860
39227429743052, 39227429750884, 7832
39227450754088, 39227450760848, 6760
39227524801992, 39227524810244, 8252
39227532940296, 39227532947264, 6968
39227544754556, 39227544762184, 7628
39227545500480, 39227545508164, 7684
39227554588584, 39227554596204, 7620
39227558956556, 39227558963652, 7096
39227570774796, 39227570782396, 7600
39227632434532, 39227632441888, 7356
39227636797344, 39227636805360, 8016
39227645688764, 39227645697008, 8244
39227657527848, 39227657534824, 6976
39227719166272, 39227719174440, 8168
39227796333500, 39227796344584, 11084
39228062081012, 39228062089572, 8560
39228066428884, 39228066437128, 8244
39228075320412, 39228075327432, 7020
39228128381336, 39228128389876, 8540
39228164360724, 39228164369224, 8500
39228172766856, 39228172775184, 8328
39228173510560, 39228173518496, 7936
39228182399808, 39228182406644, 6836
39228189451808, 39228189459196, 7388
39228231580912, 39228231588512, 7600
39228240471280, 39228240478200, 6920
39228241216624, 39228241225128, 8504
39228245568880, 39228245576112, 7232
39228254451720, 39228254459288, 7568
39228339719684, 39228339728708, 9024
39228419952096, 39228419959856, 7760
39228482146732, 39228482155160, 8428
39228500334968, 39228500342732, 7764
39228504703756, 39228504711604, 7848
39228511737904, 39228511745344, 7440
39228578444536, 39228578451912, 7376
39228579167192, 39228579173728, 6536
39228587556676, 39228587563484, 6808
39228649192744, 39228649200556, 7812
39228658486188, 39228658493556, 7368
39228681714352, 39228681722304, 7952
39228735323032, 39228735331252, 8220
39228743723692, 39228743730616, 6924
39228753010320, 39228753017208, 6888
39228806041644, 39228806049416, 7772
39229534136524, 39229534147244, 10720
39230339708824, 39230339718560, 9736
39230340455288, 39230340463264, 7976
39230349545176, 39230349553492, 8316
39230356600068, 39230356607260, 7192
39230380267532, 39230380275648, 8116
39230386029984, 39230386036804, 6820
39230397846416, 39230397854232, 7816
39230402209168, 39230402216672, 7504
39230403988504, 39230403995340, 6836
39230407977120, 39230407983840, 6720
39230419792620, 39230419800700, 8080
39230500613788, 39230500621880, 8092
39230501335480, 39230501341864, 6384
39230505679708, 39230505687940, 8232
39230576648056, 39230576656168, 8112
39230661835796, 39230661843780, 7984
39230662558420, 39230662565928, 7508
39230729886956, 39230729894108, 7152
39230730612968, 39230730620404, 7436
39230734962672, 39230734969888, 7216
39230776539592, 39230776546816, 7224
39230861783844, 39230861791452, 7608
39230882798080, 39230882807004, 8924
39230895171844, 39230895180100, 8256
39230904447648, 39230904455680, 8032
39230933386048, 39230933394284, 8236
39231014161956, 39231014169432, 7476
39231014901808, 39231014908532, 6724
39231023975816, 39231023982804, 6988
39231033268928, 39231033276068, 7140
39231041670140, 39231041677584, 7444
39231062698528, 39231062706712, 8184
39231115749692, 39231115756792, 7100
39231124153416, 39231124160292, 6876
39231177218396, 39231177225824, 7428
39231186509196, 39231186517040, 7844
39231187232528, 39231187240292, 7764
39231188121816, 39231188128724, 6908
39231196529508, 39231196536560, 7052
39231257839852, 39231257847704, 7852
39231286789748, 39231286797684, 7936
39231513360732, 39231513364112, 3380
39231991978092, 39231991987980, 9888
39232013088852, 39232013097508, 8656
39232036334364, 39232036342432, 8068
39232065247556, 39232065255040, 7484
39232065989476, 39232065996348, 6872
39232086987008, 39232086995392, 8384
39232265504892, 39232265515928, 11036
39232282312416, 39232282321044, 8628
39232347557808, 39232347566412, 8604
39232356645472, 39232356653696, 8224
39232377758080, 39232377766512, 8432
39232386653840, 39232386661976, 8136
39232428235020, 39232428242324, 7304
39232437138536, 39232437146716, 8180
39232449501688, 39232449508900, 7212
39232458388044, 39232458395944, 7900
39232459133836, 39232459141852, 8016
39232487700000, 39232487708160, 8160
39232666551128, 39232666562680, 11552
39232667991796, 39232667999868, 8072
39232776307824, 39232776324830, 17006
39232803017152, 39232803025276, 8124
39232803741588, 39232803748184, 6596
39232888976312, 39232888983632, 7320
39232889698756, 39232889706392, 7636
39232896756900, 39232896765024, 8124
39232958399520, 39232958406568, 7048
39233044165416, 39233044173216, 7800
39233044893112, 39233044900408, 7296
39233086455312, 39233086463848, 8536
39233094864468, 39233094872460, 7992
39233115702428, 39233115710464, 8036
39233136792208, 39233136800308, 8100
39233145703516, 39233145711256, 7740
39233152742388, 39233152750556, 8168
39233157086148, 39233157093840, 7692
39233157827580, 39233157835556, 7976
39233186755836, 39233186763212, 7376
39233207864724, 39233207872088, 7364
39233208588300, 39233208595912, 7612
39233217494448, 39233217502196, 7748
39233237185064, 39233237192188, 7124
39233246071324, 39233246078300, 6976
39233288597816, 39233288605656, 7840
39233355357452, 39233355365596, 8144
39233364246096, 39233364253616, 7520
39233385354564, 39233385362556, 7992
39233471136868, 39233471144884, 8016
39233475479688, 39233475487180, 7492
39233504395732, 39233504403836, 8104
39233511445664, 39233511453420, 7756
39233553013044, 39233553021156, 8112
39233562293452, 39233562301892, 8440
39233722038304, 39233722048804, 10500
39233736122740, 39233736131120, 8380
39233744531596, 39233744539536, 7940
39233773774016, 39233773782108, 8092
39233797024492, 39233797032560, 8068
39233797749404, 39233797757252, 7848
39233818857800, 39233818864868, 7068
39233827261980, 39233827268864, 6884
39233888915640, 39233888922728, 7088
39233897318424, 39233897325856, 7432
39233967858956, 39233967868036, 9080
39233969384448, 39233969391216, 6768
39233977783768, 39233977791864, 8096
39233983132532, 39233983140012, 7480
39234103072724, 39234103084268, 11544
39234121260624, 39234121269000, 8376
39234128298076, 39234128305152, 7076
39234189958532, 39234189967080, 8548
39234255778588, 39234255785720, 7132
39234317435080, 39234317443448, 8368
39234326732780, 39234326741196, 8416
39234339090120, 39234339098028, 7908
39234346129756, 39234346137604, 7848
39234354554160, 39234354561936, 7776
39234375649176, 39234375656980, 7804
39234379996772, 39234380005028, 8256
39234389106956, 39234389113840, 6884
39234396140584, 39234396147908, 7324
39234437717592, 39234437724916, 7324
39234450074020, 39234450081144, 7124
39234471740092, 39234471747296, 7204
39234481033152, 39234481041028, 7876
39234546287520, 39234546294412, 6892
39234567377628, 39234567385384, 7756
39234590630768, 39234590638596, 7828
39234599034816, 39234599041680, 6864
39234620143232, 39234620151388, 8156
39234632500704, 39234632508428, 7724
39234653521496, 39234653529376, 7880
39234657884928, 39234657892816, 7888
39234681534616, 39234681541980, 7364
39234702647384, 39234702655144, 7760
39234709700868, 39234709707772, 6904
39234718662040, 39234718669036, 6996
39234742324900, 39234742331872, 6972
39234746669464, 39234746676260, 6796
39234758508260, 39234758516028, 7768
39234767617644, 39234767625696, 8052
39234832840420, 39234832847288, 6868
39234841946996, 39234841954504, 7508
39234927208028, 39234927215784, 7756
39234948301452, 39234948309412, 7960
39234972530568, 39234972537796, 7228
39234972997020, 39234973003920, 6900
39234984814912, 39234984822496, 7584
39235026392720, 39235026401008, 8288
39235055333300, 39235055341616, 8316
39235120549400, 39235120557588, 8188
39235128977388, 39235128985084, 7696
39235195740916, 39235195749576, 8660
39235257952804, 39235257960772, 7968
39235265005788, 39235265014092, 8304
39235288250144, 39235288258324, 8180
39235297338292, 39235297345176, 6884
39235358995944, 39235359004256, 8312
39235382667788, 39235382675676, 7888
39235389703744, 39235389711648, 7904
39235410820460, 39235410828276, 7816
39235478168448, 39235478176292, 7844
39235487257152, 39235487265120, 7968
39235494312184, 39235494319876, 7692
39235579576692, 39235579585044, 8352
39235644793200, 39235644801340, 8140
39235653198936, 39235653206600, 7664
39235662310900, 39235662318816, 7916
39235663033076, 39235663040620, 7544
39235725265740, 39235725273664, 7924
39235746358592, 39235746366676, 8084
39235753952232, 39235753959304, 7072
39235815609496, 39235815617436, 7940
39235816334304, 39235816341996, 7692
39235835656380, 39235835664472, 8092
39235847492704, 39235847500332, 7628
39235905175652, 39235905183872, 8220
39235931935116, 39235931943368, 8252
39235955623248, 39235955631084, 7836
39236017836244, 39236017845048, 8804
39236128198732, 39236128210684, 11952
39236235965100, 39236235975900, 10800
39236244863556, 39236244871112, 7556
39236306519932, 39236306528600, 8668
39236310867124, 39236310875172, 8048
39236339807904, 39236339815216, 7312
39236493372052, 39236493383304, 11252
39236514470856, 39236514478768, 7912
39236526825976, 39236526833400, 7424
39236550075652, 39236550084128, 8476
39236615282076, 39236615289200, 7124
39236636339104, 39236636347348, 8244
39236636980740, 39236636988272, 7532
39236641318320, 39236641326692, 8372
39236722041260, 39236722049804, 8544
39236730955720, 39236730962628, 6908
39236735301112, 39236735309224, 8112
39236736029188, 39236736037008, 7820
39236745134504, 39236745142636, 8132
39236757493560, 39236757501548, 7988
39236778586460, 39236778594896, 8436
39236792627244, 39236792636844, 9600
39236801538536, 39236801546180, 7644
39236802268996, 39236802275640, 6644
39236811390720, 39236811398344, 7624
39236815751252, 39236815759432, 8180
39236839022220, 39236839030084, 7864
39236847922620, 39236847931132, 8512
39236859785712, 39236859793088, 7376
39236860546560, 39236860553560, 7000
39236872376056, 39236872383288, 7232
39236881299308, 39236881307260, 7952
39236902365296, 39236902374168, 8872
39236911659964, 39236911668952, 8988
39236926307408, 39236926310808, 3400
39237540831860, 39237540843016, 11156
39237632259056, 39237632267144, 8088
39237696465632, 39237696478016, 12384
39237714809260, 39237714817688, 8428
39237781544936, 39237781552944, 8008
39237893999088, 39237894011796, 12708
39237936301164, 39237936309460, 8296
39238035367148, 39238035375900, 8752
39238047743736, 39238047751752, 8016
39238085493520, 39238085504992, 11472
39238094396976, 39238094405408, 8432
39238161132976, 39238161141520, 8544
39238182191360, 39238182200424, 9064
39239536022932, 39239536033748, 10816
39240164485680, 39240164497264, 11584
39240168840992, 39240168849560, 8568
39240177732800, 39240177740520, 7720
39240361996152, 39240362007668, 11516
39240363438960, 39240363446240, 7280
39240371842636, 39240371850488, 7852
39240390048068, 39240390056548, 8480
39240462041004, 39240462049700, 8696
39240470938760, 39240470947064, 8304
39240492058028, 39240492065176, 7148
39240500946860, 39240500954708, 7848
39240510054612, 39240510063216, 8604
39240522409700, 39240522417416, 7716
39240530814800, 39240530821828, 7028
39240539723856, 39240539731112, 7256
39240560818148, 39240560826440, 8292
39240563509868, 39240563516692, 6824
39240671261036, 39240671272324, 11288
39240671990536, 39240671998336, 7800
39240729877648, 39240729886008, 8360
39240815125772, 39240815134256, 8484
39240824016800, 39240824025084, 8284
39240877088432, 39240877096224, 7792
39240938746076, 39240938754112, 8036
39241046368284, 39241046379624, 11340
39241081904320, 39241081912640, 8320
39241091012616, 39241091020892, 8276
39241119934904, 39241119942384, 7480
39241128846020, 39241128854176, 8156
39241152077820, 39241152085056, 7236
39241161186408, 39241161194176, 7768
39241161908444, 39241161915608, 7164
39241247710364, 39241247719084, 8720
39241309342972, 39241309351368, 8396
39241393883136, 39241393890304, 7168
39241479694840, 39241479703140, 8300
39241541308868, 39241541317128, 8260
39241550398660, 39241550406108, 7448
39241571436052, 39241571443428, 7376
39241613731732, 39241613740212, 8480
39241634822740, 39241634830560, 7820
39241639185600, 39241639192596, 6996
39241648279760, 39241648288016, 8256
39241657573052, 39241657581024, 7972
39241719790560, 39241719797820, 7260
39241740824228, 39241740832360, 8132
39241749229964, 39241749237016, 7052
39241790808072, 39241790816016, 7944
39241843859416, 39241843866476, 7060
39241852262356, 39241852270096, 7740
39241875513624, 39241875521668, 8044
39241884808856, 39241884816944, 8088
39241893897864, 39241893905864, 8000
39241959775496, 39241959782812, 7316
39241968887336, 39241968895184, 7848
39241973230076, 39241973237824, 7748
39242039998420, 39242040005636, 7216
39242063230948, 39242063238844, 7896
39242063975232, 39242063986440, 11208
39242073067572, 39242073075716, 8144
39242094168648, 39242094176856, 8208
39242102570196, 39242102578752, 8556
39242114931936, 39242114939760, 7824
39242115758412, 39242115765232, 6820
39242124849884, 39242124858508, 8624
39242153785436, 39242153793608, 8172
39242158129536, 39242158137916, 8380
39242220332536, 39242220340644, 8108
39242221055352, 39242221063276, 7924
39242242166636, 39242242174056, 7420
39242242892448, 39242242899268, 6820
39242266134556, 39242266142668, 8112
39242278488944, 39242278496484, 7540
39242283359008, 39242283366308, 7300
39242289346868, 39242289354860, 7992
39242298434368, 39242298441324, 6956
39242299154288, 39242299160768, 6480
39242314289448, 39242314297856, 8408
39242379512268, 39242379520192, 7924
39242465319104, 39242465327588, 8484
39242518353888, 39242518362436, 8548
39242518799584, 39242518806744, 7160
39242571844544, 39242571852548, 8004
39242580248008, 39242580255888, 7880
39242580992420, 39242581000300, 7880
39242590082692, 39242590090460, 7768
39242594425984, 39242594433952, 7968
39242755449088, 39242755457376, 8288
39242764557524, 39242764565424, 7900
39242765280448, 39242765288128, 7680
39242788528528, 39242788536396, 7868
39242809543028, 39242809551440, 8412
39242810108768, 39242810115568, 6800
39242810830308, 39242810836612, 6304
39242819911752, 39242819918500, 6748
39242831737716, 39242831745644, 7928
39242836103204, 39242836110956, 7752
39242845381096, 39242845389432, 8336
39242910622892, 39242910631012, 8120
39242943661524, 39242943669444, 7920
39242973154320, 39242973162280, 7960
39242981558608, 39242981566248, 7640
39243042142252, 39243042150444, 8192
39243042866676, 39243042874088, 7412
39243063979352, 39243063987792, 8440
39243117025540, 39243117032836, 7296
39243117373508, 39243117380304, 6796
39243138469320, 39243138476124, 6804
39243191532928, 39243191540396, 7468
39243193193052, 39243193199700, 6648
39243214843240, 39243214851072, 7832
39243223279120, 39243223287156, 8036
39243290034532, 39243290043240, 8708
39243302400340, 39243302408748, 8408
39243382643088, 39243382651600, 8512
39223548563932, 39223548574572, 10640
39223583748216, 39223583757204, 8988
39223595821668, 39223595829052, 7384
39223637378388, 39223637386960, 8572
39223646672824, 39223646680504, 7680
39223655079264, 39223655087556, 8292
39223663965136, 39223663973228, 8092
39223664709240, 39223664715892, 6652
39223673123004, 39223673131044, 8040
39223734779328, 39223734787524, 8196
39223744233644, 39223744241992, 8348
39223756587280, 39223756595408, 8128
39223763624976, 39223763632700, 7724
39223768455968, 39223768463660, 7692
39223827035324, 39223827042348, 7024
39223835435292, 39223835443032, 7740
39223836180292, 39223836187984, 7692
39223919710720, 39223919722452, 11732
39223991301556, 39223991310492, 8936
39224003679868, 39224003687040, 7172
39224164033800, 39224164041708, 7908
39224185144104, 39224185152372, 8268
39224185869176, 39224185876508, 7332
39224194978092, 39224194984896, 6804
39224275753768, 39224275761792, 8024
39224290717056, 39224290724000, 6944
39224370934204, 39224370942544, 8340
39224476287628, 39224476299280, 11652
39224477730620, 39224477738624, 8004
39224563524808, 39224563533020, 8212
39224586763492, 39224586771184, 7692
39224607779868, 39224607788360, 8492
39224614837688, 39224614845904, 8216
39224626675868, 39224626683876, 8008
39224709982584, 39224709990840, 8256
39224721819956, 39224721828164, 8208
39224802570576, 39224802578324, 7748
39224844126204, 39224844134040, 7836
39224851159120, 39224851167036, 7916
39224859572776, 39224859580688, 7912
39224871925268, 39224871933228, 7960
39224873336440, 39224873343144, 6704
39224880372676, 39224880380616, 7940
39224881096596, 39224881104028, 7432
39224890211384, 39224890218280, 6896
39224898615956, 39224898624248, 8292
39225062887404, 39225062899108, 11704
39225181121548, 39225181130080, 8532
39225181847284, 39225181854628, 7344
39225190956884, 39225190963808, 6924
39225202796044, 39225202804004, 7960
39225206535932, 39225206542500, 6568
39225220512024, 39225220519416, 7392
39225229606188, 39225229613468, 7280
39225242008284, 39225242016552, 8268
39225348115888, 39225348125060, 9172
39225348864108, 39225348872184, 8076
39225377787896, 39225377795984, 8088
39225398899908, 39225398908128, 8220
39225403255004, 39225403263236, 8232
39225470012868, 39225470021780, 8912
39225483885648, 39225483893016, 7368
39225488788560, 39225488796580, 8020
39225548806720, 39225548814700, 7980
39225561150644, 39225561157468, 6824
39226108345636, 39226108356316, 10680
39226181038696, 39226181046828, 8132
39226189444080, 39226189452096, 8016
39226198351612, 39226198359528, 7916
39226260553684, 39226260561692, 8008
39226269642496, 39226269650096, 7600
39226354891768, 39226354899564, 7796
39226363793328, 39226363801456, 8128
39226375605936, 39226375613896, 7960
39226384896900, 39226384904696, 7796
39226408146568, 39226408154536, 7968
39226473380932, 39226473389324, 8392
39226495037204, 39226495044284, 7080
39226504329960, 39226504337772, 7812
39226545903268, 39226545911392, 8124
39226550246372, 39226550253096, 6724
39226573495728, 39226573503412, 7684
39226581901628, 39226581909576, 7948
39226590989592, 39226590997260, 7668
39226676223192, 39226676231140, 7948
39226688060864, 39226688068504, 7640
39226696965648, 39226696973652, 8004
39226706054432, 39226706062452, 8020
39226786859700, 39226786867620, 7920
39226795743444, 39226795751184, 7740
39226860985784, 39226860993212, 7428
39226902542584, 39226902550432, 7848
39226964167444, 39226964175092, 7648
39226972588392, 39226972596172, 7780
39226981479652, 39226981487660, 8008
39227035090440, 39227035097208, 6768
39227076661012, 39227076668588, 7576
39227077382820, 39227077390368, 7548
39227157610120, 39227157618516, 8396
39227166036288, 39227166043708, 7420
39227175115744, 39227175123216, 7472
39227175857904, 39227175864416, 6512
39227256630784, 39227256638736, 7952
39227277742468, 39227277750320, 7852
39227298753800, 39227298762032, 8232
39227310595252, 39227310602984, 7732
39227313463268, 39227313469880, 6612
39227325275988, 39227325283784, 7796
39227334378292, 39227334385824, 7532
39227335410348, 39227335416840, 6492
39227347223140, 39227347230484, 7344
39227432455012, 39227432463464, 8452
39227444806312, 39227444814004, 7692
39227445549692, 39227445557692, 8000
39227457389632, 39227457397240, 7608
39227524691072, 39227524698812, 7740
39227566247784, 39227566255988, 8204
39227575154948, 39227575163004, 8056
39227596245400, 39227596253528, 8128
39227649291216, 39227649299384, 8168
39227650664392, 39227650672200, 7808
39227659758220, 39227659766340, 8120
39227672112700, 39227672120796, 8096
39227683945176, 39227683952572, 7396
39227751196044, 39227751203788, 7744
39227816328220, 39227816335680, 7460
39227825603568, 39227825611400, 7832
39227834705504, 39227834712984, 7480
39227843102620, 39227843110796, 8176
39227855459124, 39227855467016, 7892
39227864366148, 39227864373408, 7260
39227866149228, 39227866156072, 6844
39227931381056, 39227931388636, 7580
39227933924908, 39227933931744, 6836
39227946260608, 39227946268560, 7952
39227953282456, 39227953289112, 6656
39227954018548, 39227954025196, 6648
39227971758988, 39227971766280, 7292
39228039050852, 39228039058796, 7944
39228047952940, 39228047960564, 7624
39228109577092, 39228109585088, 7996
39228118463352, 39228118471080, 7728
39228119186948, 39228119194516, 7568
39228131556160, 39228131564200, 8040
39228154779472, 39228154787692, 8220
39228159122328, 39228159129044, 6716
39228168020668, 39228168028616, 7948
39228233793436, 39228233801788, 8352
39228240831420, 39228240838480, 7060
39228253195864, 39228253203560, 7696
39228260405984, 39228260412752, 6768
39228273120280, 39228273128188, 7908
39228326166352, 39228326174444, 8092
39228334569472, 39228334576200, 6728
39228343861652, 39228343869580, 7928
39228350896248, 39228350903896, 7648
39228351642128, 39228351650276, 8148
39228466679728, 39228466691616, 11888
39228493904424, 39228493912760, 8336
39228496587348, 39228496593972, 6624
39228505475496, 39228505483060, 7564
39228526477120, 39228526484156, 7036
39228555364764, 39228555376608, 11844
39228640535100, 39228640543348, 8248
39228654609420, 39228654617164, 7744
39228663015356, 39228663022256, 6900
39228704583608, 39228704590496, 6888
39228734056228, 39228734063616, 7388
39228741089040, 39228741095896, 6856
39228807790928, 39228807798120, 7192
39228828817428, 39228828825296, 7868
39228837928076, 39228837936032, 7956
39228943870096, 39228943878168, 8072
39228964955444, 39228964963736, 8292
39229045734980, 39229045743332, 8352
39229046459520, 39229046467044, 7524
39229055565900, 39229055573912, 8012
39229084462744, 39229084470616, 7872
39229091511988, 39229091519600, 7612
39229097163144, 39229097169816, 6672
39229106243632, 39229106251480, 7848
39229110588196, 39229110595816, 7620
39229216636356, 39229216644096, 7740
39229302342748, 39229302350016, 7268
39229369081100, 39229369088172, 7072
39229390094592, 39229390102384, 7792
39229390837928, 39229390845884, 7956
39229432389560, 39229432397508, 7948
39229436737576, 39229436745448, 7872
39229444330112, 39229444336952, 6840
39229445050496, 39229445056492, 5996
39229499661316, 39229499669848, 8532
39229502193032, 39229502199704, 6672
39229502913828, 39229502920180, 6352
39229512763144, 39229512769916, 6772
39229516159348, 39229516165840, 6492
39229520501212, 39229520508912, 7700
39229626575508, 39229626583876, 8368
39229647656616, 39229647664132, 7516
39229712866780, 39229712874860, 8080
39229769928832, 39229769935788, 6956
39229835103540, 39229835111532, 7992
39229849385096, 39229849397136, 12040
39229856434384, 39229856442516, 8132
39229877540904, 39229877548776, 7872
39229962787412, 39229962794936, 7524
39229963528060, 39229963535640, 7580
39230025718104, 39230025726152, 8048
39230051171752, 39230051179812, 8060
39230059579804, 39230059588096, 8292
39230124802584, 39230124810644, 8060
39230133889748, 39230133896484, 6736
39230138236988, 39230138245180, 8192
39230147526488, 39230147533592, 7104
39230156639408, 39230156647320, 7912
39230157362144, 39230157368380, 6236
39230165763228, 39230165770420, 7192
39230186795124, 39230186802944, 7820
39230293436244, 39230293444392, 8148
39230301837212, 39230301843960, 6748
39230322866228, 39230322873208, 6980
39230375909520, 39230375917468, 7948
39230376653548, 39230376660128, 6580
39230429687836, 39230429694804, 6968
39230430430112, 39230430438008, 7896
39230439541152, 39230439548680, 7528
39230443895724, 39230443904056, 8332
39230509661644, 39230509670104, 8460
39230532910828, 39230532918916, 8088
39230574420112, 39230574427956, 7844
39230575143908, 39230575151308, 7400
39230579600548, 39230579612140, 11592
39230632608204, 39230632615756, 7552
39230653698696, 39230653706008, 7312
39230706748392, 39230706756876, 8484
39230715156408, 39230715164012, 7604
39230738966288, 39230738973904, 7616
39230767907020, 39230767915064, 8044
39230774946120, 39230774954264, 8144
39230840166756, 39230840174864, 8108
39230861282640, 39230861290804, 8164
39230869689752, 39230869696548, 6796
39230934918840, 39230934927032, 8192
39231041497892, 39231041506600, 8708
39231537306520, 39231537317620, 11100
39231628365008, 39231628373952, 8944
39231738833908, 39231738844788, 10880
39231757033336, 39231757040924, 7588
39231778131536, 39231778139672, 8136
39231782473204, 39231782480132, 6928
39231803504956, 39231803513024, 8068
39231865162708, 39231865170580, 7872
39231865887944, 39231865895192, 7248
39231874292080, 39231874300160, 8080
39231874489120, 39231874495548, 6428
39231875209312, 39231875215416, 6104
39231884317224, 39231884325408, 8184
39231896688140, 39231896696108, 7968
39231917779000, 39231917786792, 7792
39231924940984, 39231924947872, 6888
39231932290696, 39231932297600, 6904
39231933011616, 39231933017680, 6064
39231934074880, 39231934081172, 6292
39231996297576, 39231996304992, 7416
39232005568124, 39232005576096, 7972
39232006114824, 39232006121224, 6400
39232113875108, 39232113886156, 11048
39232127961224, 39232127969472, 8248
39232132303872, 39232132310836, 6964
39232249546960, 39232249558172, 11212
39232261896428, 39232261904996, 8568
39232268932112, 39232268938952, 6840
39232281285772, 39232281293760, 7988
39232282031396, 39232282039076, 7680
39232291121848, 39232291129168, 7320
39232314379844, 39232314388296, 8452
39232323270448, 39232323277516, 7068
39232352209368, 39232352216520, 7152
39232361093280, 39232361100928, 7648
39232368152212, 39232368160116, 7904
39232372500492, 39232372508120, 7628
39232439270960, 39232439278016, 7056
39232443614600, 39232443622084, 7484
39232505764744, 39232505772124, 7380
39232515046992, 39232515053836, 6844
39232524118616, 39232524125148, 6532
39232528466264, 39232528473048, 6784
39232535510132, 39232535517624, 7492
39232536232412, 39232536238728, 6316
39232544631420, 39232544638280, 6860
39232554809400, 39232554816280, 6880
39232582741356, 39232582748420, 7064
39232589772568, 39232589779248, 6680
39232598168256, 39232598175824, 7568
39232607074044, 39232607080764, 6720
39232611421040, 39232611428956, 7916
39232776331356, 39232776384564, 53208
39232777102132, 39232777109128, 6996
39232789452296, 39232789459740, 7444
39232810551812, 39232810559908, 8096
39232819439588, 39232819447332, 7744
39232842680212, 39232842687248, 7036
39232851571756, 39232851578464, 6708
39232872681180, 39232872688236, 7056
39232885026424, 39232885033912, 7488
39232893426120, 39232893433152, 7032
39232934989472, 39232934996488, 7016
39232943389904, 39232943397392, 7488
39233010677576, 39233010685100, 7524
39233031784144, 39233031791952, 7808
39233040671700, 39233040679776, 8076
39233047726328, 39233047732944, 6616
39233068811020, 39233068817948, 6928
39233077715400, 39233077723512, 8112
39233085547692, 39233085554520, 6828
39233092579584, 39233092587376, 7792
39233093303460, 39233093310208, 6748
39233093528012, 39233093534740, 6728
39233102411516, 39233102419560, 8044
39233114767636, 39233114775652, 8016
39233176415108, 39233176422996, 7888
39233184822488, 39233184830104, 7616
39233252104704, 39233252111596, 6892
39233260511184, 39233260518464, 7280
39233281544304, 39233281552000, 7696
39233282268892, 39233282276352, 7460
39233294618492, 39233294626184, 7692
39233298963016, 39233298970732, 7716
39233308254172, 39233308262204, 8032
39233373461696, 39233373469368, 7672
39233376854780, 39233376861752, 6972
39233381192036, 39233381199676, 7640
39233381919628, 39233381927120, 7492
39233390825312, 39233390832284, 6972
39233411840452, 39233411847680, 7228
39233420239600, 39233420247656, 8056
39233441349408, 39233441357740, 8332
39233449263992, 39233449271652, 7660
39233473068224, 39233473075264, 7040
39233478609772, 39233478616624, 6852
39233487002444, 39233487009232, 6788
39233546696216, 39233546704308, 8092
39233548446292, 39233548453816, 7524
39233552789448, 39233552796972, 7524
39233614910760, 39233614918960, 8200
39233615635384, 39233615641804, 6420
39233680805412, 39233680812420, 7008
39233681526216, 39233681532256, 6040
39233748824160, 39233748831884, 7724
39233834046372, 39233834053412, 7040
39233900781716, 39233900789876, 8160
39233913137168, 39233913144840, 7672
39233936506956, 39233936514896, 7940
39233943564036, 39233943571816, 7780
39234001386456, 39234001393764, 7308
39235509738216, 39235509749504, 11288
39235528429000, 39235528437572, 8572
39235540273316, 39235540281532, 8216
39235552623296, 39235552630168, 6872
39235564459176, 39235564466244, 7068
39235565181384, 39235565188732, 7348
39235574287932, 39235574294744, 6812
39235586125696, 39235586133856, 8160
39235593159960, 39235593168224, 8264
39235601591356, 39235601599196, 7840
39235605936988, 39235605944680, 7692
39235627041912, 39235627048664, 6752
39235627780092, 39235627787492, 7400
39235640136468, 39235640144156, 7688
39235706886788, 39235706893680, 6892
39235719818448, 39235719825924, 7476
39235727100508, 39235727108148, 7640
39235734154676, 39235734162628, 7952
39235757404116, 39235757412016, 7900
39235786332536, 39235786340684, 8148
39235798169188, 39235798176964, 7776
39235806571856, 39235806579672, 7816
39235807009072, 39235807015700, 6628
39235818822012, 39235818829596, 7584
39235860414052, 39235860422600, 8548
39235867465660, 39235867473260, 7600
39235868191276, 39235868198844, 7568
39235877300144, 39235877308024, 7880
39235878839304, 39235878845816, 6512
39235885871020, 39235885878728, 7708
39235924670504, 39235924677704, 7200
39235925391636, 39235925397608, 5972
39235934646480, 39235934653100, 6620
39235941684932, 39235941691456, 6524
39235950784736, 39235950792664, 7928
39235963697164, 39235963704476, 7312
39235972989412, 39235972997132, 7720
39235982538840, 39235982546112, 7272
39235983260308, 39235983266420, 6112
39235990513232, 39235990519896, 6664
39235997544200, 39235997552196, 7996
39236018654984, 39236018663172, 8188
39236027062672, 39236027070208, 7536
39236040398776, 39236040407064, 8288
39236049486576, 39236049493412, 6836
39236056530096, 39236056536728, 6632
39236057250444, 39236057256520, 6076
39236066330928, 39236066337680, 6752
39236087406152, 39236087413248, 7096
39236096691952, 39236096700040, 8088
39236108534696, 39236108541844, 7148
39236115570112, 39236115576804, 6692
39236127402828, 39236127409540, 6712
39236128124436, 39236128130436, 6000
39236235954368, 39236235965548, 11180
39236278147764, 39236278156244, 8480
39236278873592, 39236278880908, 7316
39236345622396, 39236345630520, 8124
39236366637628, 39236366645776, 8148
39236390290376, 39236390298360, 7984
39236429072560, 39236429079816, 7256
39236457948948, 39236457955984, 7036
39236458671364, 39236458677988, 6624
39236520787916, 39236520795620, 7704
39236530078584, 39236530085888, 7304
39236571644080, 39236571651424, 7344
39236580724588, 39236580731692, 7104
39236642299568, 39236642307628, 8060
39236650970868, 39236650978668, 7800
39236674174784, 39236674182408, 7624
39236686517760, 39236686525212, 7452
39236687261728, 39236687269428, 7700
39236708334780, 39236708342052, 7272
39236737838076, 39236737845612, 7536
39236823081380, 39236823088448, 7068
39236851994104, 39236852001564, 7460
39236873109420, 39236873117272, 7852
39236884401552, 39236884410712, 9160
39236896218148, 39236896225844, 7696
39236900581796, 39236900588936, 7140
39237020079676, 39237020090900, 11224
39237032426912, 39237032434628, 7716
39237074600968, 39237074608216, 7248
39237159830148, 39237159838372, 8224
39237225593144, 39237225601476, 8332
39237234483496, 39237234494644, 11148
39237257723876, 39237257732036, 8160
39237266813488, 39237266820360, 6872
39237275723420, 39237275731768, 8348
39237355939472, 39237355947092, 7620
39237377022776, 39237377030496, 7720
39237377765416, 39237377772904, 7488
39237386849804, 39237386857496, 7692
39237472639972, 39237472647120, 7148
39237473382920, 39237473390528, 7608
39237494389984, 39237494397520, 7536
39237556001896, 39237556010392, 8496
39237579659592, 39237579668272, 8680
39237592009200, 39237592017408, 8208
39237596356028, 39237596363820, 7792
39237605260120, 39237605267960, 7840
39237605983892, 39237605991184, 7292
39237615091288, 39237615098804, 7516
39237626928664, 39237626936580, 7916
39237636215692, 39237636223620, 7928
39237660541640, 39237660548500, 6860
39237661262500, 39237661268696, 6196
39237702131972, 39237702140172, 8200
39237714532460, 39237714540500, 8040
39237718401188, 39237718408904, 7716
39237727480672, 39237727488664, 7992
39237736386724, 39237736394696, 7972
39237757479508, 39237757487392, 7884
39237761824444, 39237761831424, 6980
39237770277380, 39237770284236, 6856
39237835351820, 39237835359548, 7728
39237842387880, 39237842394956, 7076
39237846723052, 39237846730228, 7176
39237859066784, 39237859074908, 8124
39237882715544, 39237882723488, 7944
39237889992004, 39237889998680, 6676
39237897032816, 39237897040964, 8148
39237905437480, 39237905445120, 7640
39237905954360, 39237905962208, 7848
39237914946936, 39237914953464, 6528
39237937695416, 39237937702308, 6892
39238003489756, 39238003497904, 8148
39238010541520, 39238010548708, 7188
39238014888400, 39238014896204, 7804
39238023799112, 39238023805928, 6816
39238047032688, 39238047040960, 8272
39238058880896, 39238058887908, 7012
39238065932272, 39238065940180, 7908
39238075016076, 39238075023776, 7700
39238116561632, 39238116568736, 7104
39238123604540, 39238123611640, 7100
39238185195368, 39238185202716, 7348
39238211177344, 39238211186468, 9124
39238272741628, 39238272750108, 8480
39238273498300, 39238273505596, 7296
39238277846768, 39238277854124, 7356
39238306759320, 39238306766724, 7404
39238307523272, 39238307531036, 7764
39238319880636, 39238319889128, 8492
39238400111584, 39238400120668, 9084
39238407178048, 39238407185564, 7516
39238428225944, 39238428234184, 8240
39238451476984, 39238451484712, 7728
39238459099936, 39238459108260, 8324
39238524292356, 39238524301160, 8804
39238533218160, 39238533225792, 7632
39238542310200, 39238542317632, 7432
39238549365120, 39238549372272, 7152
39238634593548, 39238634601956, 8408
39238643010304, 39238643018472, 8168
39238651910112, 39238651918116, 8004
39238652665848, 39238652673608, 7760
39238661767064, 39238661774220, 7156
39239532033620, 39239532044436, 10816
39239651588824, 39239651597232, 8408
39239655954840, 39239655962716, 7876
39239679595572, 39239679603664, 8092
39239688707692, 39239688715560, 7868
39239756044212, 39239756051808, 7596
39239777050964, 39239777059228, 8264
39239777797500, 39239777805624, 8124
39239843559212, 39239843566104, 6892
39239844280732, 39239844288328, 7596
39239856637960, 39239856646320, 8360
39239879875524, 39239879882684, 7160
39239892232480, 39239892240644, 8164
39239904185528, 39239904193684, 8156
39239911246900, 39239911253772, 6872
39239923073556, 39239923081128, 7572
39239932159616, 39239932167092, 7476
39239936502640, 39239936509220, 6580
39239948335848, 39239948343572, 7724
39239957320180, 39239957328104, 7924
39239966205928, 39239966212788, 6860
39239973258460, 39239973266648, 8188
39240034914220, 39240034922252, 8032
39240035638460, 39240035645968, 7508
39240063570884, 39240063579064, 8180
39240092448720, 39240092455684, 6964
39240093185984, 39240093193936, 7952
39240158252676, 39240158261168, 8492
39240170082720, 39240170091164, 8444
39240174449324, 39240174456184, 6860
39240186261060, 39240186268476, 7416
39240228405568, 39240228414068, 8500
39243354829064, 39243354840352, 11288
39221259679804, 39221259690728, 10924
39221259721624, 39221259729108, 7484
39221259751772, 39221259758628, 6856
39221259781568, 39221259789272, 7704
39221259806888, 39221259813220, 6332
39221259834348, 39221259840992, 6644
39221259858112, 39221259864636, 6524
39221259884928, 39221259891928, 7000
39221259914484, 39221259921412, 6928
39221259938024, 39221259944368, 6344
39221259964488, 39221259971648, 7160
39221259988696, 39221259994968, 6272
39221260015588, 39221260022768, 7180
39221260068280, 39221260076008, 7728
39221260099972, 39221260107004, 7032
39221260128980, 39221260135684, 6704
39221260159328, 39221260166164, 6836
39221260188084, 39221260194856, 6772
39221260217324, 39221260223864, 6540
39221260246256, 39221260253032, 6776
39223253330380, 39223253340744, 10364
39223253357988, 39223253365280, 7292
39223253378516, 39223253385912, 7396
39223253399364, 39223253406164, 6800
39223253419884, 39223253426904, 7020
39223253440204, 39223253446768, 6564
39223253458416, 39223253465180, 6764
39223253476424, 39223253483152, 6728
39223253494712, 39223253501156, 6444
39223253514536, 39223253521224, 6688
39223253532892, 39223253539372, 6480
39223253551988, 39223253558508, 6520
39223253570464, 39223253577064, 6600
39223275217344, 39223275231616, 14272
39223297165916, 39223297169484, 3568
39223319127624, 39223319133004, 5380
39223339057536, 39223339069132, 11596
39223345091280, 39223345102396, 11116
39223530599840, 39223530610732, 10892
39223557853504, 39223557861768, 8264
39223566261792, 39223566270080, 8288
39223570625688, 39223570632784, 7096
39223593855184, 39223593862512, 7328
39223614879908, 39223614888380, 8472
39223638523396, 39223638531580, 8184
39225316297476, 39225316308684, 11208
39225394324800, 39225394333336, 8536
39225395049708, 39225395057212, 7504
39225404162108, 39225404170648, 8540
39225426028264, 39225426040104, 11840
39225437847140, 39225437855880, 8740
39225451959116, 39225451966744, 7628
39225452686360, 39225452694120, 7760
39225473767968, 39225473775344, 7376
39225509818684, 39225509826596, 7912
39225557713360, 39225557725292, 11932
39227129919416, 39227129930480, 11064
39227364924024, 39227364932984, 8960
39227374214652, 39227374222924, 8272
39227374938664, 39227374946040, 7376
39227416489880, 39227416498024, 8144
39227424902584, 39227424911296, 8712
39227436737868, 39227436745864, 7996
39227445847796, 39227445856044, 8248
39227466928636, 39227466937052, 8416
39227490722240, 39227490730256, 8016
39227502548868, 39227502557428, 8560
39227514902428, 39227514910088, 7660
39227523321964, 39227523329948, 7984
39227588503904, 39227588511856, 7952
39227597798380, 39227597806604, 8224
39227606895524, 39227606903552, 8028
39227620729812, 39227620736912, 7100
39227632534888, 39227632541560, 6672
39227672094820, 39227672102756, 7936
39227672838248, 39227672846328, 8080
39227796348700, 39227796360056, 11356
39227838521376, 39227838529884, 8508
39227845553152, 39227845560408, 7256
39227887100500, 39227887108756, 8256
39227890090276, 39227890097160, 6884
39227897116148, 39227897123724, 7576
39227982851072, 39227982858732, 7660
39227987192468, 39227987200552, 8084
39227996475784, 39227996482828, 7044
39228038007408, 39228038015128, 7720
39228038730644, 39228038738412, 7768
39228051075772, 39228051082976, 7204
39228055634608, 39228055641496, 6888
39228056355800, 39228056361960, 6160
39228072835020, 39228072843272, 8252
39228079886008, 39228079893820, 7812
39228088286172, 39228088293332, 7160
39228097573596, 39228097580544, 6948
39228182747616, 39228182755948, 8332
39228244923744, 39228244931500, 7756
39228253335292, 39228253343312, 8020
39228333517416, 39228333525644, 8228
39228400224504, 39228400232280, 7776
39228485960896, 39228485968412, 7516
39228626294832, 39228626307000, 12168
39228661833896, 39228661842472, 8576
39228666197196, 39228666205520, 8324
39228746933864, 39228746941520, 7656
39228751275412, 39228751283300, 7888
39228752020864, 39228752027708, 6844
39228832185320, 39228832193584, 8264
39228838841184, 39228838848276, 7092
39228843182960, 39228843190928, 7968
39228908277348, 39228908284676, 7328
39228916664224, 39228916672232, 8008
39228923705848, 39228923714112, 8264
39228924429216, 39228924435532, 6316
39228928772220, 39228928779580, 7360
39228938055272, 39228938063276, 8004
39229000215636, 39229000222780, 7144
39229000937256, 39229000944936, 7680
39229010034592, 39229010042800, 8208
39229017069680, 39229017077876, 8196
39229038157452, 39229038165144, 7692
39229104846704, 39229104854340, 7636
39229105591080, 39229105598720, 7640
39229121035424, 39229121043308, 7884
39229128081728, 39229128088880, 7152
39229140430188, 39229140437172, 6984
39229155025188, 39229155033296, 8108
39229164107100, 39229164115000, 7900
39229166991492, 39229166998340, 6848
39229188070804, 39229188078812, 8008
39229230158292, 39229230166692, 8400
39229283130136, 39229283137364, 7228
39229297187476, 39229297194312, 6836
39229350183500, 39229350190688, 7188
39229357232860, 39229357240816, 7956
39229386127172, 39229386135308, 8136
39229466310432, 39229466318752, 8320
39229490075936, 39229490083936, 8000
39229511159752, 39229511167512, 7760
39229518212428, 39229518220428, 8000
39229580038928, 39229580047464, 8536
39229580763516, 39229580770096, 6580
39229601841720, 39229601849572, 7852
39229601957736, 39229601965728, 7992
39229606301408, 39229606308340, 6932
39229617917548, 39229617924332, 6784
39229618638564, 39229618644672, 6108
39229630267984, 39229630276020, 8036
39229637299296, 39229637306964, 7668
39229690320532, 39229690328952, 8420
39229773558684, 39229773569884, 11200
39229794635776, 39229794643500, 7724
39229874810076, 39229874818404, 8328
39229879153852, 39229879161196, 7344
39229943097608, 39229943109872, 12264
39229950129284, 39229950136528, 7244
39229954471312, 39229954478844, 7532
39229957050876, 39229957057648, 6772
39229964077228, 39229964084244, 7016
39229972469712, 39229972477508, 7796
39229973212244, 39229973220240, 7996
39229982850912, 39229982857776, 6864
39230012919528, 39230012926588, 7060
39230019949860, 39230019956456, 6596
39230056644820, 39230056652596, 7776
39230118269896, 39230118277700, 7804
39230119013084, 39230119021032, 7948
39230172037360, 39230172044948, 7588
39230200968600, 39230200976768, 8168
39230210051716, 39230210059496, 7780
39230218473284, 39230218480944, 7660
39230222814860, 39230222821692, 6832
39230284984584, 39230284992904, 8320
39230294277332, 39230294284856, 7524
39230379463880, 39230379471996, 8116
39230388564908, 39230388572348, 7440
39230430110048, 39230430118512, 8464
39230441944940, 39230441952880, 7940
39230470842300, 39230470850260, 7960
39230675348548, 39230675360008, 11460
39230693530768, 39230693539288, 8520
39230702799200, 39230702807356, 8156
39230724455340, 39230724462496, 7156
39230733561284, 39230733569348, 8064
39230813744996, 39230813753668, 8672
39230820778044, 39230820785076, 7032
39230830068116, 39230830076512, 8396
39230891697768, 39230891706008, 8240
39230892422336, 39230892429712, 7376
39230901523372, 39230901531176, 7804
39230943057784, 39230943066036, 8252
39230951457544, 39230951464472, 6928
39230952177780, 39230952183856, 6076
39231060433100, 39231060444908, 11808
39231081533596, 39231081542644, 9048
39231093881008, 39231093888248, 7240
39231135445236, 39231135453532, 8296
39231200628316, 39231200636612, 8296
39231214059872, 39231214068072, 8200
39231235692208, 39231235700240, 8032
39231256705988, 39231256714156, 8168
39231257429484, 39231257435748, 6264
39231257959328, 39231257966256, 6928
39231289878952, 39231289886208, 7256
39231310968024, 39231310975120, 7096
39231311689200, 39231311695608, 6408
39231344990796, 39231344998736, 7940
39231368232940, 39231368239956, 7016
39231368958568, 39231368966188, 7620
39231377356192, 39231377363108, 6916
39231398456412, 39231398463700, 7288
39231463608120, 39231463616080, 7960
39231473475304, 39231473483656, 8352
39231534820432, 39231534827868, 7436
39231558068888, 39231558076640, 7752
39231624792248, 39231624800120, 7872
39231645809404, 39231645817364, 7960
39231738837280, 39231738848668, 11388
39232060273352, 39232060281552, 8200
39232243562024, 39232243572428, 10404
39232279084952, 39232279092932, 7980
39232288377900, 39232288386404, 8504
39232292723348, 39232292731376, 8028
39232313830456, 39232313838940, 8484
39232320866424, 39232320874736, 8312
39232382499188, 39232382507564, 8376
39232405737876, 39232405745752, 7876
39232406465040, 39232406472672, 7632
39232415564536, 39232415572164, 7628
39232423973284, 39232423981216, 7932
39232431012528, 39232431020280, 7752
39232452119964, 39232452127892, 7928
39232453053356, 39232453060256, 6900
39232471028980, 39232471039288, 10308
39232560807292, 39232560819624, 12332
39232587463232, 39232587471524, 8292
39232621153472, 39232621161848, 8376
39232784269648, 39232784280872, 11224
39232788622676, 39232788631136, 8460
39232789347188, 39232789353936, 6748
39232850959624, 39232850967644, 8020
39232860245180, 39232860252496, 7316
39232925398604, 39232925406788, 8184
39232932450720, 39232932459356, 8636
39232944798672, 39232944805596, 6924
39232954087200, 39232954094380, 7180
39233019807652, 39233019815748, 8096
39233024153596, 39233024161612, 8016
39233085772540, 39233085780796, 8256
39233087234052, 39233087240700, 6648
39233152411248, 39233152419516, 8268
39233175650088, 39233175658152, 8064
39233184539260, 39233184547556, 8296
39233196886192, 39233196893104, 6912
39233206178740, 39233206186796, 8056
39233213210964, 39233213217736, 6772
39233278950840, 39233278959200, 8360
39233287855472, 39233287862440, 6968
39233311088028, 39233311096080, 8052
39233318119904, 39233318127700, 7796
39233326528708, 39233326536804, 8096
39233327272852, 39233327279796, 6944
39233336157208, 39233336165136, 7928
39233365072364, 39233365079660, 7296
39233372100184, 39233372108424, 8240
39233384453316, 39233384461212, 7896
39233422636436, 39233422643556, 7120
39233429682148, 39233429690352, 8204
39233438567336, 39233438575328, 7992
39233439311988, 39233439319580, 7592
39233440701732, 39233440708768, 7036
39233453051996, 39233453059180, 7184
39233461930520, 39233461938724, 8204
39233524097340, 39233524105636, 8296
39233609307196, 39233609315748, 8552
39233617709332, 39233617717164, 7832
39233640943168, 39233640950088, 6920
39233662003048, 39233662010204, 7156
39233674358220, 39233674365928, 7708
39233678694168, 39233678700816, 6648
39233687092008, 39233687099312, 7304
39233720037428, 39233720044532, 7104
39233724382560, 39233724389860, 7300
39233736725804, 39233736734000, 8196
39233745819924, 39233745828088, 8164
39233746562456, 39233746570324, 7868
39233811751264, 39233811758492, 7228
39233820849608, 39233820856460, 6852
39233825193748, 39233825200976, 7228
39233837541196, 39233837549168, 7972
39233846828824, 39233846835844, 7020
39233912046600, 39233912054304, 7704
39233953736868, 39233953744936, 8068
39234021015024, 39234021022836, 7812
39234042104332, 39234042112232, 7900
39234049136248, 39234049143128, 6880
39234134337088, 39234134345340, 8252
39234143439708, 39234143447012, 7304
39234152714040, 39234152721944, 7904
39234159766012, 39234159773768, 7756
39234168173304, 39234168180816, 7512
39234172517304, 39234172524248, 6944
39234195762688, 39234195769668, 6980
39234237910752, 39234237919428, 8676
39234250262568, 39234250269412, 6844
39234258662436, 39234258669252, 6816
39234263025436, 39234263033068, 7632
39234270061872, 39234270069772, 7900
39234336830684, 39234336838540, 7856
39234345923404, 39234345931396, 7992
39234411138788, 39234411146604, 7816
39234473332756, 39234473341020, 8264
39234480385768, 39234480392928, 7160
39234484736472, 39234484743860, 7388
39234569973304, 39234569980120, 6816
39234574316660, 39234574324652, 7992
39234583410684, 39234583418128, 7444
39234650169544, 39234650177800, 8256
39234715947668, 39234715955496, 7828
39234725032344, 39234725038984, 6640
39234791786008, 39234791793984, 7976
39234804140628, 39234804148032, 7404
39234825151532, 39234825159724, 8192
39234836986836, 39234836994960, 8124
39234841347676, 39234841354572, 6896
39234853159408, 39234853167052, 7644
39234874265948, 39234874274000, 8052
39234883558472, 39234883565396, 6924
39234895906028, 39234895913932, 7904
39234961129860, 39234961137820, 7960
39234970776532, 39234970783304, 6772
39234983149828, 39234983157376, 7548
39235003807324, 39235003815328, 8004
39235070551416, 39235070559512, 8096
39235132190660, 39235132198992, 8332
39235139246332, 39235139254200, 7868
39235148327980, 39235148335304, 7324
39235234126724, 39235234135028, 8304
39235242551200, 39235242559208, 8008
39235271465700, 39235271473664, 7964
39235275807336, 39235275813900, 6564
39235284207588, 39235284215192, 7604
39235293501740, 39235293509496, 7756
39235314610484, 39235314618360, 7876
39235379827072, 39235379834896, 7824
39235400863100, 39235400871132, 8032
39235424523816, 39235424530840, 7024
39235453443328, 39235453451136, 7808
39235465856092, 39235465864292, 8200
39235478215312, 39235478222284, 6972
39235543412212, 39235543420080, 7868
39235552701532, 39235552709684, 8152
39235614355200, 39235614362324, 7124
39235643264416, 39235643272160, 7744
39235664371036, 39235664378916, 7880
39235671423884, 39235671431176, 7292
39235692432692, 39235692440272, 7580
39235716650472, 39235716658208, 7736
39235717399444, 39235717407256, 7812
39235719218336, 39235719225120, 6784
39235731029352, 39235731037004, 7652
39235739451288, 39235739459164, 7876
39235741166696, 39235741173252, 6556
39235752985584, 39235752992540, 6956
39235753728216, 39235753735992, 7776
39235762816800, 39235762825068, 8268
39235775192840, 39235775200648, 7808
39235782233596, 39235782241428, 7832
39235803340104, 39235803347960, 7856
39235807686208, 39235807694108, 7900
39235809005992, 39235809012800, 6808
39235818087412, 39235818095112, 7700
39235822973832, 39235822981924, 8092
39235826960992, 39235826967896, 6904
39235839313592, 39235839320684, 7092
39235860405416, 39235860413324, 7908
39235868810104, 39235868817148, 7044
39235887208156, 39235887216216, 8060
39235952503536, 39235952510696, 7160
39235960926276, 39235960934352, 8076
39235973321280, 39235973328284, 7004
39235996559456, 39235996567252, 7796
39236005644744, 39236005652360, 7616
39236009906348, 39236009913148, 6800
39236075070720, 39236075077884, 7164
39236136677448, 39236136684684, 7236
39236159891456, 39236159898648, 7192
39236235959996, 39236235971592, 11596
39236244371584, 39236244379056, 7472
39236248715236, 39236248722096, 6860
39236333924840, 39236333933380, 8540
39236345760500, 39236345767364, 6864
39236493418628, 39236493430188, 11560
39236520088740, 39236520097388, 8648
39236528487456, 39236528494424, 6968
39236541200916, 39236541207780, 6864
39236550084928, 39236550093140, 8212
39236557121440, 39236557129228, 7788
39236561484720, 39236561492288, 7568
39236714796616, 39236714807084, 10468
39236732978812, 39236732987040, 8228
39236740013664, 39236740021388, 7724
39236761037708, 39236761046076, 8368
39236769922616, 39236769930336, 7720
39236836676504, 39236836685028, 8524
39236849024256, 39236849032048, 7792
39237032041516, 39237032053140, 11624
39237067558600, 39237067567260, 8660
39237137146488, 39237137155032, 8544
39237184424320, 39237184432404, 8084
39237193709108, 39237193717244, 8136
39237202597720, 39237202605676, 7956
39237212062124, 39237212069272, 7148
39237312684236, 39237312692932, 8696
39237321585136, 39237321593628, 8492
39237333257688, 39237333264768, 7080
39237342549740, 39237342556764, 7024
39237384082416, 39237384090616, 8200
39237392964888, 39237392971900, 7012
39237405330024, 39237405338140, 8116
39237428549056, 39237428557380, 8324
39237495829108, 39237495837668, 8560
39237500171580, 39237500179872, 8292
39237512000356, 39237512008820, 8464
39237518875084, 39237518881832, 6748
39237530684300, 39237530692124, 7824
39237551777244, 39237551785332, 8088
39237560881412, 39237560888844, 7432
39237744348444, 39237744359360, 10916
39237761141508, 39237761150124, 8616
39237872042588, 39237872054440, 11852
39237890219700, 39237890228000, 8300
39237963847360, 39237963855736, 8376
39237965941328, 39237965949136, 7808
39237987033140, 39237987041756, 8616
39237998871824, 39237998879868, 8044
39238008162148, 39238008169764, 7616
39238017251504, 39238017258596, 7092
39238040903948, 39238040911180, 7232
39238062012360, 39238062020628, 8268
39238070413304, 39238070421288, 7984
39238175270176, 39238175282136, 11960
39238193458804, 39238193466640, 7836
39238274116596, 39238274124036, 7440
39238340797468, 39238340805008, 7540
39238347844788, 39238347852676, 7888
39238409447604, 39238409455696, 8092
39238418334296, 39238418342492, 8196
39238427436752, 39238427444400, 7648
39238588339480, 39238588347808, 8328
39238597229228, 39238597237428, 8200
39238662424468, 39238662432076, 7608
39238691321352, 39238691330024, 8672
39238703670236, 39238703677412, 7176
39238704410108, 39238704418020, 7912
39238709312348, 39238709319408, 7060
39238718417784, 39238718425476, 7692
39238798595476, 39238798603628, 8152
39238807882264, 39238807889428, 7164
39238849390936, 39238849398980, 8044
39238850133484, 39238850140488, 7004
39238911729808, 39238911737972, 8164
39238997478368, 39238997486024, 7656
39239020703564, 39239020711764, 8200
39239033053424, 39239033060820, 7396
39239033795296, 39239033803388, 8092
39239042678584, 39239042685768, 7184
39239055159480, 39239055166172, 6692
39239064042760, 39239064050632, 7872
39239068384700, 39239068392464, 7764
39239148586936, 39239148595060, 8124
39239157492176, 39239157500320, 8144
39239211087996, 39239211095864, 7868
39239239998708, 39239240006684, 7976
39239248895608, 39239248903432, 7824
39239314084884, 39239314092672, 7788
39239399282576, 39239399290908, 8332
39239422513632, 39239422522188, 8556
39239434858980, 39239434866036, 7056
39239464324700, 39239464332480, 7780
39239473208412, 39239473216200, 7788
39239473930044, 39239473937416, 7372
39239526971220, 39239526978428, 7208
39239539326036, 39239539333740, 7704
39239547730812, 39239547738848, 8036
39239627961660, 39239627968852, 7192
39239656880960, 39239656888612, 7652
39239742662032, 39239742670356, 8324
39239751766840, 39239751774664, 7824
39239760658048, 39239760665824, 7776
39239769062836, 39239769071012, 8176
39239792711648, 39239792719788, 8140
39239802004596, 39239802011464, 6868
39239813837872, 39239813845404, 7532
39239875998148, 39239876006464, 8316
39239884400908, 39239884408588, 7680
39239893311884, 39239893319728, 7844
39239960707636, 39239960715932, 8296
39239972543296, 39239972551724, 8428
39240037764960, 39240037772884, 7924
39240046646680, 39240046654336, 7656
39240131728056, 39240131736160, 8104
39240133509036, 39240133516796, 7760
39240151257748, 39240151265752, 8004
39240151982096, 39240151988516, 6420
39240219281492, 39240219290100, 8608
39240231118036, 39240231126088, 8052
39240240406536, 39240240414764, 8228
39240247445752, 39240247453676, 7924
39240251793688, 39240251801832, 8144
39243326894688, 39243326906060, 11372
39223323088260, 39223323099268, 11008
39223430832524, 39223430841224, 8700
39223525880572, 39223525888940, 8368
39223538223612, 39223538231712, 8100
39223538970192, 39223538978228, 8036
39223619159992, 39223619168524, 8532
39223626192920, 39223626200888, 7968
39223692934432, 39223692942768, 8336
39223704765636, 39223704773928, 8292
39223714034380, 39223714042484, 8104
39223735138164, 39223735146088, 7924
39223735862924, 39223735870396, 7472
39223745515164, 39223745522948, 7784
39223787071124, 39223787079824, 8700
39223798906480, 39223798913788, 7308
39223801938248, 39223801944892, 6644
39223813753480, 39223813761396, 7916
39223821912692, 39223821923680, 10988
39223823892464, 39223823899788, 7324
39223835708596, 39223835716876, 8280
39223845841744, 39223845849008, 7264
39223919693700, 39223919705352, 11652
39223940870596, 39223940878344, 7748
39223941613588, 39223941620404, 6816
39223962694884, 39223962701784, 6900
39223963417504, 39223963424352, 6848
39224147063964, 39224147076136, 12172
39224253988948, 39224253997032, 8084
39224262392480, 39224262400536, 8056
39224263137844, 39224263145116, 7272
39224274966844, 39224274974812, 7968
39224294709224, 39224294716356, 7132
39224295430968, 39224295437256, 6288
39224317270520, 39224317279056, 8536
39224338355852, 39224338363472, 7620
39224405082748, 39224405091224, 8476
39224466660964, 39224466669976, 9012
39224479004320, 39224479011336, 7016
39224546292860, 39224546301524, 8664
39224553328708, 39224553336576, 7868
39224574437296, 39224574444740, 7444
39224636058804, 39224636067176, 8372
39224647894924, 39224647903116, 8192
39224648619236, 39224648626784, 7548
39224657020324, 39224657028720, 8396
39224657842596, 39224657849564, 6968
39224669661888, 39224669669824, 7936
39224679790048, 39224679797160, 7112
39224691598864, 39224691607424, 8560
39224711671152, 39224711678640, 7488
39224712415360, 39224712423492, 8132
39224719451108, 39224719458984, 7876
39224839415940, 39224839427992, 12052
39224957608260, 39224957616468, 8208
39225043351484, 39225043360060, 8576
39225050390664, 39225050398496, 7832
39225051133864, 39225051141756, 7892
39225060215124, 39225060222932, 7808
39225068620196, 39225068627492, 7296
39225133842336, 39225133850556, 8220
39225134706700, 39225134713280, 6580
39225143104052, 39225143111044, 6992
39225208995956, 39225209003880, 7924
39225216029868, 39225216037528, 7660
39225258134800, 39225258143424, 8624
39225269962596, 39225269969884, 7288
39225331558084, 39225331566312, 8228
39225396764372, 39225396772624, 8252
39225424033776, 39225424045492, 11716
39225489780380, 39225489788096, 7716
39225517805772, 39225517817940, 12168
39225529626224, 39225529633876, 7652
39225571157208, 39225571165776, 8568
39225571900428, 39225571908308, 7880
39225576246144, 39225576253756, 7612
39227522986020, 39227522997232, 11212
39227804601948, 39227804610864, 8916
39227805328656, 39227805335956, 7300
39227814429736, 39227814437528, 7792
39227824247916, 39227824254840, 6924
39227824968680, 39227824974780, 6100
39228319013544, 39228319024880, 11336
39228509295280, 39228509304268, 8988
39228521649864, 39228521658348, 8484
39228522372776, 39228522380472, 7696
39228626299540, 39228626311428, 11888
39228644488624, 39228644496280, 7656
39228645210896, 39228645218316, 7420
39228809848936, 39228809860160, 11224
39228951511104, 39228951523296, 12192
39228969693392, 39228969701556, 8164
39229035441688, 39229035450364, 8676
39229047785696, 39229047793528, 7832
39229155028024, 39229155039852, 11828
39229171819132, 39229171827752, 8620
39229231118164, 39229231125440, 7276
39229239520128, 39229239528760, 8632
39229251854100, 39229251861312, 7212
39229317005304, 39229317012584, 7280
39229329355808, 39229329363516, 7708
39229330080504, 39229330087960, 7456
39229339366544, 39229339373828, 7284
39229400978540, 39229400987224, 8684
39229408013220, 39229408020532, 7312
39229420357824, 39229420364948, 7124
39229429641884, 39229429649712, 7828
39229483228368, 39229483236596, 8228
39229491629616, 39229491637804, 8188
39229520556436, 39229520564200, 7764
39229536113448, 39229536121800, 8352
39229602849104, 39229602857416, 8312
39229688058024, 39229688066692, 8668
39229700412848, 39229700421272, 8424
39229721501524, 39229721509368, 7844
39229730479212, 39229730487272, 8060
39230677349104, 39230677360404, 11300
39230825986032, 39230825994944, 8912
39230830333480, 39230830341496, 8016
39230910532480, 39230910540640, 8160
39230996268612, 39230996275940, 7328
39231000623788, 39231000631792, 8004
39231065739364, 39231065747312, 7948
39231066481808, 39231066490000, 8192
39231087564808, 39231087573108, 8300
39231149196000, 39231149204704, 8704
39231161545828, 39231161554120, 8292
39231165886960, 39231165893740, 6780
39231186979640, 39231186987900, 8260
39231194014908, 39231194022940, 8032
39231247608740, 39231247615960, 7220
39231259970652, 39231259978536, 7884
39231301009568, 39231301017408, 7840
39231309408692, 39231309416388, 7696
39231316461072, 39231316468556, 7484
39231383190540, 39231383197860, 7320
39231390240744, 39231390248268, 7524
39231411238324, 39231411245348, 7024
39231418280848, 39231418288728, 7880
39231419005132, 39231419012556, 7424
39231423345992, 39231423354428, 8436
39231435703612, 39231435711644, 8032
39231444097820, 39231444105892, 8072
39231465173684, 39231465181832, 8148
39231465462640, 39231465469444, 6804
39231473076964, 39231473083868, 6904
39231473817148, 39231473825172, 8024
39231634204624, 39231634212900, 8276
39231675753684, 39231675762164, 8480
39231741492440, 39231741499960, 7520
39231764714276, 39231764722264, 7988
39231771769476, 39231771776976, 7500
39231772492924, 39231772500712, 7788
39231781594204, 39231781601772, 7568
39231866812712, 39231866819820, 7108
39231884992028, 39231884998940, 6912
39231970289740, 39231970297832, 8092
39231977881108, 39231977889388, 8280
39231990253900, 39231990261540, 7640
39231990979076, 39231990986680, 7604
39232000065984, 39232000073596, 7612
39232048037280, 39232048048752, 11472
39232057128200, 39232057135560, 7360
39232118718004, 39232118726588, 8584
39232119446372, 39232119452712, 6340
39232128549044, 39232128556368, 7324
39232136951340, 39232136959904, 8564
39232144008772, 39232144016136, 7364
39232161759596, 39232161771200, 11604
39232163746716, 39232163753888, 7172
39232164472452, 39232164478892, 6440
39232203999160, 39232204006712, 7552
39232211028064, 39232211035420, 7356
39232232655768, 39232232663104, 7336
39232233380524, 39232233387564, 7040
39232294984116, 39232294992960, 8844
39232375195924, 39232375204392, 8468
39232384496100, 39232384503368, 7268
39232477005488, 39232477016568, 11080
39232543693772, 39232543702668, 8896
39232556050332, 39232556058408, 8076
39232631082808, 39232631091412, 8604
39232642912512, 39232642920136, 7624
39232671818852, 39232671827116, 8264
39233542478476, 39233542489356, 10880
39233705914256, 39233705922252, 7996
39233715199300, 39233715207292, 7992
39233744687588, 39233744695844, 8256
39233765770144, 39233765778404, 8260
39233772822088, 39233772829428, 7340
39233814377468, 39233814384872, 7404
39233821411628, 39233821418904, 7276
39233842435244, 39233842443464, 8220
39233843160764, 39233843168436, 7672
39233852260968, 39233852268904, 7936
39233867687340, 39233867694400, 7060
39233874721940, 39233874729892, 7952
39233895822688, 39233895830424, 7736
39233900171192, 39233900178268, 7076
39233900894656, 39233900901220, 6564
39233910012764, 39233910020012, 7248
39233939038344, 39233939046392, 8048
39233943444208, 39233943451352, 7144
39233964540408, 39233964547556, 7148
39233965262220, 39233965268388, 6168
39233974916856, 39233974924804, 7948
39233977363316, 39233977370380, 7064
39233981706460, 39233981715000, 8540
39233988744384, 39233988752488, 8104
39234053936484, 39234053944284, 7800
39234062332272, 39234062339312, 7040
39234091248592, 39234091255900, 7308
39234095589632, 39234095597748, 8116
39234116670852, 39234116678664, 7812
39234129045308, 39234129053540, 8232
39234195808156, 39234195815420, 7264
39234217492332, 39234217499896, 7564
39234226577124, 39234226585244, 8120
39234233628656, 39234233635736, 7080
39234254642388, 39234254649464, 7076
39234263752616, 39234263759844, 7228
39234284859800, 39234284867500, 7700
39234370075272, 39234370083700, 8428
39234393318128, 39234393325208, 7080
39234422232772, 39234422239896, 7124
39234443263836, 39234443271924, 8088
39234451670544, 39234451678088, 7544
39234460777188, 39234460785496, 8308
39234528099688, 39234528106696, 7008
39234537183076, 39234537190936, 7860
39234549536380, 39234549544448, 8068
39234611168488, 39234611176552, 8064
39234652661432, 39234652669320, 7888
39234661765444, 39234661772388, 6944
39234723965876, 39234723973788, 7912
39234736314172, 39234736322068, 7896
39234759556744, 39234759564940, 8196
39234771373524, 39234771381852, 8328
39234779789076, 39234779796052, 6976
39234791631868, 39234791639176, 7308
39234865089400, 39234865097388, 7988
39234872141280, 39234872149368, 8088
39234881248308, 39234881255096, 6788
39234904889828, 39234904897680, 7852
39234909252244, 39234909259300, 7056
39234932471636, 39234932478676, 7040
39234939521796, 39234939528420, 6624
39234948605464, 39234948612996, 7532
39234957003876, 39234957012540, 8664
39234964620600, 39234964628132, 7532
39234985656292, 39234985663240, 6948
39234989997720, 39234990005284, 7564
39235075212712, 39235075220916, 8204
39235096292416, 39235096300396, 7980
39235113002608, 39235113010588, 7980
39235120035380, 39235120043528, 8148
39235129142056, 39235129150184, 8128
39235138413888, 39235138420996, 7108
39235159518596, 39235159525548, 6952
39235163864632, 39235163871648, 7016
39235184888672, 39235184896736, 8064
39235196721412, 39235196728848, 7436
39235238847140, 39235238855196, 8056
39235245880512, 39235245888556, 8044
39235254980236, 39235254987924, 7688
39235302275028, 39235302283324, 8296
39235309309352, 39235309316200, 6848
39235321145960, 39235321153412, 7452
39235406389892, 39235406397744, 7852
39235415475900, 39235415484428, 8528
39235424768828, 39235424776912, 8084
39235431806376, 39235431814364, 7988
39235436165128, 39235436173096, 7968
39235459400924, 39235459409072, 8148
39235481067160, 39235481075732, 8572
39235504718752, 39235504726636, 7884
39235513825084, 39235513831992, 6908
39235518167584, 39235518175272, 7688
39235526578148, 39235526586592, 8444
39235533614644, 39235533622100, 7456
39235600365028, 39235600372280, 7252
39235623606448, 39235623614452, 8004
39235632689304, 39235632697232, 7928
39235636339156, 39235636346672, 7516
39235722123488, 39235722131060, 7572
39235763674628, 39235763682596, 7968
39235775509848, 39235775516368, 6520
39235860710532, 39235860718472, 7940
39235872544784, 39235872552084, 7300
39235872854912, 39235872861564, 6652
39235884672956, 39235884680644, 7688
39235892443304, 39235892451084, 7780
39235894801108, 39235894807812, 6704
39235934062704, 39235934074688, 11984
39235955172044, 39235955180284, 8240
39235959518764, 39235959526868, 8104
39236026831376, 39236026839764, 8388
39236111977468, 39236111985836, 8368
39236120395476, 39236120403312, 7836
39236132742808, 39236132750840, 8032
39236235980560, 39236235992056, 11496
39236254167488, 39236254176064, 8576
39236263055192, 39236263063468, 8276
39236271454380, 39236271462292, 7912
39236278504056, 39236278510904, 6848
39236287587136, 39236287594344, 7208
39236296883236, 39236296891352, 8116
39236317987320, 39236317994664, 7344
39236325718976, 39236325727156, 8180
39236334601176, 39236334608096, 6920
39236341636344, 39236341643568, 7224
39236341676948, 39236341683536, 6588
39236350074452, 39236350082220, 7768
39236353651980, 39236353659888, 7908
39236381582740, 39236381589956, 7216
39236388612648, 39236388620572, 7924
39236392951556, 39236392959148, 7592
39236393693532, 39236393701016, 7484
39236437475028, 39236437486912, 11884
39236445466084, 39236445477464, 11380
39236454552676, 39236454560228, 7552
39236520245268, 39236520253836, 8568
39237520880824, 39237520891956, 11132
39237629956352, 39237629965072, 8720
39237650587568, 39237650591160, 3592
39237662399500, 39237662410076, 10576
39237671499040, 39237671507384, 8344
39237675852448, 39237675859804, 7356
39237687679524, 39237687688208, 8684
39237711477776, 39237711486380, 8604
39237720772148, 39237720780536, 8388
39237721502276, 39237721510068, 7792
39237779271772, 39237779279876, 8104
39237859339200, 39237859346736, 7536
39237868626332, 39237868634152, 7820
39237930346436, 39237930354388, 7952
39237957782876, 39237957791764, 8888
39237969612960, 39237969621512, 8552
39237987409512, 39237987418120, 8608
39238067653388, 39238067662056, 8668
39238089483392, 39238089486676, 3284
39238101304832, 39238101315240, 10408
39238105676192, 39238105683920, 7728
39238306957112, 39238306968572, 11460
39238351354956, 39238351362724, 7768
39238436541504, 39238436549492, 7988
39238466018264, 39238466026524, 8260
39238470359684, 39238470367600, 7916
39238478778804, 39238478786932, 8128
39238586282160, 39238586294232, 12072
39238610964048, 39238610972536, 8488
39238615311628, 39238615319796, 8168
39238695511160, 39238695518888, 7728
39238717094492, 39238717102084, 7592
39238725996776, 39238726004600, 7824
39238787583792, 39238787591452, 7660
39238909512068, 39238909524028, 11960
39238936169120, 39238936177796, 8676
39238936893972, 39238936901464, 7492
39238966381076, 39238966388524, 7448
39238975268956, 39238975277160, 8204
39238983330384, 39238983337308, 6924
39238992217676, 39238992225624, 7948
39239058936868, 39239058944960, 8092
39239108107164, 39239108115276, 8112
39239129357916, 39239129365808, 7892
39239215122684, 39239215130032, 7348
39239227466368, 39239227473868, 7500
39239248463832, 39239248472124, 8292
39239301503252, 39239301511740, 8488
39239310790184, 39239310798292, 8108
39239319674072, 39239319680792, 6720
39239372713244, 39239372720716, 7472
39239414248180, 39239414256252, 8072
39239479989512, 39239479997404, 7892
39239541612632, 39239541620928, 8296
39239594662984, 39239594671172, 8188
39239599008444, 39239599016356, 7912
39239607910816, 39239607918804, 7988
39239617184680, 39239617192208, 7528
39239638212536, 39239638220184, 7648
39239646610188, 39239646618368, 8180
39239655694556, 39239655702596, 8040
39239736479308, 39239736487752, 8444
39239843076196, 39239843083824, 7628
39239852183756, 39239852190496, 6740
39240064938796, 39240064947036, 8240
39240164479740, 39240164491968, 12228
39240207206680, 39240207215080, 8400
39240207935372, 39240207942980, 7608
39240217036840, 39240217044692, 7852
39240245943912, 39240245952596, 8684
39240264233896, 39240264242068, 8172
39240273322872, 39240273331580, 8708
39240353406284, 39240353414140, 7856
39240357744216, 39240357751412, 7196
39240370115976, 39240370123452, 7476
39240431729068, 39240431736788, 7720
39240441021512, 39240441029800, 8288
39240450135912, 39240450143812, 7900
39240451414668, 39240451421304, 6636
39240463777480, 39240463784836, 7356
39240484800180, 39240484808820, 8640
39240537848888, 39240537856520, 7632
39240547117252, 39240547124144, 6892
39240551543220, 39240551550244, 7024
39240604514516, 39240604521936, 7420
39240613406828, 39240613414168, 7340
39240693528960, 39240693537372, 8412
39240747117704, 39240747126192, 8488
39240808700692, 39240808709176, 8484
39240817993496, 39240818001704, 8208
39240841231492, 39240841239840, 8348
39240845576420, 39240845584488, 8068
39240854675376, 39240854683480, 8104
39240855422520, 39240855430484, 7964
39240876506096, 39240876514436, 8340
39240885414016, 39240885422016, 8000
39240886747596, 39240886754672, 7076
39240895636756, 39240895645172, 8416
39240900715684, 39240900722608, 6924
39240901441520, 39240901447884, 6364
39240910526600, 39240910534620, 8020
39240918667904, 39240918674892, 6988
39240939745336, 39240939752672, 7336
39240958577336, 39240958584372, 7036
39240967659264, 39240967666220, 6956
39240968383272, 39240968391232, 7960
39240980742512, 39240980749472, 6960
39240985720276, 39240985728028, 7752
39240994489964, 39240994497404, 7440
39241016437020, 39241016444140, 7120
39241025517160, 39241025523944, 6784
39241083744832, 39241083752544, 7712
39241150482516, 39241150490936, 8420
39241159371984, 39241159380112, 8128
39241171726628, 39241171733408, 6780
39241174059368, 39241174066224, 6856
39241182946800, 39241182954704, 7904
39241192239992, 39241192247812, 7820
39241192967492, 39241192975236, 7744
39241202636336, 39241202644732, 8396
39241282813516, 39241282821176, 7660
39241287162368, 39241287170444, 8076
39241299763084, 39241299770388, 7304
39241366414568, 39241366421992, 7424
39241367139188, 39241367146044, 6856
39241375532936, 39241375539680, 6744
39241376278460, 39241376285992, 7532
39241388631352, 39241388638520, 7168
39241399272276, 39241399280236, 7960
39241461463172, 39241461471484, 8312
39241465815248, 39241465823112, 7864
39241475085896, 39241475093780, 7884
39241540272228, 39241540280612, 8384
39241562274024, 39241562282444, 8420
39241642444976, 39241642453544, 8568
39241654798492, 39241654806460, 7968
39241655547180, 39241655554116, 6936
39241816489332, 39241816497964, 8632
39241820858468, 39241820866432, 7964
39241833213196, 39241833221108, 7912
39241833937908, 39241833945296, 7388
39241843038128, 39241843046012, 7884
39241864123380, 39241864131616, 8236
39241870405224, 39241870412256, 7032
39241874748832, 39241874757064, 8232
39241884371864, 39241884379088, 7224
39241885098116, 39241885104764, 6648
39241942340516, 39241942347976, 7460
39241963989788, 39241963997788, 8000
39242044211504, 39242044219916, 8412
39242048560940, 39242048568632, 7692
39242133779464, 39242133787512, 8048
39242154859504, 39242154867484, 7980
39242163264592, 39242163272684, 8092
39242172562080, 39242172570312, 8232
39242238323564, 39242238332004, 8440
39242255834220, 39242255842484, 8264
39242276846980, 39242276855140, 8160
39242338468664, 39242338477160, 8496
39242380022948, 39242380031036, 8088
39242403270796, 39242403277948, 7152
39242465468908, 39242465477328, 8420
39242466195868, 39242466203100, 7232
39242475302688, 39242475310952, 8264
39242487661832, 39242487669792, 7960
39242492011220, 39242492018120, 6900
39242533573748, 39242533581224, 7476
39242595197572, 39242595205652, 8080
39242660390648, 39242660399080, 8432
39242669688948, 39242669697044, 8096
39242690793204, 39242690800356, 7152
39242732908352, 39242732916688, 8336
39242745259080, 39242745267216, 8136
39242753664248, 39242753672100, 7852
39242782605324, 39242782613512, 8188
39242786953732, 39242786961820, 8088
39242848585236, 39242848593204, 7968
39242933772568, 39242933780840, 8272
39242946699876, 39242946707924, 8048
39243013425524, 39243013433648, 8124
39243034446316, 39243034453524, 7208
39243119659180, 39243119667368, 8188
39243148587276, 39243148595812, 8536
39243156992776, 39243157000428, 7652
39243219213780, 39243219222628, 8848
39243228315824, 39243228324656, 8832
39243237603404, 39243237611260, 7856
39243260834812, 39243260842872, 8060
39243302398532, 39243302405716, 7184
39243364044960, 39243364053040, 8080
39243418465656, 39243418479972, 14316
