147937847459780, 147937847469960, 10180
147938030907340, 147938030917756, 10416
147938043136076, 147938043144564, 8488
147938046962068, 147938046970072, 8004
147938055358740, 147938055369280, 10540
147938154597508, 147938154607812, 10304
147938256272568, 147938256283212, 10644
147938262385172, 147938262392640, 7468
147938282189548, 147938282201336, 11788
147938302119808, 147938302131308, 11500
147938378551864, 147938378564012, 12148
147938403638336, 147938403648836, 10500
147938420081856, 147938420091716, 9860
147938469891508, 147938469921276, 29768
147938470973456, 147938470981552, 8096
147938603273260, 147938603284608, 11348
147938637018320, 147938637028668, 10348
147938649377496, 147938649387264, 9768
147938657679556, 147938657687660, 8104
147938681056344, 147938681066356, 10012
147938768793676, 147938768805956, 12280
147938790988048, 147938790998932, 10884
147938792675052, 147938792682488, 7436
147938803736336, 147938803744032, 7696
147938837645612, 147938837657632, 12020
147938854097772, 147938854105992, 8220
147938976745584, 147938976755720, 10136
147938977857792, 147938977868260, 10468
147938989799824, 147938989808188, 8364
147939109084924, 147939109093992, 9068
147939110162508, 147939110169432, 6924
147939215485816, 147939215497356, 11540
147939255362612, 147939255373424, 10812
147939347102784, 147939347113788, 11004
147939478706216, 147939478715880, 9664
147939598353500, 147939598363084, 9584
147939730012724, 147939730023516, 10792
147939746798904, 147939746806644, 7740
147939747901596, 147939747908532, 6936
147939752176568, 147939752185756, 9188
147939899490308, 147939899501492, 11184
147940535664916, 147940535675844, 10928
147940655305244, 147940655316464, 11220
147940735144948, 147940735156144, 11196
147940747028396, 147940747036260, 7864
147940748101472, 147940748108432, 6960
147940852725788, 147940852736800, 11012
147940886475324, 147940886485756, 10432
147940892611224, 147940892618848, 7624
147941136804296, 147941136814748, 10452
147941142560572, 147941142569028, 8456
147941153672848, 147941153682816, 9968
147941381173884, 147941381185264, 11380
147941502838656, 147941502849432, 10776
147941523998800, 147941524008240, 9440
147941535910164, 147941535918612, 8448
147941549162264, 147941549172364, 10100
147941553366436, 147941553374016, 7580
147941554423980, 147941554431432, 7452
147941562617900, 147941562624948, 7048
147941566904476, 147941566914592, 10116
147941580601212, 147941580611692, 10480
147941593694176, 147941593702124, 7948
147941597893672, 147941597901544, 7872
147941612479980, 147941612490056, 10076
147941614472408, 147941614480584, 8176
147941618679520, 147941618686552, 7032
147941632484076, 147941632530556, 46480
147941634461848, 147941634474748, 12900
147941674428156, 147941674438492, 10336
147941688338624, 147941688350164, 11540
147941784009632, 147941784019948, 10316
147941915045112, 147941915055332, 10220
147941916165528, 147941916173852, 8324
147943223805388, 147943223816224, 10836
147943568035440, 147943568045576, 10136
147944077324396, 147944077334424, 10028
147944332570548, 147944332580484, 9936
147944366328580, 147944366338600, 10020
147944488486836, 147944488496236, 9400
147944613911572, 147944613921940, 10368
147944647231900, 147944647242044, 10144
147944763338728, 147944763350492, 11764
147944775200208, 147944775208004, 7796
147944781321864, 147944781329772, 7908
147944803543340, 147944803552340, 9000
147944823254844, 147944823266076, 11232
147944834327480, 147944834335656, 8176
147944871022072, 147944871032212, 10140
147944898094392, 147944898104640, 10248
147944904300444, 147944904310536, 10092
147944916296480, 147944916304676, 8196
147944946890792, 147944946900784, 9992
147944973985808, 147944973995448, 9640
147944998618832, 147944998629440, 10608
147945007004364, 147945007015168, 10804
147945018957596, 147945018965760, 8164
147945206053268, 147945206064180, 10912
147945207117720, 147945207125904, 8184
147945218189588, 147945218197080, 7492
147945219246668, 147945219253732, 7064
147945285803276, 147945285813852, 10576
147945331664652, 147945331676144, 11492
147945337789800, 147945337797416, 7616
147945365264756, 147945365275208, 10452
147945381541220, 147945381551320, 10100
147945408618204, 147945408629856, 11652
147945421742256, 147945421752636, 10380
147945427852384, 147945427860816, 8432
147945457287672, 147945457298712, 11040
147945470413732, 147945470423228, 9496
147946071502176, 147946071506484, 4308
147946503270796, 147946503280384, 9588
147946634022164, 147946634032436, 10272
147946650993792, 147946651002432, 8640
147946659474564, 147946659485424, 10860
147946663680436, 147946663688668, 8232
147946664760804, 147946664768656, 7852
147946676719424, 147946676729668, 10244
147946680953136, 147946680960408, 7272
147946695703488, 147946695713672, 10184
147946699919136, 147946699927144, 8008
147946711841340, 147946711849544, 8204
147946834014680, 147946834025156, 10476
147946899980848, 147946899989824, 8976
147946916492032, 147946916501432, 9400
147946920691260, 147946920699372, 8112
147946953282832, 147946953292684, 9852
147946964929536, 147946964939664, 10128
147946997655368, 147946997666048, 10680
147947014163780, 147947014173484, 9704
147947026149656, 147947026158844, 9188
147947058791028, 147947058801460, 10432
147947192270528, 147947192280892, 10364
147947242112792, 147947242121136, 8344
147947253972580, 147947253979952, 7372
147947264144924, 147947264156140, 11216
147948562292628, 147948562302880, 10252
147948667022480, 147948667031792, 9312
147948691981968, 147948691993584, 11616
147948769788296, 147948769799712, 11416
147948967110572, 147948967122148, 11576
147948988131432, 147948988141376, 9944
147949002952780, 147949002960200, 7420
147949007194760, 147949007204376, 9616
147949008792384, 147949008799540, 7156
147949014964928, 147949014973360, 8432
147949081126820, 147949081137008, 10188
147949123863196, 147949123875208, 12012
147949128100104, 147949128108152, 8048
147949144706328, 147949144716428, 10100
147949156628672, 147949156636488, 7816
147949296140952, 147949296151340, 10388
147949377817012, 147949377827080, 10068
147949381701136, 147949381709224, 8088
147949401867832, 147949401900264, 32432
147949529548352, 147949529559128, 10776
147949641202316, 147949641213580, 11264
147949662236296, 147949662247460, 11164
147949663355140, 147949663363184, 8044
147949679785532, 147949679792968, 7436
147949684089200, 147949684098624, 9424
147949695989624, 147949695998016, 8392
147949703076688, 147949703088144, 11456
147949800672372, 147949800683228, 10856
147949904425444, 147949904435724, 10280
147949920904036, 147949920911952, 7916
147949970772564, 147949970781644, 9080
147949974963940, 147949974972056, 8116
147950089922152, 147950089932440, 10288
147950107206400, 147950107214732, 8332
147950117702088, 147950117709696, 7608
147950221513444, 147950221525192, 11748
147950353083700, 147950353094616, 10916
147950355232596, 147950355240792, 8196
147950477150284, 147950477160736, 10452
147950490213868, 147950490221944, 8076
147950491292872, 147950491300548, 7676
147950497458036, 147950497468620, 10584
147950513913624, 147950513924168, 10544
147950518537812, 147950518546016, 8204
147950531618608, 147950531627024, 8416
147950532694016, 147950532702040, 8024
147950544508092, 147950544518532, 10440
147950558537684, 147950558548460, 10776
147950636243288, 147950636254604, 11316
147950662172004, 147950662183096, 11092
147950757892956, 147950757904964, 12008
147950787829228, 147950787840792, 11564
147950883535368, 147950883547104, 11736
147950916776528, 147950916786400, 9872
147950950976136, 147950950986508, 10372
147950957262940, 147950957270048, 7108
147950991473624, 147950991481852, 8228
147951007195648, 147951007208176, 12528
147951100916592, 147951100927716, 11124
147951123108916, 147951123119080, 10164
147951322266764, 147951322278236, 11472
147951334856120, 147951334864372, 8252
147951351847484, 147951351857244, 9760
147951356049292, 147951356057444, 8152
147951463930088, 147951463939708, 9620
147951507702884, 147951507714196, 11312
147951595465192, 147951595476268, 11076
147951612854112, 147951612862820, 8708
147951719425480, 147951719435576, 10096
147951850696980, 147951850708600, 11620
147952089408300, 147952089417888, 9588
147952096103724, 147952096113552, 9828
147952097233136, 147952097241152, 8016
147952113681052, 147952113691704, 10652
147952145963996, 147952145976520, 12524
147952173767592, 147952173779028, 11436
147952181826340, 147952181838248, 11908
147952185727464, 147952185738192, 10728
147952223631792, 147952223642628, 10836
147952291523672, 147952291532804, 9132
147952303408976, 147952303416220, 7244
147952415286996, 147952415297952, 10956
147952426342708, 147952426350284, 7576
147952427425760, 147952427433104, 7344
147952797983900, 147952797995372, 11472
147952920406184, 147952920414756, 8572
147953168986456, 147953168998220, 11764
147953192697568, 147953192706204, 8636
147953242354556, 147953242363392, 8836
147953243437932, 147953243445964, 8032
147953249553060, 147953249560968, 7908
147953265926424, 147953265934084, 7660
147953277802464, 147953277809492, 7028
147953282499972, 147953282506900, 6928
147953283559536, 147953283565956, 6420
147953288482132, 147953288488864, 6732
147953294597628, 147953294606560, 8932
147953321397972, 147953321407000, 9028
147953389959000, 147953389968272, 9272
147953396082464, 147953396090792, 8328
147953517850032, 147953517860460, 10428
147953641578828, 147953641589880, 11052
147953653819564, 147953653828224, 8660
147953687863980, 147953687873964, 9984
147953688924512, 147953688931076, 6564
147953699291720, 147953699299392, 7672
147953741199908, 147953741211532, 11624
147953833039284, 147953833044168, 4884
147953956653096, 147953956663564, 10468
147953989927276, 147953989937432, 10156
147954100145536, 147954100156276, 10740
147954133352644, 147954133362940, 10296
147954134435544, 147954134443288, 7744
147954283624116, 147954283635660, 11544
147954463090984, 147954463102004, 11020
147954543915684, 147954543925164, 9480
147954560454076, 147954560462096, 8020
147954573711200, 147954573721480, 10280
147954610719192, 147954610730180, 10988
147954623857188, 147954623865500, 8312
147954634656840, 147954634666992, 10152
147954661752424, 147954661762296, 9872
147954662844344, 147954662852564, 8220
147954664473036, 147954664481352, 8316
147954677685648, 147954677695416, 9768
147954692602000, 147954692611660, 9660
147954698766428, 147954698774704, 8276
147954725712780, 147954725723044, 10264
147954738887328, 147954738897144, 9816
147954750856416, 147954750866744, 10328
147954762269740, 147954762280592, 10852
147955169028784, 147955169033276, 4492
147955437800228, 147955437810868, 10640
147955443912768, 147955443920992, 8224
147955464190784, 147955464195860, 5076
147955831120368, 147955831131048, 10680
147955835362248, 147955835369900, 7652
147955938792520, 147955938803072, 10552
147956177946072, 147956177956756, 10684
147956399517736, 147956399527848, 10112
147956432822552, 147956432831936, 9384
147956433907732, 147956433914948, 7216
147956450370856, 147956450380508, 9652
147956453265556, 147956453273788, 8232
147956461741048, 147956461750292, 9244
147956485227672, 147956485238756, 11084
147956493560808, 147956493569580, 8772
147956567013304, 147956567024576, 11272
147956589791848, 147956589801168, 9320
147956600986268, 147956600993336, 7068
147956710588976, 147956710599576, 10600
147956752303972, 147956752314580, 10608
147956888866148, 147956888876220, 10072
147956900009220, 147956900019884, 10664
147956934224652, 147956934235272, 10620
147956945301696, 147956945309740, 8044
147957067240172, 147957067249788, 9616
147957097447472, 147957097457952, 10480
147957316801332, 147957316813140, 11808
147957350514172, 147957350523184, 9012
147957351596240, 147957351604064, 7824
147957362623864, 147957362631324, 7460
147957373660136, 147957373666920, 6784
147957412414408, 147957412423432, 9024
147957488297404, 147957488309948, 12544
147957530186460, 147957530196936, 10476
147957579957544, 147957579967516, 9972
147957588834832, 147957588843472, 8640
147957594969924, 147957594977832, 7908
147957631643104, 147957631655056, 11952
147957725736508, 147957725750512, 14004
147938274208244, 147938274220404, 12160
147938474610912, 147938474620772, 9860
147938585352056, 147938585363756, 11700
147938627103324, 147938627113412, 10088
147938639614992, 147938639623016, 8024
147938640673316, 147938640680396, 7080
147938649095420, 147938649106476, 11056
147938660150896, 147938660158624, 7728
147938710234432, 147938710244680, 10248
147938711323128, 147938711331392, 8264
147938717460428, 147938717468848, 8420
147938725881316, 147938725891256, 9940
147938744856904, 147938744868328, 11424
147938840584852, 147938840589412, 4560
147938872503436, 147938872514116, 10680
147938908381868, 147938908391988, 10120
147938964235140, 147938964246560, 11420
147938975389252, 147938975397248, 7996
147938981520160, 147938981528268, 8108
147938984116056, 147938984122936, 6880
147938995232048, 147938995242344, 10296
147939031982300, 147939031994140, 11840
147939043075492, 147939043082800, 7308
147939053915752, 147939053925796, 10044
147939060036616, 147939060043504, 6888
147939161670868, 147939161681840, 10972
147939194858320, 147939194867812, 9492
147939195939116, 147939195946660, 7544
147939202082956, 147939202093344, 10388
147939213949144, 147939213956608, 7464
147939223425696, 147939223434380, 8684
147939234458136, 147939234465320, 7184
147939240548472, 147939240555044, 6572
147939247470756, 147939247479376, 8620
147939248533564, 147939248540684, 7120
147939298268340, 147939298278784, 10444
147939310208064, 147939310217708, 9644
147939314432236, 147939314440240, 8004
147939327144192, 147939327155364, 11172
147939333110604, 147939333118864, 8260
147939337316580, 147939337323568, 6988
147939339092560, 147939339100516, 7956
147939340158748, 147939340165404, 6656
147939355066024, 147939355077708, 11684
147939359037356, 147939359044900, 7544
147939363236000, 147939363242716, 6716
147939396943556, 147939396953288, 9732
147939403077308, 147939403084416, 7108
147939415721048, 147939415730616, 9568
147939430950080, 147939430960576, 10496
147939446816584, 147939446826100, 9516
147939450861832, 147939450869732, 7900
147939467287436, 147939467297020, 9584
147939482682636, 147939482694440, 11804
147939576444296, 147939576456672, 12376
147939589000576, 147939589008132, 7556
147939605403480, 147939605413764, 10284
147939821696616, 147939821707976, 11360
147939833891868, 147939833899832, 7964
147939949353732, 147939949363996, 10264
147939970350884, 147939970360024, 9140
147940002898732, 147940002908056, 9324
147940003983428, 147940003991544, 8116
147940010131460, 147940010141492, 10032
147940025125960, 147940025137392, 11432
147940122871572, 147940122882356, 10784
147940140042528, 147940140050688, 8160
147940151994600, 147940152005200, 10600
147940258447084, 147940258457980, 10896
147940291854544, 147940291864300, 9756
147940326210380, 147940326220224, 9844
147940342878788, 147940342888872, 10084
147940349039248, 147940349046460, 7212
147940350095300, 147940350102540, 7240
147940461931488, 147940461942672, 11184
147940499754376, 147940499763576, 9200
147940593481480, 147940593492348, 10868
147940627220204, 147940627229920, 9716
147940633344172, 147940633352004, 7832
147940659300104, 147940659311136, 11032
147940749021228, 147940749032076, 10848
147940864703636, 147940864714364, 10728
147940995765124, 147940995775256, 10132
147941002956348, 147941002964452, 8104
147941004014356, 147941004021892, 7536
147941008270360, 147941008280976, 10616
147941042209532, 147941042221040, 11508
147941066127764, 147941066138980, 11216
147941098795848, 147941098806524, 10676
147941109973212, 147941109983260, 10048
147941111049000, 147941111056012, 7012
147941123478708, 147941123486576, 7868
147941123892800, 147941123900624, 7824
147941173816636, 147941173826416, 9780
147941225623516, 147941225635208, 11692
147941297420276, 147941297424908, 4632
147941330092168, 147941330101996, 9828
147941346556712, 147941346566936, 10224
147941355228568, 147941355236712, 8144
147941359470424, 147941359479860, 9436
147941392499160, 147941392509056, 9896
147941396697924, 147941396705704, 7780
147941397806744, 147941397817512, 10768
147941438919548, 147941438929444, 9896
147941450809908, 147941450818656, 8748
147941855773036, 147941855783856, 10820
147941999469724, 147941999481488, 11764
147942007779704, 147942007787948, 8244
147942013321316, 147942013332384, 11068
147942031267048, 147942031277136, 10088
147942097115204, 147942097126524, 11320
147942164895140, 147942164906492, 11352
147942222732676, 147942222737592, 4916
147942255250712, 147942255260444, 9732
147942267265596, 147942267276168, 10572
147943221830324, 147943221840744, 10420
147943653053516, 147943653062544, 9028
147944111217392, 147944111228012, 10620
147944278747404, 147944278757548, 10144
147944291960892, 147944291971136, 10244
147944296644952, 147944296653276, 8324
147944304957212, 147944304963952, 6740
147944312340228, 147944312349856, 9628
147944313452520, 147944313460224, 7704
147944328551316, 147944328559620, 8304
147944336910120, 147944336920032, 9912
147944338219552, 147944338227256, 7704
147944450343608, 147944450353300, 9692
147944483683864, 147944483693084, 9220
147944484777024, 147944484784672, 7648
147944496733228, 147944496744228, 11000
147944505054364, 147944505062000, 7636
147944555020132, 147944555029612, 9480
147944582371532, 147944582381588, 10056
147944594397928, 147944594407920, 9992
147944615801396, 147944615813268, 11872
147944642724604, 147944642733152, 8548
147944692887044, 147944692896744, 9700
147944704186456, 147944704196256, 9800
147945213995348, 147945214005884, 10536
147945411464912, 147945411475564, 10652
147945466772984, 147945466781996, 9012
147945559208188, 147945559217588, 9400
147945571076328, 147945571083992, 7664
147945587615972, 147945587625860, 9888
147945593794944, 147945593803804, 8860
147945594852784, 147945594859308, 6524
147945816264116, 147945816274284, 10168
147945927925748, 147945927936352, 10604
147945971813512, 147945971824724, 11212
147946061570684, 147946061581136, 10452
147946137326232, 147946137337568, 11336
147946145724600, 147946145733016, 8416
147946158807284, 147946158817348, 10064
147946163017160, 147946163024468, 7308
147946176123240, 147946176130676, 7436
147946177201304, 147946177208376, 7072
147946181486164, 147946181495892, 9728
147946292958700, 147946292968220, 9520
147946313914576, 147946313924052, 9476
147946314693956, 147946314700968, 7012
147946332771284, 147946332780252, 8968
147946430471692, 147946430482444, 10752
147946463737268, 147946463746948, 9680
147946467933760, 147946467940728, 6968
147946488396060, 147946488407964, 11904
147946588157272, 147946588168200, 10928
147946622232892, 147946622243344, 10452
147946758321260, 147946758329728, 8468
147946865260320, 147946865271904, 11584
147947103467340, 147947103476956, 9616
147947136743480, 147947136753268, 9788
147947137812252, 147947137820064, 7812
147947142023176, 147947142030212, 7036
147947174773048, 147947174782348, 9300
147947208733240, 147947208742916, 9676
147947357795400, 147947357806584, 11184
147947378751792, 147947378761292, 9500
147947493485184, 147947493495804, 10620
147947514434132, 147947514443304, 9172
147947515532292, 147947515540164, 7872
147947531904460, 147947531911244, 6784
147947635077620, 147947635088276, 10656
147947765289808, 147947765299860, 10052
147947769504360, 147947769512088, 7728
147947819530736, 147947819540760, 10024
147947948074752, 147947948085260, 10508
147948145493208, 147948145504456, 11248
147948276172588, 147948276182076, 9488
147948292629704, 147948292639660, 9956
147948301013132, 147948301020172, 7040
147948410725836, 147948410758556, 32720
147948444091216, 147948444100952, 9736
147948445179160, 147948445186308, 7148
147948453564116, 147948453573184, 9068
147948480535964, 147948480545688, 9724
147948496999624, 147948497009500, 9876
147948508952216, 147948508960228, 8012
147948634064056, 147948634074640, 10584
147948655010360, 147948655020472, 10112
147948709864104, 147948709874636, 10532
147948721722516, 147948721730384, 7868
147948725940972, 147948725948940, 7968
147948936862400, 147948936871248, 8848
147948959079612, 147948959089608, 9996
147949080757304, 147949080765248, 7944
147949148562064, 147949148574168, 12104
147949154679900, 147949154688148, 8248
147949810633908, 147949810644816, 10908
147951156746560, 147951156757156, 10596
147951322274508, 147951322279152, 4644
147951330605456, 147951330615664, 10208
147951343776192, 147951343786060, 9868
147951348131320, 147951348139760, 8440
147951356451412, 147951356459256, 7844
147951457841768, 147951457852744, 10976
147951478786572, 147951478797008, 10436
147951484524216, 147951484532144, 7928
147951485582568, 147951485589640, 7072
147951539695856, 147951539707552, 11696
147951567571572, 147951567583072, 11500
147951584007756, 147951584015532, 7776
147951607408932, 147951607420256, 11324
147951639988880, 147951639998348, 9468
147951649291036, 147951649302944, 11908
147951681871636, 147951681880892, 9256
147951690220036, 147951690230356, 10320
147951691147904, 147951691156164, 8260
147951707599260, 147951707607616, 8356
147952229620700, 147952229631808, 11108
147952425057320, 147952425068396, 11076
147952431175600, 147952431183468, 7868
147952443051972, 147952443059908, 7936
147952454144272, 147952454153188, 8916
147952504152464, 147952504162004, 9540
147952512566296, 147952512575960, 9664
147952524467400, 147952524475264, 7864
147952528684996, 147952528695264, 10268
147952537078756, 147952537085748, 6992
147952638426416, 147952638437684, 11268
147952640420176, 147952640431788, 11612
147952644398216, 147952644408684, 10468
147952738132740, 147952738144640, 11900
147952840308540, 147952840318228, 9688
147952890766344, 147952890775284, 8940
147952896874980, 147952896882996, 8016
147952911686124, 147952911695148, 9024
147953009316540, 147953009328616, 12076
147953111816472, 147953111826004, 9532
147953117914784, 147953117921872, 7088
147953151906200, 147953151916236, 10036
147953162981692, 147953162989116, 7424
147953179381708, 147953179392256, 10548
147953190422600, 147953190430908, 8308
147953196530516, 147953196538716, 8200
147953208388484, 147953208395300, 6816
147953219444464, 147953219452516, 8052
147953462608836, 147953462618948, 10112
147953468769120, 147953468777416, 8296
147953697318076, 147953697329028, 10952
147953958577040, 147953958588320, 11280
147954090199924, 147954090211388, 11464
147954123975548, 147954123985016, 9468
147954124039052, 147954124045872, 6820
147954132396552, 147954132406544, 9992
147954245803560, 147954245815000, 11440
147954251909948, 147954251918252, 8304
147954252968452, 147954252975808, 7356
147954264826976, 147954264833740, 6764
147954271068012, 147954271077820, 9808
147954402405828, 147954402415052, 9224
147954414360060, 147954414368628, 8568
147954422742284, 147954422750116, 7832
147954425160352, 147954425169016, 8664
147954458136524, 147954458146404, 9880
147954466471940, 147954466482804, 10864
147954516455752, 147954516464820, 9068
147954528386716, 147954528396700, 9984
147954772524972, 147954772533960, 8988
147954877905164, 147954877916560, 11396
147954894271540, 147954894279204, 7664
147954906140384, 147954906148920, 8536
147954907198244, 147954907205100, 6856
147955151533460, 147955151543652, 10192
147955155517572, 147955155524596, 7024
147955398088612, 147955398097944, 9332
147955399172368, 147955399180228, 7860
147957169206520, 147957169216200, 9680
147935602942148, 147935602952780, 10632
147935603025772, 147935603032796, 7024
147935603084124, 147935603091212, 7088
147935603124228, 147935603130996, 6768
147935603163272, 147935603170180, 6908
147935603195628, 147935603202344, 6716
147935603230632, 147935603237968, 7336
147935603267988, 147935603274448, 6460
147935603314856, 147935603321820, 6964
147935603358304, 147935603364892, 6588
147935603400408, 147935603407172, 6764
147935603466816, 147935603473644, 6828
147935603497620, 147935603504476, 6856
147937596549292, 147937596563812, 14520
147937596582320, 147937596589836, 7516
147937596603204, 147937596610148, 6944
147937596622956, 147937596629676, 6720
147937596641572, 147937596648444, 6872
147937596661268, 147937596668068, 6800
147937622402128, 147937622413460, 11332
147937648161168, 147937648166356, 5188
147937674058812, 147937674063636, 4824
147937688001400, 147937688012432, 11032
147937699971896, 147937699982376, 10480
147938028953804, 147938028964836, 11032
147938454672092, 147938454681656, 9564
147938471347452, 147938471357432, 9980
147938477446060, 147938477453524, 7464
147939014076124, 147939014085916, 9792
147939973271400, 147939973281980, 10580
147940180690108, 147940180700960, 10852
147940311494112, 147940311501812, 7700
147940319814448, 147940319821556, 7108
147940352611572, 147940352622120, 10548
147940360995840, 147940361005588, 9748
147940483829956, 147940483838688, 8732
147940513753276, 147940513763968, 10692
147940636259856, 147940636268112, 8256
147940667266920, 147940667278208, 11288
147940788962888, 147940788973108, 10220
147940795111840, 147940795119756, 7916
147940806989688, 147940806997892, 8204
147941203775444, 147941203785240, 9796
147941927587556, 147941927597364, 9808
147941976457508, 147941976467156, 9648
147941989630232, 147941989639072, 8840
147942109065752, 147942109076924, 11172
147942135925268, 147942135934212, 8944
147942185777556, 147942185786372, 8816
147942190016156, 147942190025832, 9676
147942191114128, 147942191122040, 7912
147942210775108, 147942210784320, 9212
147942262600404, 147942262611688, 11284
147942274574924, 147942274586592, 11668
147942306487608, 147942306497992, 10384
147942372785388, 147942372795416, 10028
147942396217488, 147942396229408, 11920
147942487967096, 147942487977400, 10304
147942514176800, 147942514186064, 9264
147942663522608, 147942663533612, 11004
147942675781664, 147942675789132, 7468
147942677362608, 147942677370416, 7808
147942681565524, 147942681572292, 6768
147942696428312, 147942696438332, 10020
147942746335376, 147942746345508, 10132
147942762959328, 147942762967184, 7856
147942764087084, 147942764096312, 9228
147942765128284, 147942765136500, 8216
147942872882788, 147942872894128, 11340
147942893924456, 147942893934168, 9712
147942905858484, 147942905865992, 7508
147942910686100, 147942910693168, 7068
147942914945404, 147942914954824, 9420
147942921079784, 147942921087552, 7768
147942922138816, 147942922145808, 6992
147942936611160, 147942936620772, 9612
147943040439800, 147943040451704, 11904
147943073732636, 147943073743348, 10712
147943211872688, 147943211884020, 11332
147943415993008, 147943416003292, 10284
147943427872492, 147943427879776, 7284
147943434029904, 147943434040784, 10880
147943467924412, 147943467934756, 10344
147943468986844, 147943468994424, 7580
147943514932708, 147943514942976, 10268
147943526927380, 147943526935496, 8116
147944705535928, 147944705546376, 10448
147946208713900, 147946208724140, 10240
147946258573844, 147946258584040, 10196
147946271796596, 147946271806688, 10092
147946286081564, 147946286090388, 8824
147946407961832, 147946407970192, 8360
147946419853332, 147946419860664, 7332
147946424069292, 147946424076876, 7584
147946425194184, 147946425203976, 9792
147946441548996, 147946441557256, 8260
147946445772288, 147946445781840, 9552
147947052665296, 147947052676336, 11040
147947249692152, 147947249701776, 9624
147947250776252, 147947250784136, 7884
147947287986964, 147947287997848, 10884
147947357805604, 147947357817532, 11928
147947523296504, 147947523307456, 10952
147947648943800, 147947648955384, 11584
147947682117448, 147947682127172, 9724
147947962005908, 147947962015740, 9832
147948133207436, 147948133216532, 9096
147948134293000, 147948134299992, 6992
147948168278920, 147948168288640, 9720
147948176609988, 147948176617552, 7564
147948189313736, 147948189323636, 9900
147948197678976, 147948197686268, 7292
147948201438072, 147948201445940, 7868
147948202553316, 147948202562720, 9404
147948214453152, 147948214460708, 7556
147948264407332, 147948264417584, 10252
147948272724960, 147948272732964, 8004
147948299691456, 147948299701516, 10060
147948332366416, 147948332375616, 9200
147948344900088, 147948344911856, 11768
147948771753896, 147948771764032, 10136
147948880315352, 147948880325068, 9716
147948985056932, 147948985067148, 10216
147949018333520, 147949018342992, 9472
147949018906304, 147949018913188, 6884
147949027323844, 147949027334228, 10384
147949136631648, 147949136642844, 11196
147949267074304, 147949267084484, 10180
147949278251536, 147949278263212, 11676
147949932259700, 147949932263896, 4196
147950716214800, 147950716223572, 8772
147950727360376, 147950727367468, 7092
147950760071660, 147950760081576, 9916
147950781839672, 147950781850320, 10648
147950814437916, 147950814447804, 9888
147951182647876, 147951182658712, 10836
147951300579044, 147951300589312, 10268
147951350914048, 147951350922700, 8652
147951633332696, 147951633343040, 10344
147951725112668, 147951725121988, 9320
147951726182228, 147951726189980, 7752
147951756980200, 147951756990396, 10196
147951770076628, 147951770085400, 8772
147951810844156, 147951810855688, 11532
147951823916696, 147951823924976, 8280
147951857101736, 147951857111504, 9768
147951858166048, 147951858173892, 7844
147951864267720, 147951864275644, 7924
147951864614384, 147951864622584, 8200
147951877718764, 147951877728204, 9440
147951880570060, 147951880578140, 8080
147951913235508, 147951913244296, 8788
147951916533756, 147951916544472, 10716
147951922659384, 147951922667932, 8548
147952893667452, 147952893677040, 9588
147954136025720, 147954136027720, 2000
147954168610068, 147954168619976, 9908
147954700403300, 147954700414200, 10900
147955790768776, 147955790779132, 10356
147955802023000, 147955802032612, 9612
147955813910284, 147955813917644, 7360
147955962814836, 147955962826368, 11532
147955996073008, 147955996083172, 10164
147956008017408, 147956008027952, 10544
147956114302732, 147956114314192, 11460
147956147751004, 147956147760656, 9652
147956159748376, 147956159758808, 10432
147956165885224, 147956165893088, 7864
147956166091564, 147956166099356, 7792
147956174473476, 147956174482992, 9516
147956224633436, 147956224642788, 9352
147956235828900, 147956235839184, 10284
147956247781968, 147956247789464, 7496
147956248870196, 147956248878408, 8212
147956261917552, 147956261928852, 11300
147956272978776, 147956272986888, 8112
147956289772768, 147956289782104, 9336
147956303769444, 147956303779396, 9952
147956309684012, 147956309692656, 8644
147956310767476, 147956310774020, 6544
147956353705668, 147956353716320, 10652
147956375512228, 147956375522360, 10132
147956381786616, 147956381793784, 7168
147956483270900, 147956483282176, 11276
147956606163864, 147956606172896, 9032
147956607242820, 147956607250416, 7596
147956657333564, 147956657342292, 8728
147956673753040, 147956673760984, 7944
147956916278104, 147956916287444, 9340
147956917348344, 147956917355844, 7500
147956923480436, 147956923488048, 7612
147956939999064, 147956940007468, 8404
147956974010536, 147956974020884, 10348
147956975869620, 147956975881320, 11700
147956981997200, 147956982005580, 8380
147957161239840, 147957161250448, 10608
147957227627436, 147957227638096, 10660
147957316798992, 147957316810120, 11128
147957342278304, 147957342287580, 9276
147957474329600, 147957474340856, 11256
147957538158316, 147957538168732, 10416
147957580013516, 147957580023204, 9688
147957584742064, 147957584750236, 8172
147938409805824, 147938409816744, 10920
147940079335376, 147940079345540, 10164
147940201724944, 147940201734128, 9184
147940207820944, 147940207827896, 6952
147940599447824, 147940599459128, 11304
147941219652764, 147941219664148, 11384
147941232731876, 147941232740152, 8276
147941257533864, 147941257545852, 11988
147941347289572, 147941347301012, 11440
147941483672656, 147941483682068, 9412
147941596552864, 147941596563944, 11080
147941728345008, 147941728355356, 10348
147941749376376, 147941749386052, 9676
147941770036132, 147941770046032, 9900
147941873753376, 147941873763744, 10368
147941987399124, 147941987409784, 10660
147942109053488, 147942109064340, 10852
147942115215764, 147942115223832, 8068
147942132213808, 147942132223484, 9676
147942133292876, 147942133300760, 7884
147942254981608, 147942254991276, 9668
147942370291164, 147942370301724, 10560
147942446094656, 147942446106336, 11680
147942473098452, 147942473108416, 9964
147942489644304, 147942489654492, 10188
147942490731616, 147942490739644, 8028
147942502625052, 147942502633056, 8004
147942508794624, 147942508805012, 10388
147942509851992, 147942509860676, 8684
147942541794556, 147942541804612, 10056
147942549743476, 147942549751100, 7624
147942550812708, 147942550819104, 6396
147942563742072, 147942563759000, 16928
147942573689728, 147942573698464, 8736
147942600647244, 147942600657216, 9972
147943205888352, 147943205898960, 10608
147943402650544, 147943402659620, 9076
147943453136072, 147943453146196, 10124
147943578799864, 147943578810352, 10488
147943610727916, 147943610738720, 10804
147943698446580, 147943698457980, 11400
147943710316972, 147943710324900, 7928
147943828072180, 147943828126800, 54620
147943867962752, 147943867973024, 10272
147943874175696, 147943874185036, 9340
147943924337756, 147943924347040, 9284
147943951423732, 147943951433988, 10256
147943952172428, 147943952180792, 8364
147943958296740, 147943958304356, 7616
147943977652080, 147943977663476, 11396
147944025557516, 147944025569120, 11604
147944043482584, 147944043493736, 11152
147944055367668, 147944055375780, 8112
147944177383828, 147944177394020, 10192
147944204270072, 147944204280008, 9936
147944326348412, 147944326358852, 10440
147944918879932, 147944918890172, 10240
147945102758400, 147945102767236, 8836
147945115187376, 147945115195476, 8100
147945126467576, 147945126477344, 9768
147945153454588, 147945153465252, 10664
147945166597324, 147945166606816, 9492
147945188252048, 147945188262628, 10580
147945201336832, 147945201345192, 8360
147945228186116, 147945228195824, 9708
147945277001276, 147945277011488, 10212
147945303853268, 147945303863412, 10144
147945477251932, 147945477262536, 10604
147945600992512, 147945601003408, 10896
147945640816208, 147945640824808, 8600
147945652771212, 147945652780920, 9708
147945669235928, 147945669245128, 9200
147945672653356, 147945672661780, 8424
147945726548952, 147945726560360, 11408
147945739646304, 147945739654928, 8624
147945780330356, 147945780340004, 9648
147945793518888, 147945793529332, 10444
147946187176204, 147946187185388, 9184
147946295696336, 147946295705964, 9628
147946306794592, 147946306801632, 7040
147946315115196, 147946315123272, 8076
147946414556348, 147946414568304, 11956
147946453792848, 147946453802764, 9916
147946503698600, 147946503707920, 9320
147946504783744, 147946504791972, 8228
147946521309324, 147946521319404, 10080
147946653817528, 147946653828488, 10960
147946883169768, 147946883181648, 11880
147946924803692, 147946924813404, 9712
147946936666972, 147946936674788, 7816
147946944998148, 147946945010288, 12140
147946955021372, 147946955031688, 10316
147947038750408, 147947038760884, 10476
147947063714604, 147947063723744, 9140
147947064794624, 147947064802340, 7716
147947115373056, 147947115383036, 9980
147947123798444, 147947123807460, 9016
147947192254140, 147947192264276, 10136
147947200627800, 147947200635704, 7904
147947233098156, 147947233107844, 9688
147947268147068, 147947268152140, 5072
147947317926628, 147947317931888, 5260
147947351912280, 147947351922292, 10012
147947352982344, 147947352990552, 8208
147947366655024, 147947366665764, 10740
147947378551380, 147947378562644, 11264
147947412453364, 147947412463908, 10544
147947417623984, 147947417635164, 11180
147947451660440, 147947451670836, 10396
147947463693108, 147947463702704, 9596
147947467431632, 147947467439916, 8284
147947501512632, 147947501522552, 9920
147947609385272, 147947609394868, 9596
147947610458004, 147947610465876, 7872
147947656412972, 147947656422772, 9800
147947758365896, 147947758375416, 9520
147947785406440, 147947785416552, 10112
147947797310728, 147947797318880, 8152
147947832395036, 147947832400104, 5068
147947870362152, 147947870374196, 12044
147947897740904, 147947897751136, 10232
147947909744564, 147947909755164, 10600
147947910866776, 147947910874936, 8160
147947934058480, 147947934068448, 9968
147947961057284, 147947961067592, 10308
147947961975776, 147947961984132, 8356
147947963041732, 147947963048504, 6772
147947974082864, 147947974093308, 10444
147947982435704, 147947982443120, 7416
147947997874040, 147947997883884, 9844
147948006224248, 147948006235840, 11592
147948434635392, 147948434645832, 10440
147948510425548, 147948510436508, 10960
147948514658744, 147948514666844, 8100
147948515720524, 147948515727272, 6748
147948549878224, 147948549888992, 10768
147948599887612, 147948599897008, 9396
147948627395764, 147948627405524, 9760
147948639323408, 147948639333412, 10004
147948640410752, 147948640419336, 8584
147948667240312, 147948667248752, 8440
147948699860180, 147948699870720, 10540
147948726813060, 147948726823216, 10156
147948743286088, 147948743295472, 9384
147948793050300, 147948793060300, 10000
147948861416604, 147948861426416, 9812
147948863365612, 147948863372724, 7112
147948897374244, 147948897383892, 9648
147948924254084, 147948924263796, 9712
147948931205700, 147948931217004, 11304
147948963848872, 147948963858604, 9732
147948997838876, 147948997849084, 10208
147949030418772, 147949030428468, 9696
147949034629500, 147949034637568, 8068
147949054807680, 147949054817224, 9544
147949059065660, 147949059075220, 9560
147949126661644, 147949126667116, 5472
147949160631864, 147949160641808, 9944
147949164831952, 147949164839284, 7332
147949212377868, 147949212382788, 4920
147949246402020, 147949246412336, 10316
147949258387264, 147949258397504, 10240
147949262203696, 147949262212376, 8680
147949312130804, 147949312142360, 11556
147949346099360, 147949346108848, 9488
147949347163476, 147949347171072, 7596
147949353877624, 147949353887624, 10000
147949361915364, 147949361923952, 8588
147949396007200, 147949396017848, 10648
147949445948668, 147949445958020, 9352
147949964181236, 147949964192328, 11092
147950119653468, 147950119663456, 9988
147950223428728, 147950223440320, 11592
147950235993344, 147950236001560, 8216
147950252660064, 147950252670588, 10524
147950254441140, 147950254449164, 8024
147950263326840, 147950263338744, 11904
147950273398460, 147950273410632, 12172
147950357138528, 147950357149512, 10984
147950390343068, 147950390352932, 9864
147950410908484, 147950410919932, 11448
147950502623500, 147950502634820, 11320
147950519400304, 147950519408740, 8436
147950637190392, 147950637200192, 9800
147950650329976, 147950650340368, 10392
147950651423380, 147950651431316, 7936
147950657525720, 147950657533868, 8148
147950879534936, 147950879546156, 11220
147950900549376, 147950900559316, 9940
147950916972760, 147950916980428, 7668
147950921407552, 147950921417684, 10132
147950925678088, 147950925685136, 7048
147950927438872, 147950927446848, 7976
147950928503564, 147950928511028, 7464
147950978619304, 147950978629456, 10152
147950989829164, 147950989838928, 9764
147950995930408, 147950995938316, 7908
147950996987552, 147950996994584, 7032
147950997146816, 147950997153804, 6988
147951106971628, 147951106982264, 10636
147951237086516, 147951237096048, 9532
147951739028796, 147951739033092, 4296
147951884229956, 147951884239192, 9236
147952030229624, 147952030240920, 11296
147952058118744, 147952058129948, 11204
147952108575480, 147952108585660, 10180
147952120618624, 147952120628840, 10216
147952188718860, 147952188729000, 10140
147952201983216, 147952201994620, 11404
147952241646264, 147952241651424, 5160
147952252709492, 147952252718152, 8660
147952265852840, 147952265862984, 10144
147952315772008, 147952315781520, 9512
147953174838956, 147953174850220, 11264
147953390372672, 147953390384252, 11580
147953402240396, 147953402249004, 8608
147953535799656, 147953535811396, 11740
147953569018796, 147953569029416, 10620
147953570101552, 147953570109752, 8200
147953581630176, 147953581640100, 9924
147953593264668, 147953593272044, 7376
147953705306240, 147953705316928, 10688
147953836913708, 147953836924784, 11076
147953837975616, 147953837983392, 7776
147953845832440, 147953845840600, 8160
147953960547524, 147953960558224, 10700
147954041192316, 147954041202468, 10152
147954255783340, 147954255795060, 11720
147954297477548, 147954297487316, 9768
147954298584416, 147954298592728, 8312
147954310480880, 147954310488392, 7512
147954315482556, 147954315489380, 6824
147954323835044, 147954323844496, 9452
147954329945424, 147954329953632, 8208
147954341978580, 147954341988788, 10208
147954347386948, 147954347394896, 7948
147954379395344, 147954379406936, 11592
147954457190644, 147954457202416, 11772
147954483405624, 147954483416032, 10408
147954515988884, 147954515998964, 10080
147954630617624, 147954630628380, 10756
147954861961228, 147954861973452, 12224
147954888232316, 147954888241340, 9024
147954894381544, 147954894388756, 7212
147954907563104, 147954907572788, 9684
147954957560636, 147954957571048, 10412
147954963710400, 147954963718804, 8404
147954964777160, 147954964784876, 7716
147954981268904, 147954981276440, 7536
147954993273528, 147954993283636, 10108
147955003514980, 147955003525296, 10316
147955009664508, 147955009671476, 6968
147955025420968, 147955025430140, 9172
147955026510012, 147955026516840, 6828
147955029407736, 147955029414744, 7008
147955035389632, 147955035397620, 7988
147955047419508, 147955047429920, 10412
147955060529160, 147955060537356, 8196
147955071051080, 147955071060880, 9800
147955089235792, 147955089245320, 9528
147955095216480, 147955095223636, 7156
147955108381608, 147955108391640, 10032
147955108529720, 147955108537096, 7376
147955117282252, 147955117294012, 11760
147955141159644, 147955141170084, 10440
147955149066360, 147955149074688, 8328
147955162128800, 147955162137220, 8420
147955174990180, 147955174998352, 8172
147955181090740, 147955181097436, 6696
147955184985844, 147955184995352, 9508
147955202908888, 147955202916284, 7396
147955215973068, 147955215981268, 8200
147955217049452, 147955217056092, 6640
147955256751588, 147955256758604, 7016
147955269804116, 147955269811056, 6940
147955276712108, 147955276721632, 9524
147955300649712, 147955300661328, 11616
147955310623400, 147955310634888, 11488
147955372447348, 147955372458828, 11480
147955404911584, 147955404921388, 9804
147955421305060, 147955421315360, 10300
147955466270024, 147955466281644, 11620
147955553922280, 147955553933760, 11480
147955669722220, 147955669732664, 10444
147955682333924, 147955682341696, 7772
147955688437096, 147955688443928, 6832
147955696895392, 147955696905476, 10084
147955847124720, 147955847135588, 10868
147955889063316, 147955889072024, 8708
147955901001388, 147955901008496, 7108
147955910832888, 147955910843260, 10372
147955919150108, 147955919157360, 7252
147955925876848, 147955925884968, 8120
147956047627660, 147956047636764, 9104
147956048722552, 147956048729668, 7116
147956171187552, 147956171197420, 9868
147956172085564, 147956172093036, 7472
147956287779392, 147956287791172, 11780
147956527272240, 147956527281488, 9248
147956535752708, 147956535762796, 10088
147956541002500, 147956541010752, 8252
147956575403196, 147956575413196, 10000
147956581511492, 147956581519776, 8284
147956632857320, 147956632867356, 10036
147956638988032, 147956638995988, 7956
147956640714108, 147956640721160, 7052
147956774383508, 147956774394240, 10732
147956775444496, 147956775452460, 7964
147956787338136, 147956787345968, 7832
147956837726852, 147956837736184, 9332
147956846062620, 147956846070652, 8032
147956955836848, 147956955848236, 11388
147957089532484, 147957089543064, 10580
147957327093468, 147957327102800, 9332
147957343987788, 147957343996244, 8456
147957350105452, 147957350113712, 8260
147957456383432, 147957456394008, 10576
147957578094720, 147957578105308, 10588
