147933513360500, 147933513368772, 8272
147933545487764, 147933545496984, 9220
147933611428772, 147933611437400, 8628
147937847455748, 147937847459568, 3820
147937847474412, 147937847481116, 6704
147937855766308, 147937855771420, 5112
147937864056712, 147937864061140, 4428
147937872404756, 147937872410920, 6164
147937881247984, 147937881252272, 4288
147937889634220, 147937889640880, 6660
147937898006972, 147937898011552, 4580
147937906325008, 147937906329152, 4144
147937914732528, 147937914738772, 6244
147937923066036, 147937923070820, 4784
147938030904400, 147938030907124, 2724
147938037028124, 147938037033896, 5772
147938043127432, 147938043135860, 8428
147938046954340, 147938046961868, 7528
147938055348112, 147938055358524, 10412
147938154594312, 147938154597200, 2888
147938158786032, 147938158791264, 5232
147938162973096, 147938162977224, 4128
147938167155248, 147938167158344, 3096
147938171326764, 147938171331116, 4352
147938256269364, 147938256272356, 2992
147938262375464, 147938262384960, 9496
147938282180816, 147938282189336, 8520
147938302116260, 147938302119600, 3340
147938378549728, 147938378551672, 1944
147938386919000, 147938386924512, 5512
147938395214460, 147938395219544, 5084
147938403629088, 147938403638108, 9020
147938420073384, 147938420081668, 8284
147938469883980, 147938469891296, 7316
147938470965076, 147938470973260, 8184
147938603270192, 147938603273048, 2856
147938614301236, 147938614306664, 5428
147938625422012, 147938625428268, 6256
147938637010200, 147938637018112, 7912
147938643132016, 147938643137460, 5444
147938649368952, 147938649377184, 8232
147938657670712, 147938657679340, 8628
147938681048712, 147938681056132, 7420
147938768790196, 147938768793460, 3264
147938779822720, 147938779828688, 5968
147938790979680, 147938790987860, 8180
147938792673604, 147938792674860, 1256
147938803729192, 147938803736148, 6956
147938837642284, 147938837645352, 3068
147938854089024, 147938854097484, 8460
147938976735980, 147938976745384, 9404
147938977847000, 147938977857592, 10592
147938989791516, 147938989799632, 8116
147939109077608, 147939109084732, 7124
147939110156792, 147939110162312, 5520
147939215483052, 147939215485588, 2536
147939223782108, 147939223787436, 5328
147939232073048, 147939232077360, 4312
147939240374400, 147939240379056, 4656
147939255354308, 147939255362396, 8088
147939347099684, 147939347102588, 2904
147939358142996, 147939358148200, 5204
147939369225836, 147939369230488, 4652
147939478703452, 147939478706024, 2572
147939482901692, 147939482906456, 4764
147939487082868, 147939487086216, 3348
147939491260396, 147939491264488, 4092
147939495439420, 147939495443328, 3908
147939598350740, 147939598353304, 2564
147939609391692, 147939609396436, 4744
147939620451984, 147939620456356, 4372
147939730009744, 147939730012528, 2784
147939734235488, 147939734241012, 5524
147939738421904, 147939738425696, 3792
147939742607904, 147939742611952, 4048
147939746790572, 147939746798708, 8136
147939747900304, 147939747901400, 1096
147939752167652, 147939752176348, 8696
147939899484588, 147939899490092, 5504
147940535661608, 147940535664696, 3088
147940539858112, 147940539863408, 5296
147940544033060, 147940544036820, 3760
147940548213104, 147940548217604, 4500
147940552452780, 147940552456348, 3568
147940556710612, 147940556716584, 5972
147940560924080, 147940560928340, 4260
147940565120564, 147940565124636, 4072
147940569297220, 147940569300928, 3708
147940573482748, 147940573485464, 2716
147940577757160, 147940577762944, 5784
147940581945812, 147940581950028, 4216
147940586195188, 147940586198948, 3760
147940590378616, 147940590381984, 3368
147940594593012, 147940594597088, 4076
147940598829156, 147940598834300, 5144
147940603009592, 147940603013600, 4008
147940607190440, 147940607195032, 4592
147940611396560, 147940611400224, 3664
147940615581000, 147940615584564, 3564
147940619815708, 147940619820660, 4952
147940624546944, 147940624551556, 4612
147940628733748, 147940628738436, 4688
147940632912200, 147940632915720, 3520
147940655297560, 147940655305024, 7464
147940735141648, 147940735144704, 3056
147940747019308, 147940747028136, 8828
147940748093820, 147940748101284, 7464
147940852722720, 147940852725580, 2860
147940863770616, 147940863775648, 5032
147940875419020, 147940875424632, 5612
147940886467772, 147940886475128, 7356
147940892603564, 147940892611032, 7468
147941014514764, 147941014519624, 4860
147941136797012, 147941136804104, 7092
147941142552720, 147941142560380, 7660
147941153664100, 147941153672652, 8552
147941381170644, 147941381173676, 3032
147941392210224, 147941392215420, 5196
147941502835040, 147941502838432, 3392
147941507136268, 147941507141672, 5404
147941511335040, 147941511338780, 3740
147941515544932, 147941515548792, 3860
147941519725764, 147941519729316, 3552
147941523989252, 147941523998572, 9320
147941535902740, 147941535909948, 7208
147941549153636, 147941549162052, 8416
147941553358292, 147941553366220, 7928
147941554417252, 147941554423784, 6532
147941562616436, 147941562617712, 1276
147941566896716, 147941566904284, 7568
147941580595804, 147941580601004, 5200
147941593682180, 147941593693984, 11804
147941597882012, 147941597893372, 11360
147941612472812, 147941612479776, 6964
147941614466900, 147941614472216, 5316
147941618669148, 147941618679328, 10180
147941632476628, 147941632483880, 7252
147941634456680, 147941634461620, 4940
147941674425284, 147941674427964, 2680
147941688331044, 147941688338428, 7384
147941784006296, 147941784009416, 3120
147941816617896, 147941816623776, 5880
147941849287104, 147941849292288, 5184
147941882392764, 147941882398240, 5476
147941915036500, 147941915044916, 8416
147941916157772, 147941916165328, 7556
147943223802396, 147943223805184, 2788
147943234850852, 147943234855908, 5056
147943245969152, 147943245974268, 5116
147943257036672, 147943257040672, 4000
147943268158344, 147943268163236, 4892
147943279181640, 147943279185784, 4144
147943290292468, 147943290298260, 5792
147943301324616, 147943301329572, 4956
147943312408896, 147943312414936, 6040
147943323456400, 147943323461380, 4980
147943334550160, 147943334555800, 5640
147943345606644, 147943345610952, 4308
147943356635256, 147943356639324, 4068
147943368267108, 147943368271964, 4856
147943379296940, 147943379301756, 4816
147943390407240, 147943390412536, 5296
147943401480948, 147943401485420, 4472
147943412564524, 147943412569556, 5032
147943423708260, 147943423713800, 5540
147943434801892, 147943434805868, 3976
147943445952180, 147943445958024, 5844
147943456971580, 147943456976056, 4476
147943468021968, 147943468026636, 4668
147943479066152, 147943479070296, 4144
147943490205056, 147943490209760, 4704
147943501264244, 147943501268588, 4344
147943512428932, 147943512434272, 5340
147943523513224, 147943523518736, 5512
147943534550844, 147943534555976, 5132
147943545746896, 147943545751984, 5088
147943556865456, 147943556870296, 4840
147943568026672, 147943568035224, 8552
147944077321324, 147944077324176, 2852
147944088380632, 147944088385896, 5264
147944099544736, 147944099550632, 5896
147944110577528, 147944110582380, 4852
147944122246856, 147944122253344, 6488
147944133293588, 147944133304896, 11308
147944144382220, 147944144387200, 4980
147944155454000, 147944155458988, 4988
147944166562100, 147944166567820, 5720
147944177683772, 147944177689176, 5404
147944188770364, 147944188774868, 4504
147944199863520, 147944199868924, 5404
147944210921664, 147944210926416, 4752
147944222087660, 147944222092708, 5048
147944332568420, 147944332570352, 1932
147944343628740, 147944343634108, 5368
147944354734668, 147944354739788, 5120
147944366320528, 147944366328360, 7832
147944488477808, 147944488486620, 8812
147944613908372, 147944613911356, 2984
147944622210432, 147944622215644, 5212
147944630504192, 147944630508148, 3956
147944638887148, 147944638893536, 6388
147944647223356, 147944647231708, 8352
147944763335536, 147944763338512, 2976
147944775191332, 147944775199992, 8660
147944781313200, 147944781321660, 8460
147944792412996, 147944792418856, 5860
147944803534220, 147944803543148, 8928
147944823247536, 147944823254632, 7096
147944834315092, 147944834327260, 12168
147944871013844, 147944871021844, 8000
147944898080800, 147944898094188, 13388
147944904284944, 147944904300244, 15300
147944916284608, 147944916296284, 11676
147944932759664, 147944932772052, 12388
147944946877984, 147944946890564, 12580
147944973971632, 147944973985604, 13972
147944998610624, 147944998618624, 8000
147945006990508, 147945007004140, 13632
147945018946964, 147945018957400, 10436
147945206050176, 147945206053076, 2900
147945207108012, 147945207117520, 9508
147945218181932, 147945218189404, 7472
147945219240172, 147945219246484, 6312
147945285799784, 147945285803080, 3296
147945298860008, 147945298865336, 5328
147945331661164, 147945331664444, 3280
147945337780612, 147945337789596, 8984
147945365256996, 147945365264564, 7568
147945381533540, 147945381541024, 7484
147945408605240, 147945408618000, 12760
147945421727576, 147945421742056, 14480
147945427839828, 147945427852108, 12280
147945457280708, 147945457287476, 6768
147945470400384, 147945470413536, 13152
147946071499668, 147946071501956, 2288
147946098383892, 147946098388696, 4804
147946125798328, 147946125803908, 5580
147946152727488, 147946152733196, 5708
147946179626064, 147946179631736, 5672
147946206542024, 147946206547020, 4996
147946233526880, 147946233532436, 5556
147946260404192, 147946260409444, 5252
147946287364728, 147946287370256, 5528
147946314267488, 147946314273276, 5788
147946341178780, 147946341183556, 4776
147946368691332, 147946368696708, 5376
147946395698764, 147946395705012, 6248
147946422631316, 147946422636828, 5512
147946449454032, 147946449459376, 5344
147946476378676, 147946476383748, 5072
147946503261948, 147946503270596, 8648
147946634018884, 147946634021952, 3068
147946638324344, 147946638329780, 5436
147946642586496, 147946642590292, 3796
147946646771312, 147946646774956, 3644
147946650988712, 147946650993572, 4860
147946659467520, 147946659474352, 6832
147946663672292, 147946663680236, 7944
147946664753044, 147946664760616, 7572
147946676710904, 147946676719216, 8312
147946680945900, 147946680952940, 7040
147946695701488, 147946695703284, 1796
147946699912872, 147946699918940, 6068
147946711834324, 147946711841144, 6820
147946834007056, 147946834014488, 7432
147946867355920, 147946867361052, 5132
147946899971956, 147946899980640, 8684
147946916484200, 147946916491816, 7616
147946920684328, 147946920691040, 6712
147946953274056, 147946953282612, 8556
147946964922284, 147946964929344, 7060
147946997642892, 147946997655168, 12276
147947014151108, 147947014163596, 12488
147947026135324, 147947026149464, 14140
147947058776344, 147947058790832, 14488
147947062984644, 147947062993384, 8740
147947192268036, 147947192270336, 2300
147947200570176, 147947200575224, 5048
147947208861192, 147947208865632, 4440
147947217201192, 147947217206620, 5428
147947225496872, 147947225501448, 4576
147947233796336, 147947233800972, 4636
147947242103584, 147947242112592, 9008
147947253964944, 147947253972392, 7448
147947258174268, 147947258178772, 4504
147947264139688, 147947264144716, 5028
147948562289312, 147948562292412, 3100
147948568414708, 147948568419844, 5136
147948574524000, 147948574528844, 4844
147948580671912, 147948580675388, 3476
147948586870588, 147948586876192, 5604
147948592985968, 147948592989952, 3984
147948599120596, 147948599124160, 3564
147948605872000, 147948605877056, 5056
147948611963444, 147948611967344, 3900
147948618064656, 147948618068308, 3652
147948624219432, 147948624225080, 5648
147948630326732, 147948630331556, 4824
147948636421304, 147948636425760, 4456
147948642546396, 147948642552320, 5924
147948648658548, 147948648663048, 4500
147948654764760, 147948654769408, 4648
147948660867932, 147948660872700, 4768
147948667014476, 147948667022276, 7800
147948691974352, 147948691981780, 7428
147948769785352, 147948769788104, 2752
147948802302276, 147948802307232, 4956
147948834810464, 147948834815660, 5196
147948967107484, 147948967110380, 2896
147948971320344, 147948971325536, 5192
147948975504456, 147948975508004, 3548
147948979695916, 147948979699276, 3360
147948983877944, 147948983882616, 4672
147948988120716, 147948988131232, 10516
147949002951220, 147949002952564, 1344
147949007185668, 147949007194572, 8904
147949008784364, 147949008792188, 7824
147949014956012, 147949014964728, 8716
147949081122880, 147949081126624, 3744
147949089478628, 147949089483004, 4376
147949123859768, 147949123862996, 3228
147949128090900, 147949128099908, 9008
147949144697800, 147949144706124, 8324
147949156620540, 147949156628480, 7940
147949296134932, 147949296140748, 5816
147949323258464, 147949323263428, 4964
147949350265544, 147949350271844, 6300
147949377805816, 147949377816796, 10980
147949381693564, 147949381700944, 7380
147949401860656, 147949401867640, 6984
147949529544196, 147949529548140, 3944
147949535662820, 147949535668172, 5352
147949641199432, 147949641202104, 2672
147949645386972, 147949645392248, 5276
147949649569816, 147949649573404, 3588
147949653750244, 147949653753724, 3480
147949657981968, 147949657985500, 3532
147949662224804, 147949662236032, 11228
147949663347048, 147949663354948, 7900
147949679779812, 147949679785336, 5524
147949684080548, 147949684088968, 8420
147949695981696, 147949695989404, 7708
147949703071632, 147949703076480, 4848
147949800669348, 147949800672176, 2828
147949809006052, 147949809011420, 5368
147949817305992, 147949817310544, 4552
147949825650764, 147949825656312, 5548
147949904422368, 147949904425252, 2884
147949920895672, 147949920903848, 8176
147949970764824, 147949970772352, 7528
147949974956512, 147949974963724, 7212
147950089919304, 147950089921932, 2628
147950094111036, 147950094116232, 5196
147950098292264, 147950098296488, 4224
147950103016964, 147950103020728, 3764
147950107199196, 147950107206216, 7020
147950117700572, 147950117701896, 1324
147950221510392, 147950221513236, 2844
147950232567732, 147950232572792, 5060
147950243685080, 147950243690824, 5744
147950353080828, 147950353083508, 2680
147950354138412, 147950354143992, 5580
147950355224936, 147950355232404, 7468
147950477142496, 147950477150000, 7504
147950490205932, 147950490213644, 7712
147950491285856, 147950491292656, 6800
147950497448616, 147950497457824, 9208
147950513904468, 147950513913408, 8940
147950518536380, 147950518537592, 1212
147950531612092, 147950531618428, 6336
147950532685712, 147950532693816, 8104
147950544500316, 147950544507876, 7560
147950558529456, 147950558537376, 7920
147950636240480, 147950636243096, 2616
147950647282360, 147950647287512, 5152
147950662164428, 147950662171800, 7372
147950757889984, 147950757892760, 2776
147950770943888, 147950770948820, 4932
147950787805160, 147950787829020, 23860
147950883532168, 147950883535148, 2980
147950894570248, 147950894576480, 6232
147950905714508, 147950905720140, 5632
147950916768480, 147950916776336, 7856
147950950967624, 147950950975924, 8300
147950957261244, 147950957262756, 1512
147950991466536, 147950991473436, 6900
147951007190356, 147951007195420, 5064
147951100912684, 147951100916412, 3728
147951111942352, 147951111947724, 5372
147951123100040, 147951123108696, 8656
147951326470864, 147951326476272, 5408
147951330662500, 147951330666972, 4472
147951334849784, 147951334855900, 6116
147951351840716, 147951351847264, 6548
147951356040604, 147951356049080, 8476
147951463927232, 147951463929892, 2660
147951472227632, 147951472232544, 4912
147951480525104, 147951480529728, 4624
147951488851836, 147951488857360, 5524
147951507696392, 147951507702680, 6288
147951595461916, 147951595465000, 3084
147951600214132, 147951600219168, 5036
147951604408500, 147951604412288, 3788
147951608635452, 147951608640252, 4800
147951612845796, 147951612853900, 8104
147951719417956, 147951719425268, 7312
147951850693896, 147951850696768, 2872
147951884586856, 147951884591616, 4760
147951918683764, 147951918689104, 5340
147951952822916, 147951952828308, 5392
147951986891512, 147951986896704, 5192
147952020997600, 147952021002756, 5156
147952055281800, 147952055287676, 5876
147952089399132, 147952089408092, 8960
147952096094116, 147952096103496, 9380
147952097225860, 147952097232936, 7076
147952113672984, 147952113680848, 7864
147952145956388, 147952145963780, 7392
147952173760044, 147952173767344, 7300
147952181818424, 147952181826124, 7700
147952185719940, 147952185727272, 7332
147952223628648, 147952223631592, 2944
147952257568968, 147952257574824, 5856
147952291514064, 147952291523440, 9376
147952303402128, 147952303408788, 6660
147952415284048, 147952415286796, 2748
147952426335420, 147952426342488, 7068
147952427418576, 147952427425568, 6992
147952549395272, 147952549400280, 5008
147952671950312, 147952671954972, 4660
147952797976764, 147952797983652, 6888
147952920392192, 147952920405968, 13776
147953168983436, 147953168986256, 2820
147953180841432, 147953180847304, 5872
147953192690828, 147953192697372, 6544
147953242348076, 147953242354364, 6288
147953243430052, 147953243437740, 7688
147953249544920, 147953249552864, 7944
147953265918544, 147953265926228, 7684
147953277795460, 147953277802268, 6808
147953282498480, 147953282499784, 1304
147953283553008, 147953283559340, 6332
147953288480840, 147953288481940, 1100
147953294590824, 147953294597432, 6608
147953321389208, 147953321397780, 8572
147953355945164, 147953355950104, 4940
147953389948908, 147953389958804, 9896
147953396075260, 147953396082268, 7008
147953517846184, 147953517849812, 3628
147953526165752, 147953526170776, 5024
147953534461228, 147953534465488, 4260
147953641575752, 147953641578640, 2888
147953647709548, 147953647715480, 5932
147953653810584, 147953653819352, 8768
147953687854212, 147953687863756, 9544
147953688917504, 147953688924308, 6804
147953699290104, 147953699291528, 1424
147953741191024, 147953741199712, 8688
147953833037148, 147953833039096, 1948
147953841904476, 147953841909744, 5268
147953850241116, 147953850246048, 4932
147953956650984, 147953956652892, 1908
147953964981784, 147953964986216, 4432
147953973286388, 147953973290952, 4564
147953981612016, 147953981617700, 5684
147953989918944, 147953989927056, 8112
147954100142488, 147954100145332, 2844
147954111200336, 147954111205584, 5248
147954122316836, 147954122322492, 5656
147954133345484, 147954133352452, 6968
147954134428076, 147954134435352, 7276
147954283620844, 147954283623840, 2996
147954310557744, 147954310563132, 5388
147954337501636, 147954337507004, 5368
147954463088760, 147954463090788, 2028
147954489998812, 147954490004200, 5388
147954516998368, 147954517003772, 5404
147954543905796, 147954543915480, 9684
147954560447412, 147954560453880, 6468
147954573704008, 147954573710992, 6984
147954610713500, 147954610718996, 5496
147954623845116, 147954623856992, 11876
147954634649460, 147954634656652, 7192
147954661738396, 147954661752196, 13800
147954662833808, 147954662844152, 10344
147954664467644, 147954664472836, 5192
147954677671672, 147954677685436, 13764
147954692587224, 147954692601720, 14496
147954698755040, 147954698766232, 11192
147954725699148, 147954725712572, 13424
147954738872036, 147954738887100, 15064
147954750842256, 147954750856224, 13968
147954762261932, 147954762269532, 7600
147955169026772, 147955169028576, 1804
147955195825980, 147955195831240, 5260
147955222606688, 147955222610668, 3980
147955249422768, 147955249426932, 4164
147955276208272, 147955276212492, 4220
147955303034768, 147955303039488, 4720
147955329878384, 147955329883576, 5192
147955357291600, 147955357296436, 4836
147955384104852, 147955384110584, 5732
147955410976776, 147955410982124, 5348
147955437791652, 147955437800024, 8372
147955443904324, 147955443912572, 8248
147955464182944, 147955464190476, 7532
147955831116600, 147955831120160, 3560
147955832175024, 147955832180572, 5548
147955833245892, 147955833249740, 3848
147955834292040, 147955834294692, 2652
147955835353732, 147955835362036, 8304
147955938789296, 147955938792316, 3020
147955972790256, 147955972795480, 5224
147956006851492, 147956006856812, 5320
147956040976700, 147956040982736, 6036
147956074941048, 147956074946672, 5624
147956109753528, 147956109758708, 5180
147956143903844, 147956143910020, 6176
147956177936856, 147956177945868, 9012
147956399514464, 147956399517548, 3084
147956410599108, 147956410604804, 5696
147956421731936, 147956421737924, 5988
147956432813884, 147956432822356, 8472
147956433900428, 147956433907532, 7104
147956450362848, 147956450370628, 7780
147956453262972, 147956453265364, 2392
147956461731484, 147956461740840, 9356
147956485222176, 147956485227456, 5280
147956493549232, 147956493560560, 11328
147956567010240, 147956567013056, 2816
147956578064108, 147956578069548, 5440
147956589783068, 147956589791644, 8576
147956600980340, 147956600986064, 5724
147956710586116, 147956710588780, 2664
147956718907188, 147956718912512, 5324
147956727249400, 147956727253520, 4120
147956735654444, 147956735660084, 5640
147956743960260, 147956743964480, 4220
147956752292468, 147956752303768, 11300
147956786324168, 147956786329164, 4996
147956820268560, 147956820273740, 5180
147956854858928, 147956854864312, 5384
147956888858260, 147956888865940, 7680
147956900001056, 147956900009008, 7952
147956934217152, 147956934224460, 7308
147956945293448, 147956945301500, 8052
147957067231236, 147957067239964, 8728
147957097439520, 147957097447284, 7764
147957316798288, 147957316801140, 2852
147957327839912, 147957327845304, 5392
147957339482924, 147957339488300, 5376
147957350506088, 147957350513976, 7888
147957351588724, 147957351596044, 7320
147957362622156, 147957362623672, 1516
147957373654500, 147957373659948, 5448
147957412407088, 147957412414212, 7124
147957446357920, 147957446365280, 7360
147957488289772, 147957488297188, 7416
147957530178852, 147957530186268, 7416
147957579944872, 147957579957336, 12464
147957588830164, 147957588834640, 4476
147957594965924, 147957594969716, 3792
147957631634264, 147957631642872, 8608
147957725728452, 147957725736328, 7876
147933578753852, 147933578762172, 8320
147938274204388, 147938274207916, 3528
147938274224796, 147938274230684, 5888
147938285291480, 147938285296316, 4836
147938296390724, 147938296396248, 5524
147938307421272, 147938307425320, 4048
147938318518980, 147938318523708, 4728
147938329550764, 147938329554888, 4124
147938340718680, 147938340723952, 5272
147938351773644, 147938351778036, 4392
147938362934808, 147938362940204, 5396
147938374217764, 147938374224732, 6968
147938385930024, 147938385934552, 4528
147938397100664, 147938397106924, 6260
147938408139088, 147938408143824, 4736
147938419241248, 147938419247108, 5860
147938430283552, 147938430288192, 4640
147938441367332, 147938441372884, 5552
147938452428568, 147938452433520, 4952
147938463510112, 147938463515828, 5716
147938474600320, 147938474610720, 10400
147938585348604, 147938585351712, 3108
147938593683040, 147938593688492, 5452
147938601990020, 147938601993700, 3680
147938610374248, 147938610379284, 5036
147938618708600, 147938618712880, 4280
147938627093436, 147938627102844, 9408
147938639606656, 147938639614772, 8116
147938640666268, 147938640673128, 6860
147938649092380, 147938649095076, 2696
147938660143600, 147938660150452, 6852
147938710225840, 147938710234140, 8300
147938711315320, 147938711322932, 7612
147938717451232, 147938717460056, 8824
147938725870012, 147938725880804, 10792
147938744849308, 147938744856548, 7240
147938840582704, 147938840584624, 1920
147938848885792, 147938848891444, 5652
147938857189388, 147938857193884, 4496
147938872495160, 147938872503096, 7936
147938908377720, 147938908381480, 3760
147938964232120, 147938964234840, 2720
147938975381744, 147938975389048, 7304
147938981512284, 147938981519968, 7684
147938984114460, 147938984115692, 1232
147938995222508, 147938995231508, 9000
147939031980288, 147939031981948, 1660
147939043069480, 147939043075304, 5824
147939053913660, 147939053915296, 1636
147939060030124, 147939060036324, 6200
147939161668396, 147939161670492, 2096
147939172725216, 147939172730676, 5460
147939183810144, 147939183815440, 5296
147939194849480, 147939194857940, 8460
147939195930980, 147939195938932, 7952
147939202072520, 147939202082644, 10124
147939213941028, 147939213948684, 7656
147939223424132, 147939223425504, 1372
147939234451688, 147939234457948, 6260
147939240542648, 147939240548280, 5632
147939247464412, 147939247470568, 6156
147939248526960, 147939248533364, 6404
147939298260552, 147939298268044, 7492
147939310198284, 147939310207732, 9448
147939314424048, 147939314431972, 7924
147939327135784, 147939327143880, 8096
147939333104016, 147939333110332, 6316
147939337305276, 147939337316244, 10968
147939339087356, 147939339092368, 5012
147939340149048, 147939340158552, 9504
147939355058120, 147939355065672, 7552
147939359030968, 147939359036904, 5936
147939363224472, 147939363235756, 11284
147939396936244, 147939396943252, 7008
147939403066004, 147939403077040, 11036
147939415706920, 147939415720668, 13748
147939430944116, 147939430949824, 5708
147939446813904, 147939446816388, 2484
147939450860208, 147939450861640, 1432
147939467278320, 147939467287036, 8716
147939482677472, 147939482682296, 4824
147939576441128, 147939576443964, 2836
147939580632928, 147939580638300, 5372
147939584811932, 147939584816932, 5000
147939588994080, 147939589000236, 6156
147939605394324, 147939605403116, 8792
147939821693488, 147939821696228, 2740
147939827786124, 147939827791680, 5556
147939833883372, 147939833891672, 8300
147939949350624, 147939949353448, 2824
147939953560628, 147939953565800, 5172
147939957746744, 147939957750844, 4100
147939961941060, 147939961945008, 3948
147939966130376, 147939966133800, 3424
147939970342408, 147939970350696, 8288
147940002889520, 147940002898532, 9012
147940003976112, 147940003983236, 7124
147940010120264, 147940010131232, 10968
147940025118368, 147940025125772, 7404
147940122868464, 147940122871380, 2916
147940131734952, 147940131740580, 5628
147940140033596, 147940140042060, 8464
147940151987192, 147940151994244, 7052
147940258444552, 147940258446776, 2224
147940266797988, 147940266803260, 5272
147940275084904, 147940275089256, 4352
147940283493060, 147940283498284, 5224
147940291846684, 147940291854328, 7644
147940326201820, 147940326210168, 8348
147940342869952, 147940342878576, 8624
147940349031000, 147940349039044, 8044
147940350089872, 147940350095116, 5244
147940461928420, 147940461931276, 2856
147940470263876, 147940470269296, 5420
147940478585560, 147940478589328, 3768
147940486933892, 147940486938224, 4332
147940499747156, 147940499754164, 7008
147940593478128, 147940593481136, 3008
147940604548828, 147940604553908, 5080
147940615641420, 147940615647468, 6048
147940627211976, 147940627219728, 7752
147940633336396, 147940633343980, 7584
147940659292360, 147940659299764, 7404
147940749017992, 147940749020888, 2896
147940753224032, 147940753229500, 5468
147940757397864, 147940757402388, 4524
147940761578108, 147940761581656, 3548
147940864700704, 147940864703448, 2744
147940897867952, 147940897873360, 5408
147940930567208, 147940930572572, 5364
147940963061904, 147940963066880, 4976
147940995755596, 147940995764748, 9152
147941002949024, 147941002956156, 7132
147941004007880, 147941004014160, 6280
147941008262324, 147941008270016, 7692
147941042202780, 147941042209104, 6324
147941066122388, 147941066127436, 5048
147941098782516, 147941098795484, 12968
147941109959428, 147941109972828, 13400
147941111038236, 147941111048640, 10404
147941123466772, 147941123478248, 11476
147941123887696, 147941123892524, 4828
147941173811164, 147941173816268, 5104
147941225621292, 147941225623176, 1884
147941258061028, 147941258065928, 4900
147941297412644, 147941297420084, 7440
147941330077864, 147941330091940, 14076
147941346542436, 147941346556504, 14068
147941355221744, 147941355228376, 6632
147941359457608, 147941359470216, 12608
147941392486156, 147941392498956, 12800
147941396686120, 147941396697732, 11612
147941397792460, 147941397806552, 14092
147941438905804, 147941438919344, 13540
147941450798124, 147941450809700, 11576
147941855769256, 147941855772844, 3588
147941864081664, 147941864086940, 5276
147941872929316, 147941872933840, 4524
147941881343744, 147941881348768, 5024
147941889682756, 147941889686972, 4216
147941898039552, 147941898044544, 4992
147941906396200, 147941906401396, 5196
147941914692176, 147941914697260, 5084
147941923043000, 147941923048000, 5000
147941931364556, 147941931369364, 4808
147941939726988, 147941939732592, 5604
147941948045408, 147941948050208, 4800
147941956391268, 147941956396964, 5696
147941964703840, 147941964708088, 4248
147941973030412, 147941973034676, 4264
147941981393624, 147941981398592, 4968
147941989691108, 147941989695152, 4044
147941999467496, 147941999469536, 2040
147942007770704, 147942007779512, 8808
147942013318492, 147942013321100, 2608
147942031261784, 147942031266852, 5068
147942097111692, 147942097114976, 3284
147942130368968, 147942130374136, 5168
147942164889744, 147942164894824, 5080
147942222724292, 147942222732304, 8012
147942255236520, 147942255250400, 13880
147942267251360, 147942267265268, 13908
147942389927668, 147942389938072, 10404
147942511562636, 147942511574200, 11564
147943221827156, 147943221829988, 2832
147943248666244, 147943248672040, 5796
147943275532076, 147943275537264, 5188
147943302391976, 147943302398204, 6228
147943329209968, 147943329215584, 5616
147943356011468, 147943356015972, 4504
147943383439056, 147943383445028, 5972
147943410254892, 147943410259844, 4952
147943437180544, 147943437185464, 4920
147943464023816, 147943464029136, 5320
147943490885992, 147943490890856, 4864
147943517736836, 147943517742084, 5248
147943544714868, 147943544719908, 5040
147943571650180, 147943571655248, 5068
147943598530200, 147943598535352, 5152
147943626090772, 147943626095292, 4520
147943653046084, 147943653053296, 7212
147944111213796, 147944111217192, 3396
147944120106056, 147944120111860, 5804
147944128413300, 147944128418264, 4964
147944136754276, 147944136759140, 4864
147944145055572, 147944145059420, 3848
147944153431784, 147944153436784, 5000
147944161792904, 147944161797444, 4540
147944170130588, 147944170135164, 4576
147944178508816, 147944178513484, 4668
147944186839200, 147944186842680, 3480
147944195219524, 147944195224632, 5108
147944203513184, 147944203518048, 4864
147944211876916, 147944211882124, 5208
147944220187084, 147944220191364, 4280
147944228473920, 147944228478072, 4152
147944236863784, 147944236869116, 5332
147944245195920, 147944245200372, 4452
147944253660652, 147944253665124, 4472
147944262010076, 147944262015072, 4996
147944270368920, 147944270372404, 3484
147944278737656, 147944278747024, 9368
147944291950360, 147944291960500, 10140
147944296643468, 147944296644760, 1292
147944304951096, 147944304957016, 5920
147944312329608, 147944312339756, 10148
147944313445504, 147944313452220, 6716
147944328549844, 147944328551120, 1276
147944336902412, 147944336909724, 7312
147944338212384, 147944338219100, 6716
147944450341368, 147944450343244, 1876
147944458686052, 147944458691504, 5452
147944466993948, 147944466997968, 4020
147944475376172, 147944475381552, 5380
147944483676572, 147944483683644, 7072
147944484768600, 147944484776808, 8208
147944496725988, 147944496733036, 7048
147944505046616, 147944505054172, 7556
147944555010932, 147944555019920, 8988
147944582363804, 147944582371324, 7520
147944594390852, 147944594397732, 6880
147944615795836, 147944615801180, 5344
147944642711780, 147944642724376, 12596
147944692875812, 147944692886820, 11008
147944704172520, 147944704186244, 13724
147944826213692, 147944826224076, 10384
147945213992104, 147945213994904, 2800
147945220096876, 147945220102212, 5336
147945226188784, 147945226193228, 4444
147945232282248, 147945232286292, 4044
147945411461568, 147945411464680, 3112
147945422484468, 147945422490000, 5532
147945433590208, 147945433594400, 4192
147945444647072, 147945444651248, 4176
147945455747940, 147945455753008, 5068
147945466764204, 147945466772792, 8588
147945559199860, 147945559207956, 8096
147945571068888, 147945571076112, 7224
147945587607216, 147945587615752, 8536
147945593786292, 147945593794748, 8456
147945594847312, 147945594852576, 5264
147945816261068, 147945816263904, 2836
147945927922744, 147945927925536, 2792
147945939001132, 147945939005748, 4616
147945950060756, 147945950065860, 5104
147945971805932, 147945971813292, 7360
147946061567408, 147946061570468, 3060
147946074629700, 147946074634396, 4696
147946137322600, 147946137325868, 3268
147946141529944, 147946141535568, 5624
147946145716568, 147946145724376, 7808
147946158800156, 147946158807064, 6908
147946163009960, 147946163016940, 6980
147946176115376, 147946176123028, 7652
147946177195100, 147946177201120, 6020
147946181477464, 147946181485960, 8496
147946292956532, 147946292958508, 1976
147946297154032, 147946297158920, 4888
147946301326512, 147946301330076, 3564
147946305500864, 147946305504172, 3308
147946309686964, 147946309691368, 4404
147946313904424, 147946313914380, 9956
147946314686184, 147946314693760, 7576
147946332766988, 147946332771004, 4016
147946430468776, 147946430471476, 2700
147946438785256, 147946438790232, 4976
147946447083088, 147946447087692, 4604
147946455432108, 147946455437052, 4944
147946463728476, 147946463736912, 8436
147946467927144, 147946467933572, 6428
147946476279296, 147946476289432, 10136
147946488390716, 147946488395728, 5012
147946588154840, 147946588157060, 2220
147946596489776, 147946596494832, 5056
147946604827368, 147946604831244, 3876
147946613865488, 147946613871384, 5896
147946622224420, 147946622232680, 8260
147946656259172, 147946656265556, 6384
147946690240544, 147946690246648, 6104
147946724252728, 147946724257804, 5076
147946758312420, 147946758320892, 8472
147946865257840, 147946865260004, 2164
147946899215728, 147946899221576, 5848
147946933233020, 147946933238536, 5516
147946967181312, 147946967186500, 5188
147947001283596, 147947001288668, 5072
147947035427812, 147947035433184, 5372
147947069416812, 147947069422144, 5332
147947103458664, 147947103467148, 8484
147947136733488, 147947136743176, 9688
147947137804060, 147947137811984, 7924
147947142016412, 147947142022888, 6476
147947174764044, 147947174772736, 8692
147947208723468, 147947208732884, 9416
147947357792388, 147947357795088, 2700
147947361991804, 147947361997132, 5328
147947366170812, 147947366175168, 4356
147947370349648, 147947370354348, 4700
147947374529356, 147947374532864, 3508
147947378742272, 147947378751408, 9136
147947493482976, 147947493484864, 1888
147947497672028, 147947497677484, 5456
147947501850256, 147947501854664, 4408
147947506039792, 147947506044656, 4864
147947510216316, 147947510220084, 3768
147947514424412, 147947514433764, 9352
147947515525772, 147947515532100, 6328
147947531898744, 147947531904096, 5352
147947635074700, 147947635077324, 2624
147947667560812, 147947667566436, 5624
147947700075496, 147947700081468, 5972
147947732623740, 147947732628820, 5080
147947765281064, 147947765289576, 8512
147947769496484, 147947769504164, 7680
147947819522808, 147947819530544, 7736
147947948071856, 147947948074556, 2700
147947980521464, 147947980526536, 5072
147948013207816, 147948013214080, 6264
147948145491024, 147948145493000, 1976
147948178071816, 147948178077828, 6012
147948210727460, 147948210733292, 5832
147948243376384, 147948243382408, 6024
147948276163208, 147948276172088, 8880
147948292621820, 147948292629376, 7556
147948301005860, 147948301012684, 6824
147948410723728, 147948410725532, 1804
147948419054852, 147948419060276, 5424
147948427387728, 147948427391616, 3888
147948435763248, 147948435769308, 6060
147948444083728, 147948444091028, 7300
147948445173040, 147948445178972, 5932
147948453556364, 147948453563924, 7560
147948480526388, 147948480535772, 9384
147948496992364, 147948496999432, 7068
147948508945760, 147948508952020, 6260
147948634061308, 147948634063864, 2556
147948638255936, 147948638261400, 5464
147948642433440, 147948642437724, 4284
147948646607268, 147948646611684, 4416
147948650786144, 147948650790400, 4256
147948655001224, 147948655010156, 8932
147948709861108, 147948709863800, 2692
147948721714696, 147948721722324, 7628
147948725934004, 147948725940776, 6772
147948814954120, 147948814959104, 4984
147948936853456, 147948936862056, 8600
147948959077752, 147948959079348, 1596
147949080748100, 147949080757108, 9008
147949148558472, 147949148561724, 3252
147949154671092, 147949154679544, 8452
147949276195960, 147949276201724, 5764
147949810629992, 147949810633696, 3704
147949844717712, 147949844723048, 5336
147949879647104, 147949879652212, 5108
147949913943668, 147949913949176, 5508
147949947888652, 147949947893848, 5196
147949981777304, 147949981783204, 5900
147950015628052, 147950015633148, 5096
147950049572880, 147950049578288, 5408
147950083537460, 147950083542868, 5408
147950117923056, 147950117927928, 4872
147950151892144, 147950151897224, 5080
147950186093804, 147950186098464, 4660
147950220248344, 147950220254068, 5724
147950254167140, 147950254172476, 5336
147950288078196, 147950288083256, 5060
147950322123492, 147950322128860, 5368
147950356855716, 147950356861224, 5508
147950390759292, 147950390764656, 5364
147950424700948, 147950424706224, 5276
147950458757136, 147950458762604, 5468
147950492923540, 147950492928848, 5308
147950526814116, 147950526819448, 5332
147950560933940, 147950560938988, 5048
147950594946496, 147950594952016, 5520
147950629448896, 147950629454228, 5332
147950663511208, 147950663516120, 4912
147951156743200, 147951156746128, 2928
147951165047284, 147951165052200, 4916
147951173332688, 147951173337172, 4484
147951181645768, 147951181651096, 5328
147951189925684, 147951189930284, 4600
147951198226556, 147951198231076, 4520
147951206507696, 147951206511712, 4016
147951214810892, 147951214814860, 3968
147951223102160, 147951223106064, 3904
147951231382180, 147951231386212, 4032
147951239680436, 147951239684388, 3952
147951247960488, 147951247964872, 4384
147951256281512, 147951256285476, 3964
147951264723248, 147951264728588, 5340
147951273042816, 147951273047508, 4692
147951281353492, 147951281358116, 4624
147951289680300, 147951289684856, 4556
147951298040316, 147951298045420, 5104
147951306367228, 147951306371956, 4728
147951322271820, 147951322274132, 2312
147951330595816, 147951330605064, 9248
147951343765904, 147951343775836, 9932
147951348129804, 147951348131124, 1320
147951356445184, 147951356451216, 6032
147951457838592, 147951457841536, 2944
147951462032200, 147951462037980, 5780
147951466208384, 147951466212544, 4160
147951470392452, 147951470396016, 3564
147951474572920, 147951474577460, 4540
147951478776316, 147951478786080, 9764
147951484516596, 147951484524004, 7408
147951485575500, 147951485582104, 6604
147951539689788, 147951539695396, 5608
147951567565972, 147951567571192, 5220
147951583996588, 147951584007464, 10876
147951607404876, 147951607408544, 3668
147951639979116, 147951639988576, 9460
147951649286040, 147951649290752, 4712
147951681856920, 147951681871232, 14312
147951690205288, 147951690219528, 14240
147951691142284, 147951691147708, 5424
147951707589116, 147951707599064, 9948
147952229617408, 147952229620416, 3008
147952233813068, 147952233818504, 5436
147952238028716, 147952238032936, 4220
147952242236048, 147952242240816, 4768
147952246421716, 147952246425596, 3880
147952250632788, 147952250638580, 5792
147952254840692, 147952254845452, 4760
147952259014924, 147952259019144, 4220
147952263206976, 147952263210828, 3852
147952267382128, 147952267386508, 4380
147952271619084, 147952271624616, 5532
147952275813036, 147952275817204, 4168
147952280006464, 147952280009772, 3308
147952284247648, 147952284251720, 4072
147952288437460, 147952288441568, 4108
147952292689248, 147952292694080, 4832
147952296876340, 147952296880812, 4472
147952301052344, 147952301056768, 4424
147952305234444, 147952305238652, 4208
147952309431468, 147952309436028, 4560
147952313695764, 147952313701104, 5340
147952317937452, 147952317941868, 4416
147952322177128, 147952322180568, 3440
147952425054224, 147952425057036, 2812
147952431169364, 147952431175404, 6040
147952443043764, 147952443051528, 7764
147952454135796, 147952454143912, 8116
147952504144964, 147952504152132, 7168
147952512558124, 147952512565936, 7812
147952524460696, 147952524467080, 6384
147952528682824, 147952528684672, 1848
147952537072268, 147952537078372, 6104
147952638422988, 147952638426112, 3124
147952640412596, 147952640419812, 7216
147952644390380, 147952644397868, 7488
147952694168444, 147952694180888, 12444
147952738129564, 147952738132424, 2860
147952772144180, 147952772150176, 5996
147952806219116, 147952806224076, 4960
147952840300428, 147952840308152, 7724
147952890759024, 147952890766124, 7100
147952896866188, 147952896874792, 8604
147952911679328, 147952911685932, 6604
147953009312912, 147953009316132, 3220
147953043214912, 147953043220500, 5588
147953077158016, 147953077162984, 4968
147953111808812, 147953111815976, 7164
147953117910128, 147953117914564, 4436
147953151899460, 147953151905740, 6280
147953162975572, 147953162981316, 5744
147953179375428, 147953179381504, 6076
147953190414684, 147953190422312, 7628
147953196522028, 147953196530180, 8152
147953208381588, 147953208388124, 6536
147953219436904, 147953219444268, 7364
147953340416424, 147953340421104, 4680
147953462600776, 147953462608612, 7836
147953468760488, 147953468768908, 8420
147953697314472, 147953697317876, 3404
147953724115244, 147953724120228, 4984
147953751141124, 147953751146048, 4924
147953778079412, 147953778086568, 7156
147953805138408, 147953805144280, 5872
147953832039184, 147953832045220, 6036
147953958574072, 147953958576684, 2612
147953969619372, 147953969624636, 5264
147953980712492, 147953980717436, 4944
147954090196728, 147954090199548, 2820
147954099059324, 147954099064480, 5156
147954107342476, 147954107347024, 4548
147954115676324, 147954115681956, 5632
147954123966952, 147954123975356, 8404
147954124037604, 147954124038860, 1256
147954132388616, 147954132396340, 7724
147954245800216, 147954245803364, 3148
147954251902592, 147954251909752, 7160
147954252961608, 147954252968260, 6652
147954264820524, 147954264826780, 6256
147954271057516, 147954271067820, 10304
147954303638568, 147954303643816, 5248
147954336250728, 147954336255648, 4920
147954369507596, 147954369512800, 5204
147954402396364, 147954402405464, 9100
147954414351940, 147954414359704, 7764
147954422734120, 147954422741772, 7652
147954425158484, 147954425159800, 1316
147954458128080, 147954458136204, 8124
147954466463032, 147954466471604, 8572
147954516448016, 147954516455420, 7404
147954528378792, 147954528386372, 7580
147954650932704, 147954650938776, 6072
147954772516972, 147954772524752, 7780
147954877901632, 147954877904960, 3328
147954894262472, 147954894271356, 8884
147954906131812, 147954906140184, 8372
147954907192368, 147954907198052, 5684
147955028954032, 147955028959060, 5028
147955151526700, 147955151533100, 6400
147955155510460, 147955155517376, 6916
147955276460268, 147955276465260, 4992
147955398079072, 147955398088416, 9344
147955399164592, 147955399172176, 7584
147957169202888, 147957169206324, 3436
147957195980976, 147957195985928, 4952
147957222742860, 147957222747656, 4796
147957249687704, 147957249693248, 5544
147957276554120, 147957276559036, 4916
147957303473880, 147957303478940, 5060
147957330319256, 147957330325240, 5984
147957357656380, 147957357660660, 4280
147957384453256, 147957384458176, 4920
147957411412268, 147957411417628, 5360
147957438231904, 147957438237460, 5556
147957465121020, 147957465125556, 4536
147957491959152, 147957491964668, 5516
147957518796460, 147957518801448, 4988
147957545764844, 147957545769912, 5068
147957572735840, 147957572741796, 5956
147957600057568, 147957600062260, 4692
147957626878636, 147957626882548, 3912
147957653830868, 147957653836944, 6076
147957680893948, 147957680900392, 6444
147957708008392, 147957708015144, 6752
147957735147296, 147957735152188, 4892
147957762245660, 147957762251676, 6016
147957789547780, 147957789554608, 6828
147957816643836, 147957816649912, 6076
147957844228280, 147957844234488, 6208
147957871565448, 147957871570100, 4652
147957898602144, 147957898608308, 6164
147957925789760, 147957925795680, 5920
147957953131108, 147957953137212, 6104
147957980281624, 147957980287276, 5652
147958007677504, 147958007682072, 4568
147958034826476, 147958034832148, 5672
147958061760744, 147958061767176, 6432
147935602936020, 147935602941580, 5560
147935603021944, 147935603025292, 3348
147935603081048, 147935603083920, 2872
147935603121540, 147935603124036, 2496
147935603160416, 147935603162816, 2400
147935603192928, 147935603195444, 2516
147935603227564, 147935603230160, 2596
147935603265444, 147935603267796, 2352
147935603311940, 147935603314668, 2728
147935603355312, 147935603357812, 2500
147935603397936, 147935603400216, 2280
147935603463624, 147935603466364, 2740
147935603494868, 147935603497436, 2568
147937596542516, 147937596548996, 6480
147937596569076, 147937596581756, 12680
147937596593632, 147937596603008, 9376
147937596614396, 147937596622760, 8364
147937596633688, 147937596641380, 7692
147937596652388, 147937596661072, 8684
147937622395684, 147937622401812, 6128
147937648154696, 147937648160800, 6104
147937674052392, 147937674058484, 6092
147937687994984, 147937688001028, 6044
147937699965764, 147937699971500, 5736
147938028950460, 147938028953476, 3016
147938061537604, 147938061542464, 4860
147938094196952, 147938094202584, 5632
147938126903892, 147938126909840, 5948
147938160153628, 147938160158812, 5184
147938192854292, 147938192859232, 4940
147938225537660, 147938225543688, 6028
147938258193176, 147938258199316, 6140
147938290749104, 147938290753888, 4784
147938323350468, 147938323355528, 5060
147938356182136, 147938356187460, 5324
147938389499228, 147938389506676, 7448
147938422124980, 147938422130480, 5500
147938454661852, 147938454671460, 9608
147938463003196, 147938463007700, 4504
147938471337468, 147938471347240, 9772
147938477438168, 147938477445860, 7692
147939014072832, 147939014075936, 3104
147939046647908, 147939046653068, 5160
147939079334612, 147939079339396, 4784
147939111994444, 147939112000064, 5620
147939145265912, 147939145271152, 5240
147939178100656, 147939178106816, 6160
147939210647320, 147939210652596, 5276
147939243091656, 147939243096492, 4836
147939275589544, 147939275593936, 4392
147939308094708, 147939308100124, 5416
147939340611080, 147939340615832, 4752
147939373050940, 147939373055668, 4728
147939406068148, 147939406072816, 4668
147939438727828, 147939438732832, 5004
147939471266600, 147939471271336, 4736
147939503734572, 147939503739080, 4508
147939536325336, 147939536330952, 5616
147939568802768, 147939568808076, 5308
147939601368928, 147939601374256, 5328
147939634417116, 147939634422388, 5272
147939973267868, 147939973271084, 3216
147939981549280, 147939981554780, 5500
147939989835828, 147939989840404, 4576
147939998169684, 147939998174760, 5076
147940006482360, 147940006487056, 4696
147940014845680, 147940014851108, 5428
147940023145516, 147940023149956, 4440
147940031468692, 147940031472752, 4060
147940039859620, 147940039865756, 6136
147940048183540, 147940048188124, 4584
147940056589284, 147940056593536, 4252
147940064888276, 147940064892808, 4532
147940073313784, 147940073319524, 5740
147940180687104, 147940180689752, 2648
147940213289596, 147940213294720, 5124
147940245928876, 147940245934184, 5308
147940278677328, 147940278681932, 4604
147940311485200, 147940311493880, 8680
147940319807704, 147940319814248, 6544
147940352603424, 147940352611364, 7940
147940360987080, 147940360995624, 8544
147940483821072, 147940483829740, 8668
147940513748316, 147940513753060, 4744
147940636246088, 147940636259672, 13584
147940667261752, 147940667266720, 4968
147940788948448, 147940788962684, 14236
147940795099244, 147940795111648, 12404
147940806978392, 147940806989500, 11108
147941103998180, 147941104001844, 3664
147941120386724, 147941120392312, 5588
147941137355384, 147941137360616, 5232
147941153778776, 147941153789252, 10476
147941203767380, 147941203775228, 7848
147941237749716, 147941237755188, 5472
147941927584584, 147941927587228, 2644
147941933694136, 147941933699280, 5144
147941939793456, 147941939797736, 4280
147941945881680, 147941945885676, 3996
147941952013916, 147941952019644, 5728
147941958107360, 147941958112220, 4860
147941964221784, 147941964225340, 3556
147941970361384, 147941970367024, 5640
147941976450672, 147941976457296, 6624
147941989621720, 147941989630012, 8292
147942109062212, 147942109065556, 3344
147942122714392, 147942122720060, 5668
147942135916584, 147942135924812, 8228
147942185770304, 147942185777216, 6912
147942190005584, 147942190015804, 10220
147942191106608, 147942191113840, 7232
147942210767460, 147942210774916, 7456
147942262596212, 147942262600212, 4000
147942274569272, 147942274574572, 5300
147942306484184, 147942306487244, 3060
147942339063572, 147942339069004, 5432
147942372777188, 147942372785188, 8000
147942396212104, 147942396217208, 5104
147942487964172, 147942487966880, 2708
147942501036800, 147942501042128, 5328
147942514168256, 147942514176408, 8152
147942663519280, 147942663522216, 2936
147942669661732, 147942669667388, 5656
147942675773564, 147942675781468, 7904
147942677360452, 147942677362404, 1952
147942681559276, 147942681565324, 6048
147942696420728, 147942696428120, 7392
147942746327400, 147942746335176, 7776
147942754636984, 147942754641900, 4916
147942762950692, 147942762958964, 8272
147942764077716, 147942764086764, 9048
147942765126912, 147942765128088, 1176
147942872879200, 147942872882304, 3104
147942877118332, 147942877123336, 5004
147942881316900, 147942881321524, 4624
147942885494632, 147942885498512, 3880
147942889681564, 147942889685240, 3676
147942893914636, 147942893924076, 9440
147942905851396, 147942905858292, 6896
147942910684504, 147942910685904, 1400
147942914936224, 147942914945072, 8848
147942921072084, 147942921079568, 7484
147942922130928, 147942922138364, 7436
147942936609288, 147942936610796, 1508
147943040436744, 147943040439328, 2584
147943048741932, 147943048746788, 4856
147943057082528, 147943057086040, 3512
147943065440740, 147943065445868, 5128
147943073725220, 147943073732440, 7220
147943211869548, 147943211872468, 2920
147943245765572, 147943245770560, 4988
147943279780400, 147943279785236, 4836
147943313701824, 147943313707276, 5452
147943347526212, 147943347531048, 4836
147943382001924, 147943382007140, 5216
147943415983816, 147943415992628, 8812
147943427863456, 147943427872284, 8828
147943434021772, 147943434029540, 7768
147943467914584, 147943467923928, 9344
147943468978128, 147943468986616, 8488
147943514930984, 147943514932388, 1404
147943526920424, 147943526927172, 6748
147944705531808, 147944705535644, 3836
147944738313800, 147944738318928, 5128
147944770899180, 147944770905084, 5904
147944803414884, 147944803420712, 5828
147944836083444, 147944836088468, 5024
147944869261256, 147944869266932, 5676
147944901887508, 147944901892904, 5396
147944934509932, 147944934515428, 5496
147944967230716, 147944967235796, 5080
147944999783344, 147944999788900, 5556
147945032609984, 147945032615620, 5636
147945065285916, 147945065292504, 6588
147945097838780, 147945097844016, 5236
147945131065240, 147945131070464, 5224
147945163722816, 147945163728308, 5492
147945196344548, 147945196349820, 5272
147945228838044, 147945228842948, 4904
147945261359772, 147945261365224, 5452
147945293907080, 147945293911804, 4724
147945326443036, 147945326448280, 5244
147945358973560, 147945358979072, 5512
147945392097748, 147945392102532, 4784
147945424624460, 147945424629548, 5088
147945457194404, 147945457199248, 4844
147945489739356, 147945489744052, 4696
147945522322356, 147945522327676, 5320
147945555108772, 147945555114820, 6048
147945587768016, 147945587773844, 5828
147945620845280, 147945620850172, 4892
147945653537104, 147945653541460, 4356
147945686155276, 147945686160484, 5208
147945718771988, 147945718776868, 4880
147945751462980, 147945751467684, 4704
147945784091692, 147945784096528, 4836
147945816745900, 147945816751080, 5180
147945849282972, 147945849288660, 5688
147945882282636, 147945882287724, 5088
147945914882184, 147945914887824, 5640
147945947385584, 147945947391076, 5492
147945980011628, 147945980016532, 4904
147946012726988, 147946012732084, 5096
147946045334160, 147946045339840, 5680
147946077920424, 147946077925924, 5500
147946111029016, 147946111034388, 5372
147946143549776, 147946143555404, 5628
147946176052392, 147946176057348, 4956
147946208704816, 147946208713668, 8852
147946258566112, 147946258573648, 7536
147946271789888, 147946271796384, 6496
147946272871160, 147946272880376, 9216
147946286072184, 147946286081348, 9164
147946407954556, 147946407961636, 7080
147946419846316, 147946419853140, 6824
147946424060720, 147946424069092, 8372
147946425184824, 147946425193972, 9148
147946441541836, 147946441548800, 6964
147946445763024, 147946445771996, 8972
147947052662040, 147947052665076, 3036
147947065759724, 147947065764524, 4800
147947078939868, 147947078945124, 5256
147947092013328, 147947092017904, 4576
147947105220324, 147947105225072, 4748
147947118908860, 147947118915004, 6144
147947131955636, 147947131960256, 4620
147947145073540, 147947145077972, 4432
147947158160472, 147947158165712, 5240
147947171312964, 147947171317520, 4556
147947184433656, 147947184439548, 5892
147947197499984, 147947197505332, 5348
147947210553272, 147947210557724, 4452
147947223598212, 147947223603156, 4944
147947236660968, 147947236665792, 4824
147947249684092, 147947249691968, 7876
147947250768392, 147947250776060, 7668
147947287979036, 147947287986768, 7732
147947357801584, 147947357805408, 3824
147947390310260, 147947390315172, 4912
147947523293516, 147947523296300, 2784
147947536338128, 147947536343292, 5164
147947648941064, 147947648943596, 2532
147947659979868, 147947659985052, 5184
147947671056404, 147947671061716, 5312
147947682108956, 147947682117236, 8280
147947741584740, 147947741589852, 5112
147947962003072, 147947962005540, 2468
147947995939632, 147947995945260, 5628
147948029890724, 147948029895912, 5188
147948064131928, 147948064137952, 6024
147948098489840, 147948098494496, 4656
147948133199584, 147948133207036, 7452
147948134286040, 147948134292804, 6764
147948168272096, 147948168278440, 6344
147948176600992, 147948176609796, 8804
147948189311716, 147948189313400, 1684
147948197671888, 147948197678780, 6892
147948201431420, 147948201437880, 6460
147948202543200, 147948202552944, 9744
147948214445104, 147948214452960, 7856
147948264398896, 147948264406952, 8056
147948272716900, 147948272724764, 7864
147948299682340, 147948299691052, 8712
147948332358376, 147948332366112, 7736
147948344893512, 147948344899768, 6256
147948771749776, 147948771753588, 3812
147948780060392, 147948780065812, 5420
147948788350184, 147948788353856, 3672
147948796694412, 147948796699580, 5168
147948804978744, 147948804983284, 4540
147948813290736, 147948813296160, 5424
147948821604680, 147948821608560, 3880
147948829898872, 147948829903776, 4904
147948838218852, 147948838224036, 5184
147948846506468, 147948846511168, 4700
147948855349384, 147948855354856, 5472
147948863657992, 147948863662704, 4712
147948871988496, 147948871993800, 5304
147948880307668, 147948880314896, 7228
147948985054640, 147948985056612, 1972
147948993378968, 147948993383984, 5016
147949001681616, 147949001686312, 4696
147949010021580, 147949010026996, 5416
147949018325296, 147949018333324, 8028
147949018904860, 147949018906116, 1256
147949027315948, 147949027323648, 7700
147949136628712, 147949136631440, 2728
147949169138764, 147949169144548, 5784
147949201679420, 147949201685312, 5892
147949234366236, 147949234371460, 5224
147949267064608, 147949267073944, 9336
147949278246036, 147949278251192, 5156
147949932257488, 147949932259344, 1856
147949964768400, 147949964774136, 5736
147949997267228, 147949997272484, 5256
147950029723584, 147950029728492, 4908
147950062321020, 147950062325472, 4452
147950094801908, 147950094806784, 4876
147950127858780, 147950127863384, 4604
147950160423064, 147950160427652, 4588
147950193116524, 147950193122332, 5808
147950225794868, 147950225800120, 5252
147950258300728, 147950258305864, 5136
147950290847080, 147950290852388, 5308
147950323521368, 147950323526604, 5236
147950356911420, 147950356917048, 5628
147950389389944, 147950389395440, 5496
147950422035492, 147950422040296, 4804
147950454691932, 147950454697040, 5108
147950487237016, 147950487242268, 5252
147950519844720, 147950519850128, 5408
147950552495260, 147950552500288, 5028
147950585062332, 147950585067444, 5112
147950618140760, 147950618145532, 4772
147950650741224, 147950650746832, 5608
147950683299964, 147950683304604, 4640
147950716205220, 147950716214608, 9388
147950727352748, 147950727360188, 7440
147950760064836, 147950760071460, 6624
147950781834420, 147950781839484, 5064
147950814423348, 147950814437712, 14364
147951182645120, 147951182647664, 2544
147951195693792, 147951195698936, 5144
147951208754408, 147951208759504, 5096
147951221787472, 147951221792212, 4740
147951234880296, 147951234885516, 5220
147951247968380, 147951247973220, 4840
147951261071024, 147951261075476, 4452
147951274265588, 147951274270596, 5008
147951287471596, 147951287476732, 5136
147951300565560, 147951300578860, 13300
147951350906004, 147951350913856, 7852
147951633328588, 147951633332484, 3896
147951646397592, 147951646402728, 5136
147951659529108, 147951659534472, 5364
147951672608088, 147951672613048, 4960
147951685770800, 147951685775596, 4796
147951698867044, 147951698872968, 5924
147951711991140, 147951711996320, 5180
147951725103840, 147951725112456, 8616
147951726174424, 147951726182008, 7584
147951734524132, 147951734530100, 5968
147951756974776, 147951756979732, 4956
147951770064100, 147951770076424, 12324
147951810836232, 147951810843784, 7552
147951823904792, 147951823916508, 11716
147951857088416, 147951857101372, 12956
147951858155052, 147951858165852, 10800
147951864255340, 147951864267532, 12192
147951864608996, 147951864613912, 4916
147951877705024, 147951877718420, 13396
147951880563260, 147951880569616, 6356
147951913222136, 147951913235152, 13016
147951916525892, 147951916533388, 7496
147951922647388, 147951922659192, 11804
147952893665084, 147952893667132, 2048
147952926191612, 147952926197676, 6064
147952958909024, 147952958914320, 5296
147952991675464, 147952991681052, 5588
147953024287488, 147953024292700, 5212
147953056871756, 147953056877908, 6152
147953089425756, 147953089431004, 5248
147953122543592, 147953122549412, 5820
147953155208040, 147953155213568, 5528
147953187657392, 147953187662512, 5120
147953220084264, 147953220088768, 4504
147953252496428, 147953252501132, 4704
147953284936468, 147953284940852, 4384
147953317376244, 147953317382068, 5824
147953350436016, 147953350440476, 4460
147953383106676, 147953383111944, 5268
147953415615476, 147953415620140, 4664
147953448207112, 147953448212432, 5320
147953480902760, 147953480907900, 5140
147953513528860, 147953513534764, 5904
147953546069040, 147953546074080, 5040
147953578753084, 147953578757972, 4888
147953611907008, 147953611912216, 5208
147953644566396, 147953644572216, 5820
147953677295844, 147953677301348, 5504
147953709842128, 147953709847628, 5500
147953742437924, 147953742442484, 4560
147953775025804, 147953775033832, 8028
147953807701396, 147953807707008, 5612
147953840250504, 147953840256664, 6160
147953873288360, 147953873293660, 5300
147953905838984, 147953905844356, 5372
147953938541696, 147953938547008, 5312
147953971201664, 147953971207184, 5520
147954003796560, 147954003801588, 5028
147954036452348, 147954036458176, 5828
147954069073224, 147954069078700, 5476
147954102433952, 147954102439676, 5724
147954136021252, 147954136025520, 4268
147954168596824, 147954168609860, 13036
147954700399464, 147954700403088, 3624
147954734373456, 147954734378824, 5368
147954768455980, 147954768460820, 4840
147954802597360, 147954802601740, 4380
147954836641736, 147954836647980, 6244
147954871406608, 147954871412356, 5748
147954905391476, 147954905396836, 5360
147954939370756, 147954939376452, 5696
147954973388748, 147954973394524, 5776
147955007451620, 147955007459424, 7804
147955041518100, 147955041524428, 6328
147955075541040, 147955075546212, 5172
147955110305368, 147955110310996, 5628
147955144438784, 147955144444436, 5652
147955178326500, 147955178331472, 4972
147955212140384, 147955212145140, 4756
147955245961232, 147955245965588, 4356
147955279788908, 147955279793164, 4256
147955313655364, 147955313660176, 4812
147955348079728, 147955348084308, 4580
147955381929700, 147955381934796, 5096
147955415755668, 147955415760524, 4856
147955449633500, 147955449638376, 4876
147955483590080, 147955483595260, 5180
147955517520292, 147955517524400, 4108
147955551742944, 147955551747876, 4932
147955585977404, 147955585982696, 5292
147955620579952, 147955620586724, 6772
147955654653232, 147955654658880, 5648
147955688672072, 147955688677788, 5716
147955722643184, 147955722648752, 5568
147955756661704, 147955756666340, 4636
147955790759216, 147955790768392, 9176
147955802013800, 147955802022664, 8864
147955813903216, 147955813910092, 6876
147955962811796, 147955962814388, 2592
147955973869980, 147955973874876, 4896
147955985009920, 147955985014444, 4524
147955996064636, 147955996072516, 7880
147956008007960, 147956008017056, 9096
147956114300012, 147956114302400, 2388
147956122634352, 147956122639792, 5440
147956130947364, 147956130951332, 3968
147956139430196, 147956139435392, 5196
147956147743060, 147956147750784, 7724
147956159739904, 147956159748184, 8280
147956165877440, 147956165885032, 7592
147956166090044, 147956166091368, 1324
147956174465280, 147956174473288, 8008
147956224625048, 147956224633240, 8192
147956235819488, 147956235828688, 9200
147956247774884, 147956247781776, 6892
147956248863720, 147956248870008, 6288
147956261910072, 147956261917236, 7164
147956272967156, 147956272978580, 11424
147956289767500, 147956289772572, 5072
147956303764992, 147956303769244, 4252
147956309678324, 147956309683816, 5492
147956310757256, 147956310767276, 10020
147956353702424, 147956353705324, 2900
147956375510248, 147956375512020, 1772
147956381780300, 147956381786424, 6124
147956483265948, 147956483270588, 4640
147956606150176, 147956606163660, 13484
147956607231624, 147956607242620, 10996
147956657320836, 147956657333356, 12520
147956673741816, 147956673752848, 11032
147956793970084, 147956793982260, 12176
147956916264848, 147956916277736, 12888
147956917337532, 147956917347896, 10364
147956923469628, 147956923480240, 10612
147956939985980, 147956939998868, 12888
147956973996728, 147956974010192, 13464
147956975864432, 147956975869252, 4820
147956981984436, 147956981997000, 12564
147957161236560, 147957161239364, 2804
147957169537584, 147957169543032, 5448
147957177836796, 147957177841328, 4532
147957186137524, 147957186141752, 4228
147957194424256, 147957194428372, 4116
147957202714280, 147957202718628, 4348
147957210996828, 147957211000892, 4064
147957219301036, 147957219305416, 4380
147957227619612, 147957227627212, 7600
147957316796764, 147957316798784, 2020
147957325099656, 147957325104576, 4920
147957333921600, 147957333926184, 4584
147957342269008, 147957342277984, 8976
147957474326828, 147957474329376, 2548
147957482622956, 147957482627404, 4448
147957490907848, 147957490911976, 4128
147957499229884, 147957499234900, 5016
147957507530340, 147957507534808, 4468
147957538150864, 147957538158128, 7264
147957580010592, 147957580013300, 2708
147957584738012, 147957584741844, 3832
147933553791512, 147933553804096, 12584
147933603881628, 147933603891616, 9988
147938409802192, 147938409805608, 3416
147938409821248, 147938409827608, 6360
147938443689232, 147938443694236, 5004
147938477620576, 147938477625380, 4804
147938511688264, 147938511693220, 4956
147938546013056, 147938546018320, 5264
147938580137304, 147938580142896, 5592
147938614272320, 147938614277916, 5596
147938648823476, 147938648828696, 5220
147938682866064, 147938682871428, 5364
147938716923176, 147938716929024, 5848
147938750997568, 147938751003364, 5796
147938784998324, 147938785004036, 5712
147938819045784, 147938819050884, 5100
147938853043072, 147938853048928, 5856
147938887514492, 147938887519720, 5228
147938921787376, 147938921792928, 5552
147938955944840, 147938955950516, 5676
147938989958808, 147938989964872, 6064
147939023859620, 147939023864484, 4864
147939058038896, 147939058044244, 5348
147939092113324, 147939092119340, 6016
147939126047968, 147939126052984, 5016
147939160806032, 147939160811548, 5516
147939194987692, 147939194993476, 5784
147939228772700, 147939228778292, 5592
147939262517020, 147939262522608, 5588
147939296452056, 147939296457452, 5396
147939330417744, 147939330423500, 5756
147939364265216, 147939364270544, 5328
147939398648136, 147939398653032, 4896
147939432619300, 147939432624736, 5436
147939466584716, 147939466590016, 5300
147939500448648, 147939500453384, 4736
147939534383336, 147939534388956, 5620
147939568349380, 147939568354612, 5232
147939602270176, 147939602275404, 5228
147939636658072, 147939636662712, 4640
147939670572924, 147939670578472, 5548
147939704488944, 147939704494036, 5092
147939738462480, 147939738467504, 5024
147939772640520, 147939772645788, 5268
147939806534280, 147939806539440, 5160
147939840476148, 147939840480792, 4644
147939874999580, 147939875004708, 5128
147939909177408, 147939909182708, 5300
147939943227152, 147939943232440, 5288
147939977181000, 147939977186288, 5288
147940011170032, 147940011175704, 5672
147940045110620, 147940045115780, 5160
147940079326220, 147940079335184, 8964
147940201715812, 147940201724744, 8932
147940207813840, 147940207820744, 6904
147940599444420, 147940599447596, 3176
147940633978624, 147940633983432, 4808
147940667967040, 147940667972844, 5804
147940701980308, 147940701986132, 5824
147940735979688, 147940735985572, 5884
147940769957716, 147940769962800, 5084
147940803961736, 147940803967172, 5436
147940837911564, 147940837917228, 5664
147940872591200, 147940872597432, 6232
147940906699520, 147940906703820, 4300
147940940761812, 147940940767132, 5320
147940974779120, 147940974784564, 5444
147941008743684, 147941008748816, 5132
147941042731080, 147941042736528, 5448
147941076725520, 147941076730044, 4524
147941110914272, 147941110920120, 5848
147941145502556, 147941145508440, 5884
147941219649704, 147941219652572, 2868
147941232722876, 147941232731680, 8804
147941257526020, 147941257533648, 7628
147941347286532, 147941347289376, 2844
147941381742112, 147941381749032, 6920
147941415669004, 147941415673916, 4912
147941449608344, 147941449613600, 5256
147941483663308, 147941483672352, 9044
147941596550004, 147941596552672, 2668
147941607597752, 147941607602732, 4980
147941618693984, 147941618699136, 5152
147941728341960, 147941728344812, 2852
147941732556884, 147941732562504, 5620
147941736747132, 147941736751104, 3972
147941740922808, 147941740926500, 3692
147941745137064, 147941745141684, 4620
147941749366396, 147941749376152, 9756
147941770034344, 147941770035944, 1600
147941873751368, 147941873753164, 1796
147941877936788, 147941877941580, 4792
147941882137904, 147941882141620, 3716
147941886338856, 147941886342596, 3740
147941987396156, 147941987398904, 2748
147941998444892, 147941998450132, 5240
147942009499936, 147942009504384, 4448
147942109049572, 147942109053296, 3724
147942115207560, 147942115215556, 7996
147942132204468, 147942132213576, 9108
147942133285224, 147942133292600, 7376
147942254974324, 147942254981416, 7092
147942370288540, 147942370290972, 2432
147942397168528, 147942397174004, 5476
147942446089668, 147942446094424, 4756
147942473084372, 147942473098244, 13872
147942489629276, 147942489644112, 14836
147942490720308, 147942490731424, 11116
147942502613404, 147942502624852, 11448
147942508780472, 147942508794384, 13912
147942509846720, 147942509851808, 5088
147942541789436, 147942541794360, 4924
147942549737420, 147942549743280, 5860
147942550802944, 147942550812520, 9576
147942563737060, 147942563741880, 4820
147942573683152, 147942573689536, 6384
147942600634060, 147942600647040, 12980
147943205885272, 147943205888080, 2808
147943218989664, 147943218994704, 5040
147943232093632, 147943232099192, 5560
147943245141036, 147943245144920, 3884
147943258242824, 147943258247088, 4264
147943271337028, 147943271342784, 5756
147943284402828, 147943284408336, 5508
147943297509912, 147943297514780, 4868
147943310618980, 147943310624748, 5768
147943323673520, 147943323678236, 4716
147943336731924, 147943336736472, 4548
147943349804308, 147943349808320, 4012
147943362842148, 147943362846148, 4000
147943376483900, 147943376488472, 4572
147943389596424, 147943389602328, 5904
147943402642468, 147943402650324, 7856
147943453133752, 147943453135860, 2108
147943466174348, 147943466179236, 4888
147943578796980, 147943578799644, 2664
147943582982224, 147943582987148, 4924
147943587167928, 147943587172332, 4404
147943591349204, 147943591353348, 4144
147943595536796, 147943595540988, 4192
147943610722472, 147943610727696, 5224
147943698443680, 147943698446364, 2684
147943710308500, 147943710316760, 8260
147943828069012, 147943828071872, 2860
147943841236976, 147943841242640, 5664
147943854366892, 147943854372880, 5988
147943867953448, 147943867962552, 9104
147943874166736, 147943874175476, 8740
147943924330148, 147943924337544, 7396
147943951414144, 147943951423508, 9364
147943952165856, 147943952172216, 6360
147943958289584, 147943958296516, 6932
147943977643288, 147943977651872, 8584
147944025552408, 147944025557300, 4892
147944043477444, 147944043482368, 4924
147944055356736, 147944055367388, 10652
147944177369672, 147944177383612, 13940
147944204255652, 147944204269848, 14196
147944326334444, 147944326348216, 13772
147944918876324, 147944918879720, 3396
147944931956452, 147944931961452, 5000
147944945051444, 147944945057584, 6140
147944958122448, 147944958127060, 4612
147944971308872, 147944971313748, 4876
147944984512044, 147944984517380, 5336
147944997632160, 147944997636608, 4448
147945010793944, 147945010798620, 4676
147945023953848, 147945023959012, 5164
147945037114672, 147945037119852, 5180
147945050281652, 147945050287240, 5588
147945063445300, 147945063451340, 6040
147945076510016, 147945076515100, 5084
147945089639764, 147945089644904, 5140
147945102749444, 147945102758180, 8736
147945115180356, 147945115187164, 6808
147945126458452, 147945126467364, 8912
147945153445096, 147945153454292, 9196
147945166588768, 147945166597092, 8324
147945188247332, 147945188251836, 4504
147945201328868, 147945201336640, 7772
147945228178472, 147945228185920, 7448
147945276994460, 147945277001084, 6624
147945303845508, 147945303853056, 7548
147945477248648, 147945477251732, 3084
147945489108284, 147945489113124, 4840
147945600989472, 147945600992292, 2820
147945614601432, 147945614606232, 4800
147945627751224, 147945627756768, 5544
147945640807648, 147945640816016, 8368
147945652761952, 147945652771012, 9060
147945669227964, 147945669235692, 7728
147945672651872, 147945672653076, 1204
147945726541044, 147945726548748, 7704
147945739633624, 147945739646100, 12476
147945780323276, 147945780330144, 6868
147945793505264, 147945793518676, 13412
147946187172928, 147946187175976, 3048
147946195468296, 147946195473112, 4816
147946203824776, 147946203828840, 4064
147946212198604, 147946212203916, 5312
147946220518004, 147946220522076, 4072
147946228882244, 147946228887740, 5496
147946237219904, 147946237224624, 4720
147946245550892, 147946245554524, 3632
147946253931344, 147946253936672, 5328
147946262216180, 147946262221040, 4860
147946270662892, 147946270668144, 5252
147946278994880, 147946278999532, 4652
147946287378220, 147946287384244, 6024
147946295688336, 147946295696124, 7788
147946306792944, 147946306794380, 1436
147946315107440, 147946315115004, 7564
147946414553340, 147946414556140, 2800
147946427639996, 147946427645360, 5364
147946440742392, 147946440747632, 5240
147946453784620, 147946453792660, 8040
147946503689740, 147946503698408, 8668
147946504777904, 147946504783556, 5652
147946521302080, 147946521309124, 7044
147946653814380, 147946653817336, 2956
147946686359260, 147946686364744, 5484
147946719049136, 147946719054136, 5000
147946751752620, 147946751757900, 5280
147946883166412, 147946883169556, 3144
147946891515884, 147946891520988, 5104
147946899809032, 147946899813452, 4420
147946908170088, 147946908175536, 5448
147946916467400, 147946916471316, 3916
147946924793692, 147946924803460, 9768
147946936660048, 147946936666776, 6728
147946944991772, 147946944997948, 6176
147946955016428, 147946955021180, 4752
147947038748120, 147947038750220, 2100
147947047057808, 147947047063444, 5636
147947055340820, 147947055344280, 3460
147947063705820, 147947063714400, 8580
147947064788012, 147947064794428, 6416
147947115365628, 147947115372864, 7236
147947119591536, 147947119596624, 5088
147947123791800, 147947123798248, 6448
147947192250848, 147947192253948, 3100
147947196443492, 147947196448420, 4928
147947200620636, 147947200627608, 6972
147947233088032, 147947233097964, 9932
147947268142068, 147947268146868, 4800
147947317919052, 147947317926412, 7360
147947351899488, 147947351912072, 12584
147947352970992, 147947352982156, 11164
147947366639852, 147947366654824, 14972
147947378538572, 147947378551184, 12612
147947412440816, 147947412453168, 12352
147947417618596, 147947417623784, 5188
147947451647708, 147947451660232, 12524
147947463679524, 147947463692884, 13360
147947467425676, 147947467431416, 5740
147947501498780, 147947501512428, 13648
147947609373004, 147947609385060, 12056
147947610445936, 147947610457804, 11868
147947656400188, 147947656412772, 12584
147947690341424, 147947690351668, 10244
147947724298308, 147947724308744, 10436
147947758350860, 147947758365688, 14828
147947785392108, 147947785406216, 14108
147947797298980, 147947797310528, 11548
147947798424596, 147947798455160, 30564
147947832389716, 147947832394832, 5116
147947870356008, 147947870361960, 5952
147947897728388, 147947897740680, 12292
147947909732508, 147947909744348, 11840
147947910856000, 147947910866580, 10580
147947934051328, 147947934058272, 6944
147947961044368, 147947961057076, 12708
147947961970520, 147947961975584, 5064
147947963032008, 147947963041536, 9528
147947974069976, 147947974082652, 12676
147947982424512, 147947982435492, 10980
147947997866940, 147947997873848, 6908
147948006170912, 147948006224064, 53152
147948434632288, 147948434635164, 2876
147948438817008, 147948438822588, 5580
147948443032804, 147948443036688, 3884
147948447207116, 147948447211828, 4712
147948451387120, 147948451390912, 3792
147948455599068, 147948455604932, 5864
147948459792224, 147948459796636, 4412
147948463979780, 147948463984072, 4292
147948468157028, 147948468161404, 4376
147948472340656, 147948472344608, 3952
147948476619888, 147948476625452, 5564
147948480836564, 147948480840836, 4272
147948485009496, 147948485013932, 4436
147948489180148, 147948489184488, 4340
147948493386292, 147948493390172, 3880
147948497660256, 147948497664948, 4692
147948501841924, 147948501846304, 4380
147948506054356, 147948506057964, 3608
147948510417552, 147948510425328, 7776
147948514646784, 147948514658432, 11648
147948515710272, 147948515720308, 10036
147948549863888, 147948549878016, 14128
147948599875192, 147948599887416, 12224
147948627381776, 147948627395556, 13780
147948639309556, 147948639323212, 13656
147948640399920, 147948640410564, 10644
147948667227300, 147948667240092, 12792
147948699852484, 147948699859968, 7484
147948726799284, 147948726812856, 13572
147948743272876, 147948743285896, 13020
147948793038528, 147948793050116, 11588
147948826988552, 147948826998024, 9472
147948861403024, 147948861416420, 13396
147948863359812, 147948863365416, 5604
147948897359660, 147948897374044, 14384
147948924239768, 147948924253876, 14108
147948931199404, 147948931205500, 6096
147948963834620, 147948963848672, 14052
147948997823824, 147948997838672, 14848
147949030404720, 147949030418564, 13844
147949034618016, 147949034629308, 11292
147949054800688, 147949054807476, 6788
147949059052424, 147949059065468, 13044
147949066733640, 147949066744176, 10536
147949126659312, 147949126661420, 2108
147949160622532, 147949160631676, 9144
147949164824244, 147949164831756, 7512
147949212369556, 147949212377672, 8116
147949246388188, 147949246401712, 13524
147949258373112, 147949258387060, 13948
147949262197936, 147949262203500, 5564
147949312122724, 147949312130588, 7864
147949346069784, 147949346099156, 29372
147949347152424, 147949347163284, 10860
147949353865504, 147949353877416, 11912
147949361909400, 147949361915176, 5776
147949395992772, 147949396006972, 14200
147949445933168, 147949445948464, 15296
147949964178384, 147949964181020, 2636
147949975235444, 147949975240644, 5200
147949986294800, 147949986299676, 4876
147949997318424, 147949997322764, 4340
147950008435236, 147950008441540, 6304
147950019466924, 147950019471636, 4712
147950030627812, 147950030632996, 5184
147950041657952, 147950041662816, 4864
147950052776568, 147950052781908, 5340
147950063805072, 147950063809476, 4404
147950074904400, 147950074909300, 4900
147950085992156, 147950085997304, 5148
147950097016336, 147950097021072, 4736
147950108630116, 147950108634500, 4384
147950119646176, 147950119653276, 7100
147950223425040, 147950223428512, 3472
147950227627100, 147950227632136, 5036
147950231803040, 147950231807676, 4636
147950235984452, 147950235993148, 8696
147950244338180, 147950244344152, 5972
147950252651340, 147950252659852, 8512
147950254433736, 147950254440924, 7188
147950263318160, 147950263326628, 8468
147950273390624, 147950273398268, 7644
147950357135124, 147950357138312, 3188
147950368182180, 147950368187680, 5500
147950379296872, 147950379302428, 5556
147950390334028, 147950390342880, 8852
147950410900560, 147950410908252, 7692
147950502620332, 147950502623280, 2948
147950506837932, 147950506843444, 5512
147950511020936, 147950511025744, 4808
147950515203524, 147950515207760, 4236
147950519391168, 147950519400096, 8928
147950637180988, 147950637190192, 9204
147950650321096, 147950650329784, 8688
147950651415380, 147950651423192, 7812
147950657518500, 147950657525480, 6980
147950879531608, 147950879534748, 3140
147950883751612, 147950883756908, 5296
147950887934828, 147950887939088, 4260
147950892116420, 147950892120252, 3832
147950896309140, 147950896313652, 4512
147950900539360, 147950900549144, 9784
147950916965156, 147950916972568, 7412
147950921405500, 147950921407348, 1848
147950925671696, 147950925677904, 6208
147950927431900, 147950927438676, 6776
147950928497060, 147950928503372, 6312
147950978611372, 147950978619096, 7724
147950989821540, 147950989828968, 7428
147950995923356, 147950995930212, 6856
147950996981628, 147950996987368, 5740
147950997145456, 147950997146628, 1172
147951106968596, 147951106971412, 2816
147951139601628, 147951139606924, 5296
147951172180836, 147951172186220, 5384
147951204616236, 147951204621308, 5072
147951237077672, 147951237086296, 8624
147951739026012, 147951739028564, 2552
147951750169104, 147951750173692, 4588
147951761286428, 147951761291276, 4848
147951772348828, 147951772353460, 4632
147951783470612, 147951783476252, 5640
147951794570744, 147951794574384, 3640
147951805931772, 147951805937432, 5660
147951817060024, 147951817064980, 4956
147951828194012, 147951828200128, 6116
147951839382060, 147951839388288, 6228
147951851006872, 147951851011028, 4156
147951862082144, 147951862087176, 5032
147951873142020, 147951873146728, 4708
147951884221660, 147951884229748, 8088
147952030226296, 147952030229428, 3132
147952043361004, 147952043365904, 4900
147952058113708, 147952058118556, 4848
147952108562660, 147952108575268, 12608
147952120605384, 147952120618432, 13048
147952154650616, 147952154661136, 10520
147952188704380, 147952188718656, 14276
147952201936036, 147952201983004, 46968
147952241638728, 147952241646052, 7324
147952252697472, 147952252709300, 11828
147952265839964, 147952265852616, 12652
147952315760060, 147952315771816, 11756
147953174835920, 147953174838740, 2820
147953179022564, 147953179027676, 5112
147953183200280, 147953183204808, 4528
147953187378008, 147953187381696, 3688
147953191554840, 147953191559916, 5076
147953195742548, 147953195747212, 4664
147953199923680, 147953199928548, 4868
147953204098928, 147953204102900, 3972
147953208275448, 147953208278948, 3500
147953212451432, 147953212455756, 4324
147953216638464, 147953216642988, 4524
147953220839184, 147953220843604, 4420
147953225018792, 147953225022228, 3436
147953229195692, 147953229199912, 4220
147953233373728, 147953233378068, 4340
147953237563204, 147953237567416, 4212
147953241741124, 147953241745088, 3964
147953245914452, 147953245918580, 4128
147953250093428, 147953250097788, 4360
147953254272248, 147953254276344, 4096
147953258458068, 147953258462376, 4308
147953262653020, 147953262657112, 4092
147953266832628, 147953266836968, 4340
147953271007620, 147953271011664, 4044
147953275195408, 147953275199004, 3596
147953279371212, 147953279375236, 4024
147953283550164, 147953283555020, 4856
147953287731032, 147953287735084, 4052
147953291907124, 147953291911056, 3932
147953296092932, 147953296096996, 4064
147953300268624, 147953300272684, 4060
147953304458912, 147953304463624, 4712
147953308635080, 147953308639560, 4480
147953312815052, 147953312819352, 4300
147953317004508, 147953317008124, 3616
147953321181616, 147953321185596, 3980
147953325363120, 147953325367344, 4224
147953329546504, 147953329550456, 3952
147953333731152, 147953333734856, 3704
147953390368780, 147953390372464, 3684
147953402232588, 147953402240216, 7628
147953535796432, 147953535799448, 3016
147953546838496, 147953546843876, 5380
147953557986036, 147953557991300, 5264
147953569010480, 147953569018612, 8132
147953570094280, 147953570101360, 7080
147953581628320, 147953581629960, 1640
147953593256752, 147953593264456, 7704
147953705304160, 147953705306036, 1876
147953716342180, 147953716347224, 5044
147953727405064, 147953727410632, 5568
147953836910532, 147953836913488, 2956
147953837968724, 147953837975428, 6704
147953845823824, 147953845832248, 8424
147953960544528, 147953960547328, 2800
147953987385652, 147953987390776, 5124
147954014212888, 147954014218308, 5420
147954041183332, 147954041192092, 8760
147954255780208, 147954255783144, 2936
147954264113648, 147954264119500, 5852
147954272421192, 147954272425840, 4648
147954280825016, 147954280830196, 5180
147954289130172, 147954289135252, 5080
147954297466800, 147954297477352, 10552
147954298577000, 147954298584228, 7228
147954310472900, 147954310480684, 7784
147954315481068, 147954315482368, 1300
147954323825928, 147954323834840, 8912
147954329939044, 147954329945232, 6188
147954341969324, 147954341978384, 9060
147954347385524, 147954347386756, 1232
147954379387780, 147954379395152, 7372
147954457187532, 147954457190456, 2924
147954470238560, 147954470243624, 5064
147954483396440, 147954483405396, 8956
147954515981400, 147954515988664, 7264
147954630615420, 147954630617420, 2000
147954663280940, 147954663286252, 5312
147954696181020, 147954696186812, 5792
147954728686620, 147954728692444, 5824
147954861957192, 147954861961020, 3828
147954875055564, 147954875060840, 5276
147954888224216, 147954888232128, 7912
147954894373832, 147954894381344, 7512
147954907554552, 147954907562896, 8344
147954957552784, 147954957560432, 7648
147954963703340, 147954963710208, 6868
147954964769800, 147954964776968, 7168
147954981261144, 147954981268704, 7560
147954993266704, 147954993273332, 6628
147955003512888, 147955003514788, 1900
147955009657708, 147955009664308, 6600
147955025418880, 147955025420764, 1884
147955026504344, 147955026509820, 5476
147955029406328, 147955029407548, 1220
147955035388372, 147955035389448, 1076
147955047411196, 147955047419284, 8088
147955060522096, 147955060528956, 6860
147955071043628, 147955071050884, 7256
147955089233924, 147955089235580, 1656
147955095215000, 147955095216284, 1284
147955108373516, 147955108381404, 7888
147955108524096, 147955108529524, 5428
147955117276572, 147955117282036, 5464
147955141151556, 147955141159448, 7892
147955149060128, 147955149066164, 6036
147955162117168, 147955162128616, 11448
147955174988592, 147955174989996, 1404
147955181084668, 147955181090544, 5876
147955184984356, 147955184985648, 1292
147955202907444, 147955202908696, 1252
147955215966580, 147955215972880, 6300
147955217044448, 147955217049256, 4808
147955248740184, 147955248746648, 6464
147955256750112, 147955256751404, 1292
147955269797888, 147955269803916, 6028
147955276704960, 147955276711920, 6960
147955300641976, 147955300649532, 7556
147955310618208, 147955310623208, 5000
147955372444500, 147955372447152, 2652
147955404904836, 147955404911388, 6552
147955421297000, 147955421304856, 7856
147955466262680, 147955466269828, 7148
147955553918976, 147955553922076, 3100
147955562219328, 147955562224660, 5332
147955669719208, 147955669722008, 2800
147955673950860, 147955673956320, 5460
147955678140328, 147955678144120, 3792
147955682328040, 147955682333720, 5680
147955688430628, 147955688436904, 6276
147955692700428, 147955692706624, 6196
147955696886676, 147955696894964, 8288
147955847121716, 147955847124516, 2800
147955855470188, 147955855475404, 5216
147955863796424, 147955863800972, 4548
147955872304344, 147955872309300, 4956
147955880671792, 147955880676488, 4696
147955889054368, 147955889063124, 8756
147955900994256, 147955901001192, 6936
147955910830488, 147955910832576, 2088
147955919144596, 147955919149912, 5316
147955925869484, 147955925876652, 7168
147956047619952, 147956047627428, 7476
147956048715352, 147956048722364, 7012
147956171178508, 147956171187328, 8820
147956172079284, 147956172085372, 6088
147956287776056, 147956287779188, 3132
147956321738388, 147956321743664, 5276
147956356566544, 147956356571500, 4956
147956391024008, 147956391030496, 6488
147956424996260, 147956425002228, 5968
147956459015124, 147956459020436, 5312
147956493050432, 147956493056032, 5600
147956527262592, 147956527271952, 9360
147956535743888, 147956535752520, 8632
147956541000912, 147956541002308, 1396
147956575393768, 147956575402996, 9228
147956581503880, 147956581511288, 7408
147956590489636, 147956590495900, 6264
147956598804336, 147956598810984, 6648
147956632849872, 147956632857120, 7248
147956638980580, 147956638987832, 7252
147956640712568, 147956640713916, 1348
147956774380520, 147956774383260, 2740
147956775438024, 147956775444304, 6280
147956787329992, 147956787337956, 7964
147956837718860, 147956837726660, 7800
147956846053864, 147956846062432, 8568
147956955834676, 147956955836624, 1948
147956964144468, 147956964149636, 5168
147956972449920, 147956972453484, 3564
147956980796260, 147956980801612, 5352
147957089529352, 147957089532272, 2920
147957123641308, 147957123646920, 5612
147957157631204, 147957157636700, 5496
147957191473052, 147957191477348, 4296
147957225290188, 147957225294500, 4312
147957259222480, 147957259228200, 5720
147957293181200, 147957293186532, 5332
147957327084120, 147957327093244, 9124
147957343979472, 147957343987596, 8124
147957350097992, 147957350105256, 7264
147957456380500, 147957456383216, 2716
147957468235052, 147957468240164, 5112
147957578091568, 147957578094532, 2964
147957589655748, 147957589660592, 4844
