147781269459664, 147781269473096, 13432
147781317224252, 147781317228980, 4728
147781345406204, 147781345418740, 12536
147781405014500, 147781405025692, 11192
147781534604744, 147781534615844, 11100
147781694033880, 147781694043412, 9532
147781905541156, 147781905552564, 11408
147782104874636, 147782104886180, 11544
147782282328300, 147782282339568, 11268
147782392026264, 147782392037808, 11544
147782457784240, 147782457795472, 11232
147782511640988, 147782511651764, 10776
147782657258268, 147782657269136, 10868
147782671269360, 147782671280744, 11384
147782761024876, 147782761036024, 11148
147782874635924, 147782874647136, 11212
147783048093732, 147783048105048, 11316
147783516741656, 147783516752464, 10808
147783791943708, 147783791954748, 11040
147783965431024, 147783965441664, 10640
147783987379728, 147783987391748, 12020
147784073212832, 147784073223940, 11108
147784220740524, 147784220752052, 11528
147784352285876, 147784352296616, 10740
147784525864744, 147784525875008, 10264
147784609562356, 147784609573260, 10904
147784783083488, 147784783095172, 11684
147784854853348, 147784854865232, 11884
147784898752628, 147784898764252, 11624
147785014420020, 147785014432156, 12136
147785130022060, 147785130032996, 10936
147785682424008, 147785682434876, 10868
147786914842456, 147786914852184, 9728
147787259855752, 147787259866112, 10360
147787385555628, 147787385567068, 11440
147787636728208, 147787636738636, 10428
147787790310756, 147787790315684, 4928
147787999687768, 147787999699532, 11764
147788137385416, 147788137397268, 11852
147788566018924, 147788566028880, 9956
147788845222256, 147788845232980, 10724
147788974937840, 147788974949504, 11664
147789112490664, 147789112501416, 10752
147789395633256, 147789395644004, 10748
147789547173856, 147789547185412, 11556
147789680794264, 147789680805524, 11260
147789762561048, 147789762571784, 10736
147789888208272, 147789888219624, 11352
147789956159432, 147789956170408, 10976
147790017807456, 147790017818200, 10744
147790151430864, 147790151441696, 10832
147790346947100, 147790346958408, 11308
147790438588844, 147790438593372, 4528
147790586144792, 147790586155440, 10648
147790628040956, 147790628053424, 12468
147790681961776, 147790681973328, 11552
147790815506464, 147790815516820, 10356
147790979015884, 147790979026184, 10300
147791152494492, 147791152504892, 10400
147791240230248, 147791240240440, 10192
147791324139868, 147791324150892, 11024
147791664995948, 147791665007296, 11348
147791956171108, 147791956181788, 10680
147791974138104, 147791974151084, 12980
147792004154516, 147792004159460, 4944
147792034074124, 147792034079280, 5156
147792063913980, 147792063918592, 4612
147792071930780, 147792071941920, 11140
147792201479804, 147792201491328, 11524
147792349115840, 147792349126396, 10556
147792496641876, 147792496652876, 11000
147792692102568, 147792692114772, 12204
147792721937624, 147792721942384, 4760
147792751840148, 147792751845108, 4960
147793659210840, 147793659221724, 10884
147793978375700, 147793978387920, 12220
147794008337000, 147794008341792, 4792
147794058077484, 147794058081896, 4412
147794068082432, 147794068094384, 11952
147794098035852, 147794098040512, 4660
147794159730516, 147794159741092, 10576
147794215579220, 147794215591236, 12016
147794273423632, 147794273434168, 10536
147794303317520, 147794303329604, 12084
147794391091216, 147794391095784, 4568
147795374326020, 147795374336864, 10844
147795451125188, 147795451135064, 9876
147795551791668, 147795551803404, 11736
147795657414400, 147795657426316, 11916
147795763196072, 147795763201048, 4976
147795868898452, 147795868903552, 5100
147795974491600, 147795974496348, 4748
147796080178592, 147796080183192, 4600
147796185895384, 147796185900072, 4688
147796291628172, 147796291632904, 4732
147796397295640, 147796397300220, 4580
147796502935244, 147796502940008, 4764
147797350456748, 147797350466604, 9856
147797994580268, 147797994584508, 4240
147798168049732, 147798168061016, 11284
147798293807592, 147798293818176, 10584
147798345556948, 147798345568460, 11512
147798399399296, 147798399409760, 10464
147798489132056, 147798489143476, 11420
147798646786048, 147798646797296, 11248
147798750403184, 147798750414240, 11056
147798844138532, 147798844149272, 10740
147798945844788, 147798945855772, 10984
147799619856604, 147799619867264, 10660
147799831275036, 147799831279156, 4120
147800124408636, 147800124420536, 11900
147800283925440, 147800283936752, 11312
147800485395444, 147800485406996, 11552
147800786488500, 147800786499564, 11064
147800912099324, 147800912110176, 10852
147801047735100, 147801047747668, 12568
147780966306056, 147780966313468, 7412
147780966334376, 147780966341616, 7240
147781071884244, 147781071895412, 11168
147781161617536, 147781161629424, 11888
147781369102632, 147781369114664, 12032
147781690053828, 147781690064476, 10648
147782451815656, 147782451826540, 10884
147782762923716, 147782762934344, 10628
147782860649324, 147782860660388, 11064
147783111924276, 147783111934520, 10244
147783243593348, 147783243603748, 10400
147783421112412, 147783421123936, 11524
147783558616372, 147783558628004, 11632
147783626483148, 147783626494952, 11804
147783795969968, 147783795980552, 10584
147783925562488, 147783925574024, 11536
147784099037504, 147784099049608, 12104
147784107026144, 147784107038008, 11864
147784136925376, 147784136930268, 4892
147784166931712, 147784166936680, 4968
147784206866784, 147784206877336, 10552
147784356276260, 147784356287356, 11096
147784376239560, 147784376250728, 11168
147784388216124, 147784388227440, 11316
147784406142564, 147784406152980, 10416
147784476049316, 147784476061292, 11976
147784539734152, 147784539744572, 10420
147784555715612, 147784555726492, 10880
147784563687564, 147784563698472, 10908
147784585621760, 147784585632964, 11204
147784615622360, 147784615627284, 4924
147784645453696, 147784645465712, 12016
147784651526296, 147784651536968, 10672
147784675399844, 147784675411332, 11488
147784705259404, 147784705262940, 3536
147784735191124, 147784735195896, 4772
147784739174392, 147784739184152, 9760
147784765097164, 147784765108524, 11360
147785167921764, 147785167931888, 10124
147785303550576, 147785303562364, 11788
147785359380644, 147785359385068, 4424
147785363348892, 147785363356772, 7880
147785393293096, 147785393297924, 4828
147785423221212, 147785423225912, 4700
147785453193908, 147785453198488, 4580
147785564777696, 147785564788868, 11172
147785650592532, 147785650603560, 11028
147787389449572, 147787389453620, 4048
147789694735592, 147789694739672, 4080
147789894150072, 147789894160472, 10400
147790059758784, 147790059770012, 11228
147790241173608, 147790241184504, 10896
147790370769728, 147790370781140, 11412
147790508482208, 147790508493728, 11520
147790538267736, 147790538271656, 3920
147790600111816, 147790600121820, 10004
147790827444684, 147790827455664, 10980
147790975045648, 147790975056560, 10912
147791006926316, 147791006937012, 10696
147791128634100, 147791128645876, 11776
147791377873536, 147791377885572, 12036
147791603298744, 147791603310160, 11416
147791730921064, 147791730932320, 11256
147791904354828, 147791904365484, 10656
147792035957848, 147792035968316, 10468
147792183634100, 147792183646120, 12020
147792213546528, 147792213557856, 11328
147792291242772, 147792291247276, 4504
147792303175796, 147792303188008, 12212
147792395005676, 147792395009856, 4180
147792500783308, 147792500793368, 10060
147792590355532, 147792590366360, 10828
147792729998552, 147792730009372, 10820
147792903387328, 147792903397788, 10460
147793029051160, 147793029062908, 11748
147793050986052, 147793050995280, 9228
147793080932404, 147793080936972, 4568
147793136852672, 147793136863572, 10900
147793286300396, 147793286311544, 11148
147793301906884, 147793301915444, 8560
147793457834620, 147793457844708, 10088
147793631323560, 147793631328536, 4976
147793804815208, 147793804826788, 11580
147794293346764, 147794293350972, 4208
147794897615484, 147794897624872, 9388
147795019247800, 147795019258944, 11144
147795192755356, 147795192766816, 11460
147795639449984, 147795639460068, 10084
147796193832388, 147796193852492, 20104
147796347373536, 147796347383840, 10304
147796405260676, 147796405270216, 9540
147796501018820, 147796501030004, 11184
147796596772844, 147796596783968, 11124
147796690388676, 147796690399432, 10756
147796754200928, 147796754211408, 10480
147796879988996, 147796880000664, 11668
147796909776648, 147796909781352, 4704
147796927679012, 147796927690280, 11268
147797374386204, 147797374395628, 9424
147797418289908, 147797418301368, 11460
147797498032724, 147797498043216, 10492
147797637626892, 147797637637408, 10516
147797667522956, 147797667533980, 11024
147797687461136, 147797687471876, 10740
147797717387820, 147797717392440, 4620
147797725473460, 147797725484348, 10888
147797747401944, 147797747413492, 11548
147797777227164, 147797777238296, 11132
147797868964652, 147797868975308, 10656
147797998588852, 147797998600016, 11164
147798164198464, 147798164209132, 10668
147798405392852, 147798405396924, 4072
147798772345172, 147798772349416, 4244
147798973742524, 147798973752724, 10200
147799023628436, 147799023639492, 11056
147799141349568, 147799141360460, 10892
147799422512364, 147799422522860, 10496
147799530229868, 147799530241820, 11952
147799729538228, 147799729548692, 10464
147799877170552, 147799877182380, 11828
147800050662832, 147800050673532, 10700
147800080520052, 147800080525084, 5032
147800983905992, 147800983919892, 13900
147781153789120, 147781153803620, 14500
147781192587176, 147781192597480, 10304
147781357073124, 147781357083904, 10780
147781682095744, 147781682107744, 12000
147782455899416, 147782455910400, 10984
147782701199764, 147782701212280, 12516
147782890564056, 147782890568244, 4188
147782910509964, 147782910522444, 12480
147782940441396, 147782940446468, 5072
147782970431320, 147782970436372, 5052
147783000774148, 147783000779248, 5100
147783030212924, 147783030225344, 12420
147783102004724, 147783102015864, 11140
147783249539600, 147783250094004, 554404
147783379190360, 147783379201648, 11288
147783506822560, 147783506834144, 11584
147783702216900, 147783702227108, 10208
147783877710488, 147783877720116, 9628
147784027386664, 147784027398252, 11588
147784089086496, 147784089097204, 10708
147784266552740, 147784266563872, 11132
147784286577368, 147784286589472, 12104
147784316484416, 147784316489748, 5332
147784346352304, 147784346356084, 3780
147784471981064, 147784471992156, 11092
147784565707844, 147784565718816, 10972
147784755146432, 147784755156840, 10408
147784918677416, 147784918687784, 10368
147784944732884, 147784944744152, 11268
147785002410184, 147785002421800, 11616
147785090190676, 147785090202824, 12148
147785134098000, 147785134108508, 10508
147785335473420, 147785335484228, 10808
147785512934772, 147785512945668, 10896
147785542849116, 147785542860880, 11764
147785572861084, 147785572865848, 4764
147785602711924, 147785602716944, 5020
147785632648944, 147785632660772, 11828
147785670533108, 147785670543144, 10036
147785718311988, 147785718322748, 10760
147785824130820, 147785824142228, 11408
147787664653024, 147787664662824, 9800
147787816212376, 147787816217100, 4724
147787846142048, 147787846145816, 3768
147787876063632, 147787876068616, 4984
147788175140124, 147788175144284, 4160
147788205188176, 147788205199740, 11564
147788235053480, 147788235058304, 4824
147788294904552, 147788294915300, 10748
147788336734544, 147788336746076, 11532
147788424436152, 147788424447392, 11240
147788512200824, 147788512209960, 9136
147788607880872, 147788607891816, 10944
147788773514528, 147788773526468, 11940
147788841324640, 147788841335296, 10656
147789014711512, 147789014722240, 10728
147789120428268, 147789120439604, 11336
147789660932496, 147789660942348, 9852
147789700725064, 147789700729824, 4760
147789730661904, 147789730666644, 4740
147790432676788, 147790432681008, 4220
147790988952056, 147790988963348, 11292
147791260234088, 147791260243528, 9440
147791375907940, 147791375919664, 11724
147791491600368, 147791491611700, 11332
147791653120348, 147791653130640, 10292
147792522568476, 147792522578980, 10504
147792727918428, 147792727929904, 11476
147792853576908, 147792853588708, 11800
147792871527776, 147792871539276, 11500
147792887498392, 147792887510244, 11852
147793952425232, 147793952435808, 10576
147794127859764, 147794127870812, 11048
147794227538412, 147794227549040, 10628
147794399029580, 147794399040356, 10776
147794417001432, 147794417012472, 11040
147794510798160, 147794510809528, 11368
147794566542404, 147794566554212, 11808
147794606456420, 147794606468148, 11728
147795101015208, 147795101026412, 11204
147795180898432, 147795180910328, 11896
147795268530608, 147795268535220, 4612
147795643499372, 147795643509488, 10116
147795886763700, 147795886768540, 4840
147796002466604, 147796002471092, 4488
147796118044832, 147796118048564, 3732
147796233716852, 147796233726624, 9772
147796321430684, 147796321435328, 4644
147796728270632, 147796728281836, 11204
147796796071404, 147796796081256, 9852
147796880029072, 147796880039660, 10588
147797027458380, 147797027468692, 10312
147797059416972, 147797059429012, 12040
147797069302700, 147797069313248, 10548
147797258783856, 147797258794996, 11140
147797448352588, 147797448364032, 11444
147797478087216, 147797478092180, 4964
147797508004704, 147797508009668, 4964
147797537912248, 147797537923620, 11372
147797567875020, 147797567879788, 4768
147797597771212, 147797597776264, 5052
147797627664200, 147797627668640, 4440
147797645589232, 147797645599252, 10020
147797833054552, 147797833066316, 11764
147797837063216, 147797837074372, 11156
147797866961596, 147797866966692, 5096
147797896892884, 147797896904148, 11264
147797926897336, 147797926902252, 4916
147797956751676, 147797956762568, 10892
147797986641812, 147797986646772, 4960
147798034578844, 147798034589880, 11036
147798182154288, 147798182165772, 11484
147798196012220, 147798196022996, 10776
147798205976356, 147798205987552, 11196
147798385442508, 147798385453568, 11060
147798554983084, 147798554994660, 11576
147799101384852, 147799101389172, 4320
147799241004108, 147799241015148, 11040
147799342717404, 147799342729484, 12080
147799390952140, 147799390961908, 9768
147799554116556, 147799554127636, 11080
147799584504064, 147799584514036, 9972
147799703635248, 147799703646352, 11104
147799960852564, 147799960862272, 9708
147800006756552, 147800006766672, 10120
147800074614000, 147800074623704, 9704
147800224198180, 147800224209644, 11464
147800373658892, 147800373669772, 10880
147800499316676, 147800499327172, 10496
147800547357060, 147800547366672, 9612
147800668801488, 147800668812244, 10756
147801059691556, 147801059702104, 10548
147781167578588, 147781167589608, 11020
147781368980156, 147781368990088, 9932
147781486718988, 147781486730700, 11712
147781568443276, 147781568454716, 11440
147781660215300, 147781660227040, 11740
147781835771076, 147781835782184, 11108
147781965356596, 147781965367380, 10784
147782112830376, 147782112840784, 10408
147782244477156, 147782244489784, 12628
147782252584348, 147782252596544, 12196
147782282321784, 147782282326876, 5092
147782352164020, 147782352175264, 11244
147782400058428, 147782400068320, 9892
147782527622712, 147782527627364, 4652
147783552644564, 147783552649156, 4592
147785094151436, 147785094155980, 4544
147785694381576, 147785694392488, 10912
147785722315824, 147785722326536, 10712
147785752242288, 147785752246804, 4516
147785782214712, 147785782219628, 4916
147785812074552, 147785812086712, 12160
147785841982884, 147785841987928, 5044
147785857924088, 147785857935196, 11108
147786031558488, 147786031569032, 10544
147786109372996, 147786109382252, 9256
147786171108760, 147786171120564, 11804
147786258779000, 147786258789204, 10204
147786534016172, 147786534027024, 10852
147786709471204, 147786709483144, 11940
147786882962600, 147786882973540, 10940
147786980697568, 147786980709012, 11444
147787120311628, 147787120322304, 10676
147787293842016, 147787293852760, 10744
147787467324120, 147787467335068, 10948
147787594872460, 147787594883408, 10948
147787625293112, 147787625303024, 9912
147787732473256, 147787732484504, 11248
147787899993208, 147787900004528, 11320
147788025609736, 147788025620904, 11168
147788151256864, 147788151268888, 12024
147788197260804, 147788197271532, 10728
147788392526284, 147788392537564, 11280
147788587949000, 147788587959560, 10560
147788779497892, 147788779509004, 11112
147788895157500, 147788895168572, 11072
147789002735520, 147789002746340, 10820
147789009276524, 147789009285080, 8556
147789012687644, 147789012694520, 6876
147789014872088, 147789014878728, 6640
147789042723304, 147789042734784, 11480
147789072556320, 147789072561044, 4724
147789102479240, 147789102483920, 4680
147789132386496, 147789132398320, 11824
147789162302512, 147789162313952, 11440
147789174323520, 147789174332716, 9196
147789649074260, 147789649085924, 11664
147789814449336, 147789814460964, 11628
147790370778436, 147790370783132, 4696
147791028862616, 147791028866904, 4288
147791202383196, 147791202388064, 4868
147791387807284, 147791387812120, 4836
147791521427020, 147791521438996, 11976
147791645126040, 147791645137312, 11272
147791714882516, 147791714894812, 12296
147791796639980, 147791796651432, 11452
147791846557144, 147791846568948, 11804
147791910352588, 147791910363504, 10916
147792105831808, 147792105842300, 10492
147792285248676, 147792285259316, 10640
147792414930456, 147792414941632, 11176
147792522545904, 147792522556852, 10948
147792712015488, 147792712019912, 4424
147792901413644, 147792901423384, 9740
147792903605948, 147792903613456, 7508
147793162680212, 147793162691164, 10952
147793278352832, 147793278364056, 11224
147793639279196, 147793639290444, 11248
147793776883408, 147793776888424, 5016
147793958331240, 147793958342296, 11056
147794060053360, 147794060065308, 11948
147794474892220, 147794474903372, 11152
147794646427940, 147794646439656, 11716
147794825851452, 147794825862580, 11128
147794873696256, 147794873705016, 8760
147794985452960, 147794985463548, 10588
147795037191652, 147795037201972, 10320
147795174793772, 147795174804724, 10952
147795232702260, 147795232713932, 11672
147795380308148, 147795380318968, 10820
147795428090100, 147795428101332, 11232
147795493870800, 147795493881640, 10840
147795503856864, 147795503887920, 31056
147795533764160, 147795533768860, 4700
147795595571004, 147795595581752, 10748
147795739161592, 147795739165556, 3964
147795938585924, 147795938596396, 10472
147796060245728, 147796060257328, 11600
147797627726788, 147797627737584, 10796
147798431305300, 147798431318044, 12744
147798546990572, 147798547002908, 12336
147798694616612, 147798694627172, 10560
147798778293300, 147798778304472, 11172
147798866046740, 147798866057752, 11012
147798953857232, 147798953867748, 10516
147799025749120, 147799025760468, 11348
147799157288840, 147799157298460, 9620
147799184033640, 147799184042440, 8800
147799336762672, 147799336773964, 11292
147799617953008, 147799617963992, 10984
147799721580536, 147799721591812, 11276
147799743490848, 147799743502624, 11776
147799751436128, 147799751444360, 8232
147799753635096, 147799753641596, 6500
147799781403460, 147799781414188, 10728
147799811341644, 147799811346032, 4388
147799841248420, 147799841253000, 4580
147799871186844, 147799871191716, 4872
147799901154388, 147799901164484, 10096
147799923115292, 147799923127192, 11900
147800575422800, 147800575433764, 10964
147800618948480, 147800618958804, 10324
147800648981836, 147800648986744, 4908
147800678845012, 147800678856328, 11316
147800708777664, 147800708782296, 4632
147800738645484, 147800738650308, 4824
147800768532012, 147800768536724, 4712
147800798435728, 147800798447656, 11928
147800828355240, 147800828359832, 4592
147800874224852, 147800874229580, 4728
147800888213176, 147800888224976, 11800
147800939831260, 147800939842572, 11312
147801095592576, 147801095603740, 11164
