147781269455236, 147781269459472, 4236
147781269478016, 147781269484096, 6080
147781285086212, 147781285089656, 3444
147781300846180, 147781300852292, 6112
147781317218788, 147781317224056, 5268
147781345402672, 147781345406008, 3336
147781405007332, 147781405014300, 6968
147781534601624, 147781534604552, 2928
147781694031996, 147781694033672, 1676
147781905538872, 147781905540936, 2064
147782104871116, 147782104874440, 3324
147782143833940, 147782143839316, 5376
147782282322084, 147782282328088, 6004
147782298090012, 147782298095320, 5308
147782392023696, 147782392026068, 2372
147782457778044, 147782457784052, 6008
147782511637656, 147782511640780, 3124
147782657255380, 147782657258056, 2676
147782659439436, 147782659444468, 5032
147782671254532, 147782671269148, 14616
147782761021768, 147782761024680, 2912
147782874618588, 147782874635704, 17116
147783048076448, 147783048093532, 17084
147783516737756, 147783516741436, 3680
147783543493788, 147783543498724, 4936
147783570264596, 147783570269568, 4972
147783791940260, 147783791943512, 3252
147783965428008, 147783965430804, 2796
147783967613412, 147783967618984, 5572
147783969788524, 147783969791840, 3316
147783971961580, 147783971964824, 3244
147783987363156, 147783987379512, 16356
147784073209812, 147784073212652, 2840
147784220737440, 147784220740328, 2888
147784236402404, 147784236406980, 4576
147784352282576, 147784352285688, 3112
147784525861344, 147784525864552, 3208
147784609554692, 147784609562164, 7472
147784783075252, 147784783083296, 8044
147784854850216, 147784854853152, 2936
147784898744944, 147784898752436, 7492
147785014412488, 147785014419808, 7320
147785130014528, 147785130021860, 7332
147785682420828, 147785682423816, 2988
147785697994800, 147785698000120, 5320
147785713732884, 147785713738588, 5704
147785729372748, 147785729378496, 5748
147785745609796, 147785745615020, 5224
147785761231076, 147785761235156, 4080
147785777116600, 147785777121224, 4624
147785792855708, 147785792861284, 5576
147786914838976, 147786914842244, 3268
147786945374328, 147786945379376, 5048
147786975994692, 147786976000316, 5624
147787007040584, 147787007046312, 5728
147787037679132, 147787037685032, 5900
147787068345744, 147787068350536, 4792
147787099001884, 147787099006824, 4940
147787129610640, 147787129616416, 5776
147787259853572, 147787259855560, 1988
147787385547460, 147787385555412, 7952
147787636724892, 147787636728012, 3120
147787675371988, 147787675377592, 5604
147787714090552, 147787714095036, 4484
147787790303244, 147787790310564, 7320
147787999685468, 147787999687572, 2104
147788038374148, 147788038378932, 4784
147788137377708, 147788137385200, 7492
147788566015560, 147788566018712, 3152
147788592660120, 147788592664644, 4524
147788619264824, 147788619269652, 4828
147788845219252, 147788845222044, 2792
147788974934628, 147788974937624, 2996
147789112471460, 147789112490448, 18988
147789395629452, 147789395633040, 3588
147789422435256, 147789422440508, 5252
147789547170452, 147789547173648, 3196
147789680786036, 147789680794044, 8008
147789762557784, 147789762560836, 3052
147789888204896, 147789888208076, 3180
147789956152448, 147789956159236, 6788
147790017805180, 147790017807268, 2088
147790151423992, 147790151430648, 6656
147790346943968, 147790346946884, 2916
147790438568012, 147790438588648, 20636
147790586141552, 147790586144576, 3024
147790628033504, 147790628040764, 7260
147790681956404, 147790681961560, 5156
147790815502892, 147790815506244, 3352
147790979013392, 147790979015688, 2296
147791152491472, 147791152494272, 2800
147791240226996, 147791240230052, 3056
147791324131784, 147791324139652, 7868
147791664992792, 147791664995732, 2940
147791680582372, 147791680587356, 4984
147791696241268, 147791696245764, 4496
147791711944800, 147791711949652, 4852
147791956167484, 147791956170896, 3412
147791958396616, 147791958402268, 5652
147791960573696, 147791960577280, 3584
147791962766880, 147791962770068, 3188
147791964940696, 147791964943996, 3300
147791967118596, 147791967122820, 4224
147791969293276, 147791969296812, 3536
147791971483044, 147791971486296, 3252
147791974121784, 147791974137888, 16104
147792004139160, 147792004154308, 15148
147792034057488, 147792034073908, 16420
147792063905688, 147792063913792, 8104
147792071927544, 147792071930560, 3016
147792201476328, 147792201479592, 3264
147792349112640, 147792349115652, 3012
147792496579292, 147792496641688, 62396
147792692094188, 147792692102372, 8184
147792721929480, 147792721937424, 7944
147792751831772, 147792751839968, 8196
147793659207320, 147793659210624, 3304
147793689573756, 147793689579876, 6120
147793720094132, 147793720098964, 4832
147793751121940, 147793751127700, 5760
147793781763236, 147793781768596, 5360
147793812114904, 147793812120184, 5280
147793842690740, 147793842694892, 4152
147793978367048, 147793978375488, 8440
147794008328968, 147794008336784, 7816
147794058075080, 147794058077284, 2204
147794068073772, 147794068082216, 8444
147794098027968, 147794098035636, 7668
147794159727604, 147794159730300, 2696
147794215570968, 147794215579004, 8036
147794273420604, 147794273423416, 2812
147794303309272, 147794303317332, 8060
147794391083468, 147794391091024, 7556
147795374322632, 147795374325816, 3184
147795376567464, 147795376572884, 5420
147795378753492, 147795378756852, 3360
147795380930160, 147795380933484, 3324
147795383101404, 147795383104572, 3168
147795385275680, 147795385279028, 3348
147795387472720, 147795387475960, 3240
147795389644856, 147795389648260, 3404
147795391832412, 147795391835560, 3148
147795394004508, 147795394007948, 3440
147795396217260, 147795396221608, 4348
147795398393928, 147795398397524, 3596
147795400569532, 147795400572620, 3088
147795402750216, 147795402753180, 2964
147795404925492, 147795404928360, 2868
147795407121396, 147795407124528, 3132
147795409293172, 147795409296020, 2848
147795411529232, 147795411532168, 2936
147795413722088, 147795413724860, 2772
147795415938364, 147795415944488, 6124
147795418184372, 147795418187844, 3472
147795420370128, 147795420373300, 3172
147795422559228, 147795422562128, 2900
147795424744416, 147795424747748, 3332
147795426963004, 147795426965944, 2940
147795429136888, 147795429141164, 4276
147795431319924, 147795431324432, 4508
147795433496280, 147795433499640, 3360
147795435785308, 147795435790872, 5564
147795437964420, 147795437969972, 5552
147795440154080, 147795440157156, 3076
147795442353328, 147795442356540, 3212
147795444534552, 147795444539076, 4524
147795446751724, 147795446756452, 4728
147795448937240, 147795448940552, 3312
147795451117680, 147795451124992, 7312
147795551783500, 147795551791480, 7980
147795657409396, 147795657414188, 4792
147795763190792, 147795763195876, 5084
147795868893440, 147795868898240, 4800
147795974486284, 147795974491384, 5100
147796080173716, 147796080178376, 4660
147796185890208, 147796185895168, 4960
147796291621948, 147796291627984, 6036
147796397290728, 147796397295452, 4724
147796502927952, 147796502935036, 7084
147797350453632, 147797350456552, 2920
147797425386848, 147797425391944, 5096
147797501212440, 147797501217016, 4576
147797576297620, 147797576302364, 4744
147797651108184, 147797651113268, 5084
147797726331940, 147797726336312, 4372
147797801423264, 147797801427980, 4716
147797994577616, 147797994580048, 2432
147798168046600, 147798168049536, 2936
147798293804660, 147798293807380, 2720
147798296024172, 147798296029144, 4972
147798298209160, 147798298212576, 3416
147798345553784, 147798345556756, 2972
147798399395996, 147798399399076, 3080
147798489124624, 147798489131844, 7220
147798646782864, 147798646785832, 2968
147798750397920, 147798750403000, 5080
147798844135284, 147798844138316, 3032
147798945835992, 147798945844608, 8616
147799619853892, 147799619856408, 2516
147799635441648, 147799635447092, 5444
147799651087744, 147799651093328, 5584
147799666817876, 147799666823724, 5848
147799682576196, 147799682581004, 4808
147799698276484, 147799698280508, 4024
147799714511372, 147799714516360, 4988
147799730215264, 147799730220800, 5536
147799745876588, 147799745882304, 5716
147799831270104, 147799831274844, 4740
147800124404808, 147800124408424, 3616
147800154848660, 147800154854936, 6276
147800283922264, 147800283925240, 2976
147800485393044, 147800485395248, 2204
147800586584500, 147800586590176, 5676
147800786485056, 147800786488288, 3232
147800912096056, 147800912099136, 3080
147801047727236, 147801047734888, 7652
147780966228208, 147780966305688, 77480
147780966318576, 147780966333912, 15336
147781071879348, 147781071883880, 4532
147781161611308, 147781161617208, 5900
147781369098152, 147781369102444, 4292
147781690050308, 147781690053524, 3216
147781705630824, 147781705636584, 5760
147781721265444, 147781721271636, 6192
147782451812032, 147782451815320, 3288
147782478403668, 147782478408448, 4780
147782505590204, 147782505595940, 5736
147782532364264, 147782532369816, 5552
147782558923004, 147782558928684, 5680
147782762919856, 147782762923388, 3532
147782860627324, 147782860648936, 21612
147783111921432, 147783111923972, 2540
147783243590456, 147783243593132, 2676
147783282904876, 147783282909708, 4832
147783421110276, 147783421112200, 1924
147783558614160, 147783558616160, 2000
147783626467616, 147783626482932, 15316
147783795958008, 147783795969744, 11736
147783925548168, 147783925562292, 14124
147784099034436, 147784099037272, 2836
147784101226008, 147784101231484, 5476
147784103401712, 147784103405320, 3608
147784107010820, 147784107025932, 15112
147784136911136, 147784136925180, 14044
147784166915548, 147784166931520, 15972
147784206863680, 147784206866588, 2908
147784356273168, 147784356276064, 2896
147784376224548, 147784376239364, 14816
147784388199940, 147784388215932, 15992
147784406129276, 147784406142368, 13092
147784476041456, 147784476049124, 7668
147784539730616, 147784539733952, 3336
147784541922764, 147784541927604, 4840
147784555707176, 147784555715232, 8056
147784563679736, 147784563687192, 7456
147784585613620, 147784585621364, 7744
147784615613892, 147784615621968, 8076
147784645445412, 147784645453300, 7888
147784651518308, 147784651525932, 7624
147784675391584, 147784675399524, 7940
147784705252196, 147784705259024, 6828
147784735183260, 147784735190752, 7492
147784739166888, 147784739174064, 7176
147784765090084, 147784765096808, 6724
147785167917880, 147785167921460, 3580
147785198479492, 147785198484728, 5236
147785228978896, 147785228984896, 6000
147785303541732, 147785303550252, 8520
147785359378440, 147785359380316, 1876
147785363343332, 147785363348696, 5364
147785393285440, 147785393292736, 7296
147785423213080, 147785423220900, 7820
147785453186220, 147785453193612, 7392
147785564774284, 147785564777348, 3064
147785650583500, 147785650592224, 8724
147787389445708, 147787389449248, 3540
147787490764824, 147787490770756, 5932
147787592102924, 147787592108684, 5760
147787692781960, 147787692787192, 5232
147787793996452, 147787794001800, 5348
147787895067268, 147787895072000, 4732
147787996737964, 147787996743356, 5392
147788097387792, 147788097393076, 5284
147788198420340, 147788198425692, 5352
147788299876576, 147788299882288, 5712
147788400871396, 147788400875924, 4528
147788502387104, 147788502392932, 5828
147788603575528, 147788603580644, 5116
147788704511152, 147788704516476, 5324
147788806571776, 147788806576824, 5048
147788907575924, 147788907581068, 5144
147789009262404, 147789009269012, 6608
147789110217976, 147789110224228, 6252
147789211159900, 147789211165360, 5460
147789312814964, 147789312819744, 4780
147789413775804, 147789413780736, 4932
147789515457592, 147789515462656, 5064
147789694733340, 147789694735368, 2028
147789894147248, 147789894149860, 2612
147790059751340, 147790059758568, 7228
147790241170624, 147790241173412, 2788
147790370767368, 147790370769512, 2144
147790508473720, 147790508481996, 8276
147790538260364, 147790538267528, 7164
147790600109272, 147790600111604, 2332
147790827441560, 147790827444472, 2912
147790975042812, 147790975045428, 2616
147791006918468, 147791006926124, 7656
147791128625828, 147791128633880, 8052
147791377869952, 147791377873320, 3368
147791603296488, 147791603298560, 2072
147791730918176, 147791730920848, 2672
147791904351948, 147791904354636, 2688
147792035954756, 147792035957656, 2900
147792183631224, 147792183633884, 2660
147792185824152, 147792185829048, 4896
147792187995268, 147792187998464, 3196
147792190179872, 147792190182768, 2896
147792213538068, 147792213546172, 8104
147792291240432, 147792291242404, 1972
147792293439532, 147792293445040, 5508
147792303168280, 147792303175580, 7300
147792395003776, 147792395005460, 1684
147792397245288, 147792397250052, 4764
147792399416260, 147792399419876, 3616
147792500780460, 147792500783112, 2652
147792590347968, 147792590355320, 7352
147792729995508, 147792729998332, 2824
147792903384460, 147792903387112, 2652
147793029048008, 147793029050960, 2952
147793031232844, 147793031237900, 5056
147793033424432, 147793033427908, 3476
147793035599564, 147793035602564, 3000
147793050979364, 147793050985864, 6500
147793080924464, 147793080932068, 7604
147793136849788, 147793136852316, 2528
147793286297192, 147793286300032, 2840
147793301897456, 147793301906688, 9232
147793457827100, 147793457834336, 7236
147793631301508, 147793631323228, 21720
147793804801268, 147793804814912, 13644
147794293344044, 147794293346420, 2376
147794394171036, 147794394176272, 5236
147794495944208, 147794495949940, 5732
147794596890496, 147794596895856, 5360
147794698000096, 147794698005908, 5812
147794897613464, 147794897615144, 1680
147795019239428, 147795019247420, 7992
147795192745748, 147795192755020, 9272
147795639446100, 147795639449652, 3552
147795714294348, 147795714299368, 5020
147795789615716, 147795789621148, 5432
147795864554120, 147795864558352, 4232
147796193828808, 147796193832168, 3360
147796221041036, 147796221046144, 5108
147796347370628, 147796347373160, 2532
147796405252508, 147796405260440, 7932
147796501012408, 147796501018632, 6224
147796596769456, 147796596772476, 3020
147796690381028, 147796690388308, 7280
147796754193848, 147796754200564, 6716
147796879980736, 147796879988804, 8068
147796909768948, 147796909776288, 7340
147796927670432, 147796927678568, 8136
147797374382596, 147797374385912, 3316
147797376585936, 147797376590720, 4784
147797378758316, 147797378761432, 3116
147797380938912, 147797380941884, 2972
147797383110052, 147797383113952, 3900
147797385284036, 147797385286908, 2872
147797387458868, 147797387461704, 2836
147797389634040, 147797389636932, 2892
147797391807384, 147797391810876, 3492
147797393981988, 147797393984924, 2936
147797396219888, 147797396225104, 5216
147797418282488, 147797418289556, 7068
147797498029600, 147797498032352, 2752
147797637618728, 147797637626592, 7864
147797667519588, 147797667522620, 3032
147797687453664, 147797687460828, 7164
147797717379684, 147797717387480, 7796
147797725465900, 147797725473084, 7184
147797747394104, 147797747401628, 7524
147797777218952, 147797777226884, 7932
147797868961524, 147797868964360, 2836
147797998585464, 147797998588596, 3132
147798164190076, 147798164198084, 8008
147798405390228, 147798405392576, 2348
147798772342652, 147798772344868, 2216
147798847214976, 147798847219704, 4728
147798973739000, 147798973742336, 3336
147799023625388, 147799023628240, 2852
147799141341176, 147799141349364, 8188
147799422509352, 147799422512168, 2816
147799530221508, 147799530229676, 8168
147799729535240, 147799729538040, 2800
147799877162096, 147799877170360, 8264
147800050654400, 147800050662640, 8240
147800080512848, 147800080519860, 7012
147800983902808, 147800983905740, 2932
147800999481612, 147800999487056, 5444
147801015224500, 147801015230060, 5560
147801030956320, 147801030962088, 5768
147801046867932, 147801046877900, 9968
147801062654896, 147801062658948, 4052
147801078421868, 147801078427948, 6080
147801094165188, 147801094169716, 4528
147801109884120, 147801109889844, 5724
147801125560320, 147801125565492, 5172
147801141185812, 147801141190228, 4416
147781153784792, 147781153788908, 4116
147781153808464, 147781153814364, 5900
147781192575224, 147781192586944, 11720
147781357064544, 147781357072928, 8384
147781682092288, 147781682095552, 3264
147781729951372, 147781729955928, 4556
147782455896280, 147782455899224, 2944
147782486271556, 147782486276596, 5040
147782517286140, 147782517292008, 5868
147782547761128, 147782547765728, 4600
147782578207216, 147782578211984, 4768
147782701183540, 147782701199572, 16032
147782890561200, 147782890563836, 2636
147782892744320, 147782892750184, 5864
147782894925180, 147782894929168, 3988
147782897099772, 147782897104308, 4536
147782899273192, 147782899276252, 3060
147782901452740, 147782901455756, 3016
147782910493584, 147782910509768, 16184
147782940425864, 147782940441204, 15340
147782970416276, 147782970431124, 14848
147783000759564, 147783000773956, 14392
147783030197520, 147783030212704, 15184
147783102001724, 147783102004524, 2800
147783249536796, 147783249539400, 2604
147783379187164, 147783379190140, 2976
147783506805500, 147783506822348, 16848
147783702205208, 147783702216704, 11496
147783877707680, 147783877710296, 2616
147784027383604, 147784027386448, 2844
147784089071468, 147784089086280, 14812
147784266549520, 147784266552548, 3028
147784268737832, 147784268743364, 5532
147784270918244, 147784270921736, 3492
147784286560304, 147784286577180, 16876
147784316465536, 147784316484220, 18684
147784346337952, 147784346352108, 14156
147784471977984, 147784471980872, 2888
147784565700388, 147784565707652, 7264
147784755139260, 147784755146232, 6972
147784918674440, 147784918677176, 2736
147784944730764, 147784944732692, 1928
147785002402776, 147785002409984, 7208
147785090183084, 147785090190464, 7380
147785134090328, 147785134097784, 7456
147785335470284, 147785335473204, 2920
147785374202488, 147785374207640, 5152
147785512931972, 147785512934548, 2576
147785515118292, 147785515124376, 6084
147785542840904, 147785542848924, 8020
147785572853332, 147785572860868, 7536
147785602704288, 147785602711740, 7452
147785632641852, 147785632648732, 6880
147785670530044, 147785670532892, 2848
147785718309168, 147785718311768, 2600
147785824125768, 147785824130624, 4856
147787664649916, 147787664652812, 2896
147787666854976, 147787666859280, 4304
147787669031040, 147787669034476, 3436
147787671203232, 147787671206372, 3140
147787673380796, 147787673383988, 3192
147787675552292, 147787675555892, 3600
147787677728584, 147787677731608, 3024
147787679901096, 147787679904020, 2924
147787682076848, 147787682080656, 3808
147787684251536, 147787684254404, 2868
147787686449392, 147787686454540, 5148
147787688649020, 147787688652180, 3160
147787690829932, 147787690833176, 3244
147787693004112, 147787693007716, 3604
147787695180972, 147787695184064, 3092
147787697351412, 147787697354240, 2828
147787699525880, 147787699529608, 3728
147787701700540, 147787701703872, 3332
147787703873708, 147787703876576, 2868
147787706082200, 147787706087588, 5388
147787708290956, 147787708294344, 3388
147787710516128, 147787710519228, 3100
147787712702464, 147787712705528, 3064
147787714874712, 147787714878576, 3864
147787717057492, 147787717060516, 3024
147787719240780, 147787719243596, 2816
147787721411452, 147787721414412, 2960
147787723640660, 147787723643452, 2792
147787725854556, 147787725859004, 4448
147787728035636, 147787728039600, 3964
147787730239152, 147787730242740, 3588
147787732439356, 147787732443028, 3672
147787734631564, 147787734635184, 3620
147787736806856, 147787736809716, 2860
147787739517304, 147787739520420, 3116
147787741690032, 147787741692880, 2848
147787743881756, 147787743884696, 2940
147787746088420, 147787746094332, 5912
147787748281056, 147787748284604, 3548
147787750493660, 147787750496692, 3032
147787752680384, 147787752683488, 3104
147787754863264, 147787754867108, 3844
147787757043192, 147787757046448, 3256
147787759223692, 147787759226656, 2964
147787761397052, 147787761400676, 3624
147787763587240, 147787763590784, 3544
147787765841632, 147787765846700, 5068
147787768119704, 147787768123076, 3372
147787770315552, 147787770318624, 3072
147787772491956, 147787772495064, 3108
147787774696864, 147787774700004, 3140
147787776881512, 147787776884428, 2916
147787779093516, 147787779096684, 3168
147787781265028, 147787781267952, 2924
147787783442080, 147787783445160, 3080
147787785689928, 147787785694624, 4696
147787787917036, 147787787920840, 3804
147787790089672, 147787790092656, 2984
147787792279904, 147787792283580, 3676
147787794462424, 147787794465784, 3360
147787796651692, 147787796654800, 3108
147787798828060, 147787798832404, 4344
147787801010912, 147787801014308, 3396
147787803188404, 147787803191304, 2900
147787805409812, 147787805414876, 5064
147787816205584, 147787816212180, 6596
147787846135100, 147787846141856, 6756
147787876056236, 147787876063436, 7200
147788175137480, 147788175139916, 2436
147788177317060, 147788177321820, 4760
147788179492784, 147788179495984, 3200
147788181667024, 147788181669944, 2920
147788183842368, 147788183846336, 3968
147788186014112, 147788186017056, 2944
147788188183100, 147788188186180, 3080
147788190354360, 147788190357184, 2824
147788192538636, 147788192541792, 3156
147788194711240, 147788194714100, 2860
147788205180164, 147788205187980, 7816
147788235045788, 147788235053264, 7476
147788294901524, 147788294904364, 2840
147788336726800, 147788336734332, 7532
147788424428156, 147788424435936, 7780
147788512194100, 147788512200632, 6532
147788607877896, 147788607880672, 2776
147788773505888, 147788773514324, 8436
147788841321572, 147788841324424, 2852
147789014708136, 147789014711296, 3160
147789120419852, 147789120428076, 8224
147789660929396, 147789660932276, 2880
147789663122100, 147789663128068, 5968
147789665299060, 147789665303132, 4072
147789667481132, 147789667484676, 3544
147789669653824, 147789669657564, 3740
147789671832476, 147789671836904, 4428
147789674005384, 147789674008456, 3072
147789676178852, 147789676181744, 2892
147789678356240, 147789678359212, 2972
147789680528540, 147789680532052, 3512
147789682772576, 147789682778068, 5492
147789684961680, 147789684965408, 3728
147789687158164, 147789687161316, 3152
147789689330160, 147789689333312, 3152
147789691506964, 147789691509888, 2924
147789693684412, 147789693687456, 3044
147789695858652, 147789695861400, 2748
147789700717664, 147789700724848, 7184
147789730654228, 147789730661688, 7460
147790432673840, 147790432676596, 2756
147790434880764, 147790434885956, 5192
147790437052408, 147790437055684, 3276
147790439238788, 147790439242492, 3704
147790441422124, 147790441425784, 3660
147790443611744, 147790443615652, 3908
147790445845000, 147790445848260, 3260
147790448017768, 147790448020968, 3200
147790450194380, 147790450197228, 2848
147790452378484, 147790452382228, 3744
147790454616628, 147790454621492, 4864
147790456795732, 147790456798960, 3228
147790458986652, 147790458990324, 3672
147790461160464, 147790461163512, 3048
147790463335728, 147790463338768, 3040
147790465510840, 147790465513816, 2976
147790467684392, 147790467687344, 2952
147790469860288, 147790469863328, 3040
147790472037776, 147790472041740, 3964
147790474263880, 147790474269648, 5768
147790476462788, 147790476466192, 3404
147790478680036, 147790478684140, 4104
147790480863772, 147790480866664, 2892
147790483571792, 147790483574972, 3180
147790485751012, 147790485753912, 2900
147790988948492, 147790988951836, 3344
147791027773980, 147791027778892, 4912
147791066490704, 147791066495444, 4740
147791105444100, 147791105450160, 6060
147791144455748, 147791144461632, 5884
147791183251948, 147791183257132, 5184
147791260226624, 147791260233896, 7272
147791375900692, 147791375907724, 7032
147791491592464, 147791491600176, 7712
147791653117480, 147791653120152, 2672
147791754308112, 147791754314400, 6288
147792522564648, 147792522568264, 3616
147792549215716, 147792549221204, 5488
147792575839648, 147792575844896, 5248
147792602606728, 147792602612560, 5832
147792727916076, 147792727918216, 2140
147792853573892, 147792853576712, 2820
147792855771816, 147792855776608, 4792
147792857945868, 147792857949448, 3580
147792871520344, 147792871527560, 7216
147792887489268, 147792887498180, 8912
147793503676776, 147793503679528, 2752
147793578653568, 147793578658248, 4680
147793653841396, 147793653846224, 4828
147793728812088, 147793728817976, 5888
147793952423236, 147793952425020, 1784
147794127856240, 147794127859568, 3328
147794227530448, 147794227538196, 7748
147794399025436, 147794399029388, 3952
147794401226880, 147794401231796, 4916
147794403403528, 147794403406692, 3164
147794405605236, 147794405608416, 3180
147794407776264, 147794407779932, 3668
147794416993308, 147794417001220, 7912
147794510795268, 147794510797964, 2696
147794566534744, 147794566542212, 7468
147794606448288, 147794606456208, 7920
147795101011296, 147795101014992, 3696
147795116600676, 147795116606308, 5632
147795132279940, 147795132285296, 5356
147795147963068, 147795147967996, 4928
147795163640152, 147795163644968, 4816
147795180890124, 147795180898216, 8092
147795268521884, 147795268530388, 8504
147795643496348, 147795643499184, 2836
147795682373104, 147795682378604, 5500
147795721743268, 147795721748596, 5328
147795760735136, 147795760740576, 5440
147795799512436, 147795799517976, 5540
147795886756388, 147795886763508, 7120
147796002458496, 147796002466396, 7900
147796118037060, 147796118044608, 7548
147796233708448, 147796233716636, 8188
147796321423912, 147796321430472, 6560
147796728266856, 147796728270420, 3564
147796754972368, 147796754978368, 6000
147796796064252, 147796796071192, 6940
147796880026224, 147796880028864, 2640
147797027455300, 147797027458160, 2860
147797029637460, 147797029642560, 5100
147797031813496, 147797031817568, 4072
147797033999812, 147797034002828, 3016
147797059409568, 147797059416760, 7192
147797069294804, 147797069302480, 7676
147797258775916, 147797258783640, 7724
147797448343904, 147797448352392, 8488
147797478078852, 147797478087028, 8176
147797507997456, 147797508004508, 7052
147797537904496, 147797537912056, 7560
147797567867532, 147797567874828, 7296
147797597763704, 147797597771000, 7296
147797627656544, 147797627663984, 7440
147797645585792, 147797645589012, 3220
147797833051552, 147797833054332, 2780
147797837055360, 147797837062996, 7636
147797866953976, 147797866961400, 7424
147797896885440, 147797896892676, 7236
147797926889616, 147797926897132, 7516
147797956744428, 147797956751484, 7056
147797986634028, 147797986641604, 7576
147798034575484, 147798034578648, 3164
147798182151256, 147798182154100, 2844
147798196004388, 147798196012028, 7640
147798205968736, 147798205976160, 7424
147798385438904, 147798385442316, 3412
147798554974728, 147798554982872, 8144
147799101381796, 147799101384636, 2840
147799103572448, 147799103577176, 4728
147799105756416, 147799105759632, 3216
147799107926204, 147799107929476, 3272
147799110097712, 147799110100612, 2900
147799112268956, 147799112272040, 3084
147799114444300, 147799114447200, 2900
147799116625636, 147799116628740, 3104
147799118793476, 147799118796140, 2664
147799120961588, 147799120964924, 3336
147799123195400, 147799123200940, 5540
147799125446312, 147799125450588, 4276
147799127621344, 147799127624292, 2948
147799129790572, 147799129794412, 3840
147799131985020, 147799131987896, 2876
147799134161448, 147799134164576, 3128
147799136337136, 147799136340220, 3084
147799138508064, 147799138511360, 3296
147799140676496, 147799140679448, 2952
147799241001016, 147799241003916, 2900
147799342709332, 147799342717180, 7848
147799390937300, 147799390951896, 14596
147799554113088, 147799554116360, 3272
147799584493936, 147799584503856, 9920
147799703627236, 147799703635024, 7788
147799960848512, 147799960852360, 3848
147800006748940, 147800006756360, 7420
147800074611056, 147800074613804, 2748
147800224189604, 147800224197968, 8364
147800373655840, 147800373658672, 2832
147800499313480, 147800499316484, 3004
147800547348184, 147800547356828, 8644
147800668793196, 147800668801292, 8096
147801059687980, 147801059691364, 3384
147801160628908, 147801160634216, 5308
147776980847076, 147776980867284, 20208
147781167574268, 147781167578372, 4104
147781167594032, 147781167601768, 7736
147781368977944, 147781368979904, 1960
147781486710324, 147781486718792, 8468
147781568439572, 147781568443036, 3464
147781660208892, 147781660215104, 6212
147781835768116, 147781835770888, 2772
147781851600008, 147781851605732, 5724
147781965353668, 147781965356404, 2736
147782112826892, 147782112830156, 3264
147782128389388, 147782128395832, 6444
147782244474064, 147782244476940, 2876
147782246661496, 147782246666828, 5332
147782248840444, 147782248844132, 3688
147782252578876, 147782252584132, 5256
147782282313848, 147782282321568, 7720
147782352160988, 147782352163812, 2824
147782400049052, 147782400058236, 9184
147782527611460, 147782527622512, 11052
147783552641460, 147783552644348, 2888
147783653498812, 147783653505392, 6580
147783755239384, 147783755243512, 4128
147783856065512, 147783856069776, 4264
147783956922104, 147783956927424, 5320
147784058207428, 147784058213004, 5576
147784159192844, 147784159198128, 5284
147784260940296, 147784260946072, 5776
147784361945344, 147784361950656, 5312
147784463268928, 147784463273852, 4924
147784564778192, 147784564783300, 5108
147784665725716, 147784665730512, 4796
147785094148820, 147785094151236, 2416
147785194939872, 147785194945476, 5604
147785296759944, 147785296764872, 4928
147785397755828, 147785397761192, 5364
147785499530608, 147785499536824, 6216
147785694377584, 147785694381348, 3764
147785696576700, 147785696581640, 4940
147785722308568, 147785722315548, 6980
147785752234928, 147785752242108, 7180
147785782207812, 147785782214496, 6684
147785812066400, 147785812074360, 7960
147785841975068, 147785841982668, 7600
147785857919904, 147785857923892, 3988
147786031555768, 147786031558296, 2528
147786070473976, 147786070479716, 5740
147786109363856, 147786109372800, 8944
147786171100688, 147786171108564, 7876
147786258775704, 147786258778796, 3092
147786534013648, 147786534015956, 2308
147786709468728, 147786709470988, 2260
147786882959428, 147786882962384, 2956
147786980689752, 147786980697356, 7604
147787120308908, 147787120311436, 2528
147787293839908, 147787293841804, 1896
147787467320972, 147787467323932, 2960
147787594869172, 147787594872268, 3096
147787625282972, 147787625292900, 9928
147787732468020, 147787732473040, 5020
147787899989680, 147787899993000, 3320
147788025607404, 147788025609544, 2140
147788151253392, 147788151256640, 3248
147788166878904, 147788166883852, 4948
147788197255400, 147788197260588, 5188
147788392521496, 147788392526084, 4588
147788587941224, 147788587948784, 7560
147788779495128, 147788779497684, 2556
147788895154360, 147788895157308, 2948
147788897345804, 147788897350980, 5176
147788899532924, 147788899536636, 3712
147788901705316, 147788901708344, 3028
147789002733220, 147789002735308, 2088
147789004919188, 147789004925272, 6084
147789007095384, 147789007098936, 3552
147789009268276, 147789009276332, 8056
147789012685924, 147789012687448, 1524
147789014866840, 147789014871892, 5052
147789042718148, 147789042723088, 4940
147789072548032, 147789072556128, 8096
147789102473608, 147789102479052, 5444
147789132380816, 147789132386280, 5464
147789162294760, 147789162302296, 7536
147789174315852, 147789174323332, 7480
147789649071316, 147789649074048, 2732
147789679485996, 147789679491548, 5552
147789709940560, 147789709946324, 5764
147789814440628, 147789814449144, 8516
147790370776420, 147790370778244, 1824
147790471619812, 147790471625620, 5808
147790573322592, 147790573327972, 5380
147790674206804, 147790674212712, 5908
147790776091100, 147790776096320, 5220
147790877068068, 147790877072984, 4916
147791028855088, 147791028862400, 7312
147791202378288, 147791202383000, 4712
147791387804604, 147791387807092, 2488
147791521422992, 147791521426824, 3832
147791645122980, 147791645125848, 2868
147791714866340, 147791714882324, 15984
147791796637012, 147791796639788, 2776
147791846540648, 147791846556932, 16284
147791910349880, 147791910352400, 2520
147792105824784, 147792105831612, 6828
147792285245848, 147792285248480, 2632
147792414927408, 147792414930264, 2856
147792522538032, 147792522545712, 7680
147792711986408, 147792712015300, 28892
147792901405600, 147792901413456, 7856
147792903594376, 147792903605756, 11380
147793162677228, 147793162680032, 2804
147793278344568, 147793278352636, 8068
147793639276052, 147793639278980, 2928
147793654855904, 147793654860844, 4940
147793670471244, 147793670477244, 6000
147793686070044, 147793686074772, 4728
147793701714540, 147793701720228, 5688
147793776863756, 147793776883196, 19440
147793958327796, 147793958331024, 3228
147794060044284, 147794060053148, 8864
147794474889344, 147794474892020, 2676
147794646419088, 147794646427728, 8640
147794825848424, 147794825851240, 2816
147794873686256, 147794873696040, 9784
147794985444656, 147794985452748, 8092
147795037184428, 147795037191436, 7008
147795174786028, 147795174793560, 7532
147795232693676, 147795232702048, 8372
147795380305336, 147795380307932, 2596
147795428081920, 147795428089920, 8000
147795493867672, 147795493870612, 2940
147795503848444, 147795503856612, 8168
147795533756832, 147795533763980, 7148
147795595567976, 147795595570820, 2844
147795739159068, 147795739161380, 2312
147795938583684, 147795938585724, 2040
147796060238056, 147796060245512, 7456
147797627723664, 147797627726604, 2940
147797666444132, 147797666449012, 4880
147797705148204, 147797705153272, 5068
147797744580296, 147797744585812, 5516
147797783567576, 147797783572896, 5320
147797822508632, 147797822512828, 4196
147797861298444, 147797861303472, 5028
147797900074968, 147797900080028, 5060
147797939020080, 147797939025168, 5088
147797978672444, 147797978677856, 5412
147798017649036, 147798017655012, 5976
147798056519884, 147798056524624, 4740
147798095414800, 147798095420140, 5340
147798134632312, 147798134638384, 6072
147798173607552, 147798173614044, 6492
147798212548168, 147798212553432, 5264
147798251972716, 147798251978236, 5520
147798290827660, 147798290832276, 4616
147798329702500, 147798329707364, 4864
147798431296872, 147798431305080, 8208
147798546982668, 147798546990376, 7708
147798694613740, 147798694616420, 2680
147798710263284, 147798710268480, 5196
147798778285528, 147798778293084, 7556
147798866038836, 147798866046524, 7688
147798953849968, 147798953857040, 7072
147799025745968, 147799025748928, 2960
147799157286012, 147799157288644, 2632
147799184025912, 147799184033428, 7516
147799336755308, 147799336762476, 7168
147799617949896, 147799617952804, 2908
147799721572504, 147799721580316, 7812
147799743486904, 147799743490636, 3732
147799751434284, 147799751435936, 1652
147799753628076, 147799753634904, 6828
147799781396848, 147799781403244, 6396
147799811333744, 147799811341452, 7708
147799841240744, 147799841248232, 7488
147799871184464, 147799871186648, 2184
147799901147176, 147799901154196, 7020
147799923106444, 147799923115100, 8656
147800575419800, 147800575422604, 2804
147800577617648, 147800577624040, 6392
147800579794396, 147800579798464, 4068
147800581992236, 147800581995536, 3300
147800584170552, 147800584173640, 3088
147800586342680, 147800586345640, 2960
147800588518116, 147800588522052, 3936
147800590689788, 147800590692924, 3136
147800592866332, 147800592870220, 3888
147800595064588, 147800595067884, 3296
147800597335660, 147800597340888, 5228
147800599519120, 147800599522424, 3304
147800601703620, 147800601706564, 2944
147800603875464, 147800603878580, 3116
147800606051788, 147800606054688, 2900
147800608228292, 147800608231428, 3136
147800610406024, 147800610408940, 2916
147800618941288, 147800618948288, 7000
147800648973352, 147800648981644, 8292
147800678836020, 147800678844796, 8776
147800708769764, 147800708777472, 7708
147800738636864, 147800738645280, 8416
147800768523192, 147800768531816, 8624
147800798426924, 147800798435532, 8608
147800828347388, 147800828355048, 7660
147800874222620, 147800874224656, 2036
147800888204580, 147800888212980, 8400
147800939827088, 147800939831060, 3972
147801095583152, 147801095592380, 9228
