39382732939780, 39382732954544, 14764
39382883998168, 39382884007336, 9168
39382923318104, 39382923326532, 8428
39382944351532, 39382944359984, 8452
39382964721392, 39382964729404, 8012
39382970727448, 39382970734320, 6872
39383010039924, 39383010047736, 7812
39383033219236, 39383033227016, 7780
39383130647828, 39383130656024, 8196
39383194530888, 39383194539456, 8568
39383214892228, 39383214899152, 6924
39383278766016, 39383278774156, 8140
39383290359568, 39383290367248, 7680
39383387781640, 39383387789512, 7872
39383410943740, 39383410951204, 7464
39383416946500, 39383416954284, 7784
39383456264580, 39383456272728, 8148
39383467851836, 39383467859796, 7960
39383477081752, 39383477088280, 6528
39383500246036, 39383500254220, 8184
39383595351160, 39383595359564, 8404
39383597545076, 39383597553000, 7924
39383609691588, 39383609699268, 7680
39383688305272, 39383688313260, 7988
39383717207728, 39383717215940, 8212
39383740357096, 39383740365040, 7944
39383826932852, 39383826940964, 8112
39383836163520, 39383836171168, 7648
39383865617376, 39383865625108, 7732
39383877211952, 39383877219804, 7852
39383972210820, 39383972218672, 7852
39384036088128, 39384036096176, 8048
39384057131744, 39384057139720, 7976
39384097836636, 39384097844948, 8312
39384107647496, 39384107655284, 7788
39384119219680, 39384119226428, 6748
39384128471972, 39384128478792, 6820
39384140057148, 39384140065288, 8140
39384179373940, 39384179381904, 7964
39384190961788, 39384190969324, 7536
39384193154544, 39384193161984, 7440
39384199159876, 39384199167692, 7816
39384296060656, 39384296068720, 8064
39384307648708, 39384307655072, 6364
39384405090204, 39384405098524, 8320
39384416664660, 39384416671236, 6576
39384513536412, 39384513544144, 7732
39384609099608, 39384609107416, 7808
39384611291836, 39384611300112, 8276
39384622880240, 39384622886956, 6716
39384717860524, 39384717868500, 7976
39384727114156, 39384727122160, 8004
39384766433096, 39384766440840, 7744
39384868739944, 39384868747904, 7960
39384908075464, 39384908083324, 7860
39384948776888, 39384948785120, 8232
39385076774516, 39385076782536, 8020
39385082782188, 39385082788680, 6492
39385211362816, 39385211370404, 7588
39385213554032, 39385213560696, 6664
39385219565600, 39385219572984, 7384
39385248452924, 39385248461012, 8088
39385257700072, 39385257707644, 7572
39385352710724, 39385352718344, 7620
39385434681004, 39385434689264, 8260
39385457834496, 39385457842300, 7804
39385478888596, 39385478895272, 6676
39385490478024, 39385490485692, 7668
39385499711724, 39385499719496, 7772
39385501901088, 39385501907484, 6396
39385511147156, 39385511154928, 7772
39385522738180, 39385522744708, 6528
39385531967732, 39385531974332, 6600
39385543551276, 39385543557728, 6452
39385545740228, 39385545746572, 6344
39385554996056, 39385555002828, 6772
39385566686636, 39385566694232, 7596
39385645891112, 39385645899220, 8108
39385740897616, 39385740905820, 8204
39385804789600, 39385804797864, 8264
39385814042164, 39385814050084, 7920
39385942611972, 39385942620108, 8136
39385954198660, 39385954205292, 6632
39386082215748, 39386082223588, 7840
39386111680896, 39386111688932, 8036
39386113871608, 39386113879252, 7644
39386123121872, 39386123129892, 8020
39386134710236, 39386134716932, 6696
39386143942788, 39386143949244, 6456
39386155535280, 39386155541904, 6624
39386157729212, 39386157736888, 7676
39386178784328, 39386178792084, 7756
39386219485556, 39386219492576, 7020
39386240538908, 39386240546616, 7708
39386249770480, 39386249778592, 8112
39386289100508, 39386289108212, 7704
39386298353088, 39386298361128, 8040
39386395777584, 39386395785476, 7892
39386397970440, 39386397978332, 7892
39386525997412, 39386526005520, 8108
39386623412988, 39386623420872, 7884
39386625631244, 39386625638996, 7752
39386654510272, 39386654518016, 7744
39386672981340, 39386672988992, 7652
39386800987772, 39386800995996, 8224
39386822053740, 39386822061476, 7736
39386851502228, 39386851510480, 8252
39386863093452, 39386863101264, 7812
39386872336700, 39386872344644, 7944
39386967346120, 39386967353864, 7744
39386996231260, 39386996239192, 7932
39386998424276, 39386998431880, 7604
39387007672784, 39387007679344, 6560
39387036574672, 39387036581348, 6676
39387045813876, 39387045822192, 8316
39387057405364, 39387057412928, 7564
39387159713208, 39387159721020, 7812
39387165726524, 39387165734632, 8108
39387174983292, 39387174990916, 7624
39387186576016, 39387186582796, 6780
39387195809320, 39387195817028, 7708
39387197999776, 39387198007412, 7636
39387294896516, 39387294903252, 6736
39387300901244, 39387300908748, 7504
39387319374972, 39387319383128, 8156
39387447701864, 39387447710356, 8492
39387468742756, 39387468750468, 7712
39387470936664, 39387470944432, 7768
39387510258656, 39387510266792, 8136
39387545003876, 39387545012012, 8136
39387673709580, 39387673717708, 8128
39387694744240, 39387694752264, 8024
39387704002336, 39387704010476, 8140
39387724351292, 39387724358024, 6732
39387733602476, 39387733609208, 6732
39387754631664, 39387754639452, 7788
39387818501612, 39387818509496, 7884
39387830098016, 39387830104748, 6732
39387894561260, 39387894569076, 7816
39387935261920, 39387935269728, 7808
39387941276648, 39387941284648, 8000
39387943472152, 39387943479884, 7732
39388028252328, 39388028260140, 7812
39388191598084, 39388191606528, 8444
39388193810096, 39388193817036, 6940
39388214167896, 39388214175616, 7720
39388235202196, 39388235208992, 6796
39388237392424, 39388237399104, 6680
39388380392156, 39388380400228, 8072
39388466953256, 39388466961172, 7916
39388548365276, 39388548373664, 8388
39388571532832, 39388571541096, 8264
39388577538340, 39388577545456, 7116
39388589123748, 39388589131564, 7816
39388598932020, 39388598938960, 6940
39388610508816, 39388610516676, 7860
39388610753704, 39388610760392, 6688
39388619983612, 39388619990216, 6604
39388648671304, 39388648679456, 8152
39388745106308, 39388745114056, 7748
39388756698344, 39388756706024, 7680
39388841627608, 39388841635588, 7980
39388843822428, 39388843830264, 7836
39388972393920, 39388972402420, 8500
39389074130248, 39389074138520, 8272
39389103595128, 39389103602860, 7732
39389112834324, 39389112842032, 7708
39389129518300, 39389129525128, 6828
39389138758728, 39389138765524, 6796
39389217097580, 39389217105412, 7832
39389240270536, 39389240278484, 7948
39389318890244, 39389318898548, 8304
39389330480916, 39389330488364, 7448
39389554874232, 39389554882724, 8492
39389640344224, 39389640353296, 9072
39389658825148, 39389658833220, 8072
39389670423560, 39389670431188, 7628
39389674165392, 39389674173596, 8204
39389713482144, 39389713489192, 7048
39389741203476, 39389741211508, 8032
39389770114820, 39389770122724, 7904
39389857340144, 39389857349508, 9364
39389861737832, 39389861746064, 8232
39389867748880, 39389867755924, 7044
39389869938856, 39389869946624, 7768
39389898828040, 39389898836000, 7960
39389980492156, 39389980500948, 8792
39390044388296, 39390044396604, 8308
39390248466144, 39390248474820, 8676
39390257723432, 39390257731392, 7960
39390259917212, 39390259924156, 6944
39390321001428, 39390321009416, 7988
39390449575476, 39390449583724, 8248
39390490302556, 39390490310736, 8180
39390499539632, 39390499547704, 8072
39390538875160, 39390538883032, 7872
39390548135384, 39390548143200, 7816
39390569176004, 39390569184084, 8080
39390610450996, 39390610457908, 6912
39390631488608, 39390631496720, 8112
39390716307660, 39390716315596, 7936
39390736665748, 39390736673372, 7624
39390745923112, 39390745930856, 7744
39390774813804, 39390774821568, 7764
39390777008116, 39390777015848, 7732
39390786266192, 39390786274532, 8340
39390850707696, 39390850715796, 8100
39390859961188, 39390859968784, 7596
39390899301532, 39390899308432, 6900
39390908534112, 39390908541672, 7560
39390989955040, 39390989963100, 8060
39390999212500, 39390999219408, 6908
39391039912964, 39391039921252, 8288
39391104364048, 39391104372024, 7976
39391113621552, 39391113629340, 7788
39391133980868, 39391133987564, 6696
39391143232864, 39391143240520, 7656
39391228017752, 39391228026184, 8432
39391323031408, 39391323039452, 8044
39391352493784, 39391352502156, 8372
39391416387100, 39391416395164, 8064
39391437426972, 39391437434976, 8004
39391457781180, 39391457789040, 7860
39391467036892, 39391467043548, 6656
39391507748060, 39391507755876, 7816
39391593199672, 39391593208268, 8596
39391602447936, 39391602455708, 7772
39391623499552, 39391623507996, 8444
39391718491312, 39391718499716, 8404
39391720683248, 39391720691216, 7968
39391729940572, 39391729948328, 7756
39391758823736, 39391758830484, 6748
39391768076772, 39391768084768, 7996
39391808774088, 39391808781156, 7068
39391837679948, 39391837687560, 7612
39391840429620, 39391840437564, 7944
39391968183604, 39391968191792, 8188
39391977432852, 39391977440668, 7816
39391979623164, 39391979629480, 6316
39391988874640, 39391988882488, 7848
39392009906120, 39392009912808, 6688
39392012102348, 39392012110180, 7832
39392021355928, 39392021363820, 7892
39392149916460, 39392149924960, 8500
39392178819432, 39392178827020, 7588
39392273818152, 39392273826492, 8340
39392276028284, 39392276035804, 7520
39392285260000, 39392285267688, 7688
39392306312632, 39392306320244, 7612
39392335190108, 39392335196788, 6680
39392337957864, 39392337965452, 7588
39392347191704, 39392347199860, 8156
39392475194184, 39392475202204, 8020
39392477387152, 39392477395100, 7948
39392498443724, 39392498451872, 8148
39392583237724, 39392583245624, 7900
39392585428952, 39392585437104, 8152
39392614864968, 39392614871956, 6988
39392699647728, 39392699656156, 8428
39392763525820, 39392763533532, 7712
39392769531572, 39392769539072, 7500
39392778783464, 39392778791072, 7608
39392780976292, 39392780982988, 6696
39392909277464, 39392909285532, 8068
39392918530928, 39392918538476, 7548
39392920722996, 39392920729444, 6448
39392929951468, 39392929957924, 6456
39392935955116, 39392935961752, 6636
39392938144940, 39392938152672, 7732
39392959193380, 39392959200064, 6684
39392961385336, 39392961393148, 7812
39393056399048, 39393056407068, 8020
39393065633520, 39393065641356, 7836
39393144822692, 39393144830900, 8208
39393266899124, 39393266906840, 7716
39393306224364, 39393306232112, 7748
39393335683028, 39393335689788, 6760
39393374988752, 39393374995508, 6756
39393403890420, 39393403898376, 7956
39393422364072, 39393422371988, 7916
39393424555712, 39393424563348, 7636
39393445603720, 39393445610332, 6612
39393454839964, 39393454847272, 7308
39393460850320, 39393460858156, 7836
39393557813288, 39393557821476, 8188
39393567068956, 39393567075532, 6576
39393664497068, 39393664505364, 8296
39393728407352, 39393728415348, 7996
39393730600492, 39393730607932, 7440
39393736604812, 39393736612896, 8084
39393821396468, 39393821404724, 8256
39393885867180, 39393885874984, 7804
39393895117944, 39393895125752, 7808
39393897309844, 39393897317784, 7940
39394025323444, 39394025331644, 8200
39394054235408, 39394054243724, 8316
39394118691640, 39394118699916, 8276
39394139042600, 39394139050092, 7492
39394148292600, 39394148299212, 6612
39394229720680, 39394229728788, 8108
39394314499220, 39394314507040, 7820
39394335432264, 39394335440524, 8260
39394374739760, 39394374747576, 7816
39394383997132, 39394384004784, 7652
39394405049828, 39394405057412, 7584
39394486459044, 39394486467384, 8340
39394495712172, 39394495718708, 6536
39394598045100, 39394598053276, 8176
39394607295104, 39394607301696, 6592
39394627647724, 39394627655964, 8240
39394666974036, 39394666981900, 7864
39394707682076, 39394707689856, 7780
39394713688440, 39394713694880, 6440
39394734057616, 39394734065544, 7928
39394818830168, 39394818838136, 7968
39394840439324, 39394840446408, 7084
39394925212484, 39394925220180, 7696
39395043162556, 39395043170524, 7968
39395084445164, 39395084453272, 8108
39395093694216, 39395093702576, 8360
39395157591260, 39395157599360, 8100
39395196916948, 39395196924772, 7824
39395217954176, 39395217961720, 7544
39395227206720, 39395227214440, 7720
39395256104484, 39395256111912, 7428
39395262111032, 39395262118936, 7904
39395301437088, 39395301444776, 7688
39395342718828, 39395342726632, 7804
39395351952920, 39395351960508, 7588
39395354143884, 39395354151440, 7556
39395438956600, 39395438964416, 7816
39395459312284, 39395459320100, 7816
39395545975056, 39395545983196, 8140
39395625172920, 39395625180992, 8072
39395634427916, 39395634435676, 7760
39395655462428, 39395655470100, 7672
39395684364172, 39395684371532, 7360
39395690373368, 39395690380960, 7592
39395699604920, 39395699612532, 7612
39395740329572, 39395740337348, 7776
39395749581900, 39395749588548, 6648
39395769931380, 39395769937908, 6528
39395788413356, 39395788421560, 8204
39395790605052, 39395790612640, 7588
39395819501120, 39395819508172, 7052
39395829288152, 39395829296172, 8020
39395914090864, 39395914099172, 8308
39395916284880, 39395916292896, 8016
39396044280204, 39396044288348, 8144
39396053528064, 39396053536084, 8020
39396074557888, 39396074565936, 8048
39396159903932, 39396159911720, 7788
39396169159392, 39396169167344, 7952
39396171351384, 39396171358988, 7604
39396192382752, 39396192390652, 7900
39396203973352, 39396203980872, 7520
39396209977408, 39396209984936, 7528
39396219227916, 39396219236000, 8084
39396347777504, 39396347786384, 8880
39396359366620, 39396359373104, 6484
39396487344656, 39396487352720, 8064
39396605820420, 39396605828828, 8408
39396666854892, 39396666863380, 8488
39396676102172, 39396676110276, 8104
39396687694936, 39396687702452, 7516
39396726989288, 39396726996960, 7672
39396732991812, 39396732999600, 7788
39396761889980, 39396761897980, 8000
39396771143056, 39396771150836, 7780
39396899679148, 39396899687700, 8552
39396984444656, 39396984452988, 8332
39396996032648, 39396996040656, 8008
39397005282960, 39397005289604, 6644
39397016865180, 39397016873340, 8160
39397081288872, 39397081296812, 7940
39397090538160, 39397090546076, 7916
39397102111408, 39397102118936, 7528
39397108121252, 39397108129016, 7764
39397147440780, 39397147448768, 7988
39397156692124, 39397156700024, 7900
39397243241336, 39397243249328, 7992
39397254827332, 39397254835644, 8312
39397264072960, 39397264080672, 7712
39397346009064, 39397346017364, 8300
39397430751564, 39397430759548, 7984
39397453911672, 39397453918552, 6880
39397538772904, 39397538780732, 7828
39397580032072, 39397580040244, 8172
39397589276152, 39397589282760, 6608
39397609620488, 39397609628276, 7788
39397737340788, 39397737348684, 7896
39397739532532, 39397739540480, 7948
39397768420348, 39397768428264, 7916
39397774424164, 39397774432116, 7952
39397836038184, 39397836046476, 8292
39397845288064, 39397845294716, 6652
39397865635228, 39397865642984, 7756
39397894530904, 39397894539116, 8212
39397903762528, 39397903770608, 8080
39397967631584, 39397967639744, 8160
39398028680632, 39398028688708, 8076
39398047153772, 39398047161184, 7412
39398049341064, 39398049348696, 7632
39398070398720, 39398070405476, 6756
39398080208320, 39398080215948, 7628
39398091770728, 39398091777268, 6540
39398101021136, 39398101028972, 7836
39398140341604, 39398140349264, 7660
39398169210652, 39398169218432, 7780
39398178468784, 39398178476408, 7624
39398199494520, 39398199502456, 7936
39398296358164, 39398296366576, 8412
39398391890128, 39398391897932, 7804
39398394081564, 39398394089200, 7636
39398403333900, 39398403341600, 7700
39398414896232, 39398414902792, 6560
39398424151756, 39398424159432, 7676
39398521006548, 39398521014652, 8104
39398649534616, 39398649542744, 8128
39398736078516, 39398736086484, 7968
39398756452308, 39398756459892, 7584
39398853855748, 39398853863892, 8144
39398874229736, 39398874237428, 7692
39398883458524, 39398883465064, 6540
39398924182888, 39398924190636, 7748
39398930187820, 39398930195244, 7424
39398959072708, 39398959080572, 7864
39399087664580, 39399087672640, 8060
39399099235464, 39399099241968, 6504
39399227267228, 39399227275596, 8368
39399247621080, 39399247629364, 8284
39399375940736, 39399375948832, 8096
39399437009012, 39399437016732, 7720
39399446244504, 39399446252296, 7792
39399457832096, 39399457839936, 7840
39399486731704, 39399486739480, 7776
39399507764268, 39399507772036, 7768
39399610174400, 39399610182196, 7796
39399639080372, 39399639088252, 7880
39399662248504, 39399662256420, 7916
39399671485236, 39399671493072, 7836
39399799502268, 39399799510584, 8316
39399828969412, 39399828977468, 8056
39399838223748, 39399838230372, 6624
39399966235980, 39399966243724, 7744
39399989409516, 39399989417296, 7780
39400010449736, 39400010457992, 8256
39400089649816, 39400089657648, 7832
39400095661080, 39400095667824, 6744
39400134978408, 39400134986044, 7636
39400221543708, 39400221551776, 8068
39400233135224, 39400233142888, 7664
39400254171020, 39400254178356, 7336
39400283075500, 39400283083160, 7660
39400294664220, 39400294671920, 7700
39400303895940, 39400303902508, 6568
39400315482688, 39400315489536, 6848
39400402624800, 39400402632848, 8048
39400411859008, 39400411866752, 7744
39400539875756, 39400539883720, 7964
39400579766528, 39400579774356, 7828
39400589014300, 39400589022020, 7720
39400610070072, 39400610077912, 7840
39400621636932, 39400621644356, 7424
39400627641696, 39400627648152, 6456
39400646144200, 39400646152300, 8100
39400710028956, 39400710036696, 7740
39400731065048, 39400731071788, 6740
39400737070004, 39400737077864, 7860
39400757430584, 39400757438380, 7796
39400766681684, 39400766688444, 6760
39400889359104, 39400889367384, 8280
39400898591172, 39400898599312, 8140
39400921760548, 39400921768396, 7848
39400950646952, 39400950654752, 7800
39401011718184, 39401011726120, 7936
39401020969924, 39401020977692, 7768
39401023162904, 39401023170724, 7820
39401062479824, 39401062487712, 7888
39401124096632, 39401124104672, 8040
39401133347164, 39401133355052, 7888
39401261351912, 39401261359664, 7752
39401263545068, 39401263552788, 7720
39401272795876, 39401272803800, 7924
39401284382540, 39401284390324, 7784
39401324261548, 39401324269392, 7844
39401518018100, 39401518026396, 8296
39401539152880, 39401539160764, 7884
39401541345864, 39401541352236, 6372
39401638783436, 39401638791300, 7864
39401661958628, 39401661965376, 6748
39401758819100, 39401758827168, 8068
39401798677528, 39401798685296, 7768
39401885813412, 39401885821504, 8092
39402080110556, 39402080118964, 8408
39402103279600, 39402103287740, 8140
39402142606360, 39402142613964, 7604
39402224011932, 39402224020244, 8312
39402245048036, 39402245054708, 6672
39402347355908, 39402347363820, 7912
39402356607552, 39402356614252, 6700
39402417673148, 39402417680684, 7536
39402426913980, 39402426922108, 8128
39402554907764, 39402554915704, 7940
39402567052532, 39402567060300, 7768
39402662054128, 39402662061864, 7736
39402668068572, 39402668076612, 8040
39402689139168, 39402689147520, 8352
39383147947456, 39383147958680, 11224
39383416370792, 39383416379744, 8952
39383513254800, 39383513263132, 8332
39383534281616, 39383534289392, 7776
39383543534908, 39383543542764, 7856
39383628990540, 39383628998900, 8360
39383723967060, 39383723975180, 8120
39383726157640, 39383726165168, 7528
39383735409440, 39383735417024, 7584
39383832317860, 39383832325960, 8100
39383934615768, 39383934623968, 8200
39384021154892, 39384021162912, 8020
39384050063780, 39384050071864, 8084
39384089358128, 39384089365712, 7584
39384091549508, 39384091555928, 6420
39384131417164, 39384131424100, 6936
39384133627776, 39384133635204, 7428
39384228614828, 39384228623096, 8268
39384237866728, 39384237874848, 8120
39384249463808, 39384249470268, 6460
39384258698740, 39384258705280, 6540
39384270285152, 39384270292408, 7256
39384272476460, 39384272484068, 7608
39384293533356, 39384293541192, 7836
39384313885044, 39384313892720, 7676
39384401014636, 39384401022348, 7712
39384422063612, 39384422071356, 7744
39384424254592, 39384424262024, 7432
39384453150892, 39384453158604, 7712
39384483213048, 39384483220020, 6972
39384569755160, 39384569762808, 7648
39384575762648, 39384575769968, 7320
39384637381972, 39384637389880, 7908
39384734261184, 39384734268608, 7424
39384743495892, 39384743503360, 7468
39384745687664, 39384745695184, 7520
39384766741872, 39384766749728, 7856
39384778336816, 39384778343156, 6340
39384787570880, 39384787577580, 6700
39384789763232, 39384789769432, 6200
39384799015708, 39384799023488, 7780
39384927563712, 39384927572020, 8308
39384939145496, 39384939153048, 7552
39385023932020, 39385023939632, 7612
39385052802480, 39385052810136, 7656
39385075977888, 39385075985648, 7760
39385173403040, 39385173410528, 7488
39385175593904, 39385175601308, 7404
39385260374408, 39385260382048, 7640
39385262566460, 39385262573984, 7524
39385301880828, 39385301888796, 7968
39385313473748, 39385313480280, 6532
39385315663536, 39385315669708, 6172
39385355524252, 39385355532096, 7844
39385378697540, 39385378705364, 7824
39385473688448, 39385473695884, 7436
39385552312372, 39385552320300, 7928
39385581301152, 39385581308776, 7624
39385590549640, 39385590557196, 7556
39385692862676, 39385692870732, 8056
39385702118100, 39385702125860, 7760
39385835778760, 39385835786560, 7800
39385845017428, 39385845025224, 7796
39385857161600, 39385857169184, 7584
39385863171004, 39385863178624, 7620
39385960027720, 39385960035420, 7700
39385962226212, 39385962234164, 7952
39386026102064, 39386026109980, 7916
39386054987232, 39386054993812, 6580
39386247137364, 39386247146008, 8644
39386249329856, 39386249337104, 7248
39386255336716, 39386255344696, 7980
39386383882532, 39386383890628, 8096
39386444935708, 39386444943788, 8080
39386523540100, 39386523547880, 7780
39386535122252, 39386535129896, 7644
39386544368984, 39386544375352, 6368
39386555953264, 39386555960796, 7532
39386584836396, 39386584843208, 6812
39386594082924, 39386594089388, 6464
39386606222436, 39386606230284, 7848
39386608413044, 39386608420500, 7456
39386687004308, 39386687012112, 7804
39386715899452, 39386715906952, 7500
39386776943908, 39386776951436, 7528
39386779136616, 39386779144368, 7752
39386790719392, 39386790727276, 7884
39386855170448, 39386855178228, 7780
39386857357980, 39386857364116, 6136
39386921233372, 39386921241212, 7840
39386942269140, 39386942276660, 7520
39386981583904, 39386981591932, 8028
39386990836848, 39386990844424, 7576
39387031525140, 39387031532440, 7300
39387037533256, 39387037540908, 7652
39387155989036, 39387155997132, 8096
39387177046268, 39387177053720, 7452
39387299124716, 39387299132548, 7832
39387301315528, 39387301323224, 7696
39387330211720, 39387330219152, 7432
39387370077688, 39387370085428, 7740
39387381644020, 39387381651660, 7640
39387390895596, 39387390902156, 6560
39387402493832, 39387402501440, 7608
39387408498656, 39387408504964, 6308
39387417753288, 39387417759860, 6572
39387429322392, 39387429330032, 7640
39387526200932, 39387526209076, 8144
39387565643484, 39387565651108, 7624
39387567838520, 39387567846028, 7508
39387579430932, 39387579437572, 6640
39387658604640, 39387658612616, 7976
39387670187708, 39387670194248, 6540
39387709507656, 39387709515036, 7380
39387711700548, 39387711708060, 7512
39387723288240, 39387723294800, 6560
39387801882920, 39387801890460, 7540
39387822940244, 39387822947900, 7656
39387832170236, 39387832177964, 7728
39387919290344, 39387919298052, 7708
39387940355324, 39387940363048, 7724
39387951922360, 39387951929692, 7332
39387980815220, 39387980822920, 7700
39387992400112, 39387992407852, 7740
39388087390536, 39388087398144, 7608
39388109005752, 39388109013400, 7648
39388132183868, 39388132190632, 6764
39388153214416, 39388153221868, 7452
39388182118940, 39388182126752, 7812
39388205279068, 39388205286764, 7696
39388283893668, 39388283901552, 7884
39388312778728, 39388312786024, 7296
39388318785984, 39388318793464, 7480
39388320976272, 39388320983488, 7216
39388418389680, 39388418397876, 8196
39388427646988, 39388427653560, 6572
39388621892996, 39388621901324, 8328
39388706662488, 39388706670028, 7540
39388712671876, 39388712678384, 6508
39388797439468, 39388797447172, 7704
39388833930808, 39388833938252, 7444
39388843201208, 39388843209096, 7888
39388864817032, 39388864824700, 7668
39388867012740, 39388867020388, 7648
39388878599400, 39388878606596, 7196
39388887837544, 39388887844204, 6660
39388899436336, 39388899442920, 6584
39388908683036, 39388908689320, 6284
39388910041348, 39388910047696, 6348
39388921607864, 39388921614260, 6396
39388941317120, 39388941324752, 7632
39389027871740, 39389027879760, 8020
39389088822560, 39389088830400, 7840
39389098636404, 39389098643020, 6616
39389185185908, 39389185193584, 7676
39389187398836, 39389187406416, 7580
39389379571784, 39389379580152, 8368
39389474567096, 39389474574756, 7660
39389561235836, 39389561243944, 8108
39389602507164, 39389602514848, 7684
39389631403764, 39389631411648, 7884
39389633597524, 39389633605020, 7496
39389645187976, 39389645195492, 7516
39389729955884, 39389729963716, 7832
39389751015332, 39389751022996, 7664
39389785739056, 39389785746644, 7588
39389795874260, 39389795880980, 6720
39389807443768, 39389807451440, 7672
39389816698124, 39389816705684, 7560
39389939337940, 39389939344964, 7024
39389957829504, 39389957836800, 7296
39390036449736, 39390036457840, 8104
39390038642352, 39390038650284, 7932
39390057143692, 39390057151772, 8080
39390078203508, 39390078211492, 7984
39390118087736, 39390118095924, 8188
39390127345488, 39390127353456, 7968
39390141050400, 39390141056900, 6500
39390150300928, 39390150307560, 6632
39390231604312, 39390231612388, 8076
39390260485104, 39390260492488, 7384
39390266495548, 39390266503052, 7504
39390353627488, 39390353635688, 8200
39390362880112, 39390362888048, 7936
39390459744928, 39390459753184, 8256
39390461939112, 39390461945472, 6360
39390558816832, 39390558824988, 8156
39390687121076, 39390687129056, 7980
39390689313604, 39390689321104, 7500
39390707818248, 39390707826036, 7788
39390804669768, 39390804677740, 7972
39390833572260, 39390833580100, 7840
39390884065528, 39390884072584, 7056
39390912952436, 39390912960188, 7752
39390997747956, 39390997756132, 8176
39391018772832, 39391018780372, 7540
39391020985624, 39391020992916, 7292
39391049869080, 39391049875944, 6864
39391070918176, 39391070925880, 7704
39391158034272, 39391158042420, 8148
39391167287168, 39391167294628, 7460
39391188327304, 39391188333856, 6552
39391206820728, 39391206828160, 7432
39391209010380, 39391209016664, 6284
39391230042144, 39391230049848, 7704
39391258944424, 39391258950932, 6508
39391261134808, 39391261142620, 7812
39391325009608, 39391325017432, 7824
39391422434852, 39391422442868, 8016
39391424630176, 39391424637872, 7696
39391433867028, 39391433875128, 8100
39391473199944, 39391473206600, 6656
39391475391364, 39391475399036, 7672
39391496443076, 39391496450784, 7708
39391560431772, 39391560438876, 7104
39391581461320, 39391581468824, 7504
39391610917236, 39391610925296, 8060
39391613109436, 39391613116892, 7456
39391622355952, 39391622363668, 7716
39391707117680, 39391707125732, 8052
39391746440116, 39391746447900, 7784
39391810308900, 39391810316660, 7760
39391889510868, 39391889518996, 8128
39391898747352, 39391898754984, 7632
39391995611792, 39391995619468, 7676
39392004865900, 39392004873736, 7836
39392033750964, 39392033758656, 7692
39392129293880, 39392129301880, 8000
39392147768548, 39392147776532, 7984
39392244637084, 39392244644760, 7676
39392305680892, 39392305688420, 7528
39392314939220, 39392314947240, 8020
39392379366680, 39392379374448, 7768
39392388613824, 39392388621452, 7628
39392485481228, 39392485488772, 7544
39392491493428, 39392491501188, 7760
39392500726536, 39392500734364, 7828
39392629278308, 39392629286400, 8092
39392631470772, 39392631478552, 7780
39392649947428, 39392649954860, 7432
39392678843304, 39392678851224, 7920
39392719545064, 39392719552932, 7868
39392728785288, 39392728793072, 7784
39392730996192, 39392731002676, 6484
39392740225152, 39392740232712, 7560
39392761270984, 39392761278840, 7856
39392840422436, 39392840430096, 7660
39392849682308, 39392849690476, 8168
39392946547232, 39392946554948, 7716
39392975429800, 39392975437624, 7824
39392996488564, 39392996496336, 7772
39393081243540, 39393081251448, 7908
39393083435420, 39393083443024, 7604
39393112898124, 39393112905840, 7716
39393133950216, 39393133957964, 7748
39393143179564, 39393143187064, 7500
39393271182952, 39393271191228, 8276
39393291553868, 39393291561076, 7208
39393293743892, 39393293750136, 6244
39393422290832, 39393422298816, 7984
39393461609340, 39393461617332, 7992
39393548255752, 39393548263656, 7904
39393670923304, 39393670930228, 6924
39393757475024, 39393757482852, 7828
39393766728500, 39393766735788, 7288
39393827767000, 39393827774792, 7792
39393846848784, 39393846856980, 8196
39393931609976, 39393931617872, 7896
39393933802332, 39393933810052, 7720
39393954857696, 39393954865736, 8040
39393994186724, 39393994194708, 7984
39394003420304, 39394003426776, 6472
39394042762832, 39394042771080, 8248
39394171346396, 39394171354672, 8276
39394180579184, 39394180586692, 7508
39394182770368, 39394182777924, 7556
39394203821692, 39394203828196, 6504
39394332343684, 39394332351732, 8048
39394427346456, 39394427354140, 7684
39394436578176, 39394436585976, 7800
39394465488156, 39394465496272, 8116
39394504805144, 39394504812724, 7580
39394506996408, 39394507003980, 7572
39394528038980, 39394528045644, 6664
39394567357788, 39394567365252, 7464
39394576607568, 39394576615088, 7520
39394578798540, 39394578806064, 7524
39394674344080, 39394674351764, 7684
39394683579924, 39394683587772, 7848
39394722911828, 39394722919648, 7820
39394751785864, 39394751793472, 7608
39394792504268, 39394792512028, 7760
39394801736812, 39394801744480, 7668
39394803947244, 39394803954752, 7508
39394883103104, 39394883111020, 7916
39394892353652, 39394892360900, 7248
39394921232296, 39394921239772, 7476
39395018113276, 39395018121032, 7756
39395038459680, 39395038466144, 6464
39395135885412, 39395135893508, 8096
39395156916128, 39395156923812, 7684
39395185813792, 39395185821884, 8092
39395195063812, 39395195071388, 7576
39395197254368, 39395197262076, 7708
39395236559152, 39395236566832, 7680
39395245824284, 39395245831804, 7520
39395343238188, 39395343246308, 8120
39395407123728, 39395407131352, 7624
39395416375744, 39395416383636, 7892
39395455685396, 39395455693288, 7892
39395584366340, 39395584374704, 8364
39395669138264, 39395669146140, 7876
39395678390680, 39395678398040, 7360
39395698740860, 39395698748652, 7792
39395738061896, 39395738069364, 7468
39395835484800, 39395835492484, 7684
39395874795412, 39395874803008, 7596
39395895145220, 39395895152896, 7676
39395916203632, 39395916211180, 7548
39395934666512, 39395934674108, 7596
39396029665656, 39396029673552, 7896
39396064384664, 39396064392256, 7592
39396192942092, 39396192950060, 7968
39396221817384, 39396221824968, 7584
39396233404932, 39396233412608, 7676
39396242654604, 39396242662128, 7524
39396263688692, 39396263695500, 6808
39396298425384, 39396298433176, 7792
39396395837164, 39396395845288, 8124
39396424728880, 39396424736624, 7744
39396519713228, 39396519721080, 7852
39396540743864, 39396540751496, 7632
39396552324216, 39396552330768, 6552
39396647865944, 39396647873828, 7884
39396650057784, 39396650065224, 7440
39396671082476, 39396671090060, 7584
39396691453012, 39396691459836, 6824
39396786401676, 39396786409372, 7696
39396797988028, 39396797995388, 7360
39396800181652, 39396800189092, 7440
39396809426544, 39396809433088, 6544
39396904959976, 39396904967532, 7556
39396928111520, 39396928119320, 7800
39396956998604, 39396957006416, 7812
39396997696024, 39396997704164, 8140
39397083014404, 39397083022880, 8476
39397146887388, 39397146895056, 7668
39397170044236, 39397170052132, 7896
39397172254160, 39397172261856, 7696
39397181482532, 39397181490360, 7828
39397276448244, 39397276456068, 7824
39397285687524, 39397285694920, 7396
39397297271504, 39397297278024, 6520
39397306520784, 39397306528488, 7704
39397403925540, 39397403933452, 7912
39397415490480, 39397415497836, 7356
39397436531516, 39397436539232, 7716
39397531485084, 39397531493144, 8060
39397618658432, 39397618666260, 7828
39397627913328, 39397627921124, 7796
39397651065696, 39397651073708, 8012
39397778981220, 39397778989148, 7928
39397802119852, 39397802127764, 7912
39397887416816, 39397887424604, 7788
39397908448388, 39397908456044, 7656
39397917681080, 39397917688856, 7776
39397919872732, 39397919879088, 6356
39398004604772, 39398004612528, 7756
39398025628128, 39398025635580, 7452
39398027817964, 39398027825300, 7336
39398033836460, 39398033843600, 7140
39398119134664, 39398119142740, 8076
39398140181696, 39398140189340, 7644
39398151759300, 39398151766984, 7684
39398230325160, 39398230333060, 7900
39398358795244, 39398358803700, 8456
39398486458236, 39398486465876, 7640
39398498040636, 39398498047112, 6476
39398561881276, 39398561888904, 7628
39398657373264, 39398657381072, 7808
39398663381120, 39398663389052, 7932
39398683730908, 39398683738708, 7800
39398723032972, 39398723040640, 7668
39398725223324, 39398725230968, 7644
39398789047844, 39398789054552, 6708
39398795053376, 39398795061112, 7736
39398804301900, 39398804309156, 7256
39398806490112, 39398806497820, 7708
39398901982288, 39398901990360, 8072
39399019885016, 39399019893068, 8052
39399060570488, 39399060578292, 7804
39399156120376, 39399156128264, 7888
39399190842648, 39399190850652, 8004
39399219728684, 39399219735460, 6776
39399242870172, 39399242877796, 7624
39399252126760, 39399252134660, 7900
39399380634048, 39399380642364, 8316
39399444497200, 39399444504732, 7532
39399485203624, 39399485211452, 7828
39399603732308, 39399603740428, 8120
39399612986588, 39399612994344, 7756
39399694380484, 39399694388256, 7772
39399703614640, 39399703622440, 7800
39399715201388, 39399715209056, 7668
39399793805996, 39399793813704, 7708
39399805375808, 39399805383440, 7632
39399900913856, 39399900921612, 7756
39399940226672, 39399940233412, 6740
39400053667988, 39400053675968, 7980
39400118098176, 39400118106152, 7976
39400129690076, 39400129697816, 7740
39400158579292, 39400158586008, 6716
39400181737320, 39400181744992, 7672
39400183929484, 39400183937300, 7816
39400204981244, 39400204988884, 7640
39400283586628, 39400283594788, 8160
39400304634876, 39400304642112, 7236
39400306826312, 39400306833700, 7388
39400402379612, 39400402387332, 7720
39400480987100, 39400480994812, 7712
39400504151192, 39400504158688, 7496
39400591259660, 39400591267672, 8012
39400611614984, 39400611622216, 7232
39400642704808, 39400642711568, 6760
39400644893144, 39400644900684, 7540
39400665946120, 39400665953668, 7548
39400675174540, 39400675180884, 6344
39400677364556, 39400677372236, 7680
39400716683408, 39400716691124, 7716
39400737036080, 39400737043656, 7576
39400765937628, 39400765945540, 7912
39400800650172, 39400800657948, 7776
39400809912584, 39400809920232, 7648
39400905465456, 39400905473040, 7584
39400914699580, 39400914707048, 7468
39400916890764, 39400916898412, 7648
39401001677488, 39401001685152, 7664
39401030559792, 39401030567384, 7592
39401039812164, 39401039818480, 6316
39401125146724, 39401125154712, 7988
39401164438684, 39401164446392, 7708
39401173694808, 39401173702604, 7796
39401185294028, 39401185301352, 7324
39401280279728, 39401280287516, 7788
39401408841164, 39401408849132, 7968
39401420432972, 39401420440436, 7464
39401459723408, 39401459731100, 7692
39401480117360, 39401480125124, 7764
39401489348976, 39401489355428, 6452
39401509715312, 39401509722744, 7432
39401515721008, 39401515728636, 7628
39401527298364, 39401527305964, 7600
39401536649948, 39401536656496, 6548
39401559815580, 39401559822796, 7216
39401688359040, 39401688367164, 8124
39401690550652, 39401690558020, 7368
39401699802624, 39401699810472, 7848
39401720835628, 39401720842240, 6612
39401723025604, 39401723033056, 7452
39401751921364, 39401751929008, 7644
39401761176392, 39401761184004, 7612
39401823321908, 39401823329612, 7704
39401832561908, 39401832569268, 7360
39401844152040, 39401844158452, 6412
39401853399596, 39401853407148, 7552
39401882280844, 39401882288416, 7572
39401903333364, 39401903340568, 7204
39401909341016, 39401909348836, 7820
39401920932108, 39401920939824, 7716
39401930167396, 39401930173752, 6356
39401951227708, 39401951234200, 6492
39401960457664, 39401960465140, 7476
39401972045284, 39401972051556, 6272
39401981294108, 39401981301472, 7364
39402010179364, 39402010186044, 6680
39402021766096, 39402021773568, 7472
39402023976988, 39402023985028, 8040
39402103156780, 39402103165080, 8300
39402112407740, 39402112415488, 7748
39402133452628, 39402133459336, 6708
39402142702028, 39402142709688, 7660
39402144893316, 39402144900896, 7580
39402272863664, 39402272871576, 7912
39402307593324, 39402307601412, 8088
39402317399596, 39402317407188, 7592
39402414244068, 39402414251568, 7500
39402420252668, 39402420260308, 7640
39402431844996, 39402431852604, 7608
39402441078636, 39402441086292, 7656
39402461440712, 39402461448388, 7676
39402490321776, 39402490328416, 6640
39402612951696, 39402612959256, 7560
39402622199352, 39402622205716, 6364
39402662927908, 39402662936152, 8244
39383155930076, 39383155942008, 11932
39383177766232, 39383177774960, 8728
39383200931296, 39383200939796, 8500
39383221983780, 39383221992016, 8236
39383250851860, 39383250858780, 6920
39383273994072, 39383274001868, 7796
39383280000372, 39383280008212, 7840
39383282191276, 39383282197960, 6684
39383311060420, 39383311068344, 7924
39383396368776, 39383396377184, 8408
39383417412768, 39383417421060, 8292
39383426642840, 39383426650624, 7784
39383428831800, 39383428839496, 7696
39383457715040, 39383457721880, 6840
39383478733764, 39383478740548, 6784
39383480923044, 39383480930540, 7496
39383490174516, 39383490182804, 8288
39383618788448, 39383618796516, 8068
39383620978708, 39383620986504, 7796
39383630212532, 39383630220508, 7976
39383727064936, 39383727072772, 7836
39383748095832, 39383748103996, 8164
39383787415624, 39383787423988, 8364
39383872718588, 39383872726476, 7888
39383881958316, 39383881966564, 8248
39383893543240, 39383893550876, 7636
39383895732068, 39383895738648, 6580
39383904981596, 39383904989368, 7772
39383944292188, 39383944300240, 8052
39383955856588, 39383955864696, 8108
39383984750128, 39383984757892, 7764
39384025436232, 39384025444172, 7940
39384034684160, 39384034691924, 7764
39384046268016, 39384046275752, 7736
39384048461612, 39384048469532, 7920
39384176736068, 39384176744488, 8420
39384197781268, 39384197788200, 6932
39384325510096, 39384325517732, 7636
39384346542776, 39384346550684, 7908
39384356368980, 39384356377116, 8136
39384367953304, 39384367960888, 7584
39384370143012, 39384370150520, 7508
39384498108696, 39384498116572, 7876
39384509695864, 39384509703280, 7416
39384511887028, 39384511894884, 7856
39384532943892, 39384532950828, 6936
39384556084604, 39384556091804, 7200
39384558274684, 39384558282396, 7712
39384567520300, 39384567528360, 8060
39384695788468, 39384695796468, 8000
39384716151388, 39384716158140, 6752
39384843865692, 39384843873940, 8248
39384867564888, 39384867573044, 8156
39384876820304, 39384876827972, 7668
39384897176336, 39384897184324, 7988
39384899370052, 39384899377716, 7664
39384928263388, 39384928270152, 6764
39384930453640, 39384930461368, 7728
39384994311696, 39384994319852, 8156
39385005897160, 39385005905064, 7904
39385100856976, 39385100865244, 8268
39385223479544, 39385223488312, 8768
39385310013296, 39385310021428, 8132
39385504272088, 39385504280520, 8432
39385599317956, 39385599325776, 7820
39385601510128, 39385601517708, 7580
39385688607916, 39385688616008, 8092
39385700199164, 39385700206980, 7816
39385729070188, 39385729078072, 7884
39385735077952, 39385735086172, 8220
39385756123452, 39385756131072, 7620
39385765355276, 39385765362956, 7680
39385860870748, 39385860878720, 7972
39385870119384, 39385870127248, 7864
39385910806360, 39385910814032, 7672
39385920057200, 39385920065048, 7848
39385931639048, 39385931646752, 7704
39385933830120, 39385933837912, 7792
39385954853696, 39385954861868, 8172
39385964102312, 39385964110288, 7976
39386060945912, 39386060954020, 8108
39386179387640, 39386179395712, 8072
39386287261068, 39386287269296, 8228
39386310415340, 39386310423860, 8520
39386319649004, 39386319657208, 8204
39386340697500, 39386340705164, 7664
39386342890044, 39386342898076, 8032
39386382755580, 39386382763340, 7760
39386388764536, 39386388772520, 7984
39386483701492, 39386483709492, 8000
39386547552004, 39386547560288, 8284
39386632861756, 39386632870320, 8564
39386638867676, 39386638876044, 8368
39386702695440, 39386702703720, 8280
39386725851184, 39386725858920, 7736
39386812374524, 39386812382660, 8136
39386914626672, 39386914634660, 7988
39387003346256, 39387003354200, 7944
39387098289268, 39387098297232, 7964
39387119903716, 39387119911968, 8252
39387129151040, 39387129157760, 6720
39387224117012, 39387224124908, 7896
39387226316400, 39387226324216, 7816
39387237889120, 39387237897084, 7964
39387322639532, 39387322647452, 7920
39387420031220, 39387420039324, 8104
39387422227112, 39387422234844, 7732
39387461510552, 39387461518304, 7752
39387481877324, 39387481884996, 7672
39387510744680, 39387510752408, 7728
39387531802068, 39387531810004, 7936
39387629332144, 39387629340268, 8124
39387640909208, 39387640915800, 6592
39387737768752, 39387737776576, 7824
39387747021136, 39387747027884, 6748
39387843867760, 39387843875900, 8140
39387846061356, 39387846068956, 7600
39387869788984, 39387869796664, 7680
39387879039780, 39387879047584, 7804
39387907920760, 39387907927736, 6976
39387917172260, 39387917180036, 7776
39387928757836, 39387928764344, 6508
39387937996128, 39387938004144, 8016
39387999039344, 39387999047152, 7808
39388027920032, 39388027927740, 7708
39388062655000, 39388062663576, 8576
39388148015336, 39388148023508, 8172
39388159582792, 39388159589340, 6548
39388244355296, 39388244363100, 7804
39388262821664, 39388262829808, 8144
39388265016088, 39388265024052, 7964
39388393554572, 39388393562912, 8340
39388478305356, 39388478313084, 7728
39388496785868, 39388496794160, 8292
39388591758756, 39388591766768, 8012
39388593951700, 39388593959364, 7664
39388633826220, 39388633833796, 7576
39388728800228, 39388728807856, 7628
39388730997036, 39388731004892, 7856
39388812392496, 39388812401056, 8560
39388841267384, 39388841275260, 7876
39388853417428, 39388853425324, 7896
39388938179672, 39388938187640, 7968
39388977474376, 39388977481492, 7116
39389062256428, 39389062264344, 7916
39389073851168, 39389073858612, 7444
39389076043932, 39389076051492, 7560
39389077649756, 39389077656804, 7048
39389089226316, 39389089233272, 6956
39389093667880, 39389093675520, 7640
39389191070672, 39389191079200, 8528
39389230396900, 39389230403844, 6944
39389236401516, 39389236409208, 7692
39389245652160, 39389245659880, 7720
39389257239628, 39389257247672, 8044
39389259210056, 39389259216740, 6684
39389268448984, 39389268457044, 8060
39389269191312, 39389269199228, 7916
39389289559916, 39389289566968, 7052
39389298788672, 39389298796556, 7884
39389310379448, 39389310387160, 7712
39389311086036, 39389311092436, 6400
39389320319696, 39389320326312, 6616
39389340685372, 39389340692136, 6764
39389350491568, 39389350499204, 7636
39389468407196, 39389468415408, 8212
39389477661168, 39389477667932, 6764
39389516985288, 39389516993220, 7932
39389612636160, 39389612644336, 8176
39389673672604, 39389673680284, 7680
39389760216896, 39389760224728, 7832
39389769453852, 39389769461820, 7968
39389854788964, 39389854797492, 8528
39389875849076, 39389875857108, 8032
39389970297960, 39389970306056, 8096
39389972492052, 39389972500144, 8092
39390069377340, 39390069385740, 8400
39390078614116, 39390078622064, 7948
39390206899404, 39390206907544, 8140
39390285499100, 39390285507008, 7908
39390294758816, 39390294766424, 7608
39390296680996, 39390296687512, 6516
39390305938200, 39390305944768, 6568
39390325089488, 39390325096316, 6828
39390334323156, 39390334331180, 8024
39390413515648, 39390413523556, 7908
39390434567984, 39390434576148, 8164
39390524198672, 39390524207392, 8720
39390564902256, 39390564909360, 7104
39390660441032, 39390660449332, 8300
39390689317968, 39390689325880, 7912
39390775888348, 39390775896396, 8048
39390861186172, 39390861194644, 8472
39390863399144, 39390863407320, 8176
39390927273908, 39390927280984, 7076
39390929466340, 39390929474020, 7680
39390938707848, 39390938715820, 7972
39391035557892, 39391035565744, 7852
39391044793988, 39391044802200, 8212
39391106406076, 39391106414144, 8068
39391112412300, 39391112420376, 8076
39391176282996, 39391176290992, 7996
39391178480268, 39391178488032, 7764
39391257108540, 39391257116928, 8388
39391342424988, 39391342433268, 8280
39391381722768, 39391381730888, 8120
39391387731564, 39391387738040, 6476
39391427045920, 39391427054524, 8604
39391523924392, 39391523932348, 7956
39391533159032, 39391533166876, 7844
39391562148576, 39391562156560, 7984
39391571380864, 39391571388924, 8060
39391573591520, 39391573599448, 7928
39391702073052, 39391702081268, 8216
39391704268980, 39391704276696, 7716
39391765301964, 39391765310380, 8416
39391850595528, 39391850603672, 8144
39391871644860, 39391871651816, 6956
39391956384112, 39391956391432, 7320
39391977424444, 39391977432100, 7656
39392055997488, 39392056005420, 7932
39392077053472, 39392077061532, 8060
39392164105172, 39392164113252, 8080
39392173358048, 39392173365892, 7844
39392175545384, 39392175552992, 7608
39392196595916, 39392196602724, 6808
39392205826224, 39392205833808, 7584
39392211833688, 39392211840316, 6628
39392214021760, 39392214029348, 7588
39392253331968, 39392253340000, 8032
39392338647068, 39392338655304, 8236
39392377958876, 39392377965920, 7044
39392462691588, 39392462699580, 7992
39392471942880, 39392471950544, 7664
39392512627708, 39392512636000, 8292
39392610017980, 39392610026208, 8228
39392631068420, 39392631076084, 7664
39392637074472, 39392637082656, 8184
39392676370628, 39392676378712, 8084
39392762900172, 39392762907936, 7764
39392823918176, 39392823926740, 8564
39392833167084, 39392833174880, 7796
39392835908956, 39392835916740, 7784
39392930873136, 39392930881076, 7940
39393009456816, 39393009464616, 7800
39393018703860, 39393018711664, 7804
39393047574104, 39393047582020, 7916
39393129505432, 39393129513444, 8012
39393214256300, 39393214264348, 8048
39393216449644, 39393216457200, 7556
39393245317372, 39393245325252, 7880
39393340825496, 39393340833536, 8040
39393343016724, 39393343024864, 8140
39393406896928, 39393406904700, 7772
39393467936424, 39393467944516, 8092
39393477188044, 39393477195628, 7584
39393479381336, 39393479389044, 7708
39393518677288, 39393518685368, 8080
39393547661080, 39393547668688, 7608
39393556909696, 39393556916192, 6496
39393559103024, 39393559110972, 7948
39393580140632, 39393580148576, 7944
39393708685888, 39393708694164, 8276
39393749371700, 39393749378560, 6860
39393877927888, 39393877935864, 7976
39393883933008, 39393883940592, 7584
39393904295820, 39393904303792, 7972
39393943585300, 39393943593008, 7708
39393952832784, 39393952840596, 7812
39393981699856, 39393981707380, 7524
39393983907280, 39393983915124, 7844
39394068672236, 39394068680356, 8120
39394166078956, 39394166086944, 7988
39394244688004, 39394244696016, 8012
39394246878352, 39394246885824, 7472
39394256126152, 39394256133900, 7748
39394277169688, 39394277176400, 6712
39394286401412, 39394286408868, 7456
39394292411608, 39394292419912, 8304
39394356850844, 39394356859116, 8272
39394385744632, 39394385751380, 6748
39394449609616, 39394449617376, 7760
39394544607916, 39394544616000, 8084
39394553838024, 39394553845720, 7696
39394574881184, 39394574888800, 7616
39394604335848, 39394604344268, 8420
39394689079980, 39394689087856, 7876
39394752949548, 39394752957288, 7740
39394755137080, 39394755144740, 7660
39394794451340, 39394794459604, 8264
39394856044844, 39394856053056, 8212
39394942587044, 39394942595004, 7960
39394971500456, 39394971508604, 8148
39395100026132, 39395100034300, 8168
39395139348172, 39395139356144, 7972
39395148583956, 39395148591848, 7892
39395150773160, 39395150779516, 6356
39395278766608, 39395278774336, 7728
39395299113392, 39395299120928, 7536
39395308351828, 39395308358532, 6704
39395436901808, 39395436910180, 8372
39395465778716, 39395465786284, 7568
39395506493604, 39395506501840, 8236
39395527516060, 39395527522660, 6600
39395547969828, 39395547977520, 7692
39395553994920, 39395554002520, 7600
39395556185292, 39395556191848, 6556
39395577208172, 39395577215804, 7632
39395606658920, 39395606667144, 8224
39395703503868, 39395703511772, 7904
39395705712100, 39395705719812, 7712
39395726746208, 39395726753984, 7776
39395755632840, 39395755639520, 6680
39395757823116, 39395757829600, 6484
39395778849408, 39395778856844, 7436
39395860792404, 39395860800792, 8388
39395947323372, 39395947331268, 7896
39395986614828, 39395986622740, 7912
39395998199200, 39395998207176, 7976
39396007444416, 39396007452144, 7728
39396036322772, 39396036331040, 8268
39396100741872, 39396100749764, 7892
39396102932388, 39396102939868, 7480
39396142222892, 39396142230744, 7852
39396176959164, 39396176967168, 8004
39396271891076, 39396271898836, 7760
39396300775896, 39396300782800, 6904
39396396289436, 39396396297752, 8316
39396405515628, 39396405523644, 8016
39396502358264, 39396502366328, 8064
39396511592120, 39396511599908, 7788
39396513796812, 39396513803296, 6484
39396523024112, 39396523031780, 7668
39396551906964, 39396551913648, 6684
39396554095536, 39396554103284, 7748
39396563324940, 39396563332412, 7472
39396574917544, 39396574924056, 6512
39396584718284, 39396584725880, 7596
39396605759836, 39396605767964, 8128
39396692273840, 39396692281768, 7928
39396701520568, 39396701528152, 7584
39396703711952, 39396703719552, 7600
39396724734972, 39396724743040, 8068
39396785763632, 39396785770528, 6896
39396872856676, 39396872864584, 7908
39396882087212, 39396882095116, 7904
39396893665740, 39396893673316, 7576
39396895857264, 39396895864848, 7584
39396916902184, 39396916908800, 6616
39396919090480, 39396919098148, 7668
39397014038756, 39397014046844, 8088
39397042926392, 39397042934688, 8296
39397066065508, 39397066072164, 6656
39397095509808, 39397095517496, 7688
39397104764244, 39397104771964, 7720
39397189502720, 39397189510464, 7744
39397201083040, 39397201090520, 7480
39397297913368, 39397297921108, 7740
39397309475264, 39397309482980, 7716
39397404964932, 39397404973296, 8364
39397433844152, 39397433851840, 7688
39397443076788, 39397443084652, 7864
39397445267228, 39397445273616, 6388
39397454507960, 39397454514600, 6640
39397504415312, 39397504422992, 7680
39397510414752, 39397510422816, 8064
39397639000572, 39397639008640, 8068
39397641189160, 39397641196692, 7532
39397737974088, 39397737982048, 7960
39397747213908, 39397747221912, 8004
39397811038584, 39397811046760, 8176
39397820264604, 39397820272300, 7696
39397832407496, 39397832414312, 6816
39397896237636, 39397896245528, 7892
39397935519812, 39397935527604, 7792
39397944772112, 39397944779492, 7380
39397956351304, 39397956358020, 6716
39397965579112, 39397965585524, 6412
39397977155216, 39397977162572, 7356
39398074525648, 39398074533708, 8060
39398103381516, 39398103389140, 7624
39398114964660, 39398114972048, 7388
39398117155880, 39398117163348, 7468
39398126407532, 39398126415604, 8072
39398146748340, 39398146754996, 6656
39398155984840, 39398155991556, 6716
39398216978108, 39398216985804, 7696
39398226223760, 39398226231720, 7960
39398247248728, 39398247256792, 8064
39398258829984, 39398258837752, 7768
39398268072112, 39398268079928, 7816
39398353359948, 39398353367692, 7744
39398355549820, 39398355557616, 7796
39398473411944, 39398473420016, 8072
39398482647928, 39398482655704, 7776
39398543664300, 39398543672376, 8076
39398583517928, 39398583525696, 7768
39398585707972, 39398585714324, 6352
39398625003044, 39398625010692, 7648
39398648131156, 39398648139088, 7932
39398744936884, 39398744945144, 8260
39398768069792, 39398768077564, 7772
39398770278116, 39398770285768, 7652
39398791301956, 39398791309980, 8024
39398855713492, 39398855721448, 7956
39398867296932, 39398867304740, 7808
39398964119972, 39398964127960, 7988
39398987262600, 39398987270224, 7624
39398989454744, 39398989462184, 7440
39399010496416, 39399010504504, 8088
39399074901064, 39399074908940, 7876
39399114229712, 39399114237616, 7904
39399135253240, 39399135261208, 7968
39399144507220, 39399144514876, 7656
39399225874752, 39399225882684, 7932
39399265184656, 39399265192692, 8036
39399276748652, 39399276755928, 7276
39399305639912, 39399305647752, 7840
39399401145440, 39399401153156, 7716
39399430012628, 39399430020644, 8016
39399624342876, 39399624351108, 8232
39399626536228, 39399626544384, 8156
39399705163728, 39399705171588, 7860
39399707355784, 39399707363560, 7776
39399728401388, 39399728409332, 7944
39399739992888, 39399740000536, 7648
39399768864496, 39399768872368, 7872
39399778112848, 39399778120864, 8016
39399789678072, 39399789684588, 6516
39399798933220, 39399798940708, 7488
39399801124072, 39399801131960, 7888
39399840998400, 39399841006460, 8060
39399968729844, 39399968737984, 8140
39400097278600, 39400097286824, 8224
39400118307440, 39400118315544, 8104
39400127561476, 39400127569128, 7652
39400129754732, 39400129762624, 7892
39400193624088, 39400193631848, 7760
39400205209820, 39400205216396, 6576
39400269074216, 39400269081952, 7736
39400280661968, 39400280669308, 7340
39400282852484, 39400282860664, 8180
39400324102828, 39400324110584, 7756
39400353006704, 39400353014844, 8140
39400362236024, 39400362243948, 7924
39400426107712, 39400426115564, 7852
39400435357468, 39400435364864, 7396
39400437547696, 39400437553924, 6228
39400446791920, 39400446799680, 7760
39400531556600, 39400531564188, 7588
39400560456140, 39400560463904, 7764
39400655997320, 39400656005360, 8040
39400665232468, 39400665240392, 7924
39400688390044, 39400688398352, 8308
39400816945720, 39400816954020, 8300
39400837997400, 39400838004408, 7008
39400965974560, 39400965982864, 8304
39401094270572, 39401094278888, 8316
39401103523800, 39401103531652, 7852
39401200365240, 39401200373296, 8056
39401211950560, 39401211958276, 7716
39401214144016, 39401214151764, 7748
39401223398960, 39401223405520, 6560
39401234990444, 39401234998208, 7764
39401240997520, 39401241005652, 8132
39401328072672, 39401328080780, 8108
39401356978664, 39401356986496, 7832
39401366233592, 39401366240280, 6688
39401372236004, 39401372242348, 6344
39401381469796, 39401381477520, 7724
39401466251824, 39401466259712, 7888
39401477843336, 39401477851052, 7716
39401606217924, 39401606226440, 8516
39401690977552, 39401690985612, 8060
39401785960172, 39401785968128, 7956
39401797548984, 39401797556892, 7908
39401807332844, 39401807339516, 6672
39401819479104, 39401819487124, 8020
39401821669592, 39401821676312, 6720
39401916678640, 39401916686452, 7812
39401945559392, 39401945567084, 7692
39401957149064, 39401957157380, 8316
39401996447408, 39401996457428, 10020
39402083572132, 39402083580072, 7940
39402168337548, 39402168344540, 6992
39402254870480, 39402254878708, 8228
39402257062200, 39402257069780, 7580
39402336235416, 39402336243420, 8004
39402347824568, 39402347832380, 7812
39402368856944, 39402368865016, 8072
39402496575856, 39402496583844, 7988
39402505826252, 39402505833464, 7212
39402570252572, 39402570260548, 7976
39382595254816, 39382595262940, 8124
39382641154716, 39382641166384, 11668
39382680423864, 39382680431840, 7976
39382691026804, 39382691033976, 7172
39382730301812, 39382730310092, 8280
39382934323816, 39382934332012, 8196
39383020852588, 39383020860648, 8060
39383041203244, 39383041211328, 8084
39383126506108, 39383126514040, 7932
39383132515436, 39383132523608, 8172
39383153544876, 39383153553016, 8140
39383165139480, 39383165146596, 7116
39383253867872, 39383253876180, 8308
39383348812316, 39383348820300, 7984
39383369733268, 39383369740032, 6764
39383456238924, 39383456246700, 7776
39383557951948, 39383557960232, 8284
39383586938396, 39383586946236, 7840
39383608533408, 39383608541736, 8328
39383800093200, 39383800101324, 8124
39383811678704, 39383811686376, 7672
39383813868868, 39383813876568, 7700
39383834908944, 39383834915464, 6520
39383858623428, 39383858630076, 6648
39383879650960, 39383879658636, 7676
39383908537740, 39383908545120, 7380
39383920124528, 39383920132464, 7936
39383926133072, 39383926140928, 7856
39383935359856, 39383935367800, 7944
39384063336052, 39384063343704, 7652
39384074919512, 39384074927488, 7976
39384172325360, 39384172332980, 7620
39384181579552, 39384181587212, 7660
39384201930716, 39384201938336, 7620
39384280527736, 39384280535624, 7888
39384289776576, 39384289784336, 7760
39384318645460, 39384318652940, 7480
39384324654116, 39384324661576, 7460
39384326846648, 39384326854336, 7688
39384336094740, 39384336102512, 7772
39384375962300, 39384375970116, 7816
39384470933204, 39384470940708, 7504
39384473124752, 39384473132372, 7620
39384484705636, 39384484713452, 7816
39384513572936, 39384513580568, 7632
39384522823380, 39384522831084, 7704
39384620204372, 39384620212100, 7728
39384649096556, 39384649104316, 7760
39384660678224, 39384660686100, 7876
39384669908164, 39384669915836, 7672
39384756448032, 39384756455544, 7512
39384785319784, 39384785327624, 7840
39384796907796, 39384796915628, 7832
39384817957624, 39384817965536, 7912
39384903244724, 39384903252380, 7656
39384921734964, 39384921742612, 7648
39384942755392, 39384942761960, 6568
39384952001948, 39384952009768, 7820
39385033352496, 39385033360408, 7912
39385042600468, 39385042608072, 7604
39385129698032, 39385129705920, 7888
39385131889736, 39385131897304, 7568
39385150359992, 39385150368192, 8200
39385214215448, 39385214223068, 7620
39385223471628, 39385223478416, 6788
39385287332032, 39385287339896, 7864
39385372634748, 39385372642672, 7924
39385436497488, 39385436505264, 7776
39385465378240, 39385465385916, 7676
39385467569008, 39385467576668, 7660
39385476818360, 39385476826284, 7924
39385578624308, 39385578632144, 7836
39385599648860, 39385599656752, 7892
39385727895596, 39385727903504, 7908
39385730085240, 39385730093064, 7824
39385739313944, 39385739321808, 7864
39385750898228, 39385750905988, 7760
39385779781180, 39385779787836, 6656
39385791341704, 39385791349536, 7832
39385878420204, 39385878427944, 7740
39385880612064, 39385880619660, 7596
39385889859160, 39385889867108, 7948
39385901444988, 39385901452888, 7900
39385940726892, 39385940734748, 7856
39386022089944, 39386022097948, 8004
39386024282080, 39386024289608, 7528
39386033526528, 39386033532980, 6452
39386053872032, 39386053878668, 6636
39386063117800, 39386063124308, 6508
39386165357796, 39386165365196, 7400
39386194220396, 39386194227764, 7368
39386196412088, 39386196419908, 7820
39386235714140, 39386235721576, 7436
39386258863200, 39386258870776, 7576
39386268092020, 39386268099968, 7948
39386289140716, 39386289148152, 7436
39386291330420, 39386291337996, 7576
39386330630080, 39386330637488, 7408
39386342214444, 39386342222320, 7876
39386351998056, 39386352005620, 7564
39386380888296, 39386380895052, 6756
39386390129488, 39386390137364, 7876
39386411157876, 39386411166004, 8128
39386474994780, 39386475002468, 7688
39386486578452, 39386486586056, 7604
39386495809508, 39386495815980, 6472
39386507387732, 39386507395336, 7604
39386528427156, 39386528434944, 7788
39386567728524, 39386567735252, 6728
39386588747872, 39386588755608, 7736
39386711339408, 39386711347396, 7988
39386720574784, 39386720582460, 7676
39386722765808, 39386722773664, 7856
39386786609004, 39386786616880, 7876
39386871890496, 39386871898140, 7644
39386883474236, 39386883481904, 7668
39386889477852, 39386889484216, 6364
39386974200604, 39386974208280, 7676
39386995239004, 39386995246696, 7692
39387006821564, 39387006828208, 6644
39387091538232, 39387091546044, 7812
39387103676948, 39387103684416, 7468
39387105869420, 39387105875868, 6448
39387117451268, 39387117458232, 6964
39387202186636, 39387202194208, 7572
39387211414784, 39387211422404, 7620
39387232454876, 39387232461436, 6560
39387241685256, 39387241693144, 7888
39387253273420, 39387253280276, 6856
39387274316020, 39387274323588, 7568
39387361365768, 39387361373404, 7636
39387370615124, 39387370622944, 7820
39387372810428, 39387372818292, 7864
39387393858300, 39387393866176, 7876
39387521785360, 39387521793232, 7872
39387523978212, 39387523985816, 7604
39387533213236, 39387533221164, 7928
39387597189960, 39387597197556, 7596
39387599937504, 39387599943984, 6480
39387663775856, 39387663782580, 6724
39387665966116, 39387665973696, 7580
39387671970368, 39387671978284, 7916
39387683552420, 39387683560048, 7628
39387712421620, 39387712429512, 7892
39387797162716, 39387797170408, 7692
39387808745892, 39387808753884, 7992
39387848593244, 39387848601096, 7852
39387857829376, 39387857836052, 6676
39387897128780, 39387897136160, 7380
39387899319712, 39387899327380, 7668
39387910905856, 39387910912512, 6656
39387950194240, 39387950201936, 7696
39387959442068, 39387959449760, 7692
39387971023852, 39387971030640, 6788
39387980276776, 39387980284116, 7340
39387982471136, 39387982478748, 7612
39388110964668, 39388110972804, 8136
39388150264304, 39388150271988, 7684
39388159497012, 39388159503736, 6724
39388198799412, 39388198807180, 7768
39388262633864, 39388262641692, 7828
39388283681108, 39388283687924, 6816
39388348060736, 39388348068284, 7548
39388387344504, 39388387352192, 7688
39388398913152, 39388398920452, 7300
39388401104948, 39388401112516, 7568
39388429994536, 39388430002164, 7628
39388439245988, 39388439253764, 7776
39388450817484, 39388450824996, 7512
39388456824240, 39388456832176, 7936
39388535411680, 39388535419748, 8068
39388544641316, 39388544648776, 7460
39388546833260, 39388546839692, 6432
39388586139984, 39388586148236, 8252
39388668040528, 39388668048552, 8024
39388677293372, 39388677300356, 6984
39388717967032, 39388717974904, 7872
39388727217500, 39388727225372, 7872
39388738805540, 39388738813356, 7816
39388740445088, 39388740451688, 6600
39388749678268, 39388749686156, 7888
39388847058304, 39388847066372, 8068
39388856309692, 39388856316380, 6688
39388953111432, 39388953119472, 8040
39388979885596, 39388979893216, 7620
39389108382528, 39389108390780, 8252
39389110579328, 39389110587048, 7720
39389122166820, 39389122173368, 6548
39389250111704, 39389250119312, 7608
39389252304464, 39389252312488, 8024
39389273346312, 39389273353812, 7500
39389284915776, 39389284923320, 7544
39389371991440, 39389371999340, 7900
39389383575736, 39389383583368, 7632
39389447424232, 39389447432060, 7828
39389456655568, 39389456662948, 7380
39389462658988, 39389462666756, 7768
39389474250548, 39389474258648, 8100
39389503139256, 39389503147244, 7988
39389505332144, 39389505339884, 7740
39389526363912, 39389526371964, 8052
39389565766040, 39389565773284, 7244
39389586820108, 39389586827948, 7840
39389598964628, 39389598972516, 7888
39389601158168, 39389601164748, 6580
39389604329760, 39389604336744, 6984
39389615897720, 39389615905524, 7804
39389679752084, 39389679759748, 7664
39389691338644, 39389691346068, 7424
39389693530772, 39389693538252, 7480
39389718697980, 39389718705548, 7568
39389724708032, 39389724715064, 7032
39389726900444, 39389726908048, 7604
39389766207692, 39389766215520, 7828
39389863585620, 39389863593844, 8224
39389991511216, 39389991518848, 7632
39389997518500, 39389997526624, 8124
39390082266688, 39390082274612, 7924
39390111711148, 39390111718940, 7792
39390113904048, 39390113911628, 7580
39390210723332, 39390210731232, 7900
39390212934168, 39390212940968, 6800
39390309769044, 39390309776824, 7780
39390405271704, 39390405279648, 7944
39390414525792, 39390414533136, 7344
39390420531728, 39390420539672, 7944
39390420992056, 39390420998216, 6160
39390426370496, 39390426377352, 6856
39390435600420, 39390435607832, 7412
39390474906244, 39390474914252, 8008
39390495939376, 39390495947312, 7936
39390516309392, 39390516317220, 7828
39390525535800, 39390525543508, 7708
39390527733944, 39390527741912, 7968
39390613052700, 39390613060596, 7896
39390615247672, 39390615255232, 7560
39390624495856, 39390624503532, 7676
39390752463764, 39390752472136, 8372
39390833841440, 39390833849392, 7952
39390931221788, 39390931229768, 7980
39390960088000, 39390960095824, 7824
39390962285784, 39390962292924, 7140
39390968290112, 39390968297956, 7844
39391007598120, 39391007605612, 7492
39391016829180, 39391016837212, 8032
39391102148552, 39391102156444, 7892
39391123187460, 39391123195056, 7596
39391125382044, 39391125389880, 7836
39391164694676, 39391164702352, 7676
39391193569500, 39391193577656, 8156
39391257431816, 39391257439572, 7756
39391266689168, 39391266696904, 7736
39391353758120, 39391353765924, 7804
39391374807016, 39391374814680, 7664
39391376998888, 39391377006496, 7608
39391405876592, 39391405884404, 7812
39391415126124, 39391415134088, 7964
39391543104400, 39391543112024, 7624
39391545298144, 39391545305532, 7388
39391551398468, 39391551406288, 7820
39391653654400, 39391653662600, 8200
39391662883876, 39391662892096, 8220
39391726725324, 39391726733132, 7808
39391747771416, 39391747779308, 7892
39391787043932, 39391787050700, 6768
39391808085472, 39391808092636, 7164
39391814089120, 39391814096848, 7728
39391823343112, 39391823350940, 7828
39391844241460, 39391844248176, 6716
39391862706820, 39391862714580, 7760
39391949228240, 39391949236188, 7948
39392071259188, 39392071267036, 7848
39392135644168, 39392135651960, 7792
39392196665944, 39392196673804, 7860
39392324594384, 39392324602152, 7768
39392386176668, 39392386184752, 8084
39392450023152, 39392450030752, 7600
39392470374956, 39392470382716, 7760
39392556859092, 39392556866712, 7620
39392659128520, 39392659136312, 7792
39392787030668, 39392787038392, 7724
39392796260780, 39392796268632, 7852
39392817303880, 39392817310712, 6832
39392945777648, 39392945785392, 7744
39392973477104, 39392973485216, 8112
39393070304104, 39393070311788, 7684
39393157358416, 39393157366144, 7728
39393159552220, 39393159559876, 7656
39393168792688, 39393168800808, 8120
39393247352144, 39393247360084, 7940
39393256594976, 39393256601576, 6600
39393343666116, 39393343673664, 7548
39393440464472, 39393440472088, 7616
39393469348852, 39393469356452, 7600
39393489693728, 39393489701356, 7628
39393510731300, 39393510737900, 6600
39393531087424, 39393531095412, 7988
39393626698512, 39393626706384, 7872
39393647724500, 39393647732140, 7640
39393676609692, 39393676617396, 7704
39393685839976, 39393685847848, 7872
39393688029832, 39393688036268, 6436
39393709073456, 39393709081196, 7740
39393718303992, 39393718310556, 6564
39393747182308, 39393747189008, 6700
39393768213480, 39393768221076, 7596
39393777461580, 39393777468860, 7280
39393779652724, 39393779660576, 7852
39393875173752, 39393875181452, 7700
39393896220676, 39393896228500, 7824
39393960073224, 39393960080916, 7692
39394000752148, 39394000759940, 7792
39394021800316, 39394021807844, 7528
39394027807160, 39394027814900, 7740
39394046277272, 39394046285468, 8196
39394086149884, 39394086157532, 7648
39394106494556, 39394106502540, 7984
39394115740952, 39394115749208, 8256
39394200489008, 39394200496544, 7536
39394209735032, 39394209742704, 7672
39394238606320, 39394238614136, 7816
39394258954256, 39394258961844, 7588
39394346033956, 39394346041596, 7640
39394430799472, 39394430806968, 7496
39394432991208, 39394432998824, 7616
39394454019624, 39394454027392, 7768
39394463268280, 39394463274864, 6584
39394549785980, 39394549793460, 7480
39394551977288, 39394551984856, 7568
39394649372608, 39394649380204, 7596
39394651563612, 39394651571132, 7520
39394660817604, 39394660824356, 6752
39394757636808, 39394757644424, 7616
39394778675668, 39394778682160, 6492
39394876047700, 39394876055508, 7808
39394896401712, 39394896409468, 7756
39394917427100, 39394917434840, 7740
39394919635772, 39394919643192, 7420
39394938100400, 39394938108180, 7780
39395001953124, 39395001960812, 7688
39395011185900, 39395011193716, 7816
39395040076084, 39395040082800, 6716
39395058547636, 39395058555532, 7896
39395145623108, 39395145630700, 7592
39395165970508, 39395165978000, 7492
39395175217276, 39395175223724, 6448
39395256568916, 39395256575708, 6792
39395343660692, 39395343668336, 7644
39395384346312, 39395384353876, 7564
39395405394484, 39395405402120, 7636
39395411403040, 39395411410984, 7944
39395475258932, 39395475266560, 7628
39395484506820, 39395484514388, 7568
39395486696320, 39395486702708, 6388
39395550652912, 39395550660268, 7356
39395632599344, 39395632607292, 7948
39395671907304, 39395671915596, 8292
39395766835548, 39395766843316, 7768
39395895307796, 39395895315892, 8096
39395959154124, 39395959161888, 7764
39395968380460, 39395968388288, 7828
39395979955836, 39395979962272, 6436
39395989204728, 39395989212208, 7480
39395991399044, 39395991406780, 7736
39396030673316, 39396030680820, 7504
39396039918584, 39396039925992, 7408
39396126972048, 39396126980024, 7976
39396147997784, 39396148005200, 7416
39396150190984, 39396150198952, 7968
39396228760148, 39396228767820, 7672
39396230951724, 39396230958252, 6528
39396317421728, 39396317429248, 7520
39396326674664, 39396326682280, 7616
39396329417056, 39396329424440, 7384
39396335417096, 39396335425076, 7980
39396374713160, 39396374720820, 7660
39396386292284, 39396386300112, 7828
39396395515736, 39396395522308, 6572
39396418675284, 39396418681964, 6680
39396505157792, 39396505165420, 7628
39396633628024, 39396633635952, 7928
39396730424200, 39396730432084, 7884
39396769737468, 39396769745504, 8036
39396855011240, 39396855018932, 7692
39396857203620, 39396857211336, 7716
39396863210760, 39396863218340, 7580
39396874768336, 39396874775936, 7600
39396903659320, 39396903666984, 7664
39396922125760, 39396922133804, 8044
39397050036804, 39397050044600, 7796
39397059278552, 39397059286568, 8016
39397154772236, 39397154780364, 8128
39397218620928, 39397218628520, 7592
39397347108824, 39397347117016, 8192
39397356354840, 39397356362416, 7576
39397358545816, 39397358553828, 8012
39397379571640, 39397379579756, 8116
39397391152776, 39397391159416, 6640
39397400396640, 39397400404412, 7772
39397481756376, 39397481764044, 7668
39397493321200, 39397493328856, 7656
39397502570060, 39397502577472, 7412
39397504761236, 39397504767724, 6488
39397523223320, 39397523231416, 8096
39397544376896, 39397544384536, 7640
39397555957152, 39397555965144, 7992
39397651428608, 39397651436200, 7592
39397660652140, 39397660659656, 7516
39397683802096, 39397683809784, 7688
39397768518288, 39397768525984, 7696
39397886942328, 39397886950384, 8056
39397921645448, 39397921653616, 8168
39397950523092, 39397950530756, 7664
39397971541088, 39397971548892, 7804
39397973730528, 39397973738352, 7824
39398101986448, 39398101994272, 7824
39398122334140, 39398122340692, 6552
39398186172192, 39398186179940, 7748
39398197751520, 39398197758048, 6528
39398261610428, 39398261617840, 7412
39398273173656, 39398273181664, 8008
39398279182188, 39398279189968, 7780
39398366253208, 39398366260932, 7724
39398377834856, 39398377842560, 7704
39398462556068, 39398462563620, 7552
39398491435260, 39398491443112, 7852
39398530717140, 39398530725124, 7984
39398536717464, 39398536723904, 6440
39398565598384, 39398565606340, 7956
39398629996896, 39398630004448, 7552
39398632188084, 39398632196264, 8180
39398671483152, 39398671489816, 6664
39398673672860, 39398673680828, 7968
39398801604392, 39398801612164, 7772
39398813187788, 39398813195788, 8000
39398834787232, 39398834793976, 6744
39398846368156, 39398846376208, 8052
39398931117180, 39398931125680, 8500
39399026085372, 39399026093248, 7876
39399037666624, 39399037674612, 7988
39399046903752, 39399046911208, 7456
39399049094800, 39399049102176, 7376
39399055096176, 39399055102776, 6600
39399064340340, 39399064348236, 7896
39399093781156, 39399093787764, 6608
39399095972216, 39399095980108, 7892
39399289594108, 39399289601820, 7712
39399298826824, 39399298834200, 7376
39399304827772, 39399304834292, 6520
39399314076992, 39399314084780, 7788
39399326220968, 39399326228228, 7260
39399328411632, 39399328419172, 7540
39399357299408, 39399357307196, 7788
39399378321832, 39399378328500, 6668
39399380511704, 39399380519424, 7720
39399389758884, 39399389766520, 7636
39399401346900, 39399401353376, 6476
39399422369200, 39399422375772, 6572
39399424557644, 39399424565304, 7660
39399509300428, 39399509307976, 7548
39399518541564, 39399518549548, 7984
39399539664952, 39399539671836, 6884
39399624982184, 39399624990108, 7924
39399752680416, 39399752688232, 7816
39399773707436, 39399773715280, 7844
39399835306364, 39399835314144, 7780
39399841312164, 39399841318676, 6512
39399882006216, 39399882014056, 7840
39399966742896, 39399966750600, 7704
39399975992368, 39399976000260, 7892
39400073396688, 39400073404288, 7600
39400082625336, 39400082632868, 7532
39400105784580, 39400105792908, 8328
39400233761188, 39400233769124, 7936
39400319084912, 39400319092432, 7520
39400328314184, 39400328321868, 7684
39400348684344, 39400348691888, 7544
39400369710780, 39400369717476, 6696
39400471410928, 39400471419084, 8156
39400492470992, 39400492478756, 7764
39400531758548, 39400531766364, 7816
39400541016004, 39400541023816, 7812
39400552605316, 39400552613348, 8032
39400681123308, 39400681131116, 7808
39400767676700, 39400767684244, 7544
39400788706420, 39400788714184, 7764
39400818148872, 39400818156556, 7684
39400829734080, 39400829741580, 7500
39400831925376, 39400831932888, 7512
39400841159580, 39400841166088, 6508
39400852742804, 39400852750416, 7612
39400858741604, 39400858748068, 6464
39400887639036, 39400887646628, 7592
39400966243548, 39400966251496, 7948
39400975495540, 39400975502160, 6620
39401014787680, 39401014795180, 7500
39401055498188, 39401055506096, 7908
39401142610300, 39401142618352, 8052
39401154178600, 39401154186448, 7848
39401238934580, 39401238942140, 7560
39401248169424, 39401248177096, 7672
39401288861128, 39401288868916, 7788
39401309891744, 39401309899668, 7924
39401405423980, 39401405431856, 7876
39401426473872, 39401426481512, 7640
39401438058216, 39401438065592, 7376
39401440249924, 39401440256508, 6584
39401535285136, 39401535292928, 7792
39401596875808, 39401596883620, 7812
39401606125780, 39401606133740, 7960
39401617714712, 39401617722912, 8200
39401681577808, 39401681585440, 7632
39401704718884, 39401704726964, 8080
39401713965036, 39401713971796, 6760
39401725544824, 39401725551576, 6752
39401734774480, 39401734782148, 7668
39401820628200, 39401820635888, 7688
39401841672548, 39401841679608, 7060
39401926425656, 39401926433056, 7400
39401938012800, 39401938020764, 7964
39402032975084, 39402032982704, 7620
39402135237628, 39402135246248, 8620
39402199099996, 39402199107576, 7580
39402208351380, 39402208359312, 7932
39402317300308, 39402317308468, 8160
39402346197492, 39402346205240, 7748
39402348390188, 39402348398332, 8144
39402387698376, 39402387705312, 6936
39402389887348, 39402389895108, 7760
39402399118680, 39402399126836, 8156
39402410706500, 39402410714412, 7912
39402431748108, 39402431755744, 7636
39402528564160, 39402528572008, 7848
39402534568208, 39402534576100, 7892
39402619886684, 39402619894884, 8200
