38635892674656, 38635892685432, 10776
38636026378010, 38636026414092, 36082
38636190024416, 38636190027692, 3276
38636353606436, 38636353611436, 5000
38636517221250, 38636517248736, 27486
38636680851120, 38636680854324, 3204
38636844413960, 38636844416944, 2984
38637008078152, 38637008090376, 12224
38637036009840, 38637036012780, 2940
38637063945496, 38637063948380, 2884
38637091828592, 38637091831544, 2952
38637119759436, 38637119762348, 2912
38637147694128, 38637147697224, 3096
38637175627428, 38637175630320, 2892
38637203561608, 38637203564496, 2888
38637231495712, 38637231498568, 2856
38637259427424, 38637259430336, 2912
38637287361868, 38637287364772, 2904
38637315235168, 38637315238068, 2900
38637343169192, 38637343172060, 2868
38637371102132, 38637371105020, 2888
38637399035708, 38637399038840, 3132
38637426970664, 38637426973548, 2884
38637454902532, 38637454905436, 2904
38637482907476, 38637482910376, 2900
38637510770904, 38637510773812, 2908
38637538705976, 38637538708884, 2908
38637566636740, 38637566639648, 2908
38637594571776, 38637594574676, 2900
38637622572492, 38637622575404, 2912
38637650506748, 38637650509912, 3164
38637678372940, 38637678375804, 2864
38637706303476, 38637706306484, 3008
38637734237584, 38637734240564, 2980
38637762169532, 38637762172528, 2996
38637790175372, 38637790178464, 3092
38637818060704, 38637818065690, 4986
38637845970180, 38637845973144, 2964
38637873903148, 38637873906128, 2980
38637901838324, 38637901841560, 3236
38637929773768, 38637929776788, 3020
38637957756968, 38637957759908, 2940
38637985711656, 38637985714580, 2924
38638013574012, 38638013576952, 2940
38638041508032, 38638041510956, 2924
38638069440716, 38638069443648, 2932
38638097373496, 38638097376448, 2952
38638125377012, 38638125379956, 2944
38638983315068, 38638983325536, 10468
38641425332952, 38641425336080, 3128
38641589011924, 38641589023372, 11448
38641616945144, 38641616948220, 3076
38641644875752, 38641644878996, 3244
38641672795364, 38641672798272, 2908
38641700729044, 38641700731992, 2948
38641728662528, 38641728665456, 2928
38641756594436, 38641756597340, 2904
38641784528056, 38641784531000, 2944
38641812439630, 38641812466796, 27166
38641840396520, 38641840399440, 2920
38641868326408, 38641868329344, 2936
38641896263536, 38641896266660, 3124
38641924199124, 38641924202044, 2920
38641952131372, 38641952134280, 2908
38641980065796, 38641980068796, 3000
38642007995900, 38642007998820, 2920
38642035930784, 38642035933684, 2900
38642063862480, 38642063865428, 2948
38642091800164, 38642091803080, 2916
38642119732472, 38642119735680, 3208
38642147666252, 38642147669364, 3112
38642175601384, 38642175604288, 2904
38642203531632, 38642203534568, 2936
38642231441544, 38642231469032, 27488
38642259403640, 38642259406552, 2912
38642287332412, 38642287335356, 2944
38642315264224, 38642315267180, 2956
38642343198336, 38642343201280, 2944
38642371131924, 38642371134816, 2892
38642399069544, 38642399072700, 3156
38642426999548, 38642427002456, 2908
38642454936464, 38642454939384, 2920
38642482868396, 38642482871312, 2916
38642510802676, 38642510805584, 2908
38642538732272, 38642538735184, 2912
38642566644904, 38642566672948, 28044
38642594599528, 38642594602448, 2920
38642622533384, 38642622536320, 2936
38642650467636, 38642650470792, 3156
38642678403328, 38642678406308, 2980
38642706335176, 38642706338104, 2928
38642734268624, 38642734271516, 2892
38642762202716, 38642762205640, 2924
38642790136092, 38642790139012, 2920
38642818071128, 38642818074200, 3072
38642846002296, 38642846005196, 2900
38642873935788, 38642873938712, 2924
38642901871052, 38642901874164, 3112
38642929803392, 38642929806332, 2940
38642957737040, 38642957739940, 2900
38642985620740, 38642985623728, 2988
38643013555748, 38643013558668, 2920
38643041488060, 38643041491048, 2988
38643069422344, 38643069425292, 2948
38643097356264, 38643097359256, 2992
38643125288116, 38643125291048, 2932
38643153223892, 38643153226804, 2912
38643181156192, 38643181159096, 2904
38643209089088, 38643209092028, 2940
38643237023444, 38643237026376, 2932
38643264955668, 38643264958544, 2876
38643292824312, 38643292827248, 2936
38643320764724, 38643320767712, 2988
38643348697364, 38643348700268, 2904
38643376632788, 38643376635756, 2968
38643404563728, 38643404566604, 2876
38643432497788, 38643432500720, 2932
38643460431480, 38643460434420, 2940
38643488364656, 38643488367532, 2876
38643516298724, 38643516301684, 2960
38643544231092, 38643544234020, 2928
38643572165944, 38643572168856, 2912
38643600098476, 38643600101424, 2948
38643628033488, 38643628036436, 2948
38643655965656, 38643655968580, 2924
38643683898980, 38643683901880, 2900
38643711832956, 38643711835844, 2888
38643739765796, 38643739768704, 2908
38643767699904, 38643767702816, 2912
38643795633844, 38643795636804, 2960
38643823566484, 38643823569424, 2940
38643851501780, 38643851504668, 2888
38643879999904, 38643880002932, 3028
38643907367932, 38643907370864, 2932
38643935301168, 38643935304080, 2912
38643963234212, 38643963237152, 2940
38643991168420, 38643991171316, 2896
38644019102348, 38644019105236, 2888
38644047037460, 38644047040376, 2916
38644074969528, 38644074972456, 2928
38644102902540, 38644102905452, 2912
38644130837804, 38644130841032, 3228
38644158769512, 38644158772420, 2908
38644186702804, 38644186705708, 2904
38644214638040, 38644214641488, 3448
38644242569188, 38644242572100, 2912
38644270503792, 38644270506708, 2916
38644298437152, 38644298440044, 2892
38644326370960, 38644326373876, 2916
38644354303636, 38644354306500, 2864
38644382237672, 38644382240820, 3148
38644410170496, 38644410173428, 2932
38644438104572, 38644438107436, 2864
38644466038448, 38644466041312, 2864
38644493971364, 38644493974276, 2912
38644521904928, 38644521907852, 2924
38644549839140, 38644549842076, 2936
38644577772404, 38644577775336, 2932
38644605705112, 38644605707980, 2868
38644633640028, 38644633643152, 3124
38644661571308, 38644661574196, 2888
38644689506112, 38644689509064, 2952
38644717440368, 38644717443300, 2932
38644745373964, 38644745376872, 2908
38644773307344, 38644773310300, 2956
38644801239904, 38644801242804, 2900
38644829174252, 38644829177160, 2908
38644857108136, 38644857111032, 2896
38644885041492, 38644885044648, 3156
38644912975772, 38644912979332, 3560
38644940910788, 38644940913784, 2996
38644968844128, 38644968846976, 2848
38644996775084, 38644996778048, 2964
38645024709712, 38645024712620, 2908
38645052642464, 38645052645384, 2920
38645080575016, 38645080577864, 2848
38645108509528, 38645108512472, 2944
38645136444220, 38645136447304, 3084
38645164376044, 38645164378928, 2884
38645192309892, 38645192312852, 2960
38645220234188, 38645220236556, 2368
38645248177444, 38645248180348, 2904
38645276110624, 38645276113512, 2888
38645303984648, 38645303987592, 2944
38645331910872, 38645331913056, 2184
38645359850112, 38645359853032, 2920
38645387785948, 38645387789124, 3176
38645415718172, 38645415721092, 2920
38645443651196, 38645443654100, 2904
38645471586796, 38645471589736, 2940
38645499517592, 38645499520500, 2908
38645527452636, 38645527455532, 2896
38645555385880, 38645555388788, 2908
38645583319884, 38645583322816, 2932
38645611254872, 38645611258228, 3356
38645639186856, 38645639189920, 3064
38645667119660, 38645667122696, 3036
38645695051548, 38645695054508, 2960
38645722995968, 38645722999028, 3060
38645750925764, 38645750928796, 3032
38645778857588, 38645778860684, 3096
38645806790860, 38645806793828, 2968
38645834725104, 38645834728148, 3044
38645862658912, 38645862661932, 3020
38645890597580, 38645890600736, 3156
38645918524652, 38645918527808, 3156
38645946459192, 38645946462192, 3000
38645974393932, 38645974396988, 3056
38646002325600, 38646002328608, 3008
38646030259556, 38646030262544, 2988
38646058191312, 38646058194316, 3004
38646086126700, 38646086129836, 3136
38646114060584, 38646114063568, 2984
38646141997800, 38646142000972, 3172
38646169928040, 38646169931088, 3048
38646197855772, 38646197858848, 3076
38646225791420, 38646225794404, 2984
38646253727036, 38646253730064, 3028
38646281661660, 38646281664672, 3012
38646309595424, 38646309598472, 3048
38646337527612, 38646337530616, 3004
38646365461364, 38646365464380, 3016
38646393398964, 38646393402088, 3124
38646421329056, 38646421332028, 2972
38646449262472, 38646449265448, 2976
38646477194932, 38646477197984, 3052
38646505128624, 38646505131656, 3032
38646533061884, 38646533064912, 3028
38646560995516, 38646560998524, 3008
38646588933532, 38646588936616, 3084
38646616862792, 38646616865792, 3000
38646644797540, 38646644800556, 3016
38646672730832, 38646672733848, 3016
38646700663756, 38646700666928, 3172
38646728598468, 38646728601500, 3032
38646756529708, 38646756532848, 3140
38646784465276, 38646784468296, 3020
38646812398028, 38646812401060, 3032
38646840331588, 38646840334724, 3136
38646868265552, 38646868268648, 3096
38646896197456, 38646896200560, 3104
38646924133068, 38646924136164, 3096
38646952084784, 38646952113748, 28964
38646980065036, 38646980068012, 2976
38647007926604, 38647007929636, 3032
38647035859080, 38647035862072, 2992
38647063793712, 38647063796724, 3012
38647091727940, 38647091730940, 3000
38647119722544, 38647119725548, 3004
38647147665228, 38647147668240, 3012
38647175526948, 38647175529940, 2992
38647203461816, 38647203464828, 3012
38647231395092, 38647231398092, 3000
38647259329028, 38647259332016, 2988
38647287268092, 38647287271116, 3024
38648959239616, 38648959299868, 60252
38653695798390, 38653695826092, 27702
38653859397676, 38653859402964, 5288
38654022992992, 38654022995932, 2940
38654186675440, 38654186686988, 11548
38654214605832, 38654214608888, 3056
38654242496396, 38654242535500, 39104
38654270428970, 38654270458520, 29550
38654298384148, 38654298387156, 3008
38654326295990, 38654326324104, 28114
38654354253016, 38654354256072, 3056
38654382162250, 38654382167304, 5054
38654410095944, 38654410125172, 29228
38654438050852, 38654438053864, 3012
38654465964024, 38654465991604, 27580
38654493921412, 38654493924464, 3052
38654521853628, 38654521856768, 3140
38654549764596, 38654549792492, 27896
38654577719176, 38654577722192, 3016
38654605659532, 38654605662620, 3088
38654633589464, 38654633592556, 3092
38654661522844, 38654661525888, 3044
38654689434376, 38654689462384, 28008
38654717386640, 38654717389664, 3024
38654745299256, 38654745304316, 5060
38654773255292, 38654773258300, 3008
38654801166290, 38654801193960, 27670
38654829120160, 38654829123200, 3040
38654857021690, 38654857026904, 5214
38654884991840, 38654884994940, 3100
38654912924412, 38654912927520, 3108
38654940858552, 38654940861624, 3072
38654968741788, 38654968744804, 3016
38654996674276, 38654996677304, 3028
38655024607724, 38655024610712, 2988
38655052542384, 38655052545432, 3048
38655080476024, 38655080479092, 3068
38655108404408, 38655108407460, 3052
38655136341568, 38655136344636, 3068
38655164275792, 38655164278788, 2996
38655192209716, 38655192212724, 3008
38655220142864, 38655220145900, 3036
38655248077828, 38655248080976, 3148
38655275950188, 38655275953260, 3072
38655303884040, 38655303887108, 3068
38655331818696, 38655331821744, 3048
38655359752560, 38655359755784, 3224
38655387685680, 38655387689224, 3544
38655415616944, 38655415619960, 3016
38655443551788, 38655443554828, 3040
38655471484952, 38655471487996, 3044
38655499418676, 38655499421704, 3028
38655527353356, 38655527356300, 2944
38655555279140, 38655555281508, 2368
38655583211400, 38655583213652, 2252
38655611154240, 38655611157428, 3188
38655639085884, 38655639088872, 2988
38655667019336, 38655667022352, 3016
38655694953320, 38655694956340, 3020
38655722886544, 38655722889568, 3024
38655750821076, 38655750824060, 2984
38655778753912, 38655778756904, 2992
38655806687808, 38655806690804, 2996
38655834619768, 38655834622780, 3012
38637089842204, 38637089855604, 13400
38637335218104, 38637335272680, 54576
38637498843928, 38637498847388, 3460
38637662457900, 38637662461380, 3480
38637826041964, 38637826070316, 28352
38637989627436, 38637989630740, 3304
38638153293672, 38638153304724, 11052
38638181201124, 38638181251172, 50048
38638209129370, 38638209157840, 28470
38638237064364, 38638237093636, 29272
38638265023200, 38638265026140, 2940
38638292956900, 38638292959928, 3028
38638320861030, 38638320866250, 5220
38638348824920, 38638348828184, 3264
38638376724736, 38638376730044, 5308
38638404668944, 38638404696316, 27372
38638432599076, 38638432627360, 28284
38638460559248, 38638460562180, 2932
38638488493744, 38638488496872, 3128
38638516400710, 38638516429608, 28898
38638544359552, 38638544362492, 2940
38638572294132, 38638572297356, 3224
38638600225484, 38638600228756, 3272
38638628135224, 38638628163640, 28416
38638656094344, 38638656097640, 3296
38638684026160, 38638684029724, 3564
38638711957604, 38638711960576, 2972
38638739861070, 38638739866304, 5234
38638767825352, 38638767828584, 3232
38638795730936, 38638795736076, 5140
38638823694664, 38638823697704, 3040
38638851603604, 38638851631440, 27836
38638879561348, 38638879564344, 2996
38638907472090, 38638907499688, 27598
38638935403836, 38638935432168, 28332
38638963362716, 38638963366100, 3384
38638991245968, 38638991249040, 3072
38639019177884, 38639019180924, 3040
38639047119476, 38639047122508, 3032
38639075051776, 38639075054784, 3008
38639102980696, 38639102983876, 3180
38639130917484, 38639130920552, 3068
38639158854564, 38639158857724, 3160
38639186787828, 38639186791096, 3268
38639214711408, 38639214714432, 3024
38639242651108, 38639242654144, 3036
38639270583292, 38639270586300, 3008
38639298686312, 38639298689568, 3256
38639326390988, 38639326394332, 3344
38639354323748, 38639354327228, 3480
38639382258660, 38639382262296, 3636
38639410196732, 38639410200056, 3324
38639438125192, 38639438128464, 3272
38639466061240, 38639466064308, 3068
38639493991812, 38639493994932, 3120
38639521925892, 38639521929344, 3452
38639549857144, 38639549860300, 3156
38639577792756, 38639577796176, 3420
38639605729820, 38639605732932, 3112
38639633654268, 38639633657304, 3036
38639661593488, 38639661596632, 3144
38639689527124, 38639689530316, 3192
38639717461004, 38639717464344, 3340
38639745394412, 38639745397708, 3296
38639773325888, 38639773328908, 3020
38639801261876, 38639801265056, 3180
38639829194568, 38639829197712, 3144
38639857128828, 38639857131824, 2996
38639885063728, 38639885066932, 3204
38639912994268, 38639912997696, 3428
38639940929492, 38639940932948, 3456
38639968862340, 38639968865656, 3316
38639996796448, 38639996799452, 3004
38640024729700, 38640024732760, 3060
38640052658396, 38640052661400, 3004
38640080596668, 38640080599712, 3044
38640108533088, 38640108536188, 3100
38640136464052, 38640136467100, 3048
38640164397232, 38640164400272, 3040
38640192329760, 38640192333056, 3296
38640220263648, 38640220267036, 3388
38640248196820, 38640248199960, 3140
38640276131068, 38640276134084, 3016
38640304069512, 38640304072628, 3116
38640331997996, 38640332001424, 3428
38640359931108, 38640359934100, 2992
38640388371576, 38640388374812, 3236
38640415799548, 38640415802816, 3268
38640443732116, 38640443735508, 3392
38640471659012, 38640471662180, 3168
38640499598984, 38640499602144, 3160
38640527532184, 38640527535388, 3204
38640555468168, 38640555471204, 3036
38640583401000, 38640583404188, 3188
38640611331668, 38640611334860, 3192
38640639272140, 38640639275596, 3456
38640667200692, 38640667204112, 3420
38640695134700, 38640695137748, 3048
38640723067620, 38640723070680, 3060
38640750999340, 38640751002620, 3280
38640778933572, 38640778936716, 3144
38640806873324, 38640806876320, 2996
38640834802428, 38640834805724, 3296
38640862735340, 38640862738524, 3184
38640890667640, 38640890670908, 3268
38640918602104, 38640918605432, 3328
38640946534672, 38640946537884, 3212
38640974465308, 38640974468496, 3188
38641002405832, 38641002408924, 3092
38641030335712, 38641030338984, 3272
38641058271224, 38641058274528, 3304
38641086204868, 38641086207972, 3104
38641114134332, 38641114137412, 3080
38641142075476, 38641142078788, 3312
38641170004016, 38641170007112, 3096
38641197939140, 38641197942320, 3180
38641225871456, 38641225874672, 3216
38641253804836, 38641253807976, 3140
38641281738892, 38641281742212, 3320
38641309604808, 38641309607884, 3076
38641337545524, 38641337548696, 3172
38641365478636, 38641365481704, 3068
38641393418776, 38641393422096, 3320
38641421367076, 38641421413044, 45968
38641449271860, 38641449275008, 3148
38641477209636, 38641477212636, 3000
38641505141108, 38641505144200, 3092
38641533073404, 38641533076420, 3016
38641561056352, 38641561059584, 3232
38642969675816, 38642969716592, 40776
38646988000770, 38646988029092, 28322
38647151585048, 38647151588628, 3580
38647315207132, 38647315218312, 11180
38647343093470, 38647343142116, 48646
38647371026130, 38647371613532, 587402
38647398957996, 38647398986964, 28968
38647426892576, 38647426897516, 4940
38647454824584, 38647454853176, 28592
38647482759296, 38647482788364, 29068
38647510693936, 38647510723400, 29464
38647538618410, 38647538623684, 5274
38647566561090, 38647566589624, 28534
38647594485570, 38647594490630, 5060
38647622453688, 38647622456820, 3132
38647650357696, 38647650385716, 28020
38647678294804, 38647678299804, 5000
38647706228576, 38647706257904, 29328
38647734159404, 38647734164596, 5192
38647762098310, 38647762127268, 28958
38647790053116, 38647790056176, 3060
38647817961470, 38647817988504, 27034
38647845888444, 38647845893456, 5012
38647873823356, 38647873852516, 29160
38647901764504, 38647901792112, 27608
38647929696236, 38647929724684, 28448
38647957620464, 38647957625470, 5006
38647985588316, 38647985591304, 2988
38648013491636, 38648013520368, 28732
38648041452616, 38648041455636, 3020
38648069387612, 38648069390708, 3096
38648097318940, 38648097321956, 3016
38648125225884, 38648125255024, 29140
38648153162156, 38648153190356, 28200
38648181125008, 38648181128132, 3124
38648209053872, 38648209056920, 3048
38648236963444, 38648236992712, 29268
38648264899310, 38648264926740, 27430
38648292830916, 38648292859564, 28648
38648320766324, 38648320771336, 5012
38648348699076, 38648348726904, 27828
38648376630004, 38648376658892, 28888
38648404567956, 38648404595464, 27508
38648432493050, 38648432498284, 5234
38648460435176, 38648460440384, 5208
38648488366956, 38648488395104, 28148
38648516301870, 38648516330344, 28474
38648544233936, 38648544239184, 5248
38648572167330, 38648572196248, 28918
38648600123880, 38648600126900, 3020
38648628035184, 38648628065204, 30020
38648655965576, 38648655970790, 5214
38648683900184, 38648683905304, 5120
38648711832536, 38648711860732, 28196
38648739791564, 38648739794560, 2996
38648767703116, 38648767732428, 29312
38648795628136, 38648795633316, 5180
38648823592240, 38648823595252, 3012
38648851495324, 38648851500604, 5280
38648879437750, 38648879443610, 5860
38648907396540, 38648907399600, 3060
38648935326704, 38648935329792, 3088
38648963213844, 38648963217008, 3164
38648991144716, 38648991147844, 3128
38649019077924, 38649019081020, 3096
38649047022668, 38649047025864, 3196
38649074952128, 38649074955372, 3244
38649102884556, 38649102887856, 3300
38649130822284, 38649130825560, 3276
38649158752124, 38649158755144, 3020
38649186689816, 38649186692960, 3144
38649214615156, 38649214618312, 3156
38649242554244, 38649242557248, 3004
38649270482852, 38649270486136, 3284
38649298361012, 38649298364392, 3380
38649326294412, 38649326297552, 3140
38649354227028, 38649354230372, 3344
38649382167212, 38649382170528, 3316
38649410094712, 38649410097772, 3060
38649438027572, 38649438030640, 3068
38649465961252, 38649465964492, 3240
38649493894608, 38649493897628, 3020
38649521828260, 38649521831480, 3220
38649549761320, 38649549764460, 3140
38649577697720, 38649577700968, 3248
38649605629160, 38649605632328, 3168
38649633562984, 38649633566352, 3368
38649661496832, 38649661500072, 3240
38649689424912, 38649689428192, 3280
38649717363364, 38649717366560, 3196
38649745296236, 38649745299308, 3072
38649773230268, 38649773233564, 3296
38649801165628, 38649801169028, 3400
38649829096784, 38649829100008, 3224
38649857030780, 38649857033916, 3136
38649884970620, 38649884973980, 3360
38649912898148, 38649912901188, 3040
38649940832020, 38649940835092, 3072
38649968764212, 38649968767424, 3212
38649996698312, 38649996701600, 3288
38650024631960, 38650024635076, 3116
38650052558752, 38650052561932, 3180
38650080501888, 38650080505100, 3212
38650108428388, 38650108431464, 3076
38650136367004, 38650136370004, 3000
38650164300408, 38650164303580, 3172
38650192232768, 38650192235768, 3000
38650220167140, 38650220170332, 3192
38650248099144, 38650248102208, 3064
38650276034144, 38650276037152, 3008
38650303970612, 38650303973668, 3056
38650331901512, 38650331904700, 3188
38650359835020, 38650359838368, 3348
38650387766100, 38650387769148, 3048
38650415701780, 38650415704964, 3184
38650443634844, 38650443638064, 3220
38650471562328, 38650471565608, 3280
38650499502416, 38650499505580, 3164
38650527429692, 38650527432832, 3140
38650555368644, 38650555371804, 3160
38650583305348, 38650583308548, 3200
38650611235768, 38650611238912, 3144
38650639169572, 38650639172592, 3020
38650667103168, 38650667106284, 3116
38650695038684, 38650695041860, 3176
38650722970100, 38650722973132, 3032
38650750903752, 38650750906924, 3172
38650778840632, 38650778843788, 3156
38650806769492, 38650806772620, 3128
38650834705372, 38650834708420, 3048
38650862638552, 38650862641776, 3224
38650890566832, 38650890570128, 3296
38650918505664, 38650918508920, 3256
38650946434384, 38650946437444, 3060
38650974373448, 38650974376612, 3164
38651002305604, 38651002308796, 3192
38651030238964, 38651030242040, 3076
38651058174416, 38651058177620, 3204
38651086105224, 38651086108244, 3020
38651114046080, 38651114049208, 3128
38651141972084, 38651141975468, 3384
38651169907796, 38651169910880, 3084
38651197839608, 38651197843180, 3572
38651225771236, 38651225774312, 3076
38651253706648, 38651253709704, 3056
38651281583736, 38651281586908, 3172
38651309509320, 38651309512436, 3116
38651337449716, 38651337452924, 3208
38651365382172, 38651365385448, 3276
38651393315804, 38651393319176, 3372
38651421249440, 38651421252808, 3368
38651449182548, 38651449185772, 3224
38651477120748, 38651477123816, 3068
38651505048808, 38651505051928, 3120
38651532981824, 38651532985164, 3340
38651560916076, 38651560919184, 3108
38651588851588, 38651588854812, 3224
38651616781912, 38651616785340, 3428
38651644714244, 38651644717304, 3060
38651672650872, 38651672654260, 3388
38651700584052, 38651700587176, 3124
38651728512232, 38651728515440, 3208
38651756451436, 38651756454544, 3108
38651784381944, 38651784385280, 3336
38651812317636, 38651812321000, 3364
38651840251968, 38651840255496, 3528
38651868190300, 38651868193628, 3328
38651896118112, 38651896121536, 3424
38651924051504, 38651924054616, 3112
38651951985080, 38651951988128, 3048
38651979921672, 38651979924988, 3316
38652007851784, 38652007854840, 3056
38652035785784, 38652035788840, 3056
38652063724404, 38652063727420, 3016
38652091652904, 38652091655948, 3044
38652119591136, 38652119594336, 3200
38652147515316, 38652147518512, 3196
38652175457440, 38652175460512, 3072
38652203384900, 38652203387988, 3088
38652231319944, 38652231323028, 3084
38652259254068, 38652259257332, 3264
38652287186660, 38652287189732, 3072
38652315121688, 38652315124768, 3080
38652343054732, 38652343057896, 3164
38652370993816, 38652370997072, 3256
38652398922412, 38652398925584, 3172
38652426855836, 38652426859204, 3368
38652454789276, 38652454792492, 3216
38652482720760, 38652482724196, 3436
38652510655540, 38652510658620, 3080
38652538589056, 38652538592396, 3340
38652566518284, 38652566521504, 3220
38652594457904, 38652594461128, 3224
38652622392744, 38652622395964, 3220
38652650322920, 38652650326000, 3080
38652678260452, 38652678263924, 3472
38652706189920, 38652706193020, 3100
38652734124004, 38652734127344, 3340
38652762056400, 38652762059644, 3244
38652789991416, 38652789994788, 3372
38652817925016, 38652817928180, 3164
38652845858452, 38652845861540, 3088
38652873796496, 38652873799680, 3184
38652901723924, 38652901727004, 3080
38652929660264, 38652929663684, 3420
38652957593596, 38652957597000, 3404
38652985521736, 38652985524900, 3164
38653013460256, 38653013463544, 3288
38653041390400, 38653041393508, 3108
38653069325680, 38653069329016, 3336
38653097259936, 38653097263188, 3252
38653125199456, 38653125202924, 3468
38653153128220, 38653153131456, 3236
38653181060160, 38653181063500, 3340
38653208993988, 38653208997188, 3200
38653236928448, 38653236931760, 3312
38653264860792, 38653264864000, 3208
38653292735876, 38653292739120, 3244
38653320666440, 38653320669616, 3176
38653348597784, 38653348601124, 3340
38653376540644, 38653376543936, 3292
38653404465892, 38653404469108, 3216
38653432401676, 38653432404760, 3084
38653460334552, 38653460337916, 3364
38653488269020, 38653488272088, 3068
38653516202804, 38653516206128, 3324
38653544135608, 38653544139096, 3488
38653572073388, 38653572076704, 3316
38653600003356, 38653600006684, 3328
38653627936728, 38653627939812, 3084
38653655871468, 38653655874580, 3112
38653683868220, 38653683871576, 3356
38653711733024, 38653711736228, 3204
38653739664744, 38653739667816, 3072
38653767598652, 38653767601752, 3100
38653795532812, 38653795535940, 3128
38653823483016, 38653823488076, 5060
38653851428556, 38653851473352, 44796
38653879330476, 38653879333524, 3048
38653907267044, 38653907270040, 2996
38653935199564, 38653935202824, 3260
38653963134368, 38653963137392, 3024
38653991093144, 38653991098544, 5400
38654019024310, 38654019071356, 47046
38654046933796, 38654046936784, 2988
38654074867860, 38654074871004, 3144
38654102801720, 38654102804824, 3104
38654130735272, 38654130738556, 3284
38654158693304, 38654158742176, 48872
38654940826570, 38654940863672, 37102
