38631869611576, 38631869618876, 7300
38631875652460, 38631875661512, 9052
38635892671364, 38635892674364, 3000
38636026370904, 38636026377684, 6780
38636190017624, 38636190024200, 6576
38636353595644, 38636353605964, 10320
38636517210476, 38636517220810, 10334
38636680817024, 38636680850820, 33796
38636844407580, 38636844413744, 6164
38637008045524, 38637008077888, 32364
38637035980050, 38637036009624, 29574
38637063913990, 38637063945100, 31110
38637091823864, 38637091828324, 4460
38637119755044, 38637119759220, 4176
38637147689800, 38637147693912, 4112
38637175623076, 38637175627216, 4140
38637203557336, 38637203561404, 4068
38637231491356, 38637231495496, 4140
38637259423172, 38637259427208, 4036
38637287357652, 38637287361652, 4000
38637315230868, 38637315234904, 4036
38637343164832, 38637343168880, 4048
38637371097760, 38637371101808, 4048
38637399031224, 38637399035404, 4180
38637426966180, 38637426970396, 4216
38637454898248, 38637454902260, 4012
38637482903160, 38637482907256, 4096
38637510766596, 38637510770688, 4092
38637538701448, 38637538705528, 4080
38637566632532, 38637566636520, 3988
38637594567500, 38637594571572, 4072
38637622525730, 38637622572284, 46554
38637650459510, 38637650506348, 46838
38637678370992, 38637678372552, 1560
38637706296436, 38637706303268, 6832
38637734230644, 38637734237100, 6456
38637762162664, 38637762169312, 6648
38637790119284, 38637790175156, 55872
38637818049210, 38637818060076, 10866
38637845963420, 38637845969692, 6272
38637873896000, 38637873902928, 6928
38637901831600, 38637901838112, 6512
38637929768716, 38637929773436, 4720
38637957725576, 38637957756760, 31184
38637985707372, 38637985711440, 4068
38638013569568, 38638013573796, 4228
38638041503592, 38638041507824, 4232
38638069436400, 38638069440508, 4108
38638097369288, 38638097373260, 3972
38638125327436, 38638125376512, 49076
38638983285624, 38638983314856, 29232
38639104071380, 38639104077472, 6092
38639225284008, 38639225287772, 3764
38639346000404, 38639346003656, 3252
38639467207208, 38639467210904, 3696
38639587858140, 38639587861864, 3724
38639709055592, 38639709058692, 3100
38639829709560, 38639829713164, 3604
38639950931856, 38639950935324, 3468
38640071574908, 38640071578068, 3160
38640192769952, 38640192773624, 3672
38640313400324, 38640313403756, 3432
38640434605048, 38640434608432, 3384
38640555238016, 38640555240960, 2944
38640676431444, 38640676434808, 3364
38640797091496, 38640797094644, 3148
38640918290576, 38640918293588, 3012
38641038963868, 38641038966960, 3092
38641160168964, 38641160172096, 3132
38641280787644, 38641280791404, 3760
38641425325952, 38641425332760, 6808
38641588960430, 38641589011732, 51302
38641616899324, 38641616944948, 45624
38641644833630, 38641644875560, 41930
38641672766916, 38641672795172, 28256
38641700697236, 38641700728852, 31616
38641728631644, 38641728662336, 30692
38641756590140, 38641756594240, 4100
38641784523848, 38641784527860, 4012
38641812432636, 38641812439304, 6668
38641840367004, 38641840396328, 29324
38641868322148, 38641868326212, 4064
38641896259184, 38641896263340, 4156
38641924167876, 38641924198928, 31052
38641952102684, 38641952131180, 28496
38641980036210, 38641980065600, 29390
38642007991508, 38642007995700, 4192
38642035900944, 38642035930592, 29648
38642063858196, 38642063862284, 4088
38642091769290, 38642091799972, 30682
38642119727656, 38642119732276, 4620
38642147636044, 38642147666060, 30016
38642175569676, 38642175576196, 6520
38642203501764, 38642203531440, 29676
38642231434444, 38642231441216, 6772
38642259374416, 38642259403460, 29044
38642287303150, 38642287332216, 29066
38642315235836, 38642315264032, 28196
38642343169830, 38642343198140, 28310
38642371127572, 38642371131732, 4160
38642399039004, 38642399069352, 30348
38642426995104, 38642426999352, 4248
38642454905770, 38642454936272, 30502
38642482839456, 38642482868216, 28760
38642510771590, 38642510802488, 30898
38642538728052, 38642538732080, 4028
38642566638036, 38642566644590, 6554
38642594595344, 38642594599336, 3992
38642622529148, 38642622533192, 4044
38642650463252, 38642650467448, 4196
38642678373284, 38642678403132, 29848
38642706304484, 38642706334984, 30500
38642734240570, 38642734268432, 27862
38642762173890, 38642762202524, 28634
38642790107030, 38642790135900, 28870
38642818040084, 38642818070932, 30848
38642845972490, 38642846002104, 29614
38642873931528, 38642873935592, 4064
38642901841750, 38642901870860, 29110
38642929799112, 38642929803196, 4084
38642957708430, 38642957736844, 28414
38642985616420, 38642985620544, 4124
38643013551356, 38643013555556, 4200
38643041483796, 38643041487864, 4068
38643069417980, 38643069422148, 4168
38643097351968, 38643097356068, 4100
38643125283820, 38643125287920, 4100
38643153219716, 38643153223700, 3984
38643181151920, 38643181155996, 4076
38643209084772, 38643209088892, 4120
38643237019204, 38643237023248, 4044
38643264951488, 38643264955472, 3984
38643292820052, 38643292824116, 4064
38643320760408, 38643320764528, 4120
38643348693188, 38643348697172, 3984
38643376628360, 38643376632592, 4232
38643404559332, 38643404563532, 4200
38643432493580, 38643432497592, 4012
38643460427216, 38643460431284, 4068
38643488360400, 38643488364464, 4064
38643516293980, 38643516298532, 4552
38643544226916, 38643544230904, 3988
38643572161724, 38643572165752, 4028
38643600094204, 38643600098280, 4076
38643628029204, 38643628033292, 4088
38643655961448, 38643655965464, 4016
38643683894740, 38643683898780, 4040
38643711828744, 38643711832768, 4024
38643739761564, 38643739765600, 4036
38643767695644, 38643767699712, 4068
38643795629644, 38643795633652, 4008
38643823562288, 38643823566292, 4004
38643851497572, 38643851501588, 4016
38643879995304, 38643879999712, 4408
38643907363656, 38643907367728, 4072
38643935297008, 38643935300984, 3976
38643963229912, 38643963234020, 4108
38643991164252, 38643991168228, 3976
38644019098132, 38644019102152, 4020
38644047033196, 38644047037264, 4068
38644074965176, 38644074969336, 4160
38644102898332, 38644102902344, 4012
38644130833360, 38644130837608, 4248
38644158765248, 38644158769320, 4072
38644186698484, 38644186702608, 4124
38644214633228, 38644214637848, 4620
38644242564852, 38644242568992, 4140
38644270499476, 38644270503596, 4120
38644298432944, 38644298436956, 4012
38644326366704, 38644326370764, 4060
38644354299348, 38644354303440, 4092
38644382233284, 38644382237472, 4188
38644410166204, 38644410170300, 4096
38644438100240, 38644438104376, 4136
38644466034204, 38644466038252, 4048
38644493967108, 38644493971168, 4060
38644521900656, 38644521904732, 4076
38644549834916, 38644549838948, 4032
38644577768168, 38644577772212, 4044
38644605700796, 38644605704916, 4120
38644633635720, 38644633639832, 4112
38644661567136, 38644661571116, 3980
38644689501928, 38644689505916, 3988
38644717436116, 38644717440176, 4060
38644745369692, 38644745373768, 4076
38644773302944, 38644773307144, 4200
38644801235700, 38644801239716, 4016
38644829170064, 38644829174060, 3996
38644857103872, 38644857107940, 4068
38644885037248, 38644885041300, 4052
38644912970608, 38644912975260, 4652
38644940905720, 38644940910592, 4872
38644968842296, 38644968843932, 1636
38644996770796, 38644996774892, 4096
38645024705428, 38645024709516, 4088
38645052638144, 38645052642268, 4124
38645080570768, 38645080574820, 4052
38645108505280, 38645108509328, 4048
38645136439844, 38645136444020, 4176
38645164371804, 38645164375852, 4048
38645192305572, 38645192309700, 4128
38645220230440, 38645220233992, 3552
38645248173200, 38645248177244, 4044
38645276106472, 38645276110428, 3956
38645303980400, 38645303984452, 4052
38645331907232, 38645331910692, 3460
38645359845748, 38645359849908, 4160
38645387781564, 38645387785760, 4196
38645415713944, 38645415717976, 4032
38645443647060, 38645443651004, 3944
38645471582236, 38645471586600, 4364
38645499513288, 38645499517396, 4108
38645527448392, 38645527452436, 4044
38645555381680, 38645555385684, 4004
38645583315652, 38645583319688, 4036
38645611249452, 38645611254204, 4752
38645639182424, 38645639186660, 4236
38645667112528, 38645667119468, 6940
38645695044792, 38645695051348, 6556
38645722977976, 38645722995772, 17796
38645750912548, 38645750925572, 13024
38645778844144, 38645778857392, 13248
38645806778228, 38645806790672, 12444
38645834712436, 38645834724916, 12480
38645862645912, 38645862658720, 12808
38645890580088, 38645890597392, 17304
38645918511420, 38645918524456, 13036
38645946446352, 38645946458992, 12640
38645974380888, 38645974393648, 12760
38646002312768, 38646002325408, 12640
38646030246468, 38646030259360, 12892
38646058178460, 38646058191116, 12656
38646086113552, 38646086126504, 12952
38646114047860, 38646114060396, 12536
38646141981412, 38646141997604, 16192
38646169914604, 38646169927844, 13240
38646197846800, 38646197855572, 8772
38646225782208, 38646225791224, 9016
38646253714152, 38646253726844, 12692
38646281648840, 38646281661468, 12628
38646309581876, 38646309595128, 13252
38646337514812, 38646337527420, 12608
38646365448896, 38646365461180, 12284
38646393382292, 38646393398776, 16484
38646421315984, 38646421328860, 12876
38646449249836, 38646449262280, 12444
38646477182160, 38646477194740, 12580
38646505115968, 38646505128428, 12460
38646533049132, 38646533061688, 12556
38646560982764, 38646560995324, 12560
38646588917200, 38646588933296, 16096
38646616849880, 38646616862596, 12716
38646644784744, 38646644797344, 12600
38646672717848, 38646672730636, 12788
38646700651344, 38646700663568, 12224
38646728585332, 38646728598276, 12944
38646756517288, 38646756529516, 12228
38646784452380, 38646784465080, 12700
38646812385132, 38646812397836, 12704
38646840318904, 38646840331396, 12492
38646868252344, 38646868265356, 13012
38646896184892, 38646896197276, 12384
38646924120284, 38646924132872, 12588
38646952073696, 38646952084456, 10760
38646980008636, 38646980064840, 56204
38647007920004, 38647007926408, 6404
38647035852672, 38647035858884, 6212
38647063787260, 38647063793512, 6252
38647091721620, 38647091727744, 6124
38647119674890, 38647119722352, 47462
38647147609164, 38647147665036, 55872
38647175520468, 38647175526748, 6280
38647203455416, 38647203461616, 6200
38647231388580, 38647231394892, 6312
38647259322448, 38647259328840, 6392
38647287218184, 38647287267900, 49716
38648959233744, 38648959239296, 5552
38649079983748, 38649079989204, 5456
38649201178976, 38649201182536, 3560
38649321893844, 38649321897328, 3484
38649443096788, 38649443100344, 3556
38649563763404, 38649563767184, 3780
38649684945820, 38649684949040, 3220
38649805581996, 38649805585520, 3524
38649926772564, 38649926775768, 3204
38650047434360, 38650047437888, 3528
38650168623532, 38650168627200, 3668
38650289252872, 38650289256388, 3516
38650410465504, 38650410469016, 3512
38650531091640, 38650531095152, 3512
38650652304384, 38650652307712, 3328
38650772963120, 38650772966488, 3368
38650894152904, 38650894156472, 3568
38651014811076, 38651014814396, 3320
38651136018176, 38651136021420, 3244
38651256653528, 38651256657288, 3760
38651377975424, 38651377979036, 3612
38651498612956, 38651498616780, 3824
38651619810816, 38651619814404, 3588
38651740483652, 38651740487064, 3412
38651861678224, 38651861681780, 3556
38651982346292, 38651982349868, 3576
38652102999384, 38652103002764, 3380
38652224209832, 38652224213324, 3492
38652344880752, 38652344884556, 3804
38652466657724, 38652466661356, 3632
38652587304756, 38652587308020, 3264
38652708517608, 38652708521132, 3524
38652829168756, 38652829172072, 3316
38652950392580, 38652950395804, 3224
38653071030484, 38653071034368, 3884
38653192239952, 38653192243184, 3232
38653313006760, 38653313009848, 3088
38653434193580, 38653434197384, 3804
38653554820088, 38653554823852, 3764
38653695786264, 38653695798070, 11806
38653859385756, 38653859397350, 11594
38654022986168, 38654022992796, 6628
38654186622936, 38654186675244, 52308
38654214552304, 38654214605636, 53332
38654242485456, 38654242496064, 10608
38654270417884, 38654270428644, 10760
38654298351664, 38654298383956, 32292
38654326285110, 38654326295656, 10546
38654354218564, 38654354252824, 34260
38654382151350, 38654382161924, 10574
38654410084870, 38654410095616, 10746
38654438015950, 38654438050656, 34706
38654465953090, 38654465963696, 10606
38654493886164, 38654493921100, 34936
38654521821230, 38654521853344, 32114
38654549753016, 38654549764084, 11068
38654577685324, 38654577718864, 33540
38654605625724, 38654605659216, 33492
38654633555130, 38654633589092, 33962
38654661488644, 38654661522524, 33880
38654689421796, 38654689433130, 11334
38654717352756, 38654717386436, 33680
38654745288450, 38654745298930, 10480
38654773221316, 38654773255096, 33780
38654801155390, 38654801165970, 10580
38654829086924, 38654829119964, 33040
38654857010230, 38654857021370, 11140
38654884958444, 38654884991640, 33196
38654912889604, 38654912924120, 34516
38654940823210, 38654940858360, 35150
38654968735164, 38654968741592, 6428
38654996667648, 38654996674080, 6432
38655024601192, 38655024607528, 6336
38655052535892, 38655052542196, 6304
38655080469448, 38655080475828, 6380
38655108397516, 38655108404216, 6700
38655136335024, 38655136341372, 6348
38655164269184, 38655164275596, 6412
38655192203116, 38655192209520, 6404
38655220136296, 38655220142664, 6368
38655248071052, 38655248077640, 6588
38655275943612, 38655275949988, 6376
38655303877476, 38655303883852, 6376
38655331812120, 38655331818500, 6380
38655359745584, 38655359752372, 6788
38655387679052, 38655387685480, 6428
38655415610236, 38655415616748, 6512
38655443545264, 38655443551592, 6328
38655471478428, 38655471484764, 6336
38655499412136, 38655499418488, 6352
38655527346796, 38655527353160, 6364
38655555273700, 38655555278948, 5248
38655583206116, 38655583211208, 5092
38655611147172, 38655611154048, 6876
38655639079324, 38655639085692, 6368
38655667012876, 38655667019140, 6264
38655694946824, 38655694953120, 6296
38655722880008, 38655722886344, 6336
38655750814544, 38655750820880, 6336
38655778747484, 38655778753716, 6232
38655806681224, 38655806687616, 6392
38655834613228, 38655834619576, 6348
38637089836910, 38637089841876, 4966
38637210948300, 38637210954436, 6136
38637335205710, 38637335217784, 12074
38637498808636, 38637498843720, 35084
38637662422610, 38637662457704, 35094
38637826029976, 38637826041644, 11668
38637989620328, 38637989627240, 6912
38638153288076, 38638153293476, 5400
38638181193744, 38638181200810, 7066
38638209118836, 38638209129056, 10220
38638237057344, 38638237064050, 6706
38638265018920, 38638265023004, 4084
38638292928064, 38638292956700, 28636
38638320853864, 38638320860704, 6840
38638348794824, 38638348824724, 29900
38638376717310, 38638376724410, 7100
38638404661924, 38638404668616, 6692
38638432591990, 38638432598750, 6760
38638460527970, 38638460559052, 31082
38638488462584, 38638488493552, 30968
38638516393850, 38638516400390, 6540
38638544331244, 38638544359332, 28088
38638572264850, 38638572293948, 29098
38638600195724, 38638600225292, 29568
38638628127930, 38638628134904, 6974
38638656063956, 38638656094152, 30196
38638683996364, 38638684025968, 29604
38638711928244, 38638711957416, 29172
38638739853750, 38638739860756, 7006
38638767821132, 38638767825160, 4028
38638795723796, 38638795730616, 6820
38638823663116, 38638823694472, 31356
38638851596476, 38638851603284, 6808
38638879531724, 38638879561164, 29440
38638907465010, 38638907471764, 6754
38638935396990, 38638935403510, 6520
38638963358156, 38638963362524, 4368
38638991241688, 38638991245780, 4092
38639019173740, 38639019177688, 3948
38639047112648, 38639047119284, 6636
38639075035416, 38639075051580, 16164
38639102971420, 38639102980496, 9076
38639130904960, 38639130917276, 12316
38639158838072, 38639158854368, 16296
38639186771620, 38639186787636, 16016
38639214698796, 38639214711212, 12416
38639242638368, 38639242650912, 12544
38639270571200, 38639270583096, 11896
38639298673816, 38639298686116, 12300
38639326378464, 38639326390800, 12336
38639354311388, 38639354323552, 12164
38639382246152, 38639382258468, 12316
38639410180240, 38639410196472, 16232
38639438112692, 38639438124996, 12304
38639466048904, 38639466061044, 12140
38639493979320, 38639493991616, 12296
38639521913812, 38639521925696, 11884
38639549848088, 38639549856948, 8860
38639577780488, 38639577792556, 12068
38639605713908, 38639605729624, 15716
38639633641740, 38639633654080, 12340
38639661581396, 38639661593292, 11896
38639689514600, 38639689526928, 12328
38639717449040, 38639717460812, 11772
38639745381824, 38639745394220, 12396
38639773313996, 38639773325708, 11712
38639801249400, 38639801261680, 12280
38639829182076, 38639829194380, 12304
38639857116388, 38639857128636, 12248
38639885050452, 38639885063536, 13084
38639912982148, 38639912994072, 11924
38639940916748, 38639940929304, 12556
38639968850020, 38639968862148, 12128
38639996784008, 38639996796252, 12244
38640024717112, 38640024729512, 12400
38640052646092, 38640052658204, 12112
38640080584432, 38640080596488, 12056
38640108516952, 38640108532892, 15940
38640136451688, 38640136463856, 12168
38640164384924, 38640164397052, 12128
38640192317336, 38640192329568, 12232
38640220251384, 38640220263452, 12068
38640248184624, 38640248196624, 12000
38640276118876, 38640276130872, 11996
38640304053032, 38640304069164, 16132
38640331985596, 38640331997804, 12208
38640359918564, 38640359930924, 12360
38640388355272, 38640388371376, 16104
38640415787512, 38640415799356, 11844
38640443719708, 38640443731920, 12212
38640471646824, 38640471658816, 11992
38640499586464, 38640499598792, 12328
38640527519800, 38640527531988, 12188
38640555455904, 38640555467972, 12068
38640583388164, 38640583400804, 12640
38640611319648, 38640611331476, 11828
38640639255404, 38640639271948, 16544
38640667188168, 38640667200496, 12328
38640695122284, 38640695134504, 12220
38640723054892, 38640723067424, 12532
38640750987184, 38640750999148, 11964
38640778921452, 38640778933372, 11920
38640806857524, 38640806873132, 15608
38640834789676, 38640834802232, 12556
38640862723268, 38640862735144, 11876
38640890651340, 38640890667444, 16104
38640918589972, 38640918601908, 11936
38640946522320, 38640946534476, 12156
38640974463452, 38640974465112, 1660
38641002389964, 38641002405640, 15676
38641030322732, 38641030335512, 12780
38641058258548, 38641058271028, 12480
38641086192236, 38641086204672, 12436
38641114124904, 38641114134136, 9232
38641142058676, 38641142075280, 16604
38641169991708, 38641170003824, 12116
38641197926248, 38641197938944, 12696
38641225859048, 38641225871260, 12212
38641253792748, 38641253804644, 11896
38641281725820, 38641281738696, 12876
38641309592576, 38641309604616, 12040
38641337532796, 38641337545336, 12540
38641365466560, 38641365478440, 11880
38641393401820, 38641393418496, 16676
38641421356010, 38641421366756, 10746
38641449265340, 38641449271664, 6324
38641477203172, 38641477209440, 6268
38641505134532, 38641505140912, 6380
38641533066900, 38641533073208, 6308
38641561021964, 38641561056156, 34192
38642969669644, 38642969675490, 5846
38643090094728, 38643090099896, 5168
38643211063304, 38643211067484, 4180
38643331592124, 38643331595472, 3348
38643452549016, 38643452552376, 3360
38643572885440, 38643572889180, 3740
38643693778344, 38643693781716, 3372
38643814166900, 38643814170196, 3296
38643935129460, 38643935133400, 3940
38644055535552, 38644055538928, 3376
38644176427356, 38644176430952, 3596
38644296839736, 38644296842908, 3172
38644417772808, 38644417776100, 3292
38644538146068, 38644538149188, 3120
38644659076728, 38644659079892, 3164
38644779460168, 38644779463644, 3476
38644900347840, 38644900351200, 3360
38645020729964, 38645020733536, 3572
38645141631808, 38645141635484, 3676
38645262007776, 38645262010976, 3200
38645383114076, 38645383117708, 3632
38645503534208, 38645503537604, 3396
38645623895356, 38645623898644, 3288
38645744860152, 38645744864552, 4400
38645865246168, 38645865250208, 4040
38645986186024, 38645986189328, 3304
38646106551600, 38646106554992, 3392
38646227479724, 38646227483812, 4088
38646347838980, 38646347842264, 3284
38646468766604, 38646468770444, 3840
38646589136168, 38646589140120, 3952
38646710081768, 38646710085592, 3824
38646830456540, 38646830459820, 3280
38646987989116, 38646988000444, 11328
38647151577844, 38647151584860, 7016
38647315152056, 38647315206932, 54876
38647343082704, 38647343093144, 10440
38647371015196, 38647371025804, 10608
38647398947044, 38647398957670, 10626
38647426881496, 38647426892250, 10754
38647454813650, 38647454824256, 10606
38647482748370, 38647482758964, 10594
38647510682796, 38647510693616, 10820
38647538607516, 38647538618084, 10568
38647566549630, 38647566560764, 11134
38647594474564, 38647594485244, 10680
38647622419130, 38647622453496, 34366
38647650346816, 38647650357370, 10554
38647678283904, 38647678294476, 10572
38647706217076, 38647706228250, 11174
38647734148750, 38647734159076, 10326
38647762087356, 38647762097990, 10634
38647790017896, 38647790052924, 35028
38647817950564, 38647817961144, 10580
38647845877196, 38647845888116, 10920
38647873811796, 38647873823036, 11240
38647901753524, 38647901764176, 10652
38647929685304, 38647929695924, 10620
38647957609450, 38647957620136, 10686
38647985553670, 38647985588116, 34446
38648013480364, 38648013491310, 10946
38648041418810, 38648041452424, 33614
38648069353256, 38648069387416, 34160
38648097284910, 38648097318748, 33838
38648125214476, 38648125225556, 11080
38648153151204, 38648153161830, 10626
38648181090084, 38648181124812, 34728
38648209019676, 38648209053676, 34000
38648236952936, 38648236963124, 10188
38648264888104, 38648264898984, 10880
38648292819990, 38648292830590, 10600
38648320755504, 38648320766004, 10500
38648348688296, 38648348698750, 10454
38648376618404, 38648376629684, 11280
38648404556824, 38648404567630, 10806
38648432481650, 38648432492730, 11080
38648460424456, 38648460434850, 10394
38648488356076, 38648488366630, 10554
38648516290964, 38648516301544, 10580
38648544222970, 38648544233610, 10640
38648572156496, 38648572167004, 10508
38648600088770, 38648600123688, 34918
38648628023464, 38648628034856, 11392
38648655954744, 38648655965250, 10506
38648683889210, 38648683899856, 10646
38648711821730, 38648711832236, 10506
38648739757036, 38648739791368, 34332
38648767692204, 38648767702796, 10592
38648795617190, 38648795627804, 10614
38648823557376, 38648823592040, 34664
38648851484524, 38648851494996, 10472
38648879426190, 38648879437430, 11240
38648907362104, 38648907396348, 34244
38648935292496, 38648935326516, 34020
38648963206828, 38648963213648, 6820
38648991138208, 38648991144520, 6312
38649019071244, 38649019077728, 6484
38649047006276, 38649047022476, 16200
38649074939216, 38649074951924, 12708
38649102871996, 38649102884364, 12368
38649130805556, 38649130822088, 16532
38649158739660, 38649158751932, 12272
38649186673768, 38649186689616, 15848
38649214602524, 38649214614956, 12432
38649242542240, 38649242554052, 11812
38649270469584, 38649270482656, 13072
38649298348456, 38649298360816, 12360
38649326282252, 38649326294216, 11964
38649354214804, 38649354226836, 12032
38649382150152, 38649382167020, 16868
38649410082016, 38649410094524, 12508
38649438015416, 38649438027380, 11964
38649465948640, 38649465961060, 12420
38649493882496, 38649493894428, 11932
38649521815836, 38649521828068, 12232
38649549749020, 38649549761128, 12108
38649577684520, 38649577697524, 13004
38649605616724, 38649605628964, 12240
38649633546172, 38649633562784, 16612
38649661484040, 38649661496640, 12600
38649689412544, 38649689424716, 12172
38649717350892, 38649717363184, 12292
38649745284280, 38649745296044, 11764
38649773217896, 38649773230072, 12176
38649801152488, 38649801165428, 12940
38649829084600, 38649829096592, 11992
38649857018528, 38649857030584, 12056
38649884953792, 38649884970424, 16632
38649912885580, 38649912897948, 12368
38649940819620, 38649940831820, 12200
38649968751796, 38649968764028, 12232
38649996686236, 38649996698104, 11868
38650024619904, 38650024631768, 11864
38650052546320, 38650052558552, 12232
38650080485900, 38650080501704, 15804
38650108415532, 38650108428188, 12656
38650136354872, 38650136366808, 11936
38650164287916, 38650164300212, 12296
38650192220380, 38650192232576, 12196
38650220154736, 38650220166944, 12208
38650248087136, 38650248098948, 11812
38650276021656, 38650276033952, 12296
38650303954620, 38650303970408, 15788
38650331888636, 38650331901316, 12680
38650359822400, 38650359834824, 12424
38650387753920, 38650387765908, 11988
38650415689204, 38650415701588, 12384
38650443622612, 38650443634652, 12040
38650471549868, 38650471562132, 12264
38650499489760, 38650499502220, 12460
38650527417300, 38650527429496, 12196
38650555356312, 38650555368448, 12136
38650583289636, 38650583305152, 15516
38650611223196, 38650611235572, 12376
38650639157384, 38650639169376, 11992
38650667090580, 38650667102972, 12392
38650695026576, 38650695038488, 11912
38650722957880, 38650722969908, 12028
38650750891616, 38650750903556, 11940
38650778824892, 38650778840440, 15548
38650806757004, 38650806769296, 12292
38650834693084, 38650834705176, 12092
38650862626048, 38650862638352, 12304
38650890554468, 38650890566536, 12068
38650918492248, 38650918505376, 13128
38650946421556, 38650946434092, 12536
38650974360652, 38650974373252, 12600
38651002292792, 38651002305200, 12408
38651030226720, 38651030238764, 12044
38651058161124, 38651058174212, 13088
38651086092892, 38651086105028, 12136
38651114029464, 38651114045888, 16424
38651141959852, 38651141971888, 12036
38651169895228, 38651169907600, 12372
38651197826792, 38651197839400, 12608
38651225758940, 38651225771040, 12100
38651253694896, 38651253706456, 11560
38651281567992, 38651281583448, 15456
38651309496628, 38651309509124, 12496
38651337436924, 38651337449528, 12604
38651365365680, 38651365381980, 16300
38651393303448, 38651393315608, 12160
38651421237400, 38651421249248, 11848
38651449170472, 38651449182356, 11884
38651477104752, 38651477120552, 15800
38651505036328, 38651505048616, 12288
38651532969804, 38651532981632, 11828
38651560903716, 38651560915880, 12164
38651588839352, 38651588851388, 12036
38651616765600, 38651616781708, 16108
38651644702212, 38651644714048, 11836
38651672638240, 38651672650676, 12436
38651700571696, 38651700583856, 12160
38651728499936, 38651728512036, 12100
38651756438544, 38651756451244, 12700
38651784369516, 38651784381744, 12228
38651812304968, 38651812317440, 12472
38651840239028, 38651840251776, 12748
38651868173876, 38651868190112, 16236
38651896105604, 38651896117892, 12288
38651924039392, 38651924051316, 11924
38651951973004, 38651951984888, 11884
38651979905464, 38651979921480, 16016
38652007839252, 38652007851588, 12336
38652035773588, 38652035785588, 12000
38652063717780, 38652063724216, 6436
38652091640820, 38652091652720, 11900
38652119574852, 38652119590940, 16088
38652147502556, 38652147515124, 12568
38652175441500, 38652175457248, 15748
38652203372416, 38652203384708, 12292
38652231307788, 38652231319752, 11964
38652259241460, 38652259253876, 12416
38652287174612, 38652287186456, 11844
38652315108596, 38652315121480, 12884
38652343042132, 38652343054540, 12408
38652370977388, 38652370993624, 16236
38652398909940, 38652398922216, 12276
38652426843876, 38652426855640, 11764
38652454776356, 38652454789080, 12724
38652482708508, 38652482720568, 12060
38652510642940, 38652510655344, 12404
38652538576900, 38652538588864, 11964
38652566505628, 38652566518084, 12456
38652594445240, 38652594457712, 12472
38652622376496, 38652622392548, 16052
38652650310992, 38652650322736, 11744
38652678244292, 38652678260256, 15964
38652706177548, 38652706189720, 12172
38652734111812, 38652734123808, 11996
38652762043992, 38652762056208, 12216
38652789979140, 38652789991156, 12016
38652817912884, 38652817924820, 11936
38652845846188, 38652845858256, 12068
38652873779856, 38652873796308, 16452
38652901711412, 38652901723732, 12320
38652929647080, 38652929660068, 12988
38652957580976, 38652957593400, 12424
38652985509572, 38652985521540, 11968
38653013447444, 38653013460060, 12616
38653041378504, 38653041390200, 11696
38653069313080, 38653069325480, 12400
38653097247412, 38653097259744, 12332
38653125182956, 38653125199260, 16304
38653153114664, 38653153128024, 13360
38653181047984, 38653181059964, 11980
38653208981464, 38653208993796, 12332
38653236916400, 38653236928252, 11852
38653264848100, 38653264860600, 12500
38653292723260, 38653292735680, 12420
38653320654248, 38653320666244, 11996
38653348588728, 38653348597592, 8864
38653376524236, 38653376540456, 16220
38653404453052, 38653404465692, 12640
38653432389592, 38653432401396, 11804
38653460321952, 38653460334352, 12400
38653488256732, 38653488268824, 12092
38653516190424, 38653516202612, 12188
38653544123172, 38653544135412, 12240
38653572057624, 38653572073196, 15572
38653599990868, 38653600003160, 12292
38653627924360, 38653627936536, 12176
38653655858652, 38653655871208, 12556
38653683813170, 38653683823396, 10226
38653711725804, 38653711732828, 7024
38653739658176, 38653739664548, 6372
38653767592112, 38653767598456, 6344
38653795526336, 38653795532620, 6284
38653823472044, 38653823482690, 10646
38653851417724, 38653851428236, 10512
38653879323956, 38653879330280, 6324
38653907260496, 38653907266848, 6352
38653935192960, 38653935199368, 6408
38653963127864, 38653963134172, 6308
38653991082036, 38653991092816, 10780
38654019013110, 38654019023990, 10880
38654046927284, 38654046933600, 6316
38654074861392, 38654074867664, 6272
38654102795224, 38654102801528, 6304
38654130728600, 38654130735076, 6476
38654158682264, 38654158692976, 10712
38654940820356, 38654940826244, 5888
38655061242384, 38655061247364, 4980
38655182224316, 38655182228232, 3916
38655302732808, 38655302736232, 3424
38655423702208, 38655423705356, 3148
38655544078528, 38655544081560, 3032
38655665056832, 38655665060336, 3504
38655785435440, 38655785439264, 3824
38655906461156, 38655906465508, 4352
38656026873412, 38656026876992, 3580
38656147928588, 38656147932372, 3784
