32234833455216, 32234833463036, 7820
32234866349024, 32234866357064, 8040
32238901353980, 32238901357640, 3660
32239737026924, 32239737031460, 4536
32240622361264, 32240622368292, 7028
32241507793540, 32241507798960, 5420
32242393186640, 32242393194300, 7660
32243278646456, 32243278652880, 6424
32244164119608, 32244164124116, 4508
32245049483932, 32245049488868, 4936
32245934863840, 32245934871148, 7308
32246820327484, 32246820333764, 6280
32247705715484, 32247705722108, 6624
32248591212272, 32248591217812, 5540
32249476632064, 32249476638492, 6428
32250362069524, 32250362074392, 4868
32251247469900, 32251247475912, 6012
32252132816348, 32252132821200, 4852
32253018362328, 32253018369160, 6832
32253903660816, 32253903668512, 7696
32254789122404, 32254789129068, 6664
32255675092440, 32255675100524, 8084
32256559996608, 32256560001440, 4832
32257445335308, 32257445343352, 8044
32258330830360, 32258330836712, 6352
32259216186892, 32259216194416, 7524
32234850233568, 32234850246016, 12448
32239134726612, 32239134729672, 3060
32239888521248, 32239888527836, 6588
32240925447604, 32240925452508, 4904
32241962430044, 32241962435104, 5060
32242999501280, 32242999506488, 5208
32244036405872, 32244036412528, 6656
32245073365352, 32245073372656, 7304
32246110378144, 32246110385368, 7224
32247147304788, 32247147322172, 17384
32248184379124, 32248184385960, 6836
32249221296676, 32249221303864, 7188
32250258294204, 32250258300924, 6720
32251295245020, 32251295251744, 6724
32252332248152, 32252332255704, 7552
32253369270968, 32253369277360, 6392
32254406267532, 32254406275012, 7480
32255443215352, 32255443222560, 7208
32256480301484, 32256480308308, 6824
32257517128684, 32257517136548, 7864
32258554151020, 32258554157912, 6892
32259591138724, 32259591160400, 21676
32234816834776, 32234816847568, 12792
32236858250424, 32236858256100, 5676
32236858350924, 32236858354132, 3208
32236858393432, 32236858395972, 2540
32236858423948, 32236858426908, 2960
32236858458744, 32236858461184, 2440
32236858482508, 32236858484708, 2200
32236858506836, 32236858508628, 1792
32236858561988, 32236858564456, 2468
32238851833916, 32238851840260, 6344
32239665113012, 32239665120248, 7236
32240478832908, 32240478840544, 7636
32241292412168, 32241292417364, 5196
32242106117620, 32242106122424, 4804
32242919699444, 32242919704428, 4984
32243733295924, 32243733297668, 1744
32244547009404, 32244547014756, 5352
32245360585184, 32245360591656, 6472
32246174212580, 32246174217532, 4952
32246987792200, 32246987796304, 4104
32247801435556, 32247801437172, 1616
32248615160220, 32248615167564, 7344
32249428721876, 32249428728992, 7116
32250242413456, 32250242420244, 6788
32251056045100, 32251056051928, 6828
32251869701720, 32251869703444, 1724
32252683326324, 32252683332808, 6484
32253496947076, 32253496953860, 6784
32254310571760, 32254310578140, 6380
32255124150844, 32255124157760, 6916
32255937828520, 32255937835268, 6748
32256751405448, 32256751412488, 7040
32257564989032, 32257564995844, 6812
32258378693088, 32258378699844, 6756
32259192280632, 32259192287536, 6904
32239118756136, 32239118759788, 3652
32240010153420, 32240010160120, 6700
32241168770396, 32241168777428, 7032
32242327449364, 32242327456744, 7380
32243486040160, 32243486044924, 4764
32244644673848, 32244644681112, 7264
32245803240788, 32245803245768, 4980
32246961849652, 32246961856816, 7164
32248120611756, 32248120619176, 7420
32249279231756, 32249279236440, 4684
32250437779840, 32250437785148, 5308
32251596495900, 32251596502448, 6548
32252755077944, 32252755085444, 7500
32253913653112, 32253913657760, 4648
32255072343392, 32255072347968, 4576
32256230942652, 32256230949668, 7016
32257389570512, 32257389574396, 3884
32258548175036, 32258548181660, 6624
32259706836836, 32259706841720, 4884
32234825107456, 32234825116112, 8656
32234842137248, 32234842145616, 8368
32234858965380, 32234858973704, 8324
32239112767720, 32239112770592, 2872
32240299414320, 32240299419076, 4756
32241747066116, 32241747071164, 5048
32243194950440, 32243194958256, 7816
32244642684588, 32244642691920, 7332
32246090438764, 32246090446280, 7516
32247538232696, 32247538240152, 7456
32248985977988, 32248985985356, 7368
32250433787076, 32250433794164, 7088
32251881665324, 32251881672960, 7636
32253329468004, 32253329474472, 6468
32254777212080, 32254777218584, 6504
32256224988856, 32256224996128, 7272
32257672773764, 32257672781052, 7288
32259120638568, 32259120645100, 6532
32234809424148, 32234809435780, 11632
32238855580952, 32238855590976, 10024
32240480757124, 32240480764316, 7192
32242110012384, 32242110019764, 7380
32243739298600, 32243739305332, 6732
32245368595976, 32245368597572, 1596
32246997770936, 32246997776112, 5176
32248627065552, 32248627070644, 5092
32250256369724, 32250256376580, 6856
32251885629960, 32251885634640, 4680
32253514795776, 32253514802412, 6636
32255144054000, 32255144058760, 4760
32256773384932, 32256773392708, 7776
32258402598800, 32258402604156, 5356
32260031911156, 32260031918960, 7804
32238855559408, 32238855562208, 2800
32240500732912, 32240500740620, 7708
32242149898168, 32242149900024, 1856
32243799173592, 32243799180708, 7116
32245448345864, 32245448353188, 7324
32247097526928, 32247097533712, 6784
32248746681528, 32248746689120, 7592
32250395887936, 32250395895068, 7132
32252045114700, 32252045121248, 6548
32253694351964, 32253694359448, 7484
32255343509668, 32255343516416, 6748
32256992664444, 32256992666032, 1588
32258641890248, 32258641897804, 7556
32260291095592, 32260291102492, 6900
32238855556012, 32238855559324, 3312
32240524622136, 32240524626808, 4672
32242197757728, 32242197762432, 4704
32243870855748, 32243870861376, 5628
32245544014844, 32245544022192, 7348
32247217182948, 32247217184404, 1456
32248890290480, 32248890292056, 1576
32250563419160, 32250563426700, 7540
32252236557304, 32252236564416, 7112
32253909653784, 32253909660768, 6984
32255582765088, 32255582772376, 7288
32257255912784, 32257255920052, 7268
32258929040480, 32258929047996, 7516
