148094589246508, 148094589256980, 10472
148094740756120, 148094740767676, 11556
148094805130652, 148094805140100, 9448
148094821705756, 148094821714120, 8364
148094824244704, 148094824251664, 6960
148094845529372, 148094845537276, 7904
148094866372696, 148094866384324, 11628
148094956100436, 148094956112368, 11932
148095056359796, 148095056370256, 10460
148095080353944, 148095080364084, 10140
148095098366292, 148095098376684, 10392
148095197876648, 148095197886264, 9616
148095203315116, 148095203323356, 8240
148095227043560, 148095227052840, 9280
148095245087236, 148095245097036, 9800
148095269375216, 148095269385204, 9988
148095366783932, 148095366793716, 9784
148095383475480, 148095383485296, 9816
148095395792532, 148095395800204, 7672
148095430414128, 148095430423252, 9124
148095441170128, 148095441179784, 9656
148095541488604, 148095541497736, 9132
148095674066792, 148095674078312, 11520
148095738282708, 148095738292816, 10108
148095739788496, 148095739795372, 6876
148095750418800, 148095750425560, 6760
148095766163076, 148095766173436, 10360
148095776946068, 148095776954968, 8900
148095794863200, 148095794873644, 10444
148095817562568, 148095817572596, 10028
148095828235640, 148095828243848, 8208
148095847726668, 148095847736156, 9488
148095858471724, 148095858480964, 9240
148095869191244, 148095869199272, 8028
148095885936168, 148095885946284, 10116
148096007119116, 148096007129512, 10396
148096084993644, 148096085003304, 9660
148096100741468, 148096100751140, 9672
148096120220992, 148096120230728, 9736
148096143984252, 148096143993472, 9220
148096160641328, 148096160651032, 9704
148096179513312, 148096179522408, 9096
148096277722188, 148096277731844, 9656
148096316883780, 148096316893620, 9840
148096516692428, 148096516702636, 10208
148096536128292, 148096536137696, 9404
148096552878300, 148096552887208, 8908
148096613633728, 148096613642876, 9148
148096711053832, 148096711062880, 9048
148096730499320, 148096730509072, 9752
148096747138372, 148096747148280, 9908
148096767070320, 148096767077756, 7436
148096782788344, 148096782799368, 11024
148096799348228, 148096799355724, 7496
148096878514816, 148096878525648, 10832
148096917273080, 148096917282652, 9572
148096927929096, 148096927938836, 9740
148096947360496, 148096947370204, 9708
148096949910472, 148096949918052, 7580
148096958252644, 148096958259692, 7048
148096960827024, 148096960837364, 10340
148096986917164, 148096986926308, 9144
148097101868180, 148097101878332, 10152
148097233502236, 148097233512900, 10664
148097246177476, 148097246185616, 8140
148097259136364, 148097259146160, 9796
148097271345344, 148097271352428, 7084
148097283793552, 148097283803520, 9968
148097300401988, 148097300410824, 8836
148097329177300, 148097329187516, 10216
148097341592964, 148097341602316, 9352
148097365206784, 148097365216488, 9704
148097433845588, 148097433854772, 9184
148097451779400, 148097451787780, 8380
148097454348900, 148097454358252, 9352
148097552119988, 148097552129968, 9980
148097570066392, 148097570076484, 10092
148097572630524, 148097572638308, 7784
148097591653804, 148097591663176, 9372
148097608348876, 148097608358644, 9768
148097669209284, 148097669219192, 9908
148097783873068, 148097783884176, 11108
148097844594204, 148097844604396, 10192
148097868313672, 148097868323172, 9500
148097873346836, 148097873354692, 7856
148097891535388, 148097891540056, 4668
148098737095464, 148098737106124, 10660
148099282438236, 148099282446420, 8184
148099311436408, 148099311441376, 4968
148099330824380, 148099330834108, 9728
148099357412276, 148099357422000, 9724
148099596586516, 148099596597368, 10852
148099679745148, 148099679754652, 9504
148099714304336, 148099714314352, 10016
148099719461144, 148099719471592, 10448
148099736035084, 148099736042388, 7304
148099738630212, 148099738639840, 9628
148099750113852, 148099750122004, 8152
148099758130124, 148099758140428, 10304
148099760678184, 148099760685080, 6896
148099769329064, 148099769336708, 7644
148099784016052, 148099784026064, 10012
148099786574620, 148099786581628, 7008
148099811935096, 148099811945196, 10100
148099835548780, 148099835557760, 8980
148099947674564, 148099947685044, 10480
148100068742340, 148100068752316, 9976
148100092649144, 148100092659844, 10700
148100122692060, 148100122702288, 10228
148100244766496, 148100244777228, 10732
148100257461096, 148100257469328, 8232
148100276588296, 148100276597972, 9676
148100279174260, 148100279181120, 6860
148100283736956, 148100283744524, 7568
148100300359764, 148100300369192, 9428
148100302510888, 148100302519168, 8280
148100305098200, 148100305107972, 9772
148100306599296, 148100306607468, 8172
148100323175236, 148100323182888, 7652
148100328436612, 148100328446064, 9452
148100330986640, 148100330993572, 6932
148100430761172, 148100430771856, 10684
148100454507844, 148100454517540, 9696
148100577760552, 148100577797972, 37420
148100590534888, 148100590543060, 8172
148100690236612, 148100690246224, 9612
148100706968104, 148100706977660, 9556
148100719599416, 148100719609636, 10220
148100739658364, 148100739686040, 27676
148100741238028, 148100741246164, 8136
148100753604860, 148100753612284, 7424
148100886844660, 148100886855084, 10424
148100896981940, 148100896989980, 8040
148100914876756, 148100914885636, 8880
148100927248612, 148100927256904, 8292
148100943790896, 148100943799080, 8184
148101039352044, 148101039361388, 9344
148101057267096, 148101057277564, 10468
148101059809860, 148101059817848, 7988
148101089047208, 148101089058768, 11560
148101101425020, 148101101433488, 8468
148101162078308, 148101162088036, 9728
148101209213840, 148101209223600, 9760
148101309055700, 148101309063800, 8100
148101406074228, 148101406083220, 8992
148101423994532, 148101424004208, 9676
148101467154672, 148101467165388, 10716
148101564680452, 148101564691152, 10700
148101567255100, 148101567263280, 8180
148101672545792, 148101672556944, 11152
148101697308536, 148101697319140, 10604
148101731697728, 148101731707100, 9372
148101819942404, 148101819952264, 9860
148101858879960, 148101858889232, 9272
148101876833496, 148101876842392, 8896
148101879914892, 148101879922944, 8052
148101899332268, 148101899342572, 10304
148101993894116, 148101993903524, 9408
148102023954100, 148102023963968, 9868
148102026710976, 148102026719460, 8484
148102033510436, 148102033520096, 9660
148102063596048, 148102063605848, 9800
148102083102012, 148102083110796, 8784
148102130488808, 148102130498348, 9540
148102165039740, 148102165049624, 9884
148102184515592, 148102184524872, 9280
148102202471960, 148102202480472, 8512
148102232561080, 148102232571176, 10096
148102328013156, 148102328022384, 9228
148102351643076, 148102351652928, 9852
148102371078128, 148102371088156, 10028
148102401098808, 148102401107612, 8804
148102435568248, 148102435578236, 9988
148102446201628, 148102446209724, 8096
148102464267176, 148102464278240, 11064
148102479456648, 148102479464980, 8332
148102492420836, 148102492431252, 10416
148102512141776, 148102512146824, 5048
148102560215192, 148102560226620, 11428
148102581746280, 148102581756412, 10132
148102642077144, 148102642085972, 8828
148102676560336, 148102676569828, 9492
148102696029280, 148102696038668, 9388
148103297840912, 148103297851004, 10092
148103587092764, 148103587102948, 10184
148103606645428, 148103606655552, 10124
148103706226048, 148103706235180, 9132
148103741325592, 148103741335268, 9676
148103780278392, 148103780288424, 10032
148103834693460, 148103834702668, 9208
148103869231608, 148103869241024, 9416
148103879972172, 148103879981504, 9332
148103892467116, 148103892474216, 7100
148103903211896, 148103903221464, 9568
148103906015476, 148103906022520, 7044
148103916709696, 148103916716504, 6808
148103931942524, 148103931952324, 9800
148103942641716, 148103942651212, 9496
148104023076632, 148104023085984, 9352
148104035452176, 148104035459692, 7516
148104037684672, 148104037695344, 10672
148104050097272, 148104050104252, 6980
148104147758608, 148104147767964, 9356
148104167265760, 148104167275292, 9532
148104167781420, 148104167789176, 7756
148104255205680, 148104255230416, 24736
148104267676408, 148104267685992, 9584
148104287202448, 148104287213104, 10656
148104293349216, 148104293357628, 8412
148104314687916, 148104314697360, 9444
148104334163760, 148104334173664, 9904
148104349457296, 148104349466532, 9236
148104354713676, 148104354720824, 7148
148104370061936, 148104370071280, 9344
148104389562184, 148104389571824, 9640
148104410965956, 148104410976040, 10084
148104430503720, 148104430513740, 10020
148104445750768, 148104445759612, 8844
148104448444296, 148104448453120, 8824
148104467915036, 148104467924932, 9896
148104565969556, 148104565978160, 8604
148104578461352, 148104578471264, 9912
148104586043060, 148104586051684, 8624
148104605643824, 148104605653344, 9520
148104623603332, 148104623614592, 11260
148104645093444, 148104645103388, 9944
148104744988056, 148104744997488, 9432
148104764405992, 148104764415416, 9424
148104798838380, 148104798847264, 8884
148104897947592, 148104897956276, 8684
148104932322148, 148104932331620, 9472
148104993748356, 148104993758652, 10296
148105053450780, 148105053460780, 10000
148105139944436, 148105139953804, 9368
148105152321740, 148105152329816, 8076
148105167526364, 148105167536724, 10360
148105168359652, 148105168366648, 6996
148105183545248, 148105183555408, 10160
148105190791724, 148105190799752, 8028
148105192288612, 148105192295788, 7176
148105207480920, 148105207490672, 9752
148105268274164, 148105268282940, 8776
148105890270608, 148105890281284, 10676
148106357891680, 148106357901372, 9692
148106370282208, 148106370291368, 9160
148106374836312, 148106374844828, 8516
148106394274396, 148106394285096, 10700
148106453833536, 148106453842216, 8680
148106470457124, 148106470467888, 10764
148106490593736, 148106490603892, 10156
148106507168444, 148106507176324, 7880
148106517847340, 148106517862212, 14872
148106537281628, 148106537291668, 10040
148106547921212, 148106547929592, 8380
148106550373652, 148106550383928, 10276
148106561000916, 148106561009336, 8420
148106576251612, 148106576261524, 9912
148106586877288, 148106586884884, 7596
148106621356312, 148106621366040, 9728
148106640816408, 148106640826320, 9912
148106653302384, 148106653312756, 10372
148106767707016, 148106767716756, 9740
148106913306760, 148106913317180, 10420
148107081162512, 148107081172696, 10184
148107094791340, 148107094800496, 9156
148107190533244, 148107190544412, 11168
148107343264736, 148107343274260, 9524
148107346017292, 148107346024344, 7052
148107361253964, 148107361264204, 10240
148107369980948, 148107369990800, 9852
148107461850204, 148107461860216, 10012
148107487288168, 148107487298228, 10060
148107534619684, 148107534629308, 9624
148107634153976, 148107634164188, 10212
148107742950296, 148107742961612, 11316
148107833030780, 148107833039948, 9168
148107850999256, 148107851008816, 9560
148107874656024, 148107874666220, 10196
148107887079592, 148107887089968, 10376
148107968252156, 148107968263300, 11144
148107983942252, 148107983950816, 8564
148107986511612, 148107986519548, 7936
148108010460092, 148108010467944, 7852
148108013018220, 148108013025264, 7044
148108058828272, 148108058838520, 10248
148108063918316, 148108063925936, 7620
148108079114800, 148108079123940, 9140
148108097070296, 148108097080088, 9792
148108099614604, 148108099622796, 8192
148108105798608, 148108105805896, 7288
148108108386420, 148108108395628, 9208
148108745946436, 148108745956744, 10308
148109690188772, 148109690198192, 9420
148109692731316, 148109692738400, 7084
148109713253304, 148109713265176, 11872
148109715817596, 148109715826088, 8492
148109739212400, 148109739223544, 11144
148109741806612, 148109741815516, 8904
148109772082552, 148109772093432, 10880
148109791562688, 148109791571832, 9144
148109814831668, 148109814841972, 10304
148109834303712, 148109834313108, 9396
148109852305720, 148109852314480, 8760
148110770066700, 148110770077568, 10868
148111337876816, 148111337885896, 9080
148111398535916, 148111398546248, 10332
148111422169984, 148111422180332, 10348
148111510124168, 148111510133424, 9256
148111522508804, 148111522516716, 7912
148111563751040, 148111563763704, 12664
148111574387896, 148111574396216, 8320
148111593801332, 148111593810424, 9092
148111611744064, 148111611754736, 10672
148111614288080, 148111614295900, 7820
148111620079284, 148111620086352, 7068
148111720049820, 148111720060440, 10620
148111730767668, 148111730778064, 10396
148111748706900, 148111748716352, 9452
148111759366456, 148111759374068, 7612
148111793785396, 148111793794600, 9204
148111813219740, 148111813229096, 9356
148111832997676, 148111833010060, 12384
148111852446964, 148111852455300, 8336
148111868937368, 148111868948328, 10960
148111902743980, 148111902754400, 10420
148111915290020, 148111915300552, 10532
148111981525356, 148111981535532, 10176
148112042266848, 148112042276772, 9924
148112054795244, 148112054804808, 9564
148112093734408, 148112093744424, 10016
148112143499428, 148112143510352, 10924
148112204138584, 148112204147664, 9080
148112209271528, 148112209281524, 9996
148112222244172, 148112222252720, 8548
148112255516648, 148112255527140, 10492
148112734342988, 148112734353556, 10568
148112784981908, 148112784990740, 8832
148112925803484, 148112925814228, 10744
148112958920228, 148112958929416, 9188
148113050544664, 148113050555312, 10648
148113069971996, 148113069981760, 9764
148113071351808, 148113071358972, 7164
148113090775552, 148113090785872, 10320
148113187889840, 148113187899280, 9440
148113200261860, 148113200269304, 7444
148113235344168, 148113235353468, 9300
148113247766304, 148113247776856, 10552
148113280770284, 148113280781512, 11228
148113295945064, 148113295952524, 7460
148113308364264, 148113308374336, 10072
148113323613152, 148113323622408, 9256
148113328606096, 148113328613548, 7452
148113343859780, 148113343869420, 9640
148114528051996, 148114528061956, 9960
148094523391372, 148094523403500, 12128
148094547349728, 148094547363676, 13948
148094573252800, 148094573257444, 4644
148094599175480, 148094599179436, 3956
148094625178352, 148094625182976, 4624
148094726829780, 148094726841248, 11468
148094743404256, 148094743411504, 7248
148094778292208, 148094778300988, 8780
148096764835476, 148096764846016, 10540
148099828255484, 148099828264632, 9148
148099831873392, 148099831880796, 7404
148099847092736, 148099847101788, 9052
148100753228664, 148100753239556, 10892
148102336987964, 148102336996364, 8400
148102371356288, 148102371364692, 8404
148102386583620, 148102386592604, 8984
148102404537020, 148102404546788, 9768
148102434962152, 148102434971512, 9360
148102454386304, 148102454395832, 9528
148102617821108, 148102617830952, 9844
148102712344704, 148102712354852, 10148
148102731818268, 148102731828768, 10500
148102755970288, 148102755980220, 9932
148102775348012, 148102775356260, 8248
148102792410000, 148102792418268, 8268
148102803053304, 148102803061824, 8520
148102818245992, 148102818252956, 6964
148102828874832, 148102828882352, 7520
148102841253060, 148102841260840, 7780
148102843123760, 148102843130360, 6600
148102853747396, 148102853755496, 8100
148104671925708, 148104671936088, 10380
148106714618968, 148106714628632, 9664
148106727494152, 148106727501480, 7328
148106757429744, 148106757438728, 8984
148106791837168, 148106791847076, 9908
148106802464612, 148106802473148, 8536
148106809579064, 148106809585992, 6928
148106915295340, 148106915299292, 3952
148106979776284, 148106979785588, 9304
148106997712572, 148106997722468, 9896
148107008328784, 148107008337348, 8564
148107038327640, 148107038336952, 9312
148107059655968, 148107059665528, 9560
148107089610564, 148107089619348, 8784
148107098736264, 148107098746540, 10276
148107116749672, 148107116759452, 9780
148107146920100, 148107146929240, 9140
148107168449076, 148107168458220, 9144
148107266382744, 148107266392020, 9276
148107326957816, 148107326967472, 9656
148107351728064, 148107351737704, 9640
148107449516708, 148107449526084, 9376
148107510981976, 148107510992600, 10624
148107523420828, 148107523430804, 9976
148107553818204, 148107553827792, 9588
148107750957312, 148107750968040, 10728
148107775787268, 148107775796876, 9608
148107810329648, 148107810339704, 10056
148107812946168, 148107812956096, 9928
148107820619108, 148107820626056, 6948
148107823189048, 148107823195752, 6704
148107827895528, 148107827902512, 6984
148107925397668, 148107925406444, 8776
148107937879592, 148107937888760, 9168
148107955828592, 148107955838092, 9500
148107958376024, 148107958384200, 8176
148108056457216, 148108056466948, 9732
148108065528208, 148108065536144, 7936
148108159844700, 148108159853976, 9276
148108183613460, 148108183623384, 9924
148108198891868, 148108198901912, 10044
148108299242528, 148108299251752, 9224
148108333753324, 148108333762388, 9064
148108346117104, 148108346125424, 8320
148108445708008, 148108445716908, 8900
148108448254308, 148108448261528, 7220
148108468745616, 148108468756132, 10516
148108471874552, 148108471884708, 10156
148108485997944, 148108486006048, 8104
148108567681436, 148108567690824, 9388
148108585705100, 148108585715152, 10052
148108588244768, 148108588252856, 8088
148108598369668, 148108598379212, 9544
148108600913240, 148108600920188, 6948
148108690149988, 148108690158936, 8948
148108702577244, 148108702586392, 9148
148108750295428, 148108750304472, 9044
148108768169952, 148108768177748, 7796
148108775873276, 148108775883092, 9816
148108869624108, 148108869628936, 4828
148108893225804, 148108893233912, 8108
148108895784028, 148108895791916, 7888
148108908132728, 148108908139880, 7152
148108909466268, 148108909474436, 8168
148108920118600, 148108920129132, 10532
148108922656008, 148108922663596, 7588
148108935390748, 148108935397876, 7128
148108946006128, 148108946012648, 6520
148108966295656, 148108966302504, 6848
148108977497316, 148108977506680, 9364
148109001068820, 148109001077472, 8652
148109023134996, 148109023145324, 10328
148109046725460, 148109046735968, 10508
148109066146600, 148109066156168, 9568
148109078512704, 148109078523532, 10828
148109086149696, 148109086158372, 8676
148109196654252, 148109196664332, 10080
148109221904372, 148109221912664, 8292
148109224443300, 148109224451180, 7880
148109334340352, 148109334351496, 11144
148109344479320, 148109344487264, 7944
148109365692436, 148109365700292, 7856
148109481826692, 148109481837300, 10608
148109491969144, 148109491977476, 8332
148109508558300, 148109508568212, 9912
148109511096708, 148109511104812, 8104
148109661354708, 148109661364752, 10044
148109720084696, 148109720094224, 9528
148109852735340, 148109852745876, 10536
148109984446812, 148109984457260, 10448
148110017604724, 148110017614352, 9628
148110037127060, 148110037136772, 9712
148110134469688, 148110134478860, 9172
148110142918380, 148110142926096, 7716
148110159546288, 148110159556032, 9744
148110167790148, 148110167799376, 9228
148110180213664, 148110180221456, 7792
148110357325104, 148110357335728, 10624
148110407018176, 148110407027448, 9272
148110419466816, 148110419476264, 9448
148110451458024, 148110451467760, 9736
148110453993156, 148110454000860, 7704
148110456955064, 148110456963296, 8232
148110574697820, 148110574708304, 10484
148110584850036, 148110584857364, 7328
148110720227484, 148110720238300, 10816
148110889722992, 148110889733528, 10536
148110899857708, 148110899865760, 8052
148110912220260, 148110912227912, 7652
148110914755048, 148110914762252, 7204
148110919610376, 148110919617196, 6820
148110931996420, 148110932006492, 10072
148110934535928, 148110934543268, 7340
148110952445980, 148110952455300, 9320
148110957501764, 148110957510212, 8448
148110960043872, 148110960050416, 6544
148111016231028, 148111016240520, 9492
148111032890048, 148111032899712, 9664
148111052310956, 148111052321056, 10100
148111053222104, 148111053229184, 7080
148111072630852, 148111072641136, 10284
148111089189728, 148111089197420, 7692
148111206802092, 148111206812956, 10864
148111220001752, 148111220009540, 7788
148111242677528, 148111242687276, 9748
148111245222096, 148111245228840, 6744
148111268705108, 148111268714672, 9564
148111271255228, 148111271261940, 6712
148111324347996, 148111324357500, 9504
148111355913352, 148111355922464, 9112
148111466056028, 148111466067160, 11132
148111540632024, 148111540641512, 9488
148111699368052, 148111699378228, 10176
148111777494720, 148111777504236, 9516
148111914760648, 148111914771712, 11064
148111953704448, 148111953714612, 10164
148111972182600, 148111972193492, 10892
148112090232808, 148112090244196, 11388
148112102934096, 148112102941708, 7612
148112137402100, 148112137411112, 9012
148112139954200, 148112139961252, 7052
148112237672676, 148112237682692, 10016
148112240245524, 148112240253304, 7780
148112253720424, 148112253731416, 10992
148112256275128, 148112256283280, 8152
148112268634760, 148112268642616, 7856
148112385465648, 148112385477464, 11816
148112418708832, 148112418717996, 9164
148112479925712, 148112479934240, 8528
148112612728612, 148112612739432, 10820
148112826118928, 148112826129664, 10736
148112864892956, 148112864903020, 10064
148113061495556, 148113061506924, 11368
148113229331952, 148113229341428, 9476
148113526058964, 148113526069624, 10660
148113584405508, 148113584414368, 8860
148113601086548, 148113601095960, 9412
148113619027840, 148113619037168, 9328
148113635733616, 148113635742980, 9364
148113655232052, 148113655241116, 9064
148113659621132, 148113659629536, 8404
148113667604596, 148113667613988, 9392
148113687115520, 148113687124736, 9216
148113703704636, 148113703712164, 7528
148113801611032, 148113801620504, 9472
148113825312228, 148113825321360, 9132
148113841907412, 148113841917144, 9732
148113876426640, 148113876436008, 9368
148113906543496, 148113906553316, 9820
148114006508868, 148114006518220, 9352
148114036565916, 148114036575788, 9872
148114056126944, 148114056136356, 9412
148114060742224, 148114060750288, 8064
148114084398132, 148114084407628, 9496
148114103847944, 148114103857864, 9920
148114127609600, 148114127618524, 8924
148114147115804, 148114147125348, 9544
148114244883036, 148114244892352, 9316
148114283705800, 148114283715512, 9712
148114300406328, 148114300415612, 9284
148114318434196, 148114318444004, 9808
148114348577160, 148114348586792, 9632
148114373720652, 148114373731616, 10964
148114403991812, 148114404001216, 9404
148114420690388, 148114420700040, 9652
148114488970708, 148114488979872, 9164
148114616866960, 148114616881912, 14952
148094752696212, 148094752710580, 14368
148094908266896, 148094908271892, 4996
148094927680320, 148094927688864, 8544
148094962185808, 148094962195132, 9324
148096732950220, 148096732960812, 10592
148097022118068, 148097022127956, 9888
148097059204596, 148097059214916, 10320
148097061767192, 148097061775056, 7864
148097061953748, 148097061960800, 7052
148097064537552, 148097064547528, 9976
148097225541084, 148097225552400, 11316
148097273453480, 148097273462500, 9020
148097295735392, 148097295743632, 8240
148097298281752, 148097298289380, 7628
148097358849900, 148097358859008, 9108
148097375529496, 148097375539376, 9880
148097410076972, 148097410086728, 9756
148097422443332, 148097422451388, 8056
148097446094132, 148097446104264, 10132
148097556534476, 148097556545092, 10616
148097627367992, 148097627377104, 9112
148097738016764, 148097738027796, 11032
148097809458336, 148097809467148, 8812
148098005309080, 148098005319968, 10888
148098042380552, 148098042389992, 9440
148098076780768, 148098076790556, 9788
148098080982160, 148098080990632, 8472
148098097552700, 148098097562460, 9760
148098153837728, 148098153848328, 10600
148098178571132, 148098178581008, 9876
148098181137736, 148098181145556, 7820
148098202626688, 148098202636140, 9452
148098205197844, 148098205207484, 9640
148098221755936, 148098221764304, 8368
148098234152548, 148098234162268, 9720
148098236704536, 148098236712500, 7964
148098254476516, 148098254486204, 9688
148098257020728, 148098257028556, 7828
148098269404148, 148098269413832, 9684
148098285977416, 148098285987756, 10340
148098329338408, 148098329348092, 9684
148098345954056, 148098345963288, 9232
148098363839504, 148098363847368, 7864
148098460853116, 148098460862576, 9460
148098560646288, 148098560654952, 8664
148098573115816, 148098573125632, 9816
148098575537932, 148098575546032, 8100
148098674893396, 148098674902996, 9600
148098685588536, 148098685597624, 9088
148098753050164, 148098753060992, 10828
148098763684636, 148098763693056, 8420
148098783048960, 148098783056164, 7204
148098842835816, 148098842846796, 10980
148098946490436, 148098946501344, 10908
148099021374848, 148099021383436, 8588
148099039328440, 148099039338152, 9712
148099157871968, 148099157883064, 11096
148099182600452, 148099182611628, 11176
148099185139948, 148099185147864, 7916
148099187766096, 148099187772848, 6752
148099190304620, 148099190311304, 6684
148099285311516, 148099285321344, 9828
148099406070624, 148099406079604, 8980
148099530773004, 148099530783432, 10428
148099601506312, 148099601515312, 9000
148099662109676, 148099662119424, 9748
148099664675004, 148099664683044, 8040
148099764731076, 148099764740360, 9284
148099948682992, 148099948691860, 8868
148099951261320, 148099951271140, 9820
148100022779124, 148100022788092, 8968
148100023320884, 148100023327556, 6672
148100122923156, 148100122932452, 9296
148100125471620, 148100125478968, 7348
148100143497448, 148100143506792, 9344
148100204862516, 148100204872052, 9536
148100221682132, 148100221692424, 10292
148100319706172, 148100319715132, 8960
148100450129884, 148100450140852, 10968
148100462824788, 148100462832968, 8180
148100561317880, 148100561328304, 10424
148100586161700, 148100586170892, 9192
148100620696068, 148100620706108, 10040
148100644370956, 148100644380844, 9888
148100649446988, 148100649454180, 7192
148100747721808, 148100747731720, 9912
148100762742220, 148100762751296, 9076
148100780613516, 148100780621304, 7788
148100783171160, 148100783178876, 7716
148100801067796, 148100801078408, 10612
148100824621928, 148100824631424, 9496
148100841203996, 148100841213292, 9296
148100853590508, 148100853600704, 10196
148100856904704, 148100856911704, 7000
148100869258428, 148100869266540, 8112
148100885833356, 148100885842708, 9352
148100920176524, 148100920184756, 8232
148100922731692, 148100922739568, 7876
148100924709680, 148100924716164, 6484
148100927249460, 148100927257488, 8028
148100950829720, 148100950836928, 7208
148100956724416, 148100956732332, 7916
148100976563128, 148100976573184, 10056
148100979113324, 148100979120500, 7176
148100994208612, 148100994218352, 9740
148101017804756, 148101017814824, 10068
148101020345500, 148101020353072, 7572
148101036955556, 148101036965148, 9592
148101048384836, 148101048395720, 10884
148101164138404, 148101164149324, 10920
148101197246076, 148101197254272, 8196
148101233957524, 148101233969800, 12276
148101258107644, 148101258117812, 10168
148101260659872, 148101260667768, 7896
148101295069700, 148101295079888, 10188
148101300164932, 148101300173264, 8332
148101323753580, 148101323762400, 8820
148101365830664, 148101365840468, 9804
148101389420796, 148101389429768, 8972
148101401914808, 148101401925236, 10428
148101419297964, 148101419309120, 11156
148101459274312, 148101459285120, 10808
148101520333744, 148101520343900, 10156
148101567418760, 148101567426836, 8076
148101604820148, 148101604831996, 11848
148101674533192, 148101674544672, 11480
148101734381852, 148101734390856, 9004
148101737486780, 148101737496160, 9380
148101749845368, 148101749853112, 7744
148101769310892, 148101769320272, 9380
148101799398304, 148101799407828, 9524
148101823127204, 148101823137272, 10068
148101853135916, 148101853146540, 10624
148101876777208, 148101876786152, 8944
148101976049280, 148101976059316, 10036
148102000239932, 148102000249528, 9596
148102099873128, 148102099881788, 8660
148102129881932, 148102129891816, 9884
148102288778296, 148102288789460, 11164
148102363308532, 148102363317664, 9132
148102423839452, 148102423848640, 9188
148102436237088, 148102436246752, 9664
148102565986868, 148102565998124, 11256
148102643735508, 148102643744604, 9096
148102741476900, 148102741485428, 8528
148102819715228, 148102819723732, 8504
148102849604944, 148102849612916, 7972
148102872285948, 148102872296080, 10132
148104741715508, 148104741725960, 10452
148106121639428, 148106121651164, 11736
148106282104924, 148106282114556, 9632
148106298703588, 148106298710932, 7344
148106309397212, 148106309406188, 8976
148106317003432, 148106317010480, 7048
148106327707904, 148106327717436, 9532
148106362169048, 148106362177948, 8900
148106383461368, 148106383471456, 10088
148106395504772, 148106395511904, 7132
148106504507924, 148106504518360, 10436
148106541639356, 148106541648368, 9012
148106559582460, 148106559590788, 8328
148106578982036, 148106578991696, 9660
148106580362552, 148106580370740, 8188
148106582233504, 148106582241356, 7852
148106694027500, 148106694038248, 10748
148106867459980, 148106867471684, 11704
148106957402932, 148106957412340, 9408
148106969831788, 148106969842244, 10456
148107000335676, 148107000345900, 10224
148107198474432, 148107198485204, 10772
148107236113516, 148107236122996, 9480
148107266217928, 148107266227528, 9600
148107276222300, 148107276230476, 8176
148107286950256, 148107286960524, 10268
148107316902904, 148107316912216, 9312
148107327599596, 148107327609384, 9788
148107328071436, 148107328078360, 6924
148107338744288, 148107338753340, 9052
148107467772072, 148107467783080, 11008
148107659153952, 148107659164072, 10120
148107842730552, 148107842739624, 9072
148107903481296, 148107903491536, 10240
148107911108732, 148107911116640, 7908
148107934858400, 148107934867884, 9484
148108099205480, 148108099215784, 10304
148108122871784, 148108122880176, 8392
148108153305864, 148108153315600, 9736
148108165755612, 148108165764800, 9188
148108170828820, 148108170836728, 7908
148108205418692, 148108205428208, 9516
148108217963312, 148108217971272, 7960
148108236467572, 148108236477508, 9936
148108260206060, 148108260216320, 10260
148108272698612, 148108272708216, 9604
148108281283456, 148108281291876, 8420
148108304964728, 148108304973208, 8480
148108402335672, 148108402345144, 9472
148108422848452, 148108422889080, 40628
148108425435536, 148108425443276, 7740
148108449083052, 148108449093720, 10668
148108466746028, 148108466756084, 10056
148108490918864, 148108490928396, 9532
148108551494896, 148108551504560, 9664
148108554040000, 148108554047876, 7876
148108566486204, 148108566495148, 8944
148108590079384, 148108590087948, 8564
148108590389004, 148108590395844, 6840
148108614047768, 148108614057780, 10012
148108648249916, 148108648259380, 9464
148108708838324, 148108708847632, 9308
148108716443104, 148108716450988, 7884
148108869621220, 148108869632524, 11304
148108874687356, 148108874695340, 7984
148108974253232, 148108974261672, 8440
148109085063580, 148109085073540, 9960
148109159588960, 148109159598672, 9712
148109183242364, 148109183250936, 8572
148109202677624, 148109202687872, 10248
148109300397784, 148109300406820, 9036
148109311089044, 148109311099140, 10096
148109324259264, 148109324266412, 7148
148109334917656, 148109334926456, 8800
148109350188192, 148109350195456, 7264
148109360806408, 148109360814508, 8100
148109376132276, 148109376143180, 10904
148109471845540, 148109471856392, 10852
148109488431956, 148109488439880, 7924
148109513199128, 148109513208448, 9320
148109612233268, 148109612242444, 9176
148109614777512, 148109614785428, 7916
148109635350520, 148109635360416, 9896
148109637897356, 148109637904376, 7020
148109677919800, 148109677929464, 9664
148110726312292, 148110726322780, 10488
148112510444636, 148112510453496, 8860
148112608028916, 148112608037968, 9052
148112620417400, 148112620424552, 7152
148112637059500, 148112637068408, 8908
148112671624348, 148112671634300, 9952
148112688273152, 148112688282568, 9416
148112790202520, 148112790206136, 3616
148112889316004, 148112889325360, 9356
148112908713796, 148112908723844, 10048
148112921827216, 148112921838348, 11132
148112936981204, 148112936989344, 8140
148112945721868, 148112945733168, 11300
148112961420088, 148112961428432, 8344
148113376461040, 148113376469852, 8812
148113526653400, 148113526663648, 10248
148113626155412, 148113626165768, 10356
148113649884924, 148113649894824, 9900
148113749883680, 148113749893348, 9668
148113773543652, 148113773553060, 9408
148113793018156, 148113793027716, 9560
148113892573140, 148113892582100, 8960
148113910560372, 148113910570020, 9648
148113927194448, 148113927203812, 9364
148113957241660, 148113957250476, 8816
148113989967696, 148113989977376, 9680
148114013685868, 148114013694548, 8680
148114113149308, 148114113157616, 8308
148114129784440, 148114129794112, 9672
148114229839696, 148114229848868, 9172
148114246590016, 148114246599528, 9512
148114346045552, 148114346055016, 9464
148114369619384, 148114369630212, 10828
148114401475740, 148114401484096, 8356
148114425311740, 148114425321388, 9648
148114486674024, 148114486683456, 9432
148114510256316, 148114510266072, 9756
148114597030736, 148114597045644, 14908
148092502733964, 148092502745080, 11116
148092502771044, 148092502777728, 6684
148092502825176, 148092502832152, 6976
148092502849308, 148092502855472, 6164
148092502882400, 148092502889104, 6704
148092502914132, 148092502920984, 6852
148092502938476, 148092502944836, 6360
148092502963668, 148092502970280, 6612
148092502998468, 148092503005088, 6620
148092503021660, 148092503028068, 6408
148092503171608, 148092503178760, 7152
148092503228276, 148092503235892, 7616
148092503254220, 148092503261044, 6824
148094495688920, 148094495705892, 16972
148094495723436, 148094495730988, 7552
148094495744696, 148094495751548, 6852
148094495764488, 148094495771824, 7336
148094495784028, 148094495790776, 6748
148094495803476, 148094495810584, 7108
148094519441584, 148094519454588, 13004
148094543382476, 148094543387576, 5100
148094567338324, 148094567343844, 5520
148094591221664, 148094591226956, 5292
148094615153468, 148094615158784, 5316
148094639058312, 148094639063232, 4920
148094655093336, 148094655105032, 11696
148094673081364, 148094673089732, 8368
148094685583520, 148094685593528, 10008
148094785721140, 148094785731444, 10304
148094798085400, 148094798093540, 8140
148094956109176, 148094956119908, 10732
148094968760372, 148094968768964, 8592
148094988041824, 148094988052172, 10348
148095079837080, 148095079848740, 11660
148095138268724, 148095138278492, 9768
148095162015824, 148095162024428, 8604
148095259979052, 148095259988784, 9732
148095276600244, 148095276607940, 7696
148095302457504, 148095302468092, 10588
148095326144016, 148095326154296, 10280
148095336763336, 148095336771044, 7708
148095354818940, 148095354828732, 9792
148095365551452, 148095365561252, 9800
148095376857520, 148095376864436, 6916
148095387599104, 148095387609124, 10020
148095506523912, 148095506535228, 11316
148095684032008, 148095684042936, 10928
148095762496292, 148095762505736, 9444
148096061873508, 148096061882468, 8960
148096156520672, 148096156529780, 9108
148096176004928, 148096176014536, 9608
148096193951016, 148096193960776, 9760
148096312199472, 148096312210668, 11196
148096345442828, 148096345452380, 9552
148096380174740, 148096380185376, 10636
148096396845764, 148096396855964, 10200
148096416305220, 148096416315348, 10128
148096426962052, 148096426969616, 7564
148096446405360, 148096446415512, 10152
148096457096588, 148096457106640, 10052
148096473797504, 148096473807120, 9616
148096508962700, 148096508972096, 9396
148096525666336, 148096525675568, 9232
148096543606760, 148096543616908, 10148
148096554325704, 148096554334224, 8520
148096588789380, 148096588798596, 9216
148096627843128, 148096627853480, 10352
148096645833360, 148096645842020, 8660
148096706542088, 148096706551328, 9240
148096749778208, 148096749787432, 9224
148096767683816, 148096767694060, 10244
148096788951008, 148096788958796, 7788
148096808300764, 148096808308236, 7472
148096818947980, 148096818955536, 7556
148096831292420, 148096831299992, 7572
148096891838308, 148096891846928, 8620
148096904186160, 148096904194004, 7844
148097010166468, 148097010177840, 11372
148097867620308, 148097867631064, 10756
148098607496832, 148098607507080, 10248
148098657203704, 148098657213492, 9788
148098696010800, 148098696021252, 10452
148098706636660, 148098706644792, 8132
148098723268704, 148098723278696, 9992
148098735678808, 148098735687752, 8944
148098761009484, 148098761019272, 9788
148098777573964, 148098777582252, 8288
148098942507768, 148098942518624, 10856
148099161867460, 148099161878120, 10660
148099239364176, 148099239373684, 9508
148099274416664, 148099274425792, 9128
148099296086228, 148099296096172, 9944
148099393335620, 148099393344468, 8848
148099526837772, 148099526848764, 10992
148099585090640, 148099585099876, 9236
148099597513176, 148099597523140, 9964
148099716242464, 148099716253712, 11248
148099787641300, 148099787649844, 8544
148099805595624, 148099805605060, 9436
148099835576152, 148099835585824, 9672
148099895265764, 148099895275492, 9728
148099919218292, 148099919227108, 8816
148099919619240, 148099919626852, 7612
148099937586836, 148099937597280, 10444
148099961289156, 148099961299248, 10092
148100022125796, 148100022136264, 10468
148100024665828, 148100024674100, 8272
148100121802324, 148100121812148, 9824
148100138457524, 148100138467644, 10120
148100182914948, 148100182926536, 11588
148100206630176, 148100206639612, 9436
148100306783040, 148100306792996, 9956
148100330464252, 148100330474672, 10420
148100745255288, 148100745265048, 9760
148101293665700, 148101293676884, 11184
148101413400116, 148101413410220, 10104
148101522995796, 148101523006520, 10724
148101586816456, 148101586821284, 4828
148101616861968, 148101616871848, 9880
148101716334636, 148101716344492, 9856
148101718911512, 148101718918704, 7192
148101728388364, 148101728398548, 10184
148102739447588, 148102739457068, 9480
148102848224328, 148102848233280, 8952
148102869098480, 148102869109600, 11120
148102962866124, 148102962878080, 11956
148102988266928, 148102988276484, 9556
148102996674012, 148102996681404, 7392
148103009091140, 148103009101412, 10272
148103011632348, 148103011640408, 8060
148103024630756, 148103024640616, 9860
148103027173572, 148103027180804, 7232
148103040234196, 148103040242128, 7932
148103050518716, 148103050528676, 9960
148103053089588, 148103053096740, 7152
148103060848000, 148103060855224, 7224
148103073280228, 148103073290644, 10416
148103162455360, 148103162464744, 9384
148103179146832, 148103179156284, 9452
148103277312912, 148103277322816, 9904
148103289775620, 148103289785624, 10004
148103323006312, 148103323015456, 9144
148103422681296, 148103422691172, 9876
148103435091264, 148103435098640, 7376
148103469566128, 148103469576000, 9872
148103472108968, 148103472117528, 8560
148103485067960, 148103485077832, 9872
148103502985812, 148103503054176, 68364
148103505615788, 148103505625528, 9740
148103517145632, 148103517152512, 6880
148103519682320, 148103519690356, 8036
148103532118068, 148103532126228, 8160
148103551625160, 148103551635268, 10108
148103554162672, 148103554170392, 7720
148103574975952, 148103574985820, 9868
148103587424460, 148103587434972, 10512
148103601165676, 148103601173888, 8212
148103611888896, 148103611898356, 9460
148103629952256, 148103629962372, 10116
148103649492092, 148103649501352, 9260
148103661865184, 148103661872680, 7496
148103693946416, 148103693956036, 9620
148103698615448, 148103698622324, 6876
148103709340636, 148103709350432, 9796
148103724553020, 148103724563184, 10164
148103735714612, 148103735721784, 7172
148103750466696, 148103750476244, 9548
148103761115432, 148103761122360, 6928
148103776392412, 148103776402124, 9712
148103787119884, 148103787129632, 9748
148103799518280, 148103799525992, 7712
148103802315200, 148103802322408, 7208
148103812987876, 148103812997748, 9872
148103924132716, 148103924143612, 10896
148104108382196, 148104108391804, 9608
148104127898076, 148104127908332, 10256
148104140280484, 148104140288312, 7828
148104151068608, 148104151077760, 9152
148104153297684, 148104153306212, 8528
148104165298328, 148104165307972, 9644
148104175951188, 148104175959476, 8288
148104191190900, 148104191201076, 10176
148104201902948, 148104201911344, 8396
148104211243032, 148104211252776, 9744
148104226511976, 148104226520820, 8844
148104237757184, 148104237764452, 7268
148104253113656, 148104253124052, 10396
148104263753264, 148104263761968, 8704
148104325090088, 148104325098900, 8812
148104334956980, 148104334965200, 8220
148104432333060, 148104432342496, 9436
148104442989760, 148104442998224, 8464
148104450440944, 148104450450696, 9752
148104461096592, 148104461103860, 7268
148104466246560, 148104466255256, 8696
148104482018976, 148104482027212, 8236
148104492732800, 148104492742408, 9608
148104538480092, 148104538489596, 9504
148104638033104, 148104638041548, 8444
148104698813832, 148104698823088, 9256
148104718255324, 148104718264840, 9516
148104731193540, 148104731203412, 9872
148104784418972, 148104784429272, 10300
148104787460424, 148104787467608, 7184
148104798095444, 148104798103536, 8092
148104810178840, 148104810189152, 10312
148104813385476, 148104813393844, 8368
148104824040672, 148104824051044, 10372
148104870930696, 148104870940092, 9396
148104901206800, 148104901216228, 9428
148105000854248, 148105000864816, 10568
148105016082652, 148105016092484, 9832
148105035474296, 148105035484308, 10012
148105044716444, 148105044723596, 7152
148105064060260, 148105064068200, 7940
148105081919388, 148105081927692, 8304
148105208262556, 148105208273984, 11428
148105280071020, 148105280081512, 10492
148105282614724, 148105282622648, 7924
148105305990264, 148105305995064, 4800
148105316639632, 148105316649028, 9396
148105333251788, 148105333261660, 9872
148105343974624, 148105343982876, 8252
148105357811112, 148105357821552, 10440
148105368536220, 148105368546440, 10220
148105375757084, 148105375765468, 8384
148105383737020, 148105383744112, 7092
148105394475828, 148105394486588, 10760
148105397019992, 148105397027708, 7716
148105409647840, 148105409657468, 9628
148105420278320, 148105420286724, 8404
148105520090936, 148105520100980, 10044
148105536772692, 148105536782468, 9776
148105554775848, 148105554785504, 9656
148105561198172, 148105561206568, 8396
148105577862016, 148105577871728, 9712
148105670536524, 148105670545492, 8968
148105682891340, 148105682902380, 11040
148105782784192, 148105782822352, 38160
148105843313980, 148105843323368, 9388
148105877707428, 148105877717108, 9680
148105888435104, 148105888443756, 8652
148105902347816, 148105902359600, 11784
148105908230764, 148105908242028, 11264
148105928148148, 148105928157420, 9272
148105930700144, 148105930707532, 7388
148105971417224, 148105971425636, 8412
148105984328020, 148105984335620, 7600
148106727843496, 148106727854260, 10764
148106803800400, 148106803808420, 8020
148107346049232, 148107346059800, 10568
148107493690232, 148107493700128, 9896
148107503844040, 148107503851664, 7624
148107509521216, 148107509527820, 6604
148107512063412, 148107512070684, 7272
148107530019748, 148107530028948, 9200
148107590720304, 148107590728628, 8324
148107603214300, 148107603224020, 9720
148107631351032, 148107631360732, 9700
148107760857752, 148107760867616, 9864
148107773537964, 148107773546068, 8104
148107834087984, 148107834097660, 9676
148107933812544, 148107933820568, 8024
148107936365160, 148107936371984, 6824
148108036728404, 148108036738260, 9856
148108039293284, 148108039301516, 8232
148108053943056, 148108053952988, 9932
148108056485156, 148108056492712, 7556
148108091061408, 148108091071184, 9776
148108106299600, 148108106309060, 9460
148108160731660, 148108160741648, 9988
148108275370636, 148108275382368, 11732
148108285503296, 148108285511856, 8560
148108287266848, 148108287273692, 6844
148108289803956, 148108289810804, 6848
148108340137736, 148108340147128, 9392
148108345213160, 148108345221472, 8312
148108368890324, 148108368899612, 9288
148108472853744, 148108472864004, 10260
148108509982404, 148108509990292, 7888
148108512515844, 148108512523576, 7732
148108520591176, 148108520600764, 9588
148108523131816, 148108523138772, 6956
148108612279784, 148108612289572, 9788
148108624724368, 148108624733656, 9288
148108627265592, 148108627273656, 8064
148108725039520, 148108725047724, 8204
148108737425544, 148108737435736, 10192
148108739983636, 148108739991300, 7664
148108779853332, 148108779863276, 9944
148108782402584, 148108782410844, 8260
148108805815344, 148108805825044, 9700
148108869635568, 148108869646632, 11064
148108882038948, 148108882047216, 8268
148108979459000, 148108979468948, 9948
148109078571528, 148109078580556, 9028
148109104938596, 148109104951016, 12420
148109204132924, 148109204143124, 10200
148109265206800, 148109265216152, 9352
148109286625020, 148109286635164, 10144
148109509292224, 148109509301752, 9528
148109543663608, 148109543672760, 9152
148109556016328, 148109556024148, 7820
148109561090264, 148109561098576, 8312
148109583487908, 148109583498612, 10704
148109586027468, 148109586035612, 8144
148109589468152, 148109589476452, 8300
148109601878456, 148109601888516, 10060
148109661360804, 148109661371568, 10764
148109781038264, 148109781047996, 9732
148109954563828, 148109954574656, 10828
148110013706552, 148110013716344, 9792
148110113189120, 148110113198768, 9648
148110123929920, 148110123939212, 9292
148110127905064, 148110127912044, 6980
148110138651576, 148110138661440, 9864
148110158134848, 148110158144740, 9892
148110168840552, 148110168848692, 8140
148110179756964, 148110179766884, 9920
148110190413636, 148110190420864, 7228
148110225513668, 148110225523028, 9360
148110243499200, 148110243508968, 9768
148110255928296, 148110255938452, 10156
148110283456260, 148110283466164, 9904
148110294174936, 148110294182396, 7460
148110327546820, 148110327556848, 10028
148110347118300, 148110347126988, 8688
148110359537156, 148110359546552, 9396
148110365217472, 148110365226028, 8556
148110384651992, 148110384662188, 10196
148110445292744, 148110445301484, 8740
148110461906748, 148110461916740, 9992
148110474860808, 148110474870392, 9584
148110590618492, 148110590629156, 10664
148110718246864, 148110718257624, 10760
148110723329484, 148110723337276, 7792
148110739942360, 148110739952564, 10204
148110742508260, 148110742516288, 8028
148110767232168, 148110767241048, 8880
148110803992168, 148110804002692, 10524
148110889720600, 148110889730752, 10152
148110947821628, 148110947830280, 8652
148111053250516, 148111053261448, 10932
148111077964420, 148111077974532, 10112
148111173995560, 148111174004244, 8684
148111208384472, 148111208394260, 9788
148111252609396, 148111252619628, 10232
148111263307416, 148111263316704, 9288
148111281231664, 148111281241992, 10328
148111293635364, 148111293645536, 10172
148111315002688, 148111315012744, 10056
148111317538452, 148111317546088, 7636
148111320448568, 148111320455376, 6808
148111331102976, 148111331110812, 7836
148111343507596, 148111343517292, 9696
148111382248360, 148111382258552, 10192
148111394672692, 148111394682548, 9856
148111455299020, 148111455308596, 9576
148111457838152, 148111457845328, 7176
148111974561540, 148111974571848, 10308
148112383402372, 148112383414024, 11652
148112454392624, 148112454402564, 9940
148112467401728, 148112467411960, 10232
148112566883496, 148112566893516, 10020
148112583614788, 148112583625296, 10508
148112683049208, 148112683059192, 9984
148112706732760, 148112706742884, 10124
148112715248052, 148112715256368, 8316
148112807141756, 148112807151236, 9480
148112826106168, 148112826111192, 5024
148112842075908, 148112842087444, 11536
148112859918200, 148112859926764, 8564
148112883630432, 148112883640312, 9880
148112918063076, 148112918072616, 9540
148112941626236, 148112941634652, 8416
148112979658440, 148112979662296, 3856
148113001608852, 148113001620132, 11280
148113014034928, 148113014042768, 7840
148113017506808, 148113017514448, 7640
148113052051324, 148113052061656, 10332
148113059386876, 148113059395336, 8460
148113071886920, 148113071896640, 9720
148113077681996, 148113077689888, 7892
148113117227360, 148113117236784, 9424
148113129646536, 148113129657180, 10644
148113189338076, 148113189347788, 9712
148113250450496, 148113250460608, 10112
148113268368048, 148113268378172, 10124
148113363377024, 148113363386588, 9564
148114463327816, 148114463338088, 10272
