32073086379384, 32073086388332, 8948
32077088468696, 32077088472092, 3396
32078115545532, 32078115551392, 5860
32079150473272, 32079150481036, 7764
32081595303084, 32081595306252, 3168
32081645464540, 32081645471340, 6800
32082255496548, 32082255502240, 5692
32083290522604, 32083290528168, 5564
32084325446320, 32084325454196, 7876
32085360311504, 32085360316356, 4852
32087577920268, 32087577923600, 3332
32087628185604, 32087628191480, 5876
32088465326564, 32088465332476, 5912
32089500262516, 32089500298788, 36272
32091107658612, 32091107661600, 2988
32093543326908, 32093543330068, 3160
32094098102848, 32094098108724, 5876
32094652985728, 32094652992240, 6512
32095208759096, 32095208765276, 6180
32095763838036, 32095763844560, 6524
32099547035208, 32099547038076, 2868
32099598272904, 32099598279484, 6580
32077604885604, 32077604888672, 3068
32078137414156, 32078137417392, 3236
32079182309128, 32079182312516, 3388
32080185434624, 32080185440860, 6236
32081220395052, 32081220402600, 7548
32082961567960, 32082961571672, 3712
32083585613860, 32083585617016, 3156
32085810680348, 32085810683292, 2944
32085861567232, 32085861573576, 6344
32086395385948, 32086395391952, 6004
32087430324080, 32087430329144, 5064
32089568041812, 32089568044700, 2888
32089618800676, 32089618807376, 6700
32090535329268, 32090535336952, 7684
32091570251204, 32091570260448, 9244
32092605213600, 32092605218192, 4592
32093640253480, 32093640267776, 14296
32094675286696, 32094675302456, 15760
32095710231792, 32095710245836, 14044
32096745218252, 32096745227668, 9416
32097780160268, 32097780167284, 7016
32077096393000, 32077096396028, 3028
32078368737796, 32078368745068, 7272
32079656945480, 32079656950576, 5096
32080945225936, 32080945228024, 2088
32082233473488, 32082233480564, 7076
32083521680540, 32083521686868, 6328
32084809977204, 32084809983564, 6360
32086098171428, 32086098176196, 4768
32087386391260, 32087386397588, 6328
32088674750096, 32088674755904, 5808
32089963020976, 32089963025952, 4976
32091251284352, 32091251290320, 5968
32092539489652, 32092539496528, 6876
32093827671316, 32093827685040, 13724
32095115908784, 32095115923840, 15056
32096404283808, 32096404290600, 6792
32097692498208, 32097692505228, 7020
32073070692608, 32073070700404, 7796
32073094282824, 32073094290320, 7496
32073078319708, 32073078328328, 8620
32075086369376, 32075086374332, 4956
32075086466468, 32075086469748, 3280
32075086492828, 32075086494592, 1764
32075086523492, 32075086526012, 2520
32077080511776, 32077080516988, 5212
32078033682068, 32078033686700, 4632
32078986918148, 32078986922788, 4640
32079940150824, 32079940157316, 6492
32080893462028, 32080893467020, 4992
32081846589664, 32081846595312, 5648
32082799840424, 32082799847244, 6820
32083753065772, 32083753072556, 6784
32084706250780, 32084706257136, 6356
32085659470216, 32085659475416, 5200
32086612688560, 32086612695068, 6508
32087565944104, 32087565948932, 4828
32088519108376, 32088519112760, 4384
32089472346412, 32089472363852, 17440
32090425651972, 32090425658020, 6048
32091378859956, 32091378864656, 4700
32092332079452, 32092332085496, 6044
32093285210964, 32093285216992, 6028
32094238534996, 32094238548904, 13908
32095191674360, 32095191689652, 15292
32096144910020, 32096144924820, 14800
32097098193080, 32097098199500, 6420
