19905327553112, 19905327561384, 8272
19907320529632, 19907320533500, 3868
19907320570760, 19907320574440, 3680
19907320601916, 19907320604552, 2636
19907320630868, 19907320633256, 2388
19907320660776, 19907320663132, 2356
19907320688952, 19907320691376, 2424
19907320717580, 19907320720148, 2568
19907320746464, 19907320748876, 2412
19907320775696, 19907320778012, 2316
19907320803720, 19907320806096, 2376
19907320831464, 19907320833736, 2272
19907320860712, 19907320863360, 2648
19907320889532, 19907320892012, 2480
19907320918036, 19907320920332, 2296
19907320946664, 19907320948944, 2280
19907320975876, 19907320978256, 2380
19907321005420, 19907321007876, 2456
19907321033856, 19907321036372, 2516
19907321062536, 19907321065092, 2556
19907321091400, 19907321093784, 2384
19907321121120, 19907321123876, 2756
19907321149304, 19907321151620, 2316
19909314679424, 19909314684836, 5412
19909314699304, 19909314711404, 12100
19909314722092, 19909314731836, 9744
19909314742380, 19909314752348, 9968
19909314762580, 19909314770852, 8272
19909314781092, 19909314789444, 8352
19909314800056, 19909314808548, 8492
19909314818652, 19909314827376, 8724
19909314837964, 19909314846016, 8052
19909314855660, 19909314863984, 8324
19909314874140, 19909314882292, 8152
19909314892284, 19909314900772, 8488
19909314910736, 19909314918716, 7980
19909314928740, 19909314937184, 8444
19909314947124, 19909314955272, 8148
19910028854512, 19910028862498, 7986
19910501713484, 19910501720972, 7488
19910651371700, 19910651376476, 4776
19910883439288, 19910883466728, 27440
19911014099812, 19911014108972, 9160
19911338786060, 19911338794096, 8036
19911914292548, 19911914295840, 3292
19912099316996, 19912099325344, 8348
19912984096180, 19912984103472, 7292
19914136952012, 19914136955736, 3724
19914267027852, 19914267037100, 9248
19914761471656, 19914761476260, 4604
19914892137308, 19914892144868, 7560
19915092675536, 19915092678772, 3236
19915192460948, 19915192464280, 3332
19915962552732, 19915962555948, 3216
19916062307520, 19916062310736, 3216
19916294944432, 19916294952844, 8412
19916471344944, 19916471347676, 2732
19916660893324, 19916660896536, 3212
19917191622516, 19917191625348, 2832
19917335281092, 19917335285396, 4304
19917584626576, 19917584631324, 4748
19917624523704, 19917624528132, 4428
19917741192752, 19917741201464, 8712
19918682012368, 19918682015456, 3088
19918843627844, 19918843630460, 2616
19918891509656, 19918891511164, 1508
19919729248652, 19919729256652, 8000
19920435540996, 19920435549196, 8200
19920521148852, 19920521155828, 6976
19920723116200, 19920723120912, 4712
19921047742268, 19921047748412, 6144
19921754153436, 19921754160008, 6572
19922053862136, 19922053864624, 2488
19922583630684, 19922583639020, 8336
19922688358820, 19922688361980, 3160
19923121447380, 19923121457556, 10176
19923556226776, 19923556229660, 2884
19923839553352, 19923839556172, 2820
19924097181228, 19924097189400, 8172
19924329791452, 19924329798516, 7064
19924613741064, 19924613743940, 2876
19925162413608, 19925162416372, 2764
19925632899212, 19925632908116, 8904
19925890532292, 19925890540980, 8688
19926126061088, 19926126063840, 2752
19927113748484, 19927113752696, 4212
19927199289156, 19927199296352, 7196
19927301402792, 19927301408352, 5560
19927559070848, 19927559079132, 8284
19927660340112, 19927660343072, 2960
19928009509244, 19928009512228, 2984
19928530276412, 19928530279936, 3524
19928715899124, 19928715909304, 10180
19929138837292, 19929138840236, 2944
19929615217172, 19929615227276, 10104
19929745355088, 19929745359392, 4304
19905239101160, 19905239109884, 8724
19905255318080, 19905255327680, 9600
19905288069340, 19905288077936, 8596
19905304147060, 19905304155780, 8720
19905320306944, 19905320315184, 8240
19909356533792, 19909356538384, 4592
19910092703964, 19910092714752, 10788
19910517677912, 19910517680896, 2984
19911355113400, 19911355123664, 10264
19911790594292, 19911790598276, 3984
19912020039768, 19912020042664, 2896
19912252609664, 19912252619148, 9484
19912723088264, 19912723096732, 8468
19912980613160, 19912980621480, 8320
19913328934340, 19913328937276, 2936
19913883541740, 19913883547800, 6060
19914133449760, 19914133463044, 13284
19915192452976, 19915192455884, 2908
19915378044768, 19915378052680, 7912
19916303596624, 19916303605072, 8448
19916660890780, 19916660894640, 3860
19916910974764, 19916910983612, 8848
19916982113324, 19916982114880, 1556
19917409125512, 19917409128548, 3036
19917543534692, 19917543542232, 7540
19917658454904, 19917658458484, 3580
19917941774660, 19917941777716, 3056
19918071822084, 19918071831308, 9224
19918652087156, 19918652094384, 7228
19918871574532, 19918871578296, 3764
19919087059900, 19919087062728, 2828
19919412156640, 19919412165464, 8824
19919430231456, 19919430232836, 1380
19919560428032, 19919560435772, 7740
19919819249028, 19919819253592, 4564
19920242241392, 19920242244232, 2840
19920427872688, 19920427880264, 7576
19920822877136, 19920822880144, 3008
19920984489368, 19920984492212, 2844
19920987880816, 19920987890692, 9876
19921217920000, 19921217922796, 2796
19921605684652, 19921605692188, 7536
19922556674052, 19922556677320, 3268
19923263020324, 19923263029328, 9004
19923348606836, 19923348614044, 7208
19923556231880, 19923556242348, 10468
19924085707180, 19924085714624, 7444
19924335759156, 19924335768912, 9756
19924398350092, 19924398358196, 8104
19924401738884, 19924401745672, 6788
19924436130816, 19924436132020, 1204
19924713492600, 19924713496680, 4080
19924971076112, 19924971084960, 8848
19925897255148, 19925897262560, 7412
19926000350304, 19926000353536, 3232
19926191899944, 19926191903268, 3324
19926668260516, 19926668269920, 9404
19927213488740, 19927213492180, 3440
19927275523452, 19927275532636, 9184
19928113503296, 19928113510672, 7376
19928346710020, 19928346713128, 3108
19928876392788, 19928876401068, 8280
19929354330972, 19929354335668, 4696
19929427027616, 19929427031588, 3972
19929677374644, 19929677380152, 5508
19930002107780, 19930002111156, 3376
19905222597528, 19905222607352, 9824
19905271463088, 19905271471936, 8848
19910156537232, 19910156541048, 3816
19910156556292, 19910156563564, 7272
19910559580760, 19910559584404, 3644
19911728729808, 19911728732628, 2820
19911944220972, 19911944223904, 2932
19912201740260, 19912201751244, 10984
19912652679048, 19912652689288, 10240
19912876012548, 19912876020236, 7688
19913129407920, 19913129412148, 4228
19913580378992, 19913580404156, 25164
19914103027040, 19914103029788, 2748
19915092693376, 19915092696340, 2964
19915543621876, 19915543631464, 9588
19916062316132, 19916062319424, 3292
19916247868212, 19916247878204, 9992
19916723851748, 19916723860036, 8288
19916820497848, 19916820499240, 1392
19917005968532, 19917005976048, 7516
19917658457440, 19917658460348, 2908
19917859961612, 19917859964724, 3112
19918292777820, 19918292785120, 7300
19919035182620, 19919035187152, 4532
19919467960528, 19919467985340, 24812
19919700076308, 19919700085668, 9360
19919861139236, 19919861142160, 2924
19920311929764, 19920311936972, 7208
19920561951564, 19920561959152, 7588
19921247857204, 19921247861252, 4048
19921724109792, 19921724119424, 9632
19922179567404, 19922179572068, 4664
19922692353784, 19922692357312, 3528
19922877938356, 19922877947260, 8904
19923955283636, 19923955286064, 2428
19924279811452, 19924279820724, 9272
19925084614952, 19925084617808, 2856
19925184377988, 19925184381176, 3188
19925660680248, 19925660690116, 9868
19925790723200, 19925790730644, 7444
19925853314016, 19925853321000, 6984
19926038259772, 19926038262680, 2908
19926554639132, 19926554645116, 5984
19926770539964, 19926770543712, 3748
19927003067232, 19927003076516, 9284
19927211472144, 19927211473844, 1700
19927440939392, 19927440942720, 3328
19927991554596, 19927991557656, 3060
19928414549516, 19928414552488, 2972
19929254554976, 19929254558228, 3252
19929354332600, 19929354336100, 3500
19929539428424, 19929539432700, 4276
19929674317688, 19929674321700, 4012
19930816800764, 19930816808604, 7840
19905181522136, 19905181530668, 8532
19905206328168, 19905206336120, 7952
19909362512698, 19909362517972, 5274
19910148558188, 19910148562780, 4592
19910559584184, 19910559587340, 3156
19910992408024, 19910992416620, 8596
19911177951512, 19911177959800, 8288
19911427962172, 19911427970396, 8224
19911529219156, 19911529222048, 2892
19911728735040, 19911728737624, 2584
19912566089816, 19912566099700, 9884
19912905935332, 19912905941028, 5696
19913743329724, 19913743338148, 8424
19914449374652, 19914449383480, 8828
19914706946584, 19914706955528, 8944
19915661269076, 19915661274012, 4936
19916190762204, 19916190771096, 8892
19917215561092, 19917215566792, 5700
19917745171424, 19917745196920, 25496
19918261627724, 19918261636716, 8992
19918881543592, 19918881547244, 3652
19920016768128, 19920016770692, 2564
19920133956736, 19920133964940, 8204
19921017883772, 19921017893216, 9444
19921247881292, 19921247884172, 2880
19921505471348, 19921505480180, 8832
19921830055540, 19921830062020, 6480
19922093765500, 19922093771640, 6140
19922395069116, 19922395073024, 3908
19922610543540, 19922610546768, 3228
19922740498736, 19922740507192, 8456
19922973056588, 19922973064336, 7748
19923107393276, 19923107400820, 7544
19923560213116, 19923560219180, 6064
19923757757204, 19923757760680, 3476
19924713491412, 19924713494504, 3092
19925136480116, 19925136483168, 3052
19925568820472, 19925568830056, 9584
19926325579664, 19926325583836, 4172
19926770566220, 19926770570296, 4076
19926905423216, 19926905432648, 9432
19927887798396, 19927887801832, 3436
19928049416096, 19928049419016, 2920
19928180015984, 19928180024868, 8884
19928656145432, 19928656152620, 7188
19928718151116, 19928718159080, 7964
19929644142388, 19929644151292, 8904
19905214646616, 19905214661012, 14396
19905247312436, 19905247320520, 8084
19905296162132, 19905296175292, 13160
19909362513118, 19909362519332, 6214
19910166515832, 19910166520072, 4240
19910663336420, 19910663339404, 2984
19910797656948, 19910797667664, 10716
19910900248212, 19910900255864, 7652
19911429902344, 19911429910264, 7920
19912000091576, 19912000099400, 7824
19912134965200, 19912134973024, 7824
19912220533720, 19912220541108, 7388
19912322576608, 19912322584804, 8196
19912897973612, 19912897976816, 3204
19912959983704, 19912959993028, 9324
19913392680256, 19913392687608, 7352
19914276156052, 19914276163948, 7896
19914805639572, 19914805648992, 9420
19915270251520, 19915270254568, 3048
19915387395788, 19915387405720, 9932
19916224375260, 19916224383564, 8304
19916409487704, 19916409490828, 3124
19916539453272, 19916539461248, 7976
19917095850380, 19917095855500, 5120
19917275430920, 19917275433832, 2912
19917849994200, 19917849997128, 2928
19918207142404, 19918207145536, 3132
19918682019220, 19918682028912, 9692
19918914337752, 19918914346704, 8952
19918977976212, 19918977983508, 7296
19919278594900, 19919278597408, 2508
19920008785700, 19920008791304, 5604
19920241281572, 19920241294340, 12768
19920371849896, 19920371875012, 25116
19920804118616, 19920804126792, 8176
19921433418068, 19921433421888, 3820
19922270550944, 19922270559736, 8792
19922694352656, 19922694355752, 3096
19923145283124, 19923145292800, 9676
19923207293844, 19923207301684, 7840
19923957277880, 19923957281448, 3568
19924882964044, 19924882973444, 9400
19925184371196, 19925184374396, 3200
19925467687600, 19925467690528, 2928
19925602625332, 19925602633428, 8096
19925994369912, 19925994377664, 7752
19926283680928, 19926283685532, 4604
19926608722584, 19926608748452, 25868
19926770547516, 19926770550372, 2856
19927091761824, 19927091767100, 5276
19927540628288, 19927540631360, 3072
19928071369580, 19928071372368, 2788
19928402576476, 19928402579568, 3092
19928853301680, 19928853310652, 8972
19929342343440, 19929342349308, 5868
19929857067344, 19929857071152, 3808
19929942646468, 19929942649848, 3380
19930097530608, 19930097535296, 4688
19905165368552, 19905165377760, 9208
19905198069272, 19905198083000, 13728
19905230833220, 19905230841392, 8172
19905263606036, 19905263615968, 9932
19905279733944, 19905279742660, 8716
19905312444932, 19905312453872, 8940
19910168518108, 19910168522052, 3944
19910228363112, 19910228369064, 5952
19910667329224, 19910667333240, 4016
19911730729448, 19911730732620, 3172
19912656495836, 19912656508476, 12640
19912659903572, 19912659910788, 7216
19913396785676, 19913396788324, 2648
19913628799020, 19913628810124, 11104
19913691349768, 19913691357476, 7708
19914075093464, 19914075096056, 2592
19914192220500, 19914192230696, 10196
19914661708704, 19914661713588, 4884
19915092702824, 19915092705328, 2504
19915761031036, 19915761033752, 2716
19916010829800, 19916010837804, 8004
19916526944760, 19916526952980, 8220
19917452371864, 19917452380084, 8220
19918500450616, 19918500453376, 2760
19918729904136, 19918729907252, 3116
19918987215140, 19918987224000, 8860
19919322486132, 19919322487744, 1612
19919508082328, 19919508088864, 6536
19919655009936, 19919655017712, 7776
19920124955748, 19920124965756, 10008
19921247856280, 19921247860644, 4364
19921497715112, 19921497724640, 9528
19921559804700, 19921559812540, 7840
19921694643564, 19921694651892, 8328
19921780186920, 19921780194968, 8048
19922107735520, 19922107739888, 4368
19922494819880, 19922494823008, 3128
19923331838012, 19923331848036, 10024
19923655989544, 19923655993268, 3724
19923917369052, 19923917371640, 2588
19924349621880, 19924349630900, 9020
19925445737880, 19925445740592, 2712
19925678292864, 19925678301456, 8592
19926561806560, 19926561815004, 8444
19927213475680, 19927213481620, 5940
19927330078820, 19927330087520, 8700
19928308810384, 19928308815352, 4968
19928450474752, 19928450477608, 2856
19928535968284, 19928535976812, 8528
19928785909704, 19928785918980, 9276
19928916463312, 19928916471604, 8292
19929408198936, 19929408201960, 3024
19929640811556, 19929640815588, 4032
19929761278968, 19929761281180, 2212
19905157892156, 19905157905440, 13284
19905173342532, 19905173351656, 9124
19905189679564, 19905189688444, 8880
19909372499824, 19909372506304, 6480
19910268278300, 19910268279888, 1588
19910718968740, 19910718979248, 10508
19910804523820, 19910804531720, 7900
19911274788308, 19911274795512, 7204
19911748689336, 19911748693024, 3688
19912073029352, 19912073039728, 10376
19912490934428, 19912490936772, 2344
19912620943568, 19912620952168, 8600
19913205231416, 19913205238644, 7228
19913396806580, 19913396809732, 3152
19913531188148, 19913531198392, 10244
19913716759392, 19913716767764, 8372
19914186821832, 19914186831004, 9172
19914511310612, 19914511318528, 7916
19914696873620, 19914696880052, 6432
19914831162264, 19914831169944, 7680
19914970974024, 19914970978584, 4560
19915295266356, 19915295275112, 8756
19915552901812, 19915552910212, 8400
19915761027312, 19915761030740, 3428
19916022393524, 19916022397240, 3716
19916497283452, 19916497286652, 3200
19917409142516, 19917409147056, 4540
19917733631932, 19917733640532, 8600
19918733896624, 19918733899968, 3344
19918885530372, 19918885534204, 3832
19918907472368, 19918907473876, 1508
19920030735780, 19920030738500, 2720
19920092741260, 19920092750348, 9088
19920984486760, 19920984490356, 3596
19921500722488, 19921500731380, 8892
19922209497160, 19922209499736, 2576
19922271505412, 19922271514092, 8680
19922741491116, 19922741498272, 7156
19923257852940, 19923257859708, 6768
19923656003832, 19923656007844, 4012
19924106674304, 19924106683764, 9460
19924236711740, 19924236720840, 9100
19924371590932, 19924371599028, 8096
19924457152444, 19924457159800, 7356
19924939239564, 19924939246984, 7420
19925776370476, 19925776379088, 8612
19926074184056, 19926074188556, 4500
19926911838884, 19926911847308, 8424
19927213483536, 19927213486296, 2760
19927689700992, 19927689708680, 7688
19928073359968, 19928073362612, 2644
19928476411480, 19928476413884, 2404
19929412181532, 19929412184336, 2804
19929882524192, 19929882528656, 4464
19910268283008, 19910268287116, 4108
19910304181264, 19910304187284, 6020
19910780221332, 19910780233108, 11776
19910842247396, 19910842255744, 8348
19911784605600, 19911784609624, 4024
19912217404292, 19912217414604, 10312
19912279436404, 19912279443232, 6828
19913382805644, 19913382808248, 2604
19913707464440, 19913707474048, 9608
19914107014440, 19914107016888, 2448
19914558005632, 19914558015248, 9616
19914620031432, 19914620038568, 7136
19914623421264, 19914623427776, 6512
19915260283856, 19915260286760, 2904
19915860784840, 19915860787860, 3020
19916185804328, 19916185813908, 9580
19916497278216, 19916497280844, 2628
19916587059676, 19916587067320, 7644
19917010066216, 19917010068888, 2672
19917558690648, 19917558693256, 2608
19917907848908, 19917907851996, 3088
19917969875532, 19917969884488, 8956
19918452559148, 19918452566356, 7208
19918851610292, 19918851614584, 4292
19919302510944, 19919302539008, 28064
19919305938568, 19919305945412, 6844
19920064666576, 19920064669816, 3240
19920252218020, 19920252221140, 3120
19920822872492, 19920822876108, 3616
19921371557172, 19921371560104, 2932
19922504793840, 19922504798248, 4408
19923755754480, 19923755757264, 2784
19924225865748, 19924225875812, 10064
19924813248620, 19924813251316, 2696
19924930428436, 19924930439052, 10616
19925180224000, 19925180232388, 8388
19925709874236, 19925709882028, 7792
19926415805408, 19926415814472, 9064
19926696703376, 19926696710916, 7540
19927226124412, 19927226149816, 25404
19927723849160, 19927723856832, 7672
19928240151024, 19928240158524, 7500
19929282484248, 19929282489816, 5568
19929857059036, 19929857062736, 3700
