30858506998092, 30858507005376, 7284
30858524369608, 30858524377888, 8280
30858541342700, 30858541350720, 8020
30858558587752, 30858558596124, 8372
30863758745300, 30863758749364, 4064
30863758766904, 30863758773008, 6104
30863878406672, 30863878409584, 2912
30864574110332, 30864574120920, 10588
30864583599076, 30864583606280, 7204
30864603125300, 30864603131916, 6616
30864807683640, 30864807687068, 3428
30865334148128, 30865334151232, 3104
30866000538568, 30866000548564, 9996
30866020615460, 30866020622628, 7168
30866222321952, 30866222330776, 8824
30866510708776, 30866510711984, 3208
30867207624516, 30867207633300, 8784
30867234593772, 30867234595152, 1380
30867325357932, 30867325365548, 7616
30867777033296, 30867777036048, 2752
30868688393040, 30868688396784, 3744
30869489847740, 30869489857736, 9996
30869499856720, 30869499864184, 7464
30870239928036, 30870239931968, 3932
30870776391960, 30870776394832, 2872
30870882718716, 30870882726380, 7664
30871597923784, 30871597926672, 2888
30872294691176, 30872294701680, 10504
30872856247636, 30872856250304, 2668
30873713188180, 30873713197560, 9380
30873732729528, 30873732737852, 8324
30874228216088, 30874228219076, 2988
30874437318268, 30874437327916, 9648
30874521380012, 30874521383560, 3548
30875045876328, 30875045879644, 3316
30875783630544, 30875783640208, 9664
30876290329260, 30876290332224, 2964
30877091967204, 30877091977052, 9848
30877373101172, 30877373104172, 3000
30877809855180, 30877809857852, 2672
30878012454308, 30878012462564, 8256
30878031991192, 30878031999476, 8284
30878783011572, 30878783015276, 3704
30879287551784, 30879287555112, 3328
30879639485848, 30879639495044, 9196
30879847946424, 30879847953860, 7436
30879853874228, 30879853875428, 1200
30880279935148, 30880279943576, 8428
30880418228264, 30880418233848, 5584
30880934736876, 30880934744396, 7520
30881360954248, 30881360963772, 9524
30881370444136, 30881370451472, 7336
30881572720668, 30881572727556, 6888
30881592252628, 30881592260608, 7980
30882037501992, 30882037505704, 3712
30882103282848, 30882103284648, 1800
30882500402904, 30882500411772, 8868
30882889055512, 30882889058872, 3360
30883261940800, 30883261943900, 3100
30862572260180, 30862572263492, 3312
30863481572748, 30863481579780, 7032
30863778688396, 30863778692052, 3656
30863882385656, 30863882389264, 3608
30864978644296, 30864978651200, 6904
30865190583808, 30865190587292, 3484
30865886669220, 30865886679656, 10436
30866312396708, 30866312404896, 8188
30866748025792, 30866748028760, 2968
30867166812728, 30867166817240, 4512
30867404339748, 30867404348504, 8756
30867446087164, 30867446093556, 6392
30867976435284, 30867976438248, 2964
30868402314964, 30868402324036, 9072
30868588674616, 30868588677564, 2948
30868788102272, 30868788104764, 2492
30869643774424, 30869643783968, 9544
30870140143532, 30870140147068, 3536
30870566441564, 30870566451640, 10076
30870778296976, 30870778299804, 2828
30871647790896, 30871647794612, 3716
30871954842668, 30871954845468, 2800
30872130329400, 30872130333152, 3752
30872249999020, 30872250002068, 3048
30873085572424, 30873085575184, 2760
30873600100328, 30873600108108, 7780
30874421705164, 30874421709228, 4064
30874623942716, 30874623951352, 8636
30874960164396, 30874960167220, 2824
30875816499916, 30875816509536, 9620
30875837014128, 30875837020944, 6816
30876298238228, 30876298241592, 3364
30876415873584, 30876415876512, 2928
30877152465688, 30877152473440, 7752
30877271420344, 30877271423276, 2932
30877740062736, 30877740070392, 7656
30878477257780, 30878477268204, 10424
30879120092384, 30879120100048, 7664
30879857877200, 30879857904388, 27188
30880145067464, 30880145076896, 9432
30880482054892, 30880482057880, 2988
30880567792924, 30880567795608, 2684
30880601688532, 30880601691620, 3088
30880707918916, 30880707927668, 8752
30880986565176, 30880986567452, 2276
30881224118572, 30881224127540, 8968
30881907873524, 30881907878576, 5052
30882146048140, 30882146055928, 7788
30882288803420, 30882288810128, 6708
30882308310256, 30882308316716, 6460
30882414413732, 30882414419916, 6184
30882423874704, 30882423882296, 7592
30883225766896, 30883225776480, 9584
30858473081264, 30858473090184, 8920
30862640064688, 30862640067864, 3176
30863483613676, 30863483621236, 7560
30864152840336, 30864152850684, 10348
30864952700688, 30864952712236, 11548
30865389986300, 30865389989304, 3004
30865787037428, 30865787046584, 9156
30866199099256, 30866199107476, 8220
30866219614944, 30866219622216, 7272
30866861702364, 30866861705252, 2888
30867406414224, 30867406421928, 7704
30867819524456, 30867819533444, 8988
30868991511952, 30868991519544, 7592
30870239929100, 30870239945252, 16152
30871041730056, 30871041740428, 10372
30871496233988, 30871496237952, 3964
30871689664500, 30871689670232, 5732
30872577112468, 30872577117800, 5332
30873122421576, 30873122430984, 9408
30873338854424, 30873338857600, 3176
30873691753636, 30873691764012, 10376
30874122580844, 30874122583732, 2888
30874246267000, 30874246271592, 4592
30874421712532, 30874421716404, 3872
30874709116292, 30874709124360, 8068
30875414794056, 30875414797152, 3096
30876391957484, 30876391960168, 2684
30876630017956, 30876630028740, 10784
30877055680488, 30877055688716, 8228
30877407674168, 30877407683188, 9020
30877417167848, 30877417175172, 7324
30877692302104, 30877692307100, 4996
30878118599668, 30878118608340, 8672
30878139108660, 30878139116004, 7344
30878347473792, 30878347480872, 7080
30878683286952, 30878683289680, 2728
30879143965288, 30879143973252, 7964
30879382203752, 30879382230720, 26968
30879391718728, 30879391725620, 6892
30879788630036, 30879788638968, 8932
30879808160296, 30879808167704, 7408
30880364469128, 30880364476048, 6920
30880545880008, 30880545890536, 10528
30881283338716, 30881283348720, 10004
30881373574232, 30881373582052, 7820
30881760367304, 30881760370416, 3112
30881880104564, 30881880106372, 1808
30882891029664, 30882891032680, 3016
30883299958008, 30883299982976, 24968
30883606994548, 30883606997428, 2880
30883896138900, 30883896141768, 2868
30858456074504, 30858456083684, 9180
30858515080480, 30858515089664, 9184
30862636054408, 30862636057424, 3016
30863549449504, 30863549455740, 6236
30863862543480, 30863862546400, 2920
30864071202968, 30864071213324, 10356
30864467655220, 30864467664800, 9580
30864705228740, 30864705236680, 7940
30865190672880, 30865190675648, 2768
30865324173036, 30865324185244, 12208
30865561701868, 30865561733344, 31476
30865669170684, 30865669173256, 2572
30866516689360, 30866516696500, 7140
30866867669488, 30866867672380, 2892
30866887145012, 30866887155256, 10244
30867312752540, 30867312761924, 9384
30868094134544, 30868094138352, 3808
30868929722848, 30868929726036, 3188
30869326991200, 30869327001020, 9820
30869433100492, 30869433107880, 7388
30869452620720, 30869452627996, 7276
30869753463104, 30869753466244, 3140
30870299523140, 30870299533404, 10264
30871564122032, 30871564129012, 6980
30872762522480, 30872762525492, 3012
30872964217268, 30872964226736, 9468
30873239173304, 30873239177348, 4044
30874122581316, 30874122585356, 4040
30875115685596, 30875115688496, 2900
30875528861660, 30875528870412, 8752
30875619078556, 30875619088236, 9680
30875638611236, 30875638618752, 7516
30876737700488, 30876737707496, 7008
30877821810456, 30877821813340, 2884
30878882712236, 30878882715268, 3032
30878920604600, 30878920607472, 2872
30879281557600, 30879281561184, 3584
30880075198004, 30880075200848, 2844
30880539886860, 30880539893796, 6936
30881235963240, 30881235972992, 9752
30881324202092, 30881324209756, 7664
30881824193988, 30881824201140, 7152
30882520229908, 30882520237460, 7552
30882807382128, 30882807389004, 6876
30883220242816, 30883220247656, 4840
30883239780236, 30883239783856, 3620
30883473838132, 30883473842020, 3888
30883886188308, 30883886191104, 2796
30858447680544, 30858447688204, 7660
30858498464840, 30858498473088, 8248
30858532915804, 30858532929444, 13640
30860566654368, 30860566659692, 5324
30860566712860, 30860566715832, 2972
30860566765000, 30860566767760, 2760
30860566799244, 30860566801668, 2424
30860566823736, 30860566825992, 2256
30860566847904, 30860566849504, 1600
30860566884560, 30860566887116, 2556
30860566932108, 30860566935336, 3228
30860566963536, 30860566965896, 2360
30860566987604, 30860566989388, 1784
30860567038980, 30860567041592, 2612
30860567081716, 30860567084472, 2756
30860567118412, 30860567120808, 2396
30860567142620, 30860567145736, 3116
30860567175272, 30860567178312, 3040
30860567199976, 30860567201364, 1388
30860567301964, 30860567305004, 3040
30860567333940, 30860567336424, 2484
30860567387368, 30860567390076, 2708
30860567436528, 30860567439256, 2728
30860567479836, 30860567482280, 2444
30862560381368, 30862560386816, 5448
30862560402832, 30862560415204, 12372
30862560426844, 30862560436704, 9860
30862560447080, 30862560456032, 8952
30862560466496, 30862560474884, 8388
30862560484824, 30862560492872, 8048
30862560503144, 30862560511400, 8256
30862560521244, 30862560529880, 8636
30862560540264, 30862560548900, 8636
30862560558720, 30862560566460, 7740
30862560577264, 30862560585700, 8436
30862560595740, 30862560603872, 8132
30862560614436, 30862560622816, 8380
30862560632500, 30862560640724, 8224
30863258247468, 30863258253944, 6476
30863750794108, 30863750800644, 6536
30864103929596, 30864103938196, 8600
30864192117616, 30864192124048, 6432
30864604596572, 30864604602904, 6332
30864907390080, 30864907393192, 3112
30865190590212, 30865190600224, 10012
30866288069000, 30866288078720, 9720
30866955704528, 30866955714196, 9668
30867142883324, 30867142886320, 2996
30867176760328, 30867176762204, 1876
30867843493456, 30867843502144, 8688
30868145931940, 30868145934784, 2844
30868542766588, 30868542775500, 8912
30868563288976, 30868563295768, 6792
30868796066300, 30868796069780, 3480
30869209202204, 30869209209900, 7696
30869634909496, 30869634918456, 8960
30869727408076, 30869727413012, 4936
30869753478924, 30869753482788, 3864
30870740423916, 30870740429252, 5336
30870874004004, 30870874007276, 3272
30871803332588, 30871803335468, 2880
30872469558204, 30872469569036, 10832
30872577094604, 30872577097224, 2620
30872716662692, 30872716681372, 18680
30873440560528, 30873440567600, 7072
30873558226056, 30873558229004, 2948
30873639965952, 30873639968020, 2068
30874427641100, 30874427643992, 2892
30875123650792, 30875123658796, 8004
30875521242284, 30875521269636, 27352
30876491753116, 30876491755808, 2692
30876591355896, 30876591359356, 3460
30876988101156, 30876988110916, 9760
30877967333164, 30877967336260, 3096
30878982413540, 30878982416204, 2664
30879287541060, 30879287543800, 2740
30879308059020, 30879308069428, 10408
30880108252720, 30880108263076, 10356
30880819062920, 30880819078056, 15136
30881619719460, 30881619746460, 27000
30882071418776, 30882071421832, 3056
30882497228984, 30882497238240, 9256
30883043050936, 30883043060104, 9168
30883096415272, 30883096416848, 1576
30883858268132, 30883858276228, 8096
30858413902924, 30858413910452, 7528
30858422378696, 30858422387344, 8648
30858566958800, 30858566967372, 8572
30862570310904, 30862570313904, 3000
30863587255844, 30863587263008, 7164
30864443795800, 30864443807460, 11660
30865190687964, 30865190691960, 3996
30865409926216, 30865409930492, 4276
30865954769908, 30865954780460, 10552
30866061367344, 30866061375396, 8052
30866446881220, 30866446884468, 3248
30867645441452, 30867645444572, 3120
30868108038952, 30868108042896, 3944
30868345561156, 30868345571056, 9900
30869009433844, 30869009441580, 7736
30869247012260, 30869247021124, 8864
30869454882116, 30869454889460, 7344
30869930875744, 30869930883136, 7392
30870335564780, 30870335568780, 4000
30871031983188, 30871031991848, 8660
30871052481232, 30871052488876, 7644
30871254663716, 30871254671388, 7672
30871809310792, 30871809313412, 2620
30872694813620, 30872694821856, 8236
30872932756860, 30872932767492, 10632
30873338860372, 30873338863640, 3268
30873458524896, 30873458527984, 3088
30873885141380, 30873885151252, 9872
30874741343456, 30874741354712, 11256
30874760880696, 30874760887496, 6800
30874781383216, 30874781389844, 6628
30875583305276, 30875583314756, 9480
30876088815768, 30876088819824, 4056
30876489656572, 30876489659412, 2840
30877155430296, 30877155439460, 9164
30877343198972, 30877343201348, 2376
30878011280588, 30878011290248, 9660
30879281586588, 30879281591664, 5076
30880571773728, 30880571776524, 2796
30881854103296, 30881854110896, 7600
30882952534196, 30882952543036, 8840
30883154703260, 30883154707060, 3800
30858406211360, 30858406219324, 7964
30858439223488, 30858439235840, 12352
30858490336964, 30858490345156, 8192
30863676991728, 30863676995496, 3768
30863677010980, 30863677018196, 7216
30864103715040, 30864103727408, 12368
30864647984496, 30864647994280, 9784
30865504572012, 30865504580620, 8608
30865641265496, 30865641270760, 5264
30866668275176, 30866668283076, 7900
30867524585736, 30867524611876, 26140
30867729206376, 30867729209564, 3188
30867748698444, 30867748708464, 10020
30868100174568, 30868100177608, 3040
30869023394704, 30869023402160, 7456
30869787191812, 30869787194992, 3180
30870339551132, 30870339554380, 3248
30870359044132, 30870359053352, 9220
30870567480764, 30870567488772, 8008
30870980791452, 30870980799696, 8244
30871333143724, 30871333151848, 8124
30871633813564, 30871633822244, 8680
30872084473788, 30872084478964, 5176
30872436352560, 30872436361128, 8568
30872860222928, 30872860226100, 3172
30873657916228, 30873657918996, 2768
30873959007552, 30873959010200, 2648
30874505248596, 30874505259184, 10588
30875339028492, 30875339035832, 7340
30875883536436, 30875883545412, 8976
30876190571900, 30876190574536, 2636
30876579400312, 30876579403400, 3088
30876992083412, 30876992091788, 8376
30877082299652, 30877082308320, 8668
30877102796236, 30877102802964, 6728
30877752028564, 30877752033044, 4480
30877941423976, 30877941426436, 2460
30878338385628, 30878338395868, 10240
30879179942432, 30879179949572, 7140
30879847165380, 30879847192892, 27512
30879935517864, 30879935525992, 8128
30880745262964, 30880745265820, 2856
30881142380516, 30881142390588, 10072
30882073378764, 30882073383152, 4388
30882929341380, 30882929351292, 9912
30882949840696, 30882949845592, 4896
30883920018436, 30883920022320, 3884
30858431013848, 30858431022472, 8624
30858464644916, 30858464653232, 8316
30858481680264, 30858481688156, 7892
30858550017696, 30858550026240, 8544
30858574833368, 30858574848932, 15564
30862572253232, 30862572256704, 3472
30863728887128, 30863728894232, 7104
30863946205756, 30863946209288, 3532
30864682785280, 30864682795920, 10640
30865320195028, 30865320212688, 17660
30866057078764, 30866057089680, 10916
30866453706812, 30866453715680, 8868
30866700176056, 30866700183104, 7048
30867523770612, 30867523774096, 3484
30867731173956, 30867731176972, 3016
30868427275452, 30868427285484, 10032
30868518046540, 30868518055280, 8740
30868981533920, 30868981542304, 8384
30869938706668, 30869938710544, 3876
30870027486672, 30870027493944, 7272
30870874107108, 30870874110080, 2972
30871111673484, 30871111682324, 8840
30871199904760, 30871199911564, 6804
30871219430708, 30871219438956, 8248
30871773422180, 30871773429756, 7576
30872011247816, 30872011254032, 6216
30872030758816, 30872030765628, 6812
30872443161560, 30872443170120, 8560
30872766499964, 30872766503524, 3560
30872850239396, 30872850241440, 2044
30872869749880, 30872869757692, 7812
30873967854396, 30873967862944, 8548
30874136499920, 30874136504528, 4608
30875374902756, 30875374908616, 5860
30875463111824, 30875463119928, 8104
30875700583084, 30875700592684, 9600
30875710055740, 30875710063060, 7320
30875918380956, 30875918389212, 8256
30876775706056, 30876775715412, 9356
30876938337340, 30876938338628, 1288
30877829786928, 30877829790308, 3380
30878117422004, 30878117430104, 8100
30878468966300, 30878468974952, 8652
30878478974740, 30878478982188, 7448
30878567122516, 30878567129184, 6668
30879000359892, 30879000363116, 3224
30879856368316, 30879856377520, 9204
30880052606084, 30880052615480, 9396
30881070326252, 30881070329192, 2940
30881949741716, 30881949759720, 18004
30882889062060, 30882889064936, 2876
30883126699812, 30883126704272, 4460
