40882170990096, 40882171030652, 40556
40882340569464, 40882340572044, 2580
40882757586512, 40882757598824, 12312
40883713298348, 40883713308404, 10056
40884201142316, 40884201151288, 8972
40884633060760, 40884633072676, 11916
40885120779336, 40885120788584, 9248
40886079614804, 40886079623592, 8788
40886795857088, 40886795868496, 11408
40887480215456, 40887480227012, 11556
40888156543132, 40888156554148, 11016
40888718570580, 40888718579268, 8688
40889237985188, 40889237997032, 11844
40890447055820, 40890447066512, 10692
40891131405748, 40891131417744, 11996
40891694065656, 40891694077332, 11676
40892412321820, 40892412333288, 11468
40892894378808, 40892894387644, 8836
40893172528812, 40893172540576, 11764
40893758027800, 40893758035508, 7708
40894116817988, 40894116826100, 8112
40894782598396, 40894782606468, 8072
40895443025476, 40895443037064, 11588
40896109391868, 40896109403460, 11592
40896855608844, 40896855617168, 8324
40897518026028, 40897518035780, 9752
40898137175724, 40898137185056, 9332
40898721130976, 40898721142812, 11836
40899223908064, 40899223919544, 11480
40899990082876, 40899990092516, 9640
40900818055920, 40900818066476, 10556
40901330842688, 40901330851508, 8820
40901892799492, 40901892807852, 8360
40882167004284, 40882167041472, 37188
40882434342900, 40882434345548, 2648
40883086798688, 40883086810776, 12088
40883789117908, 40883789127528, 9620
40884351219616, 40884351228408, 8792
40884908066716, 40884908074380, 7664
40885680556928, 40885680566216, 9288
40886168094904, 40886168103188, 8284
40886382780844, 40886382788676, 7832
40887063205108, 40887063215188, 10080
40887723635224, 40887723646532, 11308
40888236360764, 40888236372264, 11500
40888595698568, 40888595706824, 8256
40889108277580, 40889108287876, 10296
40889513055248, 40889513063468, 8220
40889727244872, 40889727252928, 8056
40890546809296, 40890546819980, 10684
40891420716416, 40891420724340, 7924
40891982423448, 40891982432136, 8688
40892893153516, 40892893164604, 11088
40894138138444, 40894138149768, 11324
40894872391872, 40894872399912, 8040
40895231103572, 40895231111872, 8300
40896646107840, 40896646111444, 3604
40898122539816, 40898122551036, 11220
40898337329116, 40898337338296, 9180
40899120159692, 40899120171008, 11316
40899780582272, 40899780593304, 11032
40900243665660, 40900243673840, 8180
40900873926496, 40900873938136, 11640
40901430605488, 40901430616976, 11488
40902015204524, 40902015216176, 11652
40902486021580, 40902486032128, 10548
40881632332284, 40881632371864, 39580
40882609922988, 40882609932128, 9140
40884130262372, 40884130273700, 11328
40884674957744, 40884674968608, 10864
40885157235152, 40885157243552, 8400
40886019757380, 40886019767128, 9748
40886378693596, 40886378702332, 8736
40888310182352, 40888310192448, 10096
40889293851668, 40889293862804, 11136
40890393165340, 40890393173612, 8272
40890879051512, 40890879060288, 8776
40891506528720, 40891506539160, 10440
40892091676048, 40892091684436, 8388
40892839288156, 40892839298364, 10208
40893611443016, 40893611451192, 8176
40894229934048, 40894229945280, 11232
40894694816336, 40894694827616, 11280
40895772250700, 40895772261024, 10324
40896176651964, 40896176660920, 8956
40898106575532, 40898106586252, 10720
40899595024216, 40899595035336, 11120
40900107743448, 40900107752192, 8744
40900590098168, 40900590107452, 9284
40901207138076, 40901207149504, 11428
40901670208764, 40901670217660, 8896
40902984845272, 40902984860936, 15664
40881658268964, 40881658305644, 36680
40882689737192, 40882689745152, 7960
40883350163444, 40883350174780, 11336
40883968738600, 40883968747248, 8648
40884553255312, 40884553267344, 12032
40885016045332, 40885016054084, 8752
40885778334932, 40885778338380, 3448
40886614286172, 40886614296276, 10104
40888136594392, 40888136605700, 11308
40889587153416, 40889587165208, 11792
40890313353804, 40890313362124, 8320
40891508520320, 40891508530316, 9996
40891993529460, 40891993538244, 8784
40892512060348, 40892512071016, 10668
40892974332456, 40892974341304, 8848
40894415472264, 40894415475408, 3144
40895834099820, 40895834111908, 12088
40897031598364, 40897031606540, 8176
40897711562380, 40897711573300, 10920
40900115738796, 40900115749784, 10988
40901330845100, 40901330855396, 10296
40901887580248, 40901887589096, 8848
40902464078988, 40902464088308, 9320
