32153990651864, 32153990659540, 7676
32157999017400, 32157999020632, 3232
32158786698296, 32158786704568, 6272
32159582249204, 32159582255932, 6728
32160377944576, 32160377950608, 6032
32161173634800, 32161173641652, 6852
32161969402988, 32161969409664, 6676
32162765101272, 32162765108124, 6852
32163560707656, 32163560714212, 6556
32164356374880, 32164356382116, 7236
32165152070176, 32165152076452, 6276
32165947747776, 32165947753792, 6016
32166743471376, 32166743478184, 6808
32167539157592, 32167539164776, 7184
32168334779408, 32168334786464, 7056
32169130432884, 32169130440184, 7300
32169926169644, 32169926176268, 6624
32170721890604, 32170721898160, 7556
32171517501620, 32171517509044, 7424
32172313201568, 32172313209100, 7532
32173108893048, 32173108900288, 7240
32173904544296, 32173904551708, 7412
32174700270584, 32174700277804, 7220
32175495965088, 32175495972436, 7348
32176291617684, 32176291625340, 7656
32177087321460, 32177087327888, 6428
32177883016112, 32177883022160, 6048
32178678675320, 32178678683516, 8196
32153965845624, 32153965853984, 8360
32158130508196, 32158130511428, 3232
32158798619684, 32158798627548, 7864
32159606155276, 32159606160708, 5432
32160413849668, 32160413856020, 6352
32161221454140, 32161221461356, 7216
32162029153008, 32162029157632, 4624
32162836829872, 32162836836136, 6264
32163644487116, 32163644491760, 4644
32164452182424, 32164452187080, 4656
32165259704000, 32165259710992, 6992
32166067390996, 32166067396300, 5304
32166875076936, 32166875083676, 6740
32167682789948, 32167682794600, 4652
32168490353540, 32168490359832, 6292
32169297932064, 32169297938412, 6348
32170105605196, 32170105611784, 6588
32170913212480, 32170913217408, 4928
32171720928876, 32171720935000, 6124
32172528636496, 32172528640940, 4444
32173336247676, 32173336254244, 6568
32174143881468, 32174143889052, 7584
32174951493472, 32174951499756, 6284
32175759198120, 32175759204812, 6692
32176566811216, 32176566817924, 6708
32177374457692, 32177374464316, 6624
32178182165252, 32178182170216, 4964
32153982423160, 32153982431480, 8320
32154006647780, 32154006656448, 8668
32158086780848, 32158086783804, 2956
32158914268308, 32158914275288, 6980
32159837554120, 32159837561608, 7488
32160760904152, 32160760908828, 4676
32161684151372, 32161684158448, 7076
32162607452052, 32162607456704, 4652
32163530813452, 32163530818352, 4900
32164454101784, 32164454107144, 5360
32165377443276, 32165377447936, 4660
32166300731276, 32166300738508, 7232
32167224007580, 32167224013816, 6236
32168147352368, 32168147357268, 4900
32169070607700, 32169070613368, 5668
32169993962696, 32169993967220, 4524
32170917234100, 32170917239216, 5116
32171840592528, 32171840597016, 4488
32172763905424, 32172763912372, 6948
32173687196812, 32173687202040, 5228
32174610515228, 32174610519928, 4700
32175533825920, 32175533831820, 5900
32176457201728, 32176457206612, 4884
32177380428220, 32177380433068, 4848
32178303802264, 32178303808792, 6528
32157997011616, 32157997014552, 2936
32159269252008, 32159269256308, 4300
32160547567588, 32160547573040, 5452
32161825714604, 32161825721776, 7172
32163103996784, 32163104002292, 5508
32164382377408, 32164382383908, 6500
32165660618516, 32165660623336, 4820
32166938837672, 32166938844240, 6568
32168217126232, 32168217132284, 6052
32169495360272, 32169495366508, 6236
32170773792732, 32170773799012, 6280
32172051973268, 32172051979956, 6688
32173330248204, 32173330254416, 6212
32174608577788, 32174608584600, 6812
32175886788128, 32175886795124, 6996
32177165071796, 32177165077604, 5808
32178443417640, 32178443423872, 6232
32153958180740, 32153958192240, 11500
32153974143848, 32153974152128, 8280
32157999045800, 32157999048952, 3152
32159394892140, 32159394897432, 5292
32160798763560, 32160798768520, 4960
32162202613916, 32162202620560, 6644
32163606503600, 32163606510124, 6524
32165010623780, 32165010628860, 5080
32166414523820, 32166414528384, 4564
32167818294912, 32167818301908, 6996
32169222235776, 32169222240368, 4592
32170626178680, 32170626185560, 6880
32172030058672, 32172030063372, 4700
32173433898208, 32173433905184, 6976
32174837874268, 32174837879296, 5028
32176241797268, 32176241803652, 6384
32177645758304, 32177645764768, 6464
32179049577460, 32179049584244, 6784
32158012907568, 32158012910832, 3264
32159412719976, 32159412726404, 6428
32160834707788, 32160834714608, 6820
32162256452944, 32162256458004, 5060
32163678304036, 32163678310988, 6952
32165100243924, 32165100248436, 4512
32166522121772, 32166522128020, 6248
32167944018524, 32167944025040, 6516
32169365843220, 32169365849212, 5992
32170787676860, 32170787682896, 6036
32172209511520, 32172209518344, 6824
32173631425808, 32173631431572, 5764
32175053302676, 32175053309768, 7092
32176475072448, 32176475078736, 6288
32177896992620, 32177896998524, 5904
32179318758488, 32179318765316, 6828
32153998914236, 32153998929176, 14940
32155998173436, 32155998179132, 5696
32155998241672, 32155998244760, 3088
32155998274692, 32155998276996, 2304
32155998403224, 32155998406388, 3164
32155998438176, 32155998440876, 2700
32155998472128, 32155998474420, 2292
32155998496204, 32155998500024, 3820
32157991092644, 32157991099004, 6360
32158696835068, 32158696841436, 6368
32159402785616, 32159402790128, 4512
32160108760092, 32160108767080, 6988
32160814701844, 32160814706376, 4532
32161520677108, 32161520681692, 4584
32162226560568, 32162226567560, 6992
32162932492440, 32162932536812, 44372
32163638448696, 32163638453648, 4952
32164344439236, 32164344446744, 7508
32165050342352, 32165050349332, 6980
32165756370520, 32165756375232, 4712
32166462300276, 32166462307500, 7224
32167168148224, 32167168155360, 7136
32167874141956, 32167874149184, 7228
32168580142544, 32168580149396, 6852
32169285999124, 32169286006156, 7032
32169992023184, 32169992027500, 4316
32170697950992, 32170697958276, 7284
32171403992420, 32171404000012, 7592
32172109783444, 32172109791744, 8300
32172815786988, 32172815793716, 6728
32173521757396, 32173521764640, 7244
32174227617004, 32174227624284, 7280
32174933540380, 32174933546924, 6544
32175639538508, 32175639545768, 7260
32176345532180, 32176345539484, 7304
32177051365420, 32177051372672, 7252
32177757404308, 32177757411264, 6956
32178463271496, 32178463279652, 8156
