32360022832296, 32360022835904, 3608
32361372892708, 32361372899136, 6428
32362726881124, 32362726886648, 5524
32364081004664, 32364081011104, 6440
32365435100320, 32365435105192, 4872
32366789124064, 32366789130416, 6352
32368143168424, 32368143173184, 4760
32369497197680, 32369497203432, 5752
32370851200712, 32370851205456, 4744
32372205320344, 32372205325668, 5324
32373559345992, 32373559352088, 6096
32374913497448, 32374913505004, 7556
32376267478056, 32376267483352, 5296
32377621527688, 32377621534072, 6384
32378975574868, 32378975579768, 4900
32380329645948, 32380329652600, 6652
32356026391004, 32356026399780, 8776
32360050698788, 32360050701720, 2932
32361462704884, 32361462711788, 6904
32362906368696, 32362906373308, 4612
32364350193576, 32364350200444, 6868
32365793974708, 32365793979780, 5072
32367237776516, 32367237781164, 4648
32368681560732, 32368681567108, 6376
32370125384016, 32370125391212, 7196
32371569183928, 32371569188964, 5036
32373013001172, 32373013005824, 4652
32374456694092, 32374456698952, 4860
32375900642676, 32375900647532, 4856
32377344379904, 32377344386996, 7092
32378788146084, 32378788152196, 6112
32380231932748, 32380231939540, 6792
32360050754824, 32360050757708, 2884
32361482536028, 32361482543364, 7336
32362946225712, 32362946230376, 4664
32364410013864, 32364410020936, 7072
32365873753476, 32365873758228, 4752
32367337457980, 32367337464320, 6340
32368801178072, 32368801183724, 5652
32370265033784, 32370265038644, 4860
32371728692940, 32371728699580, 6640
32373192452468, 32373192459800, 7332
32374656155668, 32374656161180, 5512
32376119923520, 32376119930640, 7120
32377583747096, 32377583751796, 4700
32379047367780, 32379047372788, 5008
32380511149192, 32380511156924, 7732
32360028730380, 32360028733716, 3336
32361652030392, 32361652035148, 4756
32363285367104, 32363285371780, 4676
32364918592604, 32364918597516, 4912
32366551729432, 32366551734280, 4848
32368185025984, 32368185030620, 4636
32369818282616, 32369818289336, 6720
32371451529532, 32371451534412, 4880
32373084731460, 32373084738452, 6992
32374717956040, 32374717961156, 5116
32376351334852, 32376351339504, 4652
32377984538240, 32377984543020, 4780
32379617747660, 32379617754192, 6532
32381251013128, 32381251019688, 6560
32356033719572, 32356033728628, 9056
32360058845164, 32360058847864, 2700
32361707837388, 32361707844920, 7532
32363396917460, 32363396924320, 6860
32365086010476, 32365086016884, 6408
32366775200152, 32366775204456, 4304
32368464158060, 32368464164488, 6428
32370153290492, 32370153297276, 6784
32371842354152, 32371842361976, 7824
32373531455528, 32373531462716, 7188
32375220513256, 32375220520136, 6880
32376909604152, 32376909609508, 5356
32378598781624, 32378598787732, 6108
32380287789656, 32380287794392, 4736
32358025598560, 32358025603956, 5396
32358025693596, 32358025696576, 2980
32358025729288, 32358025732016, 2728
32358025760888, 32358025763648, 2760
32358025790424, 32358025793100, 2676
32358025830348, 32358025832752, 2404
32360018924936, 32360018929944, 5008
32360936111480, 32360936118208, 6728
32361853425720, 32361853433880, 8160
32362770761580, 32362770765824, 4244
32363688201336, 32363688205924, 4588
32364605378776, 32364605385668, 6892
32365522765388, 32365522770080, 4692
32366440185500, 32366440192184, 6684
32367357388276, 32367357394588, 6312
32368274737992, 32368274742732, 4740
32369192049696, 32369192056164, 6468
32370109461224, 32370109468088, 6864
32371026684432, 32371026689304, 4872
32371944082036, 32371944086900, 4864
32372861387220, 32372861393676, 6456
32373778772680, 32373778779996, 7316
32374696022428, 32374696028844, 6416
32375613428176, 32375613432944, 4768
32376530692120, 32376530697364, 5244
32377448054512, 32377448060756, 6244
32378365361996, 32378365368304, 6308
32379282673496, 32379282678632, 5136
32380200084056, 32380200090364, 6308
32356017545104, 32356017553668, 8564
32355993437752, 32355993446040, 8288
32356001281220, 32356001289564, 8344
32356009023340, 32356009032572, 9232
