22026358864676, 22026358879872, 15196
22028407699804, 22028407705348, 5544
22028407743328, 22028407746384, 3056
22028407773764, 22028407776316, 2552
22028407802372, 22028407804888, 2516
22028407831300, 22028407833812, 2512
22028407860536, 22028407862960, 2424
22028407889188, 22028407891496, 2308
22028407913940, 22028407915628, 1688
22028407971152, 22028407977996, 6844
22030401234132, 22030401240164, 6032
22030401255132, 22030401266776, 11644
22030459050918, 22030459057564, 6646
22030516888732, 22030516892640, 3908
22030574751324, 22030574755288, 3964
22030598690964, 22030598695748, 4784
22030704408416, 22030704411204, 2788
22030750264060, 22030750271212, 7152
22030796147904, 22030796154284, 6380
22030993683044, 22030993687420, 4376
22032182870376, 22032182875276, 4900
22032184859596, 22032184862856, 3260
22032186845480, 22032186848880, 3400
22032188815064, 22032188818388, 3324
22032190800380, 22032190803208, 2828
22032192788336, 22032192791200, 2864
22032194773500, 22032194776308, 2808
22032196757460, 22032196760976, 3516
22032198744676, 22032198748228, 3552
22032200729968, 22032200732712, 2744
22032202716076, 22032202719964, 3888
22032204703776, 22032204707396, 3620
22032206693496, 22032206696500, 3004
22032208682648, 22032208686148, 3500
22032210669256, 22032210672040, 2784
22032216780444, 22032216784716, 4272
22032286619304, 22032286626356, 7052
22032356448096, 22032356453964, 5868
22032426282404, 22032426289068, 6664
22032484150532, 22032484154784, 4252
22032609852868, 22032609855448, 2580
22032691584332, 22032691591716, 7384
22032867166820, 22032867169772, 2952
22032970918212, 22032970920856, 2644
22032980685564, 22032980690544, 4980
22033004840176, 22033004847276, 7100
22033062703124, 22033062710916, 7792
22033120565896, 22033120572784, 6888
22033178429392, 22033178437036, 7644
22033236290652, 22033236297596, 6944
22033294159472, 22033294164100, 4628
22033352016176, 22033352023152, 6976
22033409880400, 22033409888168, 7768
22033467741548, 22033467748956, 7408
22033525604936, 22033525623384, 18448
22033587462424, 22033587465412, 2988
22033763037656, 22033763043112, 5456
22033772811404, 22033772815948, 4544
22033814919088, 22033814937136, 18048
22033880764400, 22033880767236, 2836
22034038385728, 22034038388708, 2980
22034154113552, 22034154127640, 14088
22034351639588, 22034351657620, 18032
22034423474752, 22034423488576, 13824
22034748627732, 22034748630792, 3060
22034807293724, 22034807299600, 5876
22034865396300, 22034865400504, 4204
22035037934792, 22035037938592, 3800
22035141700588, 22035141708712, 8124
22035213531492, 22035213533136, 1644
22035285357252, 22035285364904, 7652
22035369160692, 22035369163312, 2620
22035634523192, 22035634525664, 2472
22035810106896, 22035810110064, 3168
22035907879512, 22035907887028, 7516
22036075475672, 22036075478544, 2872
22036091436096, 22036091442100, 6004
22036167262592, 22036167269792, 7200
22036275000932, 22036275008560, 7628
22036458564308, 22036458572124, 7816
22036642055660, 22036642062080, 6420
22036825621760, 22036825630528, 8768
22036895454772, 22036895461352, 6580
22036965287152, 22036965292612, 5460
22037035121296, 22037035126564, 5268
22037104957996, 22037104963328, 5332
22037356375040, 22037356378292, 3252
22037368334380, 22037368339852, 5472
22037466105432, 22037466108084, 2652
22037561880372, 22037561888228, 7856
22037599789980, 22037599798900, 8920
22037755413264, 22037755421288, 8024
22037948953828, 22037948961596, 7768
22038142493608, 22038142499836, 6228
22038499661592, 22038499664724, 3132
22038576780308, 22038576784824, 4516
22038697113848, 22038697120808, 6960
22038894634452, 22038894640556, 6104
22039092170276, 22039092177128, 6852
22039164004872, 22039164011712, 6840
22039397459276, 22039397463056, 3780
22039455570120, 22039455575364, 5244
22039563058040, 22039563065976, 7936
22040540260760, 22040540265912, 5152
22040551205360, 22040551209476, 4116
22040562131516, 22040562136192, 4676
22040573077000, 22040573080516, 3516
22040658385652, 22040658393432, 7780
22040851919412, 22040851925704, 6292
22041045458116, 22041045464836, 6720
22041121281136, 22041121283740, 2604
22041238999828, 22041239005784, 5956
22041254963268, 22041254968760, 5492
22041424563300, 22041424564464, 1164
22041432538296, 22041432545388, 7092
22041594154224, 22041594166568, 12344
22041626081860, 22041626095804, 13944
22041683943068, 22041683948380, 5312
22041741805420, 22041741811404, 5984
22041763755044, 22041763760964, 5920
22041799667656, 22041799673776, 6120
22041879483044, 22041879485636, 2592
22042025140512, 22042025143580, 3068
22042159705932, 22042159710716, 4784
22042298486024, 22042298491524, 5500
22042729395516, 22042729398556, 3040
22042734492820, 22042734497448, 4628
22042781268244, 22042781274844, 6600
22043312022360, 22043312025500, 3140
22043322965108, 22043322969336, 4228
22043333888408, 22043333892152, 3744
22043367881916, 22043367889440, 7524
22043437735556, 22043437738668, 3112
22043561424336, 22043561432124, 7788
22043635246972, 22043635253948, 6976
22043754963192, 22043754970224, 7032
22043832777860, 22043832785172, 7312
22043948508036, 22043948516416, 8380
22044018331968, 22044018337304, 5336
22044030301628, 22044030307136, 5508
22044215866348, 22044215869324, 2976
22044227836844, 22044227842692, 5848
22044297669188, 22044297675808, 6620
22044325605628, 22044325608292, 2664
22044335581676, 22044335588032, 6356
22044407415100, 22044407422452, 7352
22044724587976, 22044724591280, 3304
22044783343320, 22044783349544, 6224
22044841440832, 22044841444656, 3824
22045103692432, 22045103697620, 5188
22045105681324, 22045105684404, 3080
22045207441008, 22045207444184, 3176
22045317177340, 22045317179492, 2152
22045345108836, 22045345115416, 6580
22045414950196, 22045414954304, 4108
22045484776712, 22045484782944, 6232
22045554630118, 22045554639492, 9374
22045624445740, 22045624451220, 5480
22045694280228, 22045694286012, 5784
22045764133392, 22045764143024, 9632
22045835947444, 22045835949844, 2400
22045917773864, 22045917777698, 3834
22046003564858, 22046003574852, 9994
22046077371176, 22046077377240, 6064
22046173159718, 22046173169252, 9534
22046271104260, 22046271110208, 5948
22046342759992, 22046342769472, 9480
22046464452540, 22046464458796, 6256
22046512356238, 22046512365932, 9694
22046626001376, 22046626003488, 2112
22046657921032, 22046657926868, 5836
22046671887656, 22046671893348, 5692
22046681862720, 22046681868752, 6032
22046741720960, 22046741726364, 5404
22046811555736, 22046811562280, 6544
22046851461936, 22046851467660, 5724
22046881389648, 22046881395472, 5824
22046951223792, 22046951229532, 5740
22047021061204, 22047021066472, 5268
22047090892460, 22047090898464, 6004
22047160727756, 22047160733648, 5892
22047230562536, 22047230567892, 5356
22047300394748, 22047300400268, 5520
22047396170348, 22047396172716, 2368
22047418120604, 22047418122932, 2328
22047469992736, 22047469998408, 5672
22047527860164, 22047527861320, 1156
22047537640516, 22047537647568, 7052
22047585717320, 22047585723480, 6160
22047643581396, 22047643587012, 5616
22047699452284, 22047699453436, 1152
22047825153284, 22047825155784, 2500
22047869045960, 22047869051980, 6020
22048012705660, 22048012711480, 5820
22048038643444, 22048038649172, 5728
22048206246936, 22048206253304, 6368
22048389811008, 22048389818452, 7444
22048714972448, 22048714975744, 3296
22048792133728, 22048792139552, 5824
22048968363700, 22048968371468, 7768
22049165894032, 22049165900168, 6136
22049363426248, 22049363432328, 6080
22049552981840, 22049552984760, 2920
22049554983896, 22049554989528, 5632
22049656734440, 22049656736176, 1736
22049758495652, 22049758515176, 19524
22049956020212, 22049956040768, 20556
22050153553596, 22050153568464, 14868
22050351086292, 22050351087480, 1188
22050548613476, 22050548628576, 15100
22026391272904, 22026391282804, 9900
22026407661536, 22026407669732, 8196
22030403225736, 22030403229656, 3920
22030471022924, 22030471029852, 6928
22030540847444, 22030540857024, 9580
22030610660996, 22030610663756, 2760
22030704379088, 22030704382720, 3632
22030714127384, 22030714131892, 4508
22030748273932, 22030748278556, 4624
22030806135652, 22030806137500, 1848
22030822098160, 22030822100796, 2636
22030863987528, 22030863995048, 7520
22030889933328, 22030889940588, 7260
22030921847188, 22030921854484, 7296
22030959765788, 22030959772988, 7200
22030979813788, 22030979820372, 6584
22031029599356, 22031029606480, 7124
22031037580732, 22031037587616, 6884
22031095444056, 22031095450868, 6812
22031153305024, 22031153312208, 7184
22031205187344, 22031205190056, 2712
22031380765920, 22031380768876, 2956
22031514694284, 22031514699096, 4812
22031649164948, 22031649169492, 4544
22031821715448, 22031821721320, 5872
22032749444708, 22032749447756, 3048
22032826518984, 22032826523956, 4972
22032903029560, 22032903033504, 3944
22032979580764, 22032979585444, 4680
22033056663436, 22033056667444, 4008
22033133172044, 22033133175840, 3796
22033209685900, 22033209690000, 4100
22033363988220, 22033363995416, 7196
22033561516252, 22033561530432, 14180
22033633348496, 22033633362224, 13728
22034213977916, 22034213981796, 3880
22034280879204, 22034280884684, 5480
22034348390992, 22034348395168, 4176
22034415327052, 22034415330336, 3284
22034482246176, 22034482249232, 3056
22034648869148, 22034648872096, 2948
22034750619688, 22034750622964, 3276
22034860362016, 22034860364804, 2788
22034870330248, 22034870342148, 11900
22034940167096, 22034940179972, 12876
22035061880592, 22035061883324, 2732
22035165635184, 22035165637564, 2380
22035339221776, 22035339230172, 8396
22036279003944, 22036279007380, 3436
22036288766664, 22036288771192, 4528
22036299109896, 22036299113404, 3508
22036308869348, 22036308873352, 4004
22036318645068, 22036318648044, 2976
22036328422756, 22036328426688, 3932
22036338198036, 22036338202636, 4600
22036347973384, 22036347977196, 3812
22036357734428, 22036357737676, 3248
22036367497664, 22036367501084, 3420
22036377257068, 22036377259856, 2788
22036387021188, 22036387024412, 3224
22036396780208, 22036396783908, 3700
22036406519076, 22036406522488, 3412
22036416265288, 22036416268724, 3436
22036426014244, 22036426017160, 2916
22036435772492, 22036435775212, 2720
22036445532752, 22036445536156, 3404
22036554347564, 22036554350780, 3216
22036556348944, 22036556353684, 4740
22036616117380, 22036616123748, 6368
22036685951328, 22036685957684, 6356
22036755784140, 22036755789960, 5820
22036895456836, 22036895459568, 2732
22037009190060, 22037009197344, 7284
22037192748128, 22037192755656, 7528
22037623742708, 22037623745764, 3056
22037700247736, 22037700252272, 4536
22037776776208, 22037776779820, 3612
22037907059768, 22037907066816, 7048
22038104585464, 22038104593780, 8316
22038302117220, 22038302126044, 8824
22038541546208, 22038541552776, 6568
22038711071576, 22038711078352, 6776
22038780901460, 22038780907516, 6056
22038850739148, 22038850745232, 6084
22038920573736, 22038920579120, 5384
22038990407208, 22038990412976, 5768
22039060239412, 22039060245656, 6244
22039116110864, 22039116113464, 2600
22039289700632, 22039289708664, 8032
22039487229420, 22039487237148, 7728
22039684760772, 22039684767184, 6412
22040668367716, 22040668371092, 3376
22040678129348, 22040678134096, 4748
22040687911784, 22040687915264, 3480
22040697678324, 22040697681792, 3468
22040707442912, 22040707446744, 3832
22040717209440, 22040717213076, 3636
22040726974092, 22040726978144, 4052
22040736755124, 22040736759136, 4012
22040746533180, 22040746536800, 3620
22040756303972, 22040756307424, 3452
22040766054992, 22040766058312, 3320
22040775823684, 22040775826872, 3188
22040786157100, 22040786161508, 4408
22040795907172, 22040795910892, 3720
22040805671608, 22040805674484, 2876
22040815433564, 22040815436932, 3368
22040825197080, 22040825200432, 3352
22040834958264, 22040834961464, 3200
22040844718296, 22040844721044, 2748
22040873873724, 22040873880664, 6940
22040931734852, 22040931742348, 7496
22040989596576, 22040989603344, 6768
22041482423776, 22041482427816, 4040
22041549962892, 22041549967428, 4536
22041616861332, 22041616865400, 4068
22041683793472, 22041683797356, 3884
22041781862264, 22041781869472, 7208
22042029128604, 22042029132092, 3488
22042106227716, 22042106231868, 4152
22042252600524, 22042252608316, 7792
22042450125232, 22042450132764, 7532
22042647580824, 22042647589444, 8620
22042845114120, 22042845122384, 8264
22043443710984, 22043443714608, 3624
22043448812524, 22043448817380, 4856
22043453912468, 22043453916784, 4316
22043473638424, 22043473640700, 2276
22043629252264, 22043629258452, 6188
22043798850484, 22043798856520, 6036
22043956476868, 22043956479464, 2596
22043968450000, 22043968455788, 5788
22044094163716, 22044094166708, 2992
22044138046608, 22044138052032, 5424
22044157998212, 22044158004164, 5952
22044247788712, 22044247791400, 2688
22044423373448, 22044423376188, 2740
22044533113756, 22044533116412, 2656
22044636792008, 22044636794536, 2528
22044646767328, 22044646773204, 5876
22044716601284, 22044716608088, 6804
22044736567308, 22044736570168, 2860
22044786436040, 22044786452920, 16880
22044856269492, 22044856281884, 12392
22044916126964, 22044916133220, 6256
22046715785484, 22046715788500, 3016
22046774445376, 22046774450764, 5388
22046832560084, 22046832564052, 3968
22046890656472, 22046890661732, 5260
22046948733364, 22046948737052, 3688
22047006839912, 22047006844772, 4860
22047065525536, 22047065529644, 4108
22047123587160, 22047123591120, 3960
22047181689556, 22047181693180, 3624
22047239728844, 22047239732760, 3916
22047298340140, 22047298344608, 4468
22047356446892, 22047356450292, 3400
22047414491728, 22047414495480, 3752
22047472579276, 22047472583684, 4408
22047531247800, 22047531252420, 4620
22047589343292, 22047589347116, 3824
22047647422876, 22047647426320, 3444
22047743345252, 22047743352444, 7192
22047906957444, 22047906964552, 7108
22048070567616, 22048070574068, 6452
22048234181172, 22048234183352, 2180
22048397791912, 22048397798096, 6184
22048561403760, 22048561411840, 8080
22048990324196, 22048990327960, 3764
22048992328132, 22048992333004, 4872
22048994317228, 22048994320472, 3244
22048996303908, 22048996306944, 3036
22048998292988, 22048998296080, 3092
22049000262304, 22049000265224, 2920
22049046178524, 22049046184836, 6312
22049116011288, 22049116017084, 5796
22049185848236, 22049185854252, 6016
22049255678304, 22049255685316, 7012
22049325516216, 22049325521980, 5764
22049401339028, 22049401341532, 2504
22049558973392, 22049558976344, 2952
22049568741712, 22049568746764, 5052
22049676691980, 22049676694888, 2908
22049678696896, 22049678702612, 5716
22049744521124, 22049744538944, 17820
22049814356256, 22049814373204, 16948
22049884188928, 22049884202932, 14004
22049954023696, 22049954038776, 15080
22049966009500, 22049966012456, 2956
22050015879812, 22050015897852, 18040
22050073743440, 22050073744724, 1284
22050131606904, 22050131608220, 1316
22050189464512, 22050189478916, 14404
22050247325152, 22050247342648, 17496
22050305191640, 22050305209164, 17524
22050363053952, 22050363071560, 17608
22026375057636, 22026375071028, 13392
22030403225116, 22030403229060, 3944
22030472990524, 22030472996060, 5536
22030544852118, 22030544885140, 33022
22030616654604, 22030616661812, 7208
22030688415968, 22030688423152, 7184
22030760245512, 22030760249852, 4340
22030832068480, 22030832074960, 6480
22030903899680, 22030903906044, 6364
22030975728112, 22030975734188, 6076
22031047557856, 22031047564272, 6416
22031119387480, 22031119393740, 6260
22031215159508, 22031215161756, 2248
22031271633440, 22031271639068, 5628
22031334876912, 22031334884056, 7144
22031406705684, 22031406712956, 7272
22031478534744, 22031478541780, 7036
22031550365348, 22031550372208, 6860
22031622194632, 22031622201468, 6836
22031694024284, 22031694031088, 6804
22031765853316, 22031765859964, 6648
22031837683704, 22031837690224, 6520
22031909512792, 22031909519452, 6660
22032717528340, 22032717531532, 3192
22032852021848, 22032852026832, 4984
22032985916376, 22032985921564, 5188
22033120347700, 22033120351652, 3952
22033254262644, 22033254266620, 3976
22033388678544, 22033388683652, 5108
22033522492592, 22033522496744, 4152
22033656893928, 22033656897904, 3976
22033790777604, 22033790781256, 3652
22033925225592, 22033925229360, 3768
22034059634376, 22034059638512, 4136
22034193559236, 22034193562692, 3456
22034328007720, 22034328011496, 3776
22034461937068, 22034461940748, 3680
22034596357840, 22034596361336, 3496
22034730329440, 22034730332884, 3444
22034864848744, 22034864852380, 3636
22035195572672, 22035195576164, 3492
22035197574812, 22035197579980, 5168
22035199562076, 22035199566548, 4472
22035219506460, 22035219510780, 4320
22035289337564, 22035289343172, 5608
22035359172220, 22035359178032, 5812
22035429011876, 22035429015880, 4004
22035498840876, 22035498846596, 5720
22035540761178, 22035540765744, 4566
22035706354868, 22035706357984, 3116
22035863980984, 22035863983780, 2796
22035865981840, 22035865986892, 5052
22035917851856, 22035917855624, 3768
22035987684776, 22035987688760, 3984
22036057519544, 22036057524056, 4512
22036167261824, 22036167264392, 2568
22036290973488, 22036290977880, 4392
22036454576968, 22036454581268, 4300
22036618111780, 22036618118028, 6248
22036781724732, 22036781732112, 7380
22036945339416, 22036945344220, 4804
22037108952708, 22037108957188, 4480
22037272563904, 22037272568104, 4200
22038019863836, 22038019868276, 4440
22038087320244, 22038087323984, 3740
22038154238468, 22038154242324, 3856
22038221123480, 22038221127000, 3520
22038294141964, 22038294149124, 7160
22038386001752, 22038386004288, 2536
22038515617388, 22038515620664, 3276
22038525387992, 22038525394024, 6032
22038559515920, 22038559520728, 4808
22038617306416, 22038617310960, 4544
22038675167464, 22038675171816, 4352
22038727042972, 22038727045788, 2816
22038733038268, 22038733039952, 1684
22038790895876, 22038790900508, 4632
22038848750988, 22038848758132, 7144
22038880674788, 22038880681768, 6980
22038906619736, 22038906624252, 4516
22038964482004, 22038964486552, 4548
22039022341120, 22039022348312, 7192
22039050278444, 22039050282572, 4128
22039080208628, 22039080213032, 4404
22039140064328, 22039140067360, 3032
22039199912904, 22039199918536, 5632
22039219863792, 22039219869588, 5796
22039269746604, 22039269752336, 5732
22039341580760, 22039341583368, 2608
22039369511064, 22039369516784, 5720
22039389463092, 22039389469092, 6000
22039427376300, 22039427380540, 4240
22039485238504, 22039485242220, 3716
22039543096752, 22039543102512, 5760
22039559059180, 22039559064432, 5252
22039600964612, 22039600968400, 3788
22039658820800, 22039658826544, 5744
22039716684164, 22039716689604, 5440
22039754603720, 22039754606120, 2400
22039912225536, 22039912228608, 3072
22040087811384, 22040087814076, 2692
22040221757544, 22040221762056, 4512
22040356281608, 22040356285596, 3988
22040522784708, 22040522789504, 4796
22040700284640, 22040700291852, 7212
22040877862604, 22040877870000, 7396
22041055443952, 22041055451260, 7308
22041233019896, 22041233027124, 7228
22041410598212, 22041410604952, 6740
22041588178480, 22041588191828, 13348
22041765755592, 22041765762624, 7032
22042031268064, 22042031271884, 3820
22042036366064, 22042036376136, 10072
22042088982236, 22042088988712, 6476
22042102946688, 22042102951876, 5188
22042146845212, 22042146850444, 5232
22042204706852, 22042204713132, 6280
22042262570636, 22042262575900, 5264
22042272548004, 22042272553116, 5112
22042320433948, 22042320439820, 5872
22042378296416, 22042378302536, 6120
22042436157856, 22042436163768, 5912
22042478070568, 22042478073792, 3224
22042653576488, 22042653584332, 7844
22043449695036, 22043449697572, 2536
22043584188164, 22043584193172, 5008
22043718088136, 22043718091404, 3268
22043852493188, 22043852496972, 3784
22043986345804, 22043986349696, 3892
22044120791760, 22044120796152, 4392
22044254674176, 22044254677824, 3648
22044389124816, 22044389128424, 3608
22044523012512, 22044523016344, 3832
22044657550452, 22044657554320, 3868
22044792061752, 22044792065608, 3856
22044926004048, 22044926008080, 4032
22045060391644, 22045060395460, 3816
22045194279844, 22045194283748, 3904
22045329283568, 22045329287656, 4088
22047426111028, 22047426113640, 2612
22047560654756, 22047560659700, 4944
22047694590724, 22047694594756, 4032
22047829084800, 22047829088424, 3624
22047963051568, 22047963055024, 3456
22048097556576, 22048097560056, 3480
22048231497736, 22048231502568, 4832
22048365971776, 22048365976428, 4652
22048499882344, 22048499885740, 3396
22048634443184, 22048634446972, 3788
22048768976064, 22048768979848, 3784
22048902947168, 22048902950828, 3660
22049037402280, 22049037406072, 3792
22049171266840, 22049171270368, 3528
22049305722156, 22049305725800, 3644
22049439652856, 22049439656444, 3588
22049574115340, 22049574118844, 3504
22049708068124, 22049708071920, 3796
22049842615392, 22049842619276, 3884
22049976539952, 22049976543340, 3388
22050111079888, 22050111083648, 3760
22050245064424, 22050245068384, 3960
22050379572932, 22050379576504, 3572
22050514144460, 22050514148944, 4484
22050648227780, 22050648231824, 4044
22050782723892, 22050782727712, 3820
22050916696408, 22050916700004, 3596
22051051165192, 22051051168600, 3408
22051185001040, 22051185004700, 3660
22030403180278, 22030403187632, 7354
22030564773556, 22030564779664, 6108
22030728311560, 22030728315920, 4360
22030891924824, 22030891929944, 5120
22031055544888, 22031055549288, 4400
22031426665416, 22031426669436, 4020
22031436431732, 22031436437592, 5860
22031446204328, 22031446208500, 4172
22031455978232, 22031455981380, 3148
22031465737968, 22031465741120, 3152
22031500488568, 22031500493132, 4564
22031558352508, 22031558356900, 4392
22031616214376, 22031616218720, 4344
22031674081700, 22031674083284, 1584
22031731938956, 22031731943452, 4496
22031789802080, 22031789806332, 4252
22031847664792, 22031847668892, 4100
22031905528812, 22031905532956, 4144
22031963390804, 22031963395236, 4432
22032021252828, 22032021256900, 4072
22032081110372, 22032081113760, 3388
22032236734172, 22032236739020, 4848
22032420299576, 22032420304088, 4512
22032733487200, 22032733492128, 4928
22032743259240, 22032743264252, 5012
22032753030440, 22032753034088, 3648
22032762800136, 22032762804164, 4028
22032773397524, 22032773402164, 4640
22032831257516, 22032831261876, 4360
22033238295452, 22033238299508, 4056
22033296339516, 22033296344496, 4980
22033354938448, 22033354942340, 3892
22033413005856, 22033413009932, 4076
22033509647000, 22033509649020, 2020
22033645325488, 22033645328996, 3508
22033655097440, 22033655102272, 4832
22033673253768, 22033673267624, 13856
22033763044984, 22033763054912, 9928
22033938622220, 22033938624848, 2628
22033948387532, 22033948392196, 4664
22034056341500, 22034056344532, 3032
22034132156632, 22034132172336, 15704
22034301755152, 22034301768356, 13204
22034359621824, 22034359624236, 2412
22034535204836, 22034535207936, 3100
22034537207568, 22034537212988, 5420
22034549190008, 22034549205512, 15504
22034728673872, 22034728676604, 2732
22034746626536, 22034746641616, 15080
22034938174840, 22034938177628, 2788
22035047990092, 22035047992696, 2604
22035205541280, 22035205543296, 2016
22035309299172, 22035309306956, 7784
22035472902200, 22035472910180, 7980
22035644501008, 22035644503888, 2880
22035646503168, 22035646507772, 4604
22035708345308, 22035708351516, 6208
22035748253408, 22035748255684, 2276
22035923837240, 22035923840156, 2916
22035931813996, 22035931819840, 5844
22036129347060, 22036129352400, 5340
22036326883828, 22036326885100, 1272
22036524412432, 22036524413684, 1252
22036721865808, 22036721872080, 6272
22036919397924, 22036919403928, 6004
22037116927756, 22037116933944, 6188
22037314459724, 22037314471392, 11668
22037384293748, 22037384300448, 6700
22037454127204, 22037454132640, 5436
22037597790684, 22037597793696, 3012
22037693565176, 22037693569556, 4380
22037801305816, 22037801308568, 2752
22037863164004, 22037863171552, 7548
22037927012788, 22037927020280, 7492
22038032761548, 22038032769296, 7748
22038090618460, 22038090625888, 7428
22038202359752, 22038202367752, 8000
22038254228888, 22038254235944, 7056
22038719056612, 22038719059712, 3100
22038729983420, 22038729988176, 4756
22038740903056, 22038740907116, 4060
22038916583092, 22038916589204, 6112
22039110122544, 22039110129168, 6624
22039142058340, 22039142061244, 2904
22039195921136, 22039195927304, 6168
22039253783832, 22039253789152, 5320
22039303663176, 22039303669008, 5832
22039349557912, 22039349560368, 2456
22039409415076, 22039409421348, 6272
22039479247504, 22039479253196, 5692
22039497205024, 22039497211320, 6296
22039549083748, 22039549085648, 1900
22039618916220, 22039618921836, 5616
22039688749404, 22039688755216, 5812
22039750607576, 22039750611620, 4044
22039758586356, 22039758591712, 5356
22039828418828, 22039828424516, 5688
22039912222800, 22039912225340, 2540
22040053887672, 22040053896592, 8920
22040588629756, 22040588633512, 3756
22040655599956, 22040655604636, 4680
22040722507408, 22040722512304, 4896
22040789982412, 22040789985948, 3536
22040863896952, 22040863904256, 7304
22041047457824, 22041047466396, 8572
22041105316516, 22041105322084, 5568
22041163179164, 22041163184464, 5300
22041221043764, 22041221049560, 5796
22041278904784, 22041278910648, 5864
22041336768644, 22041336774760, 6116
22041394629520, 22041394635332, 5812
22041452491736, 22041452497624, 5888
22041510354832, 22041510371124, 16292
22041568215580, 22041568228356, 12776
22042037119732, 22042037123028, 3296
22042048051060, 22042048056608, 5548
22042058976292, 22042058980672, 4380
22042206703224, 22042206709108, 5884
22042400242908, 22042400248900, 5992
22042494025824, 22042494029024, 3200
22042551885128, 22042551890816, 5688
22042593784124, 22042593789976, 5852
22042609672700, 22042609678156, 5456
22042667538924, 22042667540144, 1220
22042725399028, 22042725404864, 5836
22042783265740, 22042783269716, 3976
22042841128512, 22042841132892, 4380
22042898990048, 22042898994264, 4216
22042956855996, 22042956859936, 3940
22043014717064, 22043014720652, 3588
22043074575456, 22043074577976, 2520
22043240183780, 22043240188152, 4372
22043449733576, 22043449737228, 3652
22043507866540, 22043507870648, 4108
22043653197280, 22043653203708, 6428
22043816813076, 22043816817932, 4856
22043980424156, 22043980428684, 4528
22044144031848, 22044144037592, 5744
22044365510128, 22044365511928, 1800
22044429366580, 22044429369596, 3016
22044523146672, 22044523149540, 2868
22044604869956, 22044604872604, 2648
22044622827012, 22044622833924, 6912
22044694658736, 22044694666476, 7740
22044766489060, 22044766496316, 7256
22044838318192, 22044838332532, 14340
22044910147968, 22044910155612, 7644
22046699826644, 22046699828768, 2124
22046756323108, 22046756328224, 5116
22046813415252, 22046813419600, 4348
22046869941556, 22046869945276, 3720
22046926430608, 22046926434292, 3684
22046982925904, 22046982929376, 3472
22047040004700, 22047040009280, 4580
22047096505272, 22047096508904, 3632
22047153013640, 22047153017212, 3572
22047209501612, 22047209504964, 3352
22047265981032, 22047265984660, 3628
22047323065228, 22047323069808, 4580
22047379558460, 22047379562292, 3832
22047436030744, 22047436034184, 3440
22047492556672, 22047492560720, 4048
22047549640388, 22047549644320, 3932
22047606167688, 22047606171196, 3508
22047662677260, 22047662680412, 3152
22047719188400, 22047719191768, 3368
22047776249664, 22047776252820, 3156
22047832770300, 22047832774016, 3716
22047889308360, 22047889311744, 3384
22047945807364, 22047945810836, 3472
22048002314772, 22048002318304, 3532
22048059409304, 22048059412876, 3572
22048115904576, 22048115908028, 3452
22048172400904, 22048172404128, 3224
22048228913300, 22048228917476, 4176
22048285975564, 22048285979096, 3532
22048342458836, 22048342461796, 2960
22048398989208, 22048398993004, 3796
22048455511072, 22048455514668, 3596
22048511952468, 22048511956424, 3956
22048568995624, 22048568998992, 3368
22048625605204, 22048625608128, 2924
22048682100372, 22048682104784, 4412
22048738610680, 22048738614152, 3472
22048795719852, 22048795723280, 3428
22048852249732, 22048852253172, 3440
22048908749364, 22048908752996, 3632
22048965213128, 22048965216528, 3400
22049022280544, 22049022284072, 3528
22049078750228, 22049078753336, 3108
22049135225712, 22049135229172, 3460
22049191732740, 22049191736316, 3576
22049248244572, 22049248247676, 3104
22049305244528, 22049305248008, 3480
22049361751876, 22049361755844, 3968
22049418251504, 22049418255816, 4312
22049474736104, 22049474740188, 4084
22049531808060, 22049531811380, 3320
22049588318320, 22049588321528, 3208
22049644832460, 22049644836180, 3720
22049701351936, 22049701355256, 3320
22049757871436, 22049757875128, 3692
22049814964060, 22049814967944, 3884
22049871473564, 22049871476768, 3204
22049927985232, 22049927988392, 3160
22049984508080, 22049984511604, 3524
22050041596260, 22050041599684, 3424
22050098124952, 22050098128540, 3588
22050154636760, 22050154640408, 3648
22050211161516, 22050211165136, 3620
22050268247600, 22050268252008, 4408
22050324760952, 22050324764384, 3432
22050381260068, 22050381263868, 3800
22050437881548, 22050437885400, 3852
22050494367656, 22050494371496, 3840
22050551430568, 22050551434200, 3632
22050608043952, 22050608048064, 4112
22050664586064, 22050664589916, 3852
22050721071372, 22050721075664, 4292
22050778160536, 22050778165284, 4748
22050834687768, 22050834692020, 4252
22050891199632, 22050891203260, 3628
22050947730376, 22050947733768, 3392
22026399412712, 22026399420556, 7844
22030403179104, 22030403184698, 5594
22030570761544, 22030570766136, 4592
22030740277312, 22030740283648, 6336
22030909882624, 22030909886956, 4332
22031079478836, 22031079483576, 4740
22031223136740, 22031223139712, 2972
22031382759828, 22031382764096, 4268
22031546371556, 22031546376816, 5260
22031709982420, 22031709987088, 4668
22031873595720, 22031873600596, 4876
22032037206644, 22032037211316, 4672
22032200817728, 22032200822396, 4668
22032364430556, 22032364435388, 4832
22032729492028, 22032729495372, 3344
22032731496536, 22032731501944, 5408
22032733485768, 22032733490016, 4248
22032735474344, 22032735477960, 3616
22032737444048, 22032737448852, 4804
22033240288196, 22033240291692, 3496
22033251213116, 22033251217352, 4236
22033304136044, 22033304140716, 4672
22033497667484, 22033497671500, 4016
22033691203668, 22033691215000, 11332
22033884747160, 22033884759188, 12028
22034014438328, 22034014440792, 2464
22034058335248, 22034058337732, 2484
22034078286544, 22034078297528, 10984
22034102230928, 22034102242268, 11340
22034172064392, 22034172076456, 12064
22034241895076, 22034241906108, 11032
22034271823164, 22034271834524, 11360
22034311732064, 22034311744452, 12388
22034381565024, 22034381575760, 10736
22034451399928, 22034451411764, 11836
22034465365508, 22034465377864, 12356
22034521242060, 22034521244680, 2620
22034578287016, 22034578291908, 4892
22034638888768, 22034638903344, 14576
22034710718556, 22034710731876, 13320
22034782547520, 22034782561160, 13640
22034854375884, 22034854391804, 15920
22034926205984, 22034926219560, 13576
22034998035704, 22034998049344, 13640
22035069864484, 22035069871996, 7512
22035365170372, 22035365174400, 4028
22035370259416, 22035370264736, 5320
22035488865368, 22035488871616, 6248
22035658463452, 22035658469372, 5920
22035800133324, 22035800136008, 2684
22035963738204, 22035963744268, 6064
22036127352532, 22036127361392, 8860
22036197184544, 22036197190648, 6104
22036267014336, 22036267020404, 6068
22036356806360, 22036356808072, 1712
22036406684008, 22036406690328, 6320
22036476520684, 22036476527596, 6912
22036534381920, 22036534387896, 5976
22036592243408, 22036592249364, 5956
22036650034644, 22036650040624, 5980
22036707899708, 22036707918188, 18480
22036765766092, 22036765770148, 4056
22036823622764, 22036823628372, 5608
22036881488836, 22036881493404, 4568
22036939347772, 22036939353404, 5632
22036997215456, 22036997220004, 4548
22037055077208, 22037055081028, 3820
22037112940016, 22037112943920, 3904
22037170804376, 22037170808204, 3828
22037228666844, 22037228670992, 4148
22037286528904, 22037286532776, 3872
22037344386584, 22037344392392, 5808
22037402251240, 22037402256568, 5328
22037460120580, 22037460121792, 1212
22037517980100, 22037517984732, 4632
22037575843524, 22037575847344, 3820
22037633706308, 22037633709880, 3572
22037691568760, 22037691572696, 3936
22037749426716, 22037749431688, 4972
22037807288904, 22037807294296, 5392
22037865155128, 22037865159168, 4040
22037923018248, 22037923022072, 3824
22037980881200, 22037980884892, 3692
22038038742740, 22038038747072, 4332
22038096603528, 22038096608896, 5368
22038154468164, 22038154472688, 4524
22038212333056, 22038212336864, 3808
22038270193428, 22038270197196, 3768
22038328054984, 22038328058844, 3860
22038385939624, 22038385946118, 6494
22038715061400, 22038715064460, 3060
22038773104180, 22038773109468, 5288
22038831651028, 22038831655292, 4264
22038908609368, 22038908616292, 6924
22039072216980, 22039072223092, 6112
22039235830904, 22039235836864, 5960
22039307662472, 22039307668992, 6520
22039379493132, 22039379499880, 6748
22039451321672, 22039451329092, 7420
22039523151040, 22039523157748, 6708
22039594979352, 22039594985920, 6568
22039666809856, 22039666816196, 6340
22039738639236, 22039738645292, 6056
22039810468812, 22039810475464, 6652
22039954134544, 22039954137020, 2476
22040010598676, 22040010603928, 5252
22040067557896, 22040067562404, 4508
22040124052624, 22040124055908, 3284
22040180497956, 22040180501788, 3832
22040241445592, 22040241450452, 4860
22040313274612, 22040313281988, 7376
22040385105480, 22040385112732, 7252
22040710257756, 22040710260004, 2248
22040766758344, 22040766762952, 4608
22040823771072, 22040823774876, 3804
22040880253776, 22040880257792, 4016
22040936742132, 22040936746476, 4344
22040993156184, 22040993159668, 3484
22041050146756, 22041050150640, 3884
22041106650836, 22041106654688, 3852
22041163121316, 22041163125028, 3712
22041219592448, 22041219595576, 3128
22041276071568, 22041276075068, 3500
22041333115800, 22041333119648, 3848
22041389571588, 22041389574964, 3376
22041446029688, 22041446033032, 3344
22041502529128, 22041502533644, 4516
22041559562040, 22041559565648, 3608
22041616002988, 22041616006636, 3648
22041677968776, 22041677973276, 4500
22041749793948, 22041749800812, 6864
22041821622416, 22041821629248, 6832
22041893451960, 22041893458472, 6512
22042368336136, 22042368338992, 2856
22042424816308, 22042424821000, 4692
22042481220864, 22042481224668, 3804
22042538271032, 22042538274660, 3628
22042594835104, 22042594838936, 3832
22042651274420, 22042651278156, 3736
22042707765400, 22042707769044, 3644
22042764231124, 22042764234740, 3616
22042821242496, 22042821246872, 4376
22042877707988, 22042877711772, 3784
22042934168328, 22042934171576, 3248
22042990598816, 22042990602196, 3380
22043047619392, 22043047623132, 3740
22043104072672, 22043104076152, 3480
22043160543800, 22043160546812, 3012
22043216972616, 22043216976228, 3612
22043273424884, 22043273428568, 3684
22043330482416, 22043330485924, 3508
22043386911744, 22043386915012, 3268
22043443324560, 22043443328364, 3804
22043499850404, 22043499853976, 3572
22043556861384, 22043556864840, 3456
22043613312444, 22043613315980, 3536
22043669788084, 22043669791924, 3840
22043726251108, 22043726254700, 3592
22043783238000, 22043783241508, 3508
22043839691440, 22043839694936, 3496
22043904601036, 22043904605480, 4444
22043976435836, 22043976442788, 6952
22044048266724, 22044048273712, 6988
22044120094988, 22044120102008, 7020
22044191924032, 22044191931256, 7224
22044263753972, 22044263760808, 6836
22044375491716, 22044375495380, 3664
22044437340632, 22044437345096, 4464
22044479248872, 22044479251244, 2372
22044551073396, 22044551080312, 6916
22044624833520, 22044624836192, 2672
22044820350936, 22044820363296, 12360
22045017883504, 22045017889224, 5720
22045199456500, 22045199459644, 3144
22045205439632, 22045205445264, 5632
22045215416812, 22045215422308, 5496
22045313192488, 22045313195304, 2816
22045412948340, 22045412954864, 6524
22045496756344, 22045496763708, 7364
22045610496952, 22045610510792, 13840
22045690294452, 22045690301664, 7212
22045808030212, 22045808043844, 13632
22046005543780, 22046005551324, 7544
22046203072472, 22046203080248, 7776
22046400624612, 22046400633684, 9072
22046598082598, 22046598094764, 12166
22046795594592, 22046795601924, 7332
22046993125600, 22046993132504, 6904
22047535852276, 22047535854764, 2488
22047612334972, 22047612340156, 5184
22047688821776, 22047688826528, 4752
22047783257596, 22047783265660, 8064
22047980779856, 22047980785924, 6068
22048178313016, 22048178318956, 5940
22048375843524, 22048375849204, 5680
22048573375100, 22048573381888, 6788
22048762853920, 22048762856776, 2856
22048888559696, 22048888567740, 8044
22049052164964, 22049052173416, 8452
22049215775672, 22049215783672, 8000
22049379391212, 22049379399604, 8392
22049475164332, 22049475166844, 2512
22050019881088, 22050019884284, 3196
22050077942808, 22050077947428, 4620
22050135998600, 22050136002280, 3680
22050194057176, 22050194061208, 4032
22050252108992, 22050252112468, 3476
22050361065236, 22050361087844, 22608
22026351618416, 22026351631296, 12880
22026367010500, 22026367019744, 9244
22026383166228, 22026383174968, 8740
22030403179884, 22030403186218, 6334
22030578743420, 22030578747932, 4512
22030756250572, 22030756257424, 6852
22030933828908, 22030933835792, 6884
22031111408256, 22031111414940, 6684
22031404718968, 22031404723168, 4200
22031418676984, 22031418680760, 3776
22031588272588, 22031588277068, 4480
22031757867508, 22031757872304, 4796
22031927467176, 22031927471504, 4328
22032079109600, 22032079112832, 3232
22032097064116, 22032097068488, 4372
22032136965408, 22032136971068, 5660
22032194832964, 22032194837368, 4404
22032252694664, 22032252698848, 4184
22032266657140, 22032266662952, 5812
22032310556856, 22032310561260, 4404
22032368433600, 22032368437972, 4372
22032436259840, 22032436264276, 4436
22032605884404, 22032605912704, 28300
22032787354712, 22032787359084, 4372
22032970924308, 22032970930360, 6052
22032984888140, 22032984890680, 2540
22033054715000, 22033054720872, 5872
22033114571104, 22033114576836, 5732
22033124552684, 22033124556488, 3804
22033194383184, 22033194388708, 5524
22033264215224, 22033264220924, 5700
22033284166512, 22033284172572, 6060
22033334055052, 22033334059604, 4552
22033403883428, 22033403889256, 5828
22033453770328, 22033453774372, 4044
22033473729612, 22033473730884, 1272
22033543552764, 22033543565372, 12608
22033613384912, 22033613396240, 11328
22033623363328, 22033623374632, 11304
22033683221996, 22033683232840, 10844
22033753056668, 22033753068052, 11384
22033792961568, 22033792973972, 12404
22033822893348, 22033822905988, 12640
22033892724608, 22033892735676, 11068
22033962561384, 22033962573408, 12024
22034074300352, 22034074303028, 2676
22034164088536, 22034164105784, 17248
22034327693672, 22034327711340, 17668
22034559147364, 22034559150288, 2924
22034662827576, 22034662830232, 2656
22034806485176, 22034806503544, 18368
22034990050480, 22034990068256, 17776
22035173612148, 22035173620128, 7980
22035357179028, 22035357187564, 8536
22035965750096, 22035965752656, 2560
22036022233836, 22036022238736, 4900
22036079179480, 22036079184056, 4576
22036135684992, 22036135688484, 3492
22036192178496, 22036192182616, 4120
22036248606488, 22036248609696, 3208
22036305635236, 22036305639360, 4124
22036362137484, 22036362141012, 3528
22036418570200, 22036418573768, 3568
22036475047716, 22036475052028, 4312
22036531563364, 22036531567020, 3656
22036588569216, 22036588572780, 3564
22036645096372, 22036645099684, 3312
22036701580100, 22036701584472, 4372
22036758081340, 22036758085128, 3788
22036815141892, 22036815145688, 3796
22036871624332, 22036871627776, 3444
22036928105124, 22036928108428, 3304
22036984592964, 22036984596608, 3644
22037041058236, 22037041061760, 3524
22037098081060, 22037098084864, 3804
22037154543860, 22037154547088, 3228
22037211027904, 22037211031052, 3148
22037267495264, 22037267498936, 3672
22037324523440, 22037324526996, 3556
22037381005684, 22037381009112, 3428
22037437475324, 22037437478836, 3512
22037493952912, 22037493956784, 3872
22037551002808, 22037551006416, 3608
22037607494824, 22037607498636, 3812
22037664017884, 22037664021640, 3756
22037720469808, 22037720474496, 4688
22037776955792, 22037776959956, 4164
22037834003892, 22037834007600, 3708
22037890470216, 22037890473820, 3604
22037946967220, 22037946970956, 3736
22038014805896, 22038014812820, 6924
22038086633116, 22038086639408, 6292
22038158463744, 22038158465656, 1912
22038230293780, 22038230301044, 7264
22038513617708, 22038513620112, 2404
22038570669072, 22038570673616, 4544
22038627247172, 22038627253188, 6016
22038683721376, 22038683725672, 4296
22038740195604, 22038740199092, 3488
22038804856408, 22038804864396, 7988
22038876686308, 22038876694128, 7820
22038948515548, 22038948522608, 7060
22039020345680, 22039020352716, 7036
22039950132284, 22039950135044, 2760
22039968088912, 22039968094860, 5948
22040037921884, 22040037928416, 6532
22040089805980, 22040089808424, 2444
22040265390068, 22040265392960, 2892
22040381115988, 22040381123728, 7740
22040544720324, 22040544728656, 8332
22040708259468, 22040708265044, 5576
22040871871724, 22040871880400, 8676
22041035483032, 22041035490780, 7748
22041199094220, 22041199100240, 6020
22041362708832, 22041362715908, 7076
22041526316752, 22041526329220, 12468
22041689931000, 22041689938140, 7140
22041853544512, 22041853553244, 8732
22041923374816, 22041923380584, 5768
22042557882036, 22042557885428, 3392
22042624876340, 22042624881276, 4936
22042691767524, 22042691771464, 3940
22042758692436, 22042758696196, 3760
22042826131852, 22042826135588, 3736
22042893044500, 22042893048204, 3704
22043066589344, 22043066597804, 8460
22043250155100, 22043250158332, 3232
22043319987660, 22043319994760, 7100
22043389821988, 22043389828264, 6276
22043459657228, 22043459663388, 6160
22043529487276, 22043529493784, 6508
22043599323436, 22043599330116, 6680
22043669158344, 22043669164616, 6272
22043738990908, 22043738997496, 6588
22043808827344, 22043808833848, 6504
22043878662664, 22043878668756, 6092
22044648763620, 22044648766228, 2608
22044816364360, 22044816377064, 12704
22044985959188, 22044985965816, 6628
22045155559960, 22045155567080, 7120
22045213424252, 22045213425520, 1268
22045271282708, 22045271288732, 6024
22045329145976, 22045329151844, 5868
22045387008016, 22045387013496, 5480
22045444873896, 22045444879812, 5916
22045502734444, 22045502740024, 5580
22045560612138, 22045560621884, 9746
22045618460016, 22045618466296, 6280
22045676325152, 22045676331160, 6008
22045734201144, 22045734210632, 9488
22045792065012, 22045792076224, 11212
22045849911508, 22045849917872, 6364
22045907789232, 22045907798824, 9592
22045965653138, 22045965662672, 9534
22046023498732, 22046023504344, 5612
22046081362852, 22046081368396, 5544
22046139240272, 22046139249558, 9286
22046197102592, 22046197111952, 9360
22046254949736, 22046254955224, 5488
22046312829164, 22046312837684, 8520
22046370693584, 22046370702852, 9268
22046428537336, 22046428542532, 5196
22046486417744, 22046486426444, 8700
22046544281932, 22046544291392, 9460
22047537847232, 22047537850484, 3252
22047548774420, 22047548779652, 5232
22047559693228, 22047559697384, 4156
22047570619844, 22047570623516, 3672
22047625630656, 22047625638536, 7880
22047745342320, 22047745345196, 2876
22047759305156, 22047759310472, 5316
22047817170020, 22047817177540, 7520
22047875030560, 22047875036668, 6108
22047932893104, 22047932899228, 6124
22047990755792, 22047990761712, 5920
22048048619476, 22048048625780, 6304
22048106480620, 22048106486308, 5688
22048164345804, 22048164352988, 7184
22048240179596, 22048240182664, 3068
22048245273912, 22048245283124, 9212
22048377837892, 22048377844052, 6160
22048399786448, 22048399792188, 5740
22048547436520, 22048547443284, 6764
22048593257004, 22048593262536, 5532
22048716959504, 22048716978352, 18848
22048790790408, 22048790792772, 2364
22048886570844, 22048886575652, 4808
22048940442248, 22048940446736, 4488
22049056168664, 22049056173332, 4668
22049123994804, 22049124000548, 5744
22049225759416, 22049225766940, 7524
22049307557988, 22049307564016, 6028
22049395371860, 22049395377300, 5440
22049479153628, 22049479156560, 2932
22049491122360, 22049491140112, 17752
22050079739912, 22050079743380, 3468
22050084833756, 22050084838404, 4648
22050089936740, 22050089939976, 3236
22050095018776, 22050095022692, 3916
22050243336312, 22050243354524, 18212
22050412935360, 22050412951004, 15644
22026414902404, 22026414911000, 8596
22030602693252, 22030602696556, 3304
22030602713096, 22030602720672, 7576
22030768225808, 22030768227452, 1644
22030951778220, 22030951783836, 5616
22031135348680, 22031135353188, 4508
22031318913980, 22031318919196, 5216
22031406709992, 22031406713284, 3292
22031502479824, 22031502487080, 7256
22031586278776, 22031586285684, 6908
22031686043412, 22031686050340, 6928
22031783812036, 22031783819180, 7144
22031869613084, 22031869617412, 4328
22031981402528, 22031981408572, 6044
22032053175860, 22032053182440, 6580
22032125002912, 22032125009864, 6952
22032196831248, 22032196838268, 7020
22032268660928, 22032268667748, 6820
22032340489732, 22032340496212, 6480
22032412320024, 22032412326500, 6476
22032645699060, 22032645701260, 2200
22032702160444, 22032702165912, 5468
22032758672920, 22032758676972, 4052
22032815710900, 22032815714700, 3800
22032872176004, 22032872179276, 3272
22032928609208, 22032928613092, 3884
22032985136956, 22032985141356, 4400
22033041631804, 22033041635284, 3480
22033098638568, 22033098641812, 3244
22033155094776, 22033155099016, 4240
22033211567708, 22033211571192, 3484
22033274206840, 22033274211684, 4844
22033346036252, 22033346041180, 4928
22033417859596, 22033417867304, 7708
22033489689724, 22033489696724, 7000
22034086280888, 22034086284416, 3528
22034104226012, 22034104238216, 12204
22034162085908, 22034162098204, 12296
22034219948880, 22034219960840, 11960
22034277809988, 22034277822824, 12836
22034335673744, 22034335683996, 10252
22034393538732, 22034393540228, 1496
22034531211108, 22034531213572, 2464
22034567126344, 22034567141324, 14980
22034624913604, 22034624924184, 10580
22034666826592, 22034666829420, 2828
22034682777044, 22034682787692, 10648
22034730662308, 22034730673092, 10784
22034740641060, 22034740651368, 10308
22034798590276, 22034798603096, 12820
22034828447340, 22034828449800, 2460
22034856365272, 22034856374356, 9084
22034914229332, 22034914240672, 11340
22034972088736, 22034972098880, 10144
22035031948944, 22035031952172, 3228
22035195568124, 22035195576148, 8024
22035373146276, 22035373153464, 7188
22035550725316, 22035550733500, 8184
22035728303552, 22035728310828, 7276
22035905904724, 22035905917032, 12308
22036083461456, 22036083470068, 8612
22036261039212, 22036261046360, 7148
22036438619652, 22036438625980, 6328
22036658025692, 22036658027884, 2192
22036793818532, 22036793826404, 7872
22036971280072, 22036971287620, 7548
22037148862156, 22037148869632, 7476
22037326441480, 22037326449148, 7668
22037504016272, 22037504023712, 7440
22037681594912, 22037681601592, 6680
22037859174424, 22037859181536, 7112
22038036751792, 22038036758644, 6852
22038214331012, 22038214338260, 7248
22038391909244, 22038391915996, 6752
22038569489928, 22038569496780, 6852
22038746993596, 22038747000768, 7172
22038924571952, 22038924579364, 7412
22039102152056, 22039102158984, 6928
22039279729208, 22039279735852, 6644
22039457307996, 22039457314540, 6544
22039634886404, 22039634893336, 6932
22039812465628, 22039812473096, 7468
22039946274140, 22039946286760, 12620
22040151656580, 22040151660140, 3560
22040177588812, 22040177594704, 5892
22040247426804, 22040247432792, 5988
22040353178952, 22040353182340, 3388
22040474893360, 22040474900584, 7224
22040672344324, 22040672351760, 7436
22040869875792, 22040869883808, 8016
22041067405392, 22041067413104, 7712
22041264939476, 22041264946428, 6952
22041462470168, 22041462475880, 5712
22041660000664, 22041660015108, 14444
22041857534440, 22041857542972, 8532
22041915394288, 22041915399868, 5580
22041973274164, 22041973283538, 9374
22042601705520, 22042601708860, 3340
22042603706368, 22042603711308, 4940
22042605692456, 22042605696020, 3564
22042607678412, 22042607681336, 2924
22042609647684, 22042609649960, 2276
22042611632524, 22042611636224, 3700
22042613619136, 22042613621972, 2836
22042615604436, 22042615607360, 2924
22042617588992, 22042617591628, 2636
22042621645044, 22042621650908, 5864
22042691478412, 22042691486300, 7888
22042761311752, 22042761317864, 6112
22042831148980, 22042831154984, 6004
22042900980888, 22042900986880, 5992
22042970816188, 22042970821924, 5736
22043040652788, 22043040658712, 5924
22043080568096, 22043080571296, 3200
22043110484704, 22043110486660, 1956
22043130435948, 22043130441536, 5588
22043180316168, 22043180322144, 5976
22043188303184, 22043188304564, 1380
22043246162620, 22043246168020, 5400
22043304025100, 22043304030968, 5868
22043361887304, 22043361893196, 5892
22043419751572, 22043419757320, 5748
22043477612960, 22043477619168, 6208
22043535475188, 22043535481248, 6060
22043593337484, 22043593343500, 6016
22043651199852, 22043651207072, 7220
22043709063020, 22043709069036, 6016
22043766925328, 22043766931312, 5984
22043824788148, 22043824794052, 5904
22043882649380, 22043882655324, 5944
22043940513176, 22043940519240, 6064
22043998377884, 22043998383944, 6060
22044056239572, 22044056246560, 6988
22044114103152, 22044114109140, 5988
22044171964548, 22044171970160, 5612
22044229829328, 22044229835168, 5840
22044287691160, 22044287696604, 5444
22044345553796, 22044345559976, 6180
22044403414612, 22044403420248, 5636
22044461277980, 22044461283124, 5144
22044519140204, 22044519145864, 5660
22044594903556, 22044594905648, 2092
22044634794472, 22044634800584, 6112
22044692657864, 22044692663484, 5620
22044750519572, 22044750525856, 6284
22044808382044, 22044808392668, 10624
22044866246480, 22044866259456, 12976
22044924106748, 22044924113016, 6268
22044981969752, 22044981975756, 6004
22045039834984, 22045039841508, 6524
22045097694572, 22045097700376, 5804
22045333151944, 22045333155576, 3632
22045338246736, 22045338251176, 4440
22045494757416, 22045494763220, 5804
22045664352448, 22045664358708, 6260
22045833951052, 22045833957884, 6832
22045903796212, 22045903805658, 9446
22045973617396, 22045973623308, 5912
22046043455548, 22046043460816, 5268
22046113303384, 22046113313572, 10188
22046183140172, 22046183149852, 9680
22046252956420, 22046252961896, 5476
22046322808132, 22046322817298, 9166
22046392639412, 22046392648604, 9192
22046462458176, 22046462463728, 5552
22046532308584, 22046532318278, 9694
22046602054744, 22046602061036, 6292
22046659916216, 22046659922060, 5844
22046717781824, 22046717783028, 1204
22046775641064, 22046775647112, 6048
22046833503220, 22046833509296, 6076
22046891370112, 22046891375756, 5644
22046949227888, 22046949233280, 5392
22047007090700, 22047007096684, 5984
22047025051256, 22047025053780, 2524
22047064954056, 22047064959888, 5832
22047122816280, 22047122822492, 6212
22047180679000, 22047180685144, 6144
22047190657900, 22047190663276, 5376
22047238542316, 22047238549372, 7056
22047296404084, 22047296411488, 7404
22047354266008, 22047354272000, 5992
22047879034252, 22047879037504, 3252
22047881033552, 22047881038880, 5328
22047883022044, 22047883025384, 3340
22047885008796, 22047885012436, 3640
22047886978756, 22047886981092, 2336
22047888965764, 22047888968572, 2808
22047890953440, 22047890956992, 3552
22047892940648, 22047892943440, 2792
22047928904364, 22047928911588, 7224
22047998737136, 22047998742784, 5648
22048068571760, 22048068577516, 5756
22048138405972, 22048138411900, 5928
22048252147852, 22048252149392, 1540
22048278075636, 22048278082180, 6544
22048347909684, 22048347915484, 5800
22048417742784, 22048417748708, 5924
22048487576248, 22048487582432, 6184
22048557411644, 22048557417464, 5820
22048627176664, 22048627183292, 6628
22048685036072, 22048685041808, 5736
22048742898460, 22048742904196, 5736
22048800767268, 22048800769520, 2252
22048980335284, 22048980341536, 6252
22049173874392, 22049173880444, 6052
22049367415828, 22049367421604, 5776
22049560958380, 22049560976460, 18080
22049618823664, 22049618826084, 2420
22049668701480, 22049668716032, 14552
22049726567420, 22049726568664, 1244
22049754501904, 22049754503092, 1188
22049784426856, 22049784444012, 17156
22049842288996, 22049842303600, 14604
22049900151448, 22049900169324, 17876
22049948039500, 22049948053532, 14032
22050033836788, 22050033839360, 2572
22050093692764, 22050093710308, 17544
22050141578652, 22050141595716, 17064
22050163531556, 22050163532840, 1284
22050233361916, 22050233376840, 14924
22050303195540, 22050303212868, 17328
22050335116836, 22050335134452, 17616
22050373029736, 22050373044356, 14620
22050528660208, 22050528677908, 17700
22030403180798, 22030403188672, 7874
22030594703932, 22030594708344, 4412
22030788167820, 22030788174952, 7132
22030981711200, 22030981715500, 4300
22031175252416, 22031175256864, 4448
22031368792576, 22031368796588, 4012
22031562329504, 22031562334964, 5460
22031755869232, 22031755875620, 6388
22031949409560, 22031949415036, 5476
22032142948760, 22032142954312, 5552
22032336508424, 22032336517538, 9114
22032530063764, 22032530066224, 2460
22032611841876, 22032611844616, 2740
22032723500468, 22032723506888, 6420
22032775378628, 22032775386344, 7716
22032845212480, 22032845218384, 5904
22032915052980, 22032915054476, 1496
22032978900856, 22032978903228, 2372
22033154476228, 22033154481856, 5628
22033338042636, 22033338051080, 8444
22033521605904, 22033521624888, 18984
22033705172712, 22033705190956, 18244
22033777006440, 22033777020980, 14540
22033848836828, 22033848850644, 13816
22033920665876, 22033920679896, 14020
22033992496300, 22033992509768, 13468
22034064326360, 22034064343088, 16728
22034136154100, 22034136167444, 13344
22034207983180, 22034207996552, 13372
22034279813856, 22034279827632, 13776
22035033955752, 22035033958980, 3228
22035067861604, 22035067864804, 3200
22035087815812, 22035087821360, 5548
22035145682512, 22035145688260, 5748
22035203539812, 22035203546140, 6328
22035239457076, 22035239462812, 5736
22035261403800, 22035261409436, 5636
22035319267180, 22035319273220, 6040
22035377135136, 22035377136776, 1640
22035432995140, 22035433001052, 5912
22035626537348, 22035626543424, 6076
22035820078680, 22035820084876, 6196
22036013617344, 22036013623328, 5984
22036207158292, 22036207164308, 6016
22036372767104, 22036372769612, 2508
22036400697700, 22036400703860, 6160
22036506449592, 22036506455404, 5812
22036594239364, 22036594245312, 5948
22036675978208, 22036675979528, 1320
22036787708020, 22036787713940, 5920
22036845571784, 22036845577604, 5820
22036981253892, 22036981255064, 1172
22037015171520, 22037015173028, 1508
22037174790464, 22037174797456, 6992
22037184766780, 22037184772468, 5688
22037244624480, 22037244629884, 5404
22037354364008, 22037354369640, 5632
22037523963660, 22037523970412, 6752
22037593795000, 22037593800920, 5920
22037663629340, 22037663635212, 5872
22037733466752, 22037733472152, 5400
22037803298836, 22037803304924, 6088
22037873132564, 22037873138280, 5716
22037942966220, 22037942971944, 5724
22038012804988, 22038012806384, 1396
22038082636988, 22038082642272, 5284
22038152468928, 22038152474952, 6024
22038222303836, 22038222309192, 5356
22038292138332, 22038292143908, 5576
22038361988158, 22038361998658, 10500
22038431808140, 22038431813364, 5224
22038487676380, 22038487680484, 4104
22038501643188, 22038501644700, 1512
22038503638180, 22038503644324, 6144
22038571483224, 22038571490508, 7284
22038641247020, 22038641255060, 8040
22038661196804, 22038661204324, 7520
22038844754772, 22038844760660, 5888
22039028317912, 22039028324736, 6824
22039211883292, 22039211889044, 5752
22039395448512, 22039395456588, 8076
22039579013536, 22039579022000, 8464
22039762576580, 22039762582780, 6200
22039950136016, 22039950139020, 3004
22040067851468, 22040067857756, 6288
22040237448792, 22040237455636, 6844
22040353177524, 22040353180384, 2860
22040387094828, 22040387100760, 5932
22040407046724, 22040407051996, 5272
22040456931896, 22040456937512, 5616
22040526761916, 22040526767292, 5376
22040576643972, 22040576649464, 5492
22040596595564, 22040596601456, 5892
22040666357148, 22040666363024, 5876
22040736196260, 22040736200244, 3984
22040746168912, 22040746174288, 5376
22040806025128, 22040806030600, 5472
22040875858868, 22040875864632, 5764
22040915769400, 22040915773376, 3976
22040945698044, 22040945701844, 3800
22041015529992, 22041015535588, 5596
22041085365808, 22041085371364, 5556
22041155198944, 22041155204220, 5276
22041225032132, 22041225039320, 7188
22041294867708, 22041294873076, 5368
22041364701284, 22041364706772, 5488
22041434539376, 22041434543092, 3716
22041504369436, 22041504379452, 10016
22041574201760, 22041574211784, 10024
22041644037820, 22041644049428, 11608
22041713871944, 22041713878108, 6164
22041783705668, 22041783711840, 6172
22042019171104, 22042019175438, 4334
22042180766680, 22042180772684, 6004
22042344377624, 22042344385976, 8352
22042507988672, 22042507996736, 8064
22042671526836, 22042671535020, 8184
22042835138632, 22042835146956, 8324
22042998751672, 22042998759016, 7344
22043162362612, 22043162369524, 6912
22043308020604, 22043308024408, 3804
22043433725712, 22043433733284, 7572
22043617281284, 22043617287564, 6280
22043800846560, 22043800852056, 5496
22043984410404, 22043984416512, 6108
22044167976496, 22044167984248, 7752
22044351541064, 22044351549012, 7948
22044535105424, 22044535113032, 7608
22044718594648, 22044718600564, 5916
22044902157972, 22044902165340, 7368
22045085726716, 22045085733948, 7232
22045269288376, 22045269295444, 7068
22045452853696, 22045452860848, 7152
22045636419428, 22045636425348, 5920
22045819984968, 22045819992312, 7344
22046675904012, 22046675907484, 3472
22046742803972, 22046742809500, 5528
22046810294392, 22046810298588, 4196
22046877219624, 22046877223112, 3488
22046944122096, 22046944125620, 3524
22047011021980, 22047011025952, 3972
22047104867040, 22047104874080, 7040
22047288430244, 22047288431644, 1400
22047471988772, 22047471995372, 6600
22047655552436, 22047655558464, 6028
22047839118088, 22047839126540, 8452
22048022680944, 22048022689340, 8396
22048353910720, 22048353914468, 3748
22048363677996, 22048363683744, 5748
22048373449404, 22048373453708, 4304
22048395803620, 22048395811068, 7448
22048453664800, 22048453672108, 7308
22048511528148, 22048511535360, 7212
22048569390684, 22048569397904, 7220
22048880572664, 22048880575400, 2736
22048890322176, 22048890327112, 4936
22048916493928, 22048916501016, 7088
22048974355984, 22048974363584, 7600
22049032219688, 22049032227144, 7456
22049090081992, 22049090088720, 6728
22049147944008, 22049147951572, 7564
22049205807712, 22049205814976, 7264
22049263937216, 22049263944532, 7316
22049321532852, 22049321540192, 7340
22049698632916, 22049698635408, 2492
22049858251664, 22049858271628, 19964
22050041816508, 22050041839456, 22948
22050225381768, 22050225401596, 19828
22050408946364, 22050408966412, 20048
