19658086308876, 19658086321684, 12808
19658102482600, 19658102491600, 9000
19658118432044, 19658118441224, 9180
19658134463120, 19658134476252, 13132
19662144210078, 19662144214658, 4580
19662928322276, 19662928328084, 5808
19663736403912, 19663736406700, 2788
19664458618792, 19664458622792, 4000
19665232784024, 19665232788716, 4692
19665835362804, 19665835365696, 2892
19666006941180, 19666006947280, 6100
19666685260728, 19666685265732, 5004
19666781042560, 19666781046844, 4284
19667555191340, 19667555198104, 6764
19668329284216, 19668329295612, 11396
19668973758024, 19668973761172, 3148
19670069154680, 19670069163084, 8404
19671202392576, 19671202398280, 5704
19672195975412, 19672195978544, 3132
19673887959548, 19673887962992, 3444
19674717467524, 19674717473768, 6244
19675735488148, 19675735494204, 6056
19676938568644, 19676938571984, 3340
19677229874484, 19677229878404, 3920
19678484820996, 19678484824100, 3104
19679167196604, 19679167202308, 5704
19679941364932, 19679941366344, 1412
19680715449360, 19680715455268, 5908
19681373889500, 19681373892308, 2808
19681968479624, 19681968482180, 2556
19682285652672, 19682285655284, 2612
19682696682956, 19682696691280, 8324
19658070313936, 19658070322292, 8356
19662942301960, 19662942305828, 3868
19663046040680, 19663046046564, 5884
19663736404732, 19663736416272, 11540
19663854888764, 19663854898596, 9832
19663955879248, 19663955880644, 1396
19664035715960, 19664035718784, 2824
19664233165544, 19664233168596, 3052
19664512487964, 19664512493388, 5424
19664865648064, 19664865653420, 5356
19664985370100, 19664985376772, 6672
19665176909800, 19665176915496, 5696
19665304612296, 19665304616372, 4076
19665530080764, 19665530084604, 3840
19665935117584, 19665935124632, 7048
19666096653212, 19666096658604, 5392
19667104267860, 19667104271100, 3240
19667662943388, 19667662946052, 2664
19667840524236, 19667840527196, 2960
19668860035656, 19668860039296, 3640
19669977377216, 19669977381948, 4732
19671284197552, 19671284202980, 5428
19672273780440, 19672273783844, 3404
19672353588964, 19672353591644, 2680
19673889953040, 19673889956632, 3592
19674534351688, 19674534354788, 3100
19674929408816, 19674929410992, 2176
19675783382372, 19675783385396, 3024
19676136466748, 19676136469152, 2404
19676693146744, 19676693153928, 7184
19676844792832, 19676844797252, 4420
19677602990780, 19677602992544, 1764
19678077782828, 19678077785308, 2480
19678397028508, 19678397031528, 3020
19678512749556, 19678512756352, 6796
19678897840296, 19678897843088, 2792
19680200684400, 19680200688284, 3884
19680410174892, 19680410177380, 2488
19680571793556, 19680571797792, 4236
19682247744332, 19682247749248, 4916
19662152186112, 19662152191224, 5112
19663085949924, 19663085954288, 4364
19663740402392, 19663740405812, 3420
19664889599024, 19664889601680, 2656
19665320569040, 19665320575012, 5972
19666200415000, 19666200417532, 2532
19666248298036, 19666248302500, 4464
19667072356584, 19667072359340, 2756
19667172111676, 19667172114612, 2936
19667204027052, 19667204028760, 1708
19667207607980, 19667207613984, 6004
19667619044996, 19667619049472, 4476
19667962266780, 19667962270752, 3972
19668217554248, 19668217568872, 14624
19668580687808, 19668580690140, 2332
19669105458460, 19669105461028, 2568
19669877610512, 19669877616292, 5780
19670527999252, 19670528001676, 2424
19672275783220, 19672275786960, 3740
19673125756376, 19673125758988, 2612
19673620586640, 19673620588956, 2316
19673893942408, 19673893944944, 2536
19675248645752, 19675248648300, 2548
19675543942128, 19675543948304, 6176
19676876718960, 19676876721952, 2992
19678002041172, 19678002043504, 2332
19679135271652, 19679135277272, 5620
19680268513268, 19680268517520, 4252
19681280120584, 19681280124624, 4040
19681401833004, 19681401835340, 2336
19681489618076, 19681489620336, 2260
19682080149652, 19682080154480, 4828
19682263707144, 19682263711228, 4084
19683029883016, 19683029889564, 6548
19658054474840, 19658054482520, 7680
19658094358544, 19658094367944, 9400
19663050050172, 19663050053956, 3784
19663149805604, 19663149806920, 1316
19663750371504, 19663750374056, 2552
19663989399236, 19663989409452, 10216
19665364465092, 19665364470716, 5624
19666898758032, 19666898760676, 2644
19667088310808, 19667088314068, 3260
19668696413204, 19668696419576, 6372
19670356411884, 19670356415788, 3904
19670392333720, 19670392336940, 3220
19670887140856, 19670887143344, 2488
19671258258368, 19671258264728, 6360
19671655318412, 19671655321064, 2652
19671872804044, 19671872806896, 2852
19672261806984, 19672261811560, 4576
19672583046272, 19672583049260, 2988
19673285384936, 19673285387404, 2468
19673435022040, 19673435026212, 4172
19673708371684, 19673708377508, 5824
19673977742920, 19673977745944, 3024
19674055411660, 19674055421204, 9544
19674298908808, 19674298913416, 4608
19674534344444, 19674534347320, 2876
19674873538136, 19674873542112, 3976
19675049115944, 19675049121860, 5916
19675312501632, 19675312505916, 4284
19675432215780, 19675432217648, 1868
19675559907952, 19675559912368, 4416
19676326015044, 19676326019116, 4072
19676381883468, 19676381887484, 4016
19676465690584, 19676465692940, 2356
19677237849488, 19677237851308, 1820
19677339605240, 19677339606800, 1560
19677343187360, 19677343193412, 6052
19677686787104, 19677686789968, 2864
19678327192300, 19678327195444, 3144
19678915793708, 19678915799540, 5832
19679538328752, 19679538332460, 3708
19679562271292, 19679562274236, 2944
19679891482156, 19679891486192, 4036
19680354310676, 19680354314532, 3856
19680593737912, 19680593743724, 5812
19681146426156, 19681146432544, 6388
19681503593048, 19681503596856, 3808
19682409368156, 19682409370528, 2372
19682535057556, 19682535064064, 6508
19658047274748, 19658047282596, 7848
19658062327404, 19658062336364, 8960
19658078367244, 19658078376640, 9396
19658110662484, 19658110670452, 7968
19658126622640, 19658126633208, 10568
19658142599720, 19658142613380, 13660
19662140209004, 19662140214332, 5328
19663269511812, 19663269517152, 5340
19664402752084, 19664402755992, 3908
19665536061448, 19665536065344, 3896
19666669296168, 19666669301892, 5724
19667720802728, 19667720805552, 2824
19668472942968, 19668472956312, 13344
19668864026676, 19668864030708, 4032
19669291008920, 19669291012544, 3624
19669392762620, 19669392765024, 2404
19670110981476, 19670110983904, 2428
19670661679152, 19670661681808, 2656
19671425860832, 19671425869260, 8428
19672199950244, 19672199957660, 7416
19672974114636, 19672974121476, 6840
19673748277320, 19673748284700, 7380
19674522365776, 19674522370924, 5148
19675296526608, 19675296532616, 6008
19675847231704, 19675847234532, 2828
19676663214560, 19676663217064, 2504
19677213902820, 19677213908320, 5500
19678101734780, 19678101737688, 2908
19678584585776, 19678584592896, 7120
19679424589156, 19679424591592, 2436
19679650049588, 19679650051720, 2132
19680332357764, 19680332363324, 5560
19681242199652, 19681242205200, 5548
19681579413240, 19681579416716, 3476
19682151965532, 19682151971944, 6412
19682730605288, 19682730607860, 2572
19683119670380, 19683119677344, 6964
19662140213184, 19662140218392, 5208
19663443103060, 19663443107488, 4428
19664749923424, 19664749928720, 5296
19666056821680, 19666056827036, 5356
19667026451152, 19667026454424, 3272
19667363674592, 19667363676364, 1772
19668592656316, 19668592662772, 6456
19669075515568, 19669075518548, 2980
19670206754884, 19670206760632, 5748
19670531990924, 19670531994348, 3424
19671775042172, 19671775045084, 2912
19672203944520, 19672203948764, 4244
19673065903560, 19673065906792, 3232
19673930133200, 19673930139220, 6020
19675204746040, 19675204751800, 5760
19676511573212, 19676511579176, 5964
19677818470660, 19677818476072, 5412
19679125296436, 19679125301912, 5476
19680432121352, 19680432127248, 5896
19681739019648, 19681739025660, 6012
19683045843384, 19683045850224, 6840
19662150194684, 19662150235128, 40444
19663506946836, 19663506952368, 5532
19663803550672, 19663803567040, 16368
19665416341400, 19665416347040, 5640
19667000512744, 19667000515492, 2748
19667856488992, 19667856491744, 2752
19668504868688, 19668504875884, 7196
19668784204216, 19668784210044, 5828
19669277035092, 19669277037472, 2380
19669414714948, 19669414722744, 7796
19669733948644, 19669733955480, 6836
19670057180120, 19670057186572, 6452
19670324474100, 19670324480032, 5932
19670683622116, 19670683628196, 6080
19670849229272, 19670849235408, 6136
19671234316392, 19671234322372, 5980
19671633367692, 19671633375636, 7944
19672144083164, 19672144089388, 6224
19672469314032, 19672469316792, 2760
19673053923760, 19673053929532, 5772
19673225516712, 19673225525036, 8324
19673885951824, 19673885954512, 2688
19674017634748, 19674017636568, 1820
19674809683168, 19674809688636, 5468
19675601801812, 19675601807572, 5760
19676393852868, 19676393858428, 5560
19677185972836, 19677185978252, 5416
19677333630896, 19677333633872, 2976
19677978091320, 19677978098528, 7208
19678281301940, 19678281306008, 4068
19678770138360, 19678770143832, 5472
19679231049300, 19679231053428, 4128
19679528340696, 19679528343356, 2660
19679979277108, 19679979279644, 2536
19680940917480, 19680940921916, 4436
19681244204156, 19681244207956, 3800
19682387407844, 19682387413448, 5604
19682834348640, 19682834351056, 2416
19658149639252, 19658149647560, 8308
19660142619048, 19660142622908, 3860
19660142660840, 19660142664420, 3580
19660142691908, 19660142694636, 2728
19660142720236, 19660142722872, 2636
19660142749372, 19660142751840, 2468
19660142777400, 19660142779968, 2568
19660142805340, 19660142807612, 2272
19660142833196, 19660142835596, 2400
19660142861980, 19660142864304, 2324
19660142889944, 19660142892416, 2472
19660142935672, 19660142937980, 2308
19660142963248, 19660142965604, 2356
19660143022824, 19660143025560, 2736
19660143053320, 19660143055756, 2436
19662136279920, 19662136285612, 5692
19662136300008, 19662136312000, 11992
19662136322932, 19662136332376, 9444
19662136342788, 19662136351576, 8788
19662136362008, 19662136370572, 8564
19662136380808, 19662136389196, 8388
19662136399216, 19662136407472, 8256
19662910383764, 19662910393198, 9434
19663582767280, 19663582773312, 6032
19663812233724, 19663812238084, 4360
19665029272736, 19665029277188, 4452
19665488172000, 19665488178292, 6292
19667164122564, 19667164127916, 5352
19668840070696, 19668840076968, 6272
19670344438868, 19670344442188, 3320
19671976553164, 19671976559912, 6748
19673616590960, 19673616597068, 6108
19675256623544, 19675256629488, 5944
19676896658872, 19676896665224, 6352
19678536691488, 19678536697464, 5976
19680176726956, 19680176733184, 6228
19681816835864, 19681816841948, 6084
19683456870132, 19683456876720, 6588
