38596112561356, 38596112599368, 38012
38596212323070, 38596212361428, 38358
38596338022584, 38596338061828, 39244
38596463705112, 38596463716560, 11448
38596515599176, 38596515610404, 11228
38596537534728, 38596537538004, 3276
38596589406576, 38596589418552, 11976
38596697149232, 38596697160440, 11208
38596822848340, 38596822859028, 10688
38596948572176, 38596948633800, 61624
38596998444448, 38596998455608, 11160
38597020388932, 38597020392060, 3128
38597042337632, 38597042340820, 3188
38597074257412, 38597074268920, 11508
38597774525568, 38597774535848, 10280
38597810514236, 38597810517420, 3184
38598436954128, 38598436964676, 10548
38599079421232, 38599079424528, 3296
38599237106444, 38599237117356, 10912
38599259048636, 38599259051848, 3212
38600222737112, 38600222747588, 10476
38602193944400, 38602193947568, 3168
38602339550316, 38602339553328, 3012
38602485224156, 38602485260316, 36160
38602507174110, 38602507201284, 27174
38605068986144, 38605068989388, 3244
38605184718916, 38605184722020, 3104
38605755317316, 38605755355748, 38432
38605908934172, 38605908937288, 3116
38605952829432, 38605952832416, 2984
38605996725252, 38605996728468, 3216
38606040620020, 38606040623056, 3036
38606084515116, 38606084518168, 3052
38606128411396, 38606128414412, 3016
38606172305772, 38606172308832, 3060
38606216201360, 38606216204360, 3000
38606260122964, 38606260166076, 43112
38606303991868, 38606303994908, 3040
38606347888932, 38606347892112, 3180
38606391810964, 38606391816056, 5092
38606435680148, 38606435683192, 3044
38606479575176, 38606479578364, 3188
38606523539560, 38606523542608, 3048
38606567365128, 38606567368264, 3136
38606611261536, 38606611264592, 3056
38606655156824, 38606655159828, 3004
38606699119456, 38606699122548, 3092
38606742951464, 38606742954628, 3164
38606786844288, 38606786847272, 2984
38606830763830, 38606830792160, 28330
38606874634152, 38606874637188, 3036
38606918529408, 38606918532400, 2992
38606962452756, 38606962491104, 38348
38607006321584, 38607006324680, 3096
38607050217192, 38607050220216, 3024
38607094116992, 38607094128432, 11440
38607116063292, 38607116066236, 2944
38607138008176, 38607138011196, 3020
38607159951068, 38607159954524, 3456
38607181895032, 38607181897024, 1992
38607203843720, 38607203845716, 1996
38607225790620, 38607225792728, 2108
38607247764650, 38607247768016, 3366
38607269706096, 38607269709390, 3294
38608588542468, 38608588552624, 10156
38611224215836, 38611224219096, 3260
38611369775530, 38611369804856, 29326
38611515465468, 38611515468468, 3000
38611661117592, 38611661120612, 3020
38611806719452, 38611806722372, 2920
38611952374816, 38611952377976, 3160
38612098032572, 38612098044956, 12384
38612119971820, 38612119974928, 3108
38612141916216, 38612141919164, 2948
38612163858696, 38612163860672, 1976
38612185809256, 38612185811236, 1980
38612207754816, 38612207756904, 2088
38612229704280, 38612229706320, 2040
38612251678144, 38612251681370, 3226
38613045763036, 38613045773596, 10560
38613736059668, 38613736062860, 3192
38613897701168, 38613897713088, 11920
38613919638900, 38613919642196, 3296
38613941587112, 38613941590396, 3284
38613963535412, 38613963538512, 3100
38613985470636, 38613985472748, 2112
38614007417708, 38614007419988, 2280
38614029366852, 38614029368916, 2064
38614051315544, 38614051317588, 2044
38614073260968, 38614073263056, 2088
38614095209160, 38614095211244, 2084
38614117156524, 38614117158628, 2104
38614139104332, 38614139106568, 2236
38614161054876, 38614161056960, 2084
38614182998432, 38614183000484, 2052
38614204948936, 38614204951084, 2148
38614226896584, 38614226898672, 2088
38614248845112, 38614248847116, 2004
38614270794424, 38614270796548, 2124
38614292739516, 38614292741508, 1992
38614314685816, 38614314687900, 2084
38614336634756, 38614336636876, 2120
38614358581472, 38614358583636, 2164
38614380529916, 38614380532084, 2168
38614402477624, 38614402479676, 2052
38614424424244, 38614424426532, 2288
38614446374288, 38614446376336, 2048
38614468322316, 38614468324460, 2144
38614490269816, 38614490271864, 2048
38614512215760, 38614512217824, 2064
38614534163464, 38614534165608, 2144
38614556112632, 38614556114692, 2060
38614578059080, 38614578061116, 2036
38614600008672, 38614600010780, 2108
38614621955112, 38614621957280, 2168
38614643903124, 38614643905128, 2004
38614665848564, 38614665850432, 1868
38614687800232, 38614687802504, 2272
38614709746804, 38614709748836, 2032
38614731693936, 38614731695912, 1976
38614753649684, 38614753651824, 2140
38614775591104, 38614775593236, 2132
38614797537288, 38614797539304, 2016
38614819484364, 38614819486512, 2148
38614841433408, 38614841435476, 2068
38614863380596, 38614863382640, 2044
38614885327720, 38614885329716, 1996
38614907276844, 38614907278972, 2128
38614929223168, 38614929225260, 2092
38614951172880, 38614951174984, 2104
38614973131890, 38614973135104, 3214
38614995081790, 38614995084990, 3200
38615017009276, 38615017011332, 2056
38615038955892, 38615038957940, 2048
38615060904336, 38615060906284, 1948
38615082851872, 38615082853872, 2000
38615104801356, 38615104803236, 1880
38615126749492, 38615126751464, 1972
38615148697232, 38615148699244, 2012
38615170642400, 38615170644416, 2016
38615192591892, 38615192593828, 1936
38615214539136, 38615214541268, 2132
38615236485112, 38615236487028, 1916
38615258434956, 38615258436888, 1932
38615280384076, 38615280385992, 1916
38617036146632, 38617036158212, 11580
38596114552464, 38596114592560, 40096
38596222279684, 38596222287944, 8260
38596367988612, 38596367991748, 3136
38596513642992, 38596513646292, 3300
38596659296832, 38596659299820, 2988
38596804949964, 38596804952944, 2980
38596950553756, 38596950556804, 3048
38597080247396, 38597080258480, 11084
38597086234040, 38597086237320, 3280
38597096227196, 38597096264564, 37368
38597241912132, 38597241915280, 3148
38597387563932, 38597387567032, 3100
38597533108100, 38597533111284, 3184
38597678789016, 38597678837388, 48372
38597824464480, 38597824467472, 2992
38597970091790, 38597970118908, 27118
38598115770496, 38598115773464, 2968
38599075431868, 38599075442628, 10760
38599205124480, 38599205127476, 2996
38601070621848, 38601070632680, 10832
38603061823244, 38603061826432, 3188
38603494739204, 38603494742500, 3296
38603538627084, 38603538630236, 3152
38603582528824, 38603582531824, 3000
38603626423900, 38603626426888, 2988
38603670321264, 38603670324268, 3004
38603714213944, 38603714216980, 3036
38603758111468, 38603758114684, 3216
38603802005108, 38603802008124, 3016
38603845900416, 38603845903448, 3032
38603889795940, 38603889798940, 3000
38603933692860, 38603933695848, 2988
38603977582992, 38603977586136, 3144
38604021482416, 38604021485424, 3008
38604065378800, 38604065381836, 3036
38604109273736, 38604109276764, 3028
38604153170132, 38604153173188, 3056
38604197059276, 38604197062304, 3028
38604240961712, 38604240964916, 3204
38604284856440, 38604284859480, 3040
38604328751296, 38604328754300, 3004
38604372717584, 38604372720620, 3036
38604416542564, 38604416545616, 3052
38604460437588, 38604460440628, 3040
38604504405404, 38604504408648, 3244
38604548230032, 38604548233108, 3076
38604592125224, 38604592128240, 3016
38604636045824, 38604636050896, 5072
38605061030470, 38605061088612, 58142
38605266516364, 38605266519464, 3100
38605461990916, 38605461993196, 2280
38605657542824, 38605657546576, 3752
38605811158208, 38605811168316, 10108
38606126462728, 38606126465868, 3140
38606272094250, 38606272122396, 28146
38606417748130, 38606417797172, 49042
38606563443016, 38606563446116, 3100
38606709050656, 38606709079424, 28768
38606854705016, 38606854748408, 43392
38607000385552, 38607000388708, 3156
38607146061840, 38607146064948, 3108
38607291693868, 38607291705156, 11288
38607313612204, 38607313641608, 29404
38607335559464, 38607335587404, 27940
38607357507256, 38607357536692, 29436
38607379388070, 38607379393096, 5026
38607401366740, 38607401369768, 3028
38607423267596, 38607423270640, 3044
38607445240704, 38607445268500, 27796
38607467219956, 38607467223080, 3124
38607489125796, 38607489130784, 4988
38607511082610, 38607511109840, 27230
38607533057612, 38607533060636, 3024
38607555003272, 38607555006292, 3020
38607576927830, 38607576955960, 28130
38607598871550, 38607598876596, 5046
38607620798960, 38607620801976, 3016
38607642773590, 38607642802348, 28758
38607664717610, 38607664722616, 5006
38607686687788, 38607686690824, 3036
38607708638004, 38607708641016, 3012
38607730554644, 38607730560016, 5372
38607752533700, 38607752536752, 3052
38607774458184, 38607774486528, 28344
38607796396130, 38607796401216, 5086
38607818320688, 38607818322668, 1980
38607840291704, 38607840295184, 3480
38607862236924, 38607862240276, 3352
38607884185904, 38607884189244, 3340
38607906133164, 38607906136476, 3312
38607928084064, 38607928087324, 3260
38607950029890, 38607950033596, 3706
38607971976330, 38607971980016, 3686
38607993925564, 38607993928884, 3320
38608015850380, 38608015852408, 2028
38608037818970, 38608037822350, 3380
38608059766164, 38608059769416, 3252
38608081712844, 38608081716056, 3212
38608103664010, 38608103667464, 3454
38608125608064, 38608125611344, 3280
38608147562330, 38608147565670, 3340
38608169504184, 38608169507376, 3192
38608191455284, 38608191458564, 3280
38608213399276, 38608213402836, 3560
38608235352070, 38608235355764, 3694
38608257300664, 38608257304196, 3532
38608279244130, 38608279247430, 3300
38608301191476, 38608301194684, 3208
38608323140124, 38608323143324, 3200
38608345088956, 38608345092290, 3334
38608367036350, 38608367039664, 3314
38608388979456, 38608388982664, 3208
38608410929464, 38608410932616, 3152
38608432878544, 38608432881770, 3226
38608454825416, 38608454828756, 3340
38608476772176, 38608476775630, 3454
38608498724450, 38608498727844, 3394
38608520668250, 38608520671656, 3406
38608542619536, 38608542622850, 3314
38608564561704, 38608564564990, 3286
38608586513384, 38608586516584, 3200
38608608438276, 38608608440332, 2056
38608630388268, 38608630390224, 1956
38608652336092, 38608652338024, 1932
38608674284244, 38608674286208, 1964
38608696231048, 38608696232992, 1944
38608718179336, 38608718181428, 2092
38608740127472, 38608740129452, 1980
38608762075192, 38608762077156, 1964
38608784020960, 38608784022940, 1980
38608805969780, 38608805971788, 2008
38608827916464, 38608827918460, 1996
38608849866512, 38608849868396, 1884
38608871812912, 38608871814920, 2008
38608893760708, 38608893762640, 1932
38608915709456, 38608915711440, 1984
38608937656780, 38608937658804, 2024
38608959604336, 38608959606268, 1932
38609051388376, 38609051398504, 10128
38609177098576, 38609177100936, 2360
38609372570104, 38609372572548, 2444
38609568104424, 38609568106856, 2432
38609763640496, 38609763642912, 2416
38609959173440, 38609959175644, 2204
38610154706904, 38610154709152, 2248
38610350243008, 38610350245480, 2472
38610545778528, 38610545781024, 2496
38610741312664, 38610741315144, 2480
38610936847884, 38610936850212, 2328
38611132384216, 38611132394772, 10556
38611154328272, 38611154330328, 2056
38611176275168, 38611176277264, 2096
38611198235444, 38611198238784, 3340
38611220184804, 38611220188110, 3306
38611242113800, 38611242115680, 1880
38611264060388, 38611264062340, 1952
38611286007572, 38611286009540, 1968
38611307955712, 38611307957660, 1948
38611329925170, 38611329928384, 3214
38611351871724, 38611351875010, 3286
38611373737976, 38611373740008, 2032
38611395688120, 38611395690108, 1988
38611417635092, 38611417637020, 1928
38611439582180, 38611439584192, 2012
38611461531788, 38611461533784, 1996
38611483498690, 38611483502090, 3400
38611505445876, 38611505449104, 3228
38611527372844, 38611527374776, 1932
38611549322504, 38611549324492, 1988
38611571269736, 38611571271680, 1944
38611593218096, 38611593220036, 1940
38611615183950, 38611615187204, 3254
38611637133630, 38611637137090, 3460
38611659083604, 38611659086824, 3220
38611681007972, 38611681009896, 1924
38611702956028, 38611702957984, 1956
38611724903940, 38611724906016, 2076
38611746851868, 38611746853816, 1948
38611768798780, 38611768800684, 1904
38611790748160, 38611790750088, 1928
38611812694008, 38611812695940, 1932
38611834642928, 38611834644944, 2016
38611856589248, 38611856591156, 1908
38611878536916, 38611878538776, 1860
38611900485136, 38611900487044, 1908
38611922434020, 38611922435992, 1972
38611944382704, 38611944385180, 2476
38611966328752, 38611966330856, 2104
38611988276568, 38611988278584, 2016
38612010224744, 38612010226608, 1864
38612032172672, 38612032174624, 1952
38612054119796, 38612054121904, 2108
38612076066616, 38612076068496, 1880
38613041772996, 38613041782652, 9656
38615011081896, 38615011085124, 3228
38615156687092, 38615156690164, 3072
38615302341584, 38615302353056, 11472
38615324285296, 38615324288260, 2964
38615346307520, 38615346310540, 3020
38615368146504, 38615368151536, 5032
38615390083536, 38615390088616, 5080
38615412038150, 38615412043384, 5234
38617032159120, 38617032169844, 10724
38596076652050, 38596076685336, 33286
38596272161880, 38596272170092, 8212
38596467693792, 38596467701652, 7860
38596517584228, 38596517592568, 8340
38596559479868, 38596559488340, 8472
38596581424924, 38596581427272, 2348
38596603372188, 38596603374492, 2304
38596625343764, 38596625347416, 3652
38596647287164, 38596647322932, 35768
38596663228108, 38596663235908, 7800
38596858765392, 38596858773592, 8200
38597024373904, 38597024381968, 8064
38597072282984, 38597072318556, 35572
38597132107800, 38597132110364, 2564
38597174015260, 38597174026332, 11072
38597217931224, 38597217936676, 5452
38597249832136, 38597249841824, 9688
38597445306848, 38597445315228, 8380
38597640862024, 38597640920112, 58088
38597836376108, 38597836384428, 8320
38598031913072, 38598031921460, 8388
38598227469790, 38598227506012, 36222
38598249419464, 38598249423604, 4140
38598359153750, 38598359191428, 37678
38598552683216, 38598552694328, 11112
38598698385112, 38598698396452, 11340
38598844038260, 38598844041392, 3132
38598989662976, 38598989691828, 28852
38599135297164, 38599135300272, 3108
38599281023348, 38599281034588, 11240
38599302946072, 38599302949284, 3212
38599324917908, 38599324921120, 3212
38599346803190, 38599346808264, 5074
38599368755430, 38599368758964, 3534
38599390701190, 38599390704544, 3354
38601062640824, 38601062650584, 9760
38601355947476, 38601355950884, 3408
38601551423552, 38601551426412, 2860
38601746960460, 38601746963236, 2776
38601942495528, 38601942498076, 2548
38602138028060, 38602138030860, 2800
38602333580144, 38602333584604, 4460
38603057859976, 38603057897116, 37140
38604233010756, 38604233016410, 5654
38604378634020, 38604378637096, 3076
38604524357188, 38604524360268, 3080
38604669967070, 38604670010576, 43506
38604815593780, 38604815596872, 3092
38604961274210, 38604961302496, 28286
38605106901292, 38605106904340, 3048
38605252581224, 38605252633884, 52660
38605398195696, 38605398198784, 3088
38605543848672, 38605543851764, 3092
38605689511564, 38605689523824, 12260
38605711451796, 38605711454904, 3108
38605733371056, 38605733376356, 5300
38605755312556, 38605755315870, 3314
38605777238792, 38605777240856, 2064
38605799185520, 38605799187548, 2028
38605821132804, 38605821134984, 2180
38605843081620, 38605843083876, 2256
38607048215220, 38607048225656, 10436
38607221804628, 38607221807912, 3284
38607417301070, 38607417306536, 5466
38607612833124, 38607612837284, 4160
38607808368456, 38607808372830, 4374
38608003901636, 38608003905664, 4028
38608199438576, 38608199442456, 3880
38608394974204, 38608394978816, 4612
38608590486044, 38608590488520, 2476
38608786019828, 38608786022260, 2432
38608981556512, 38608981567144, 10632
38609003500152, 38609003502256, 2104
38609025447908, 38609025450096, 2188
38609047393444, 38609047395648, 2204
38609069343524, 38609069345596, 2072
38609091301724, 38609091303860, 2136
38609113246976, 38609113249128, 2152
38609135192544, 38609135194608, 2064
38609157140216, 38609157142316, 2100
38609179087484, 38609179089780, 2296
38609201036416, 38609201038604, 2188
38609222985348, 38609222987576, 2228
38609244930716, 38609244932836, 2120
38609266877160, 38609266879316, 2156
38609288826836, 38609288828856, 2020
38609310774960, 38609310777032, 2072
38609332719732, 38609332721884, 2152
38609354672308, 38609354674512, 2204
38609376558524, 38609376560684, 2160
38609398506980, 38609398509056, 2076
38609420453204, 38609420455308, 2104
38609442402912, 38609442404948, 2036
38609464351164, 38609464353424, 2260
38609486297468, 38609486299616, 2148
38609508246112, 38609508248204, 2092
38609530193656, 38609530195628, 1972
38609552141616, 38609552143788, 2172
38609574089104, 38609574091228, 2124
38609596036488, 38609596038636, 2148
38609617985608, 38609617987708, 2100
38609639932732, 38609639935400, 2668
38609661880316, 38609661882452, 2136
38609683825752, 38609683827872, 2120
38609705774536, 38609705776708, 2172
38609727724220, 38609727726380, 2160
38609749670920, 38609749673176, 2256
38609771618732, 38609771620880, 2148
38609793565080, 38609793567408, 2328
38609815514136, 38609815516424, 2288
38609837461436, 38609837463680, 2244
38609859410920, 38609859413112, 2192
38609881358224, 38609881360352, 2128
38609903305832, 38609903308012, 2180
38609925252524, 38609925254600, 2076
38609947200868, 38609947202956, 2088
38609969148908, 38609969151248, 2340
38609991097764, 38609991099996, 2232
38610013043372, 38610013045588, 2216
38610034991588, 38610034993760, 2172
38610056938936, 38610056941068, 2132
38610078885688, 38610078887808, 2120
38610100834540, 38610100836668, 2128
38610122781568, 38610122783696, 2128
38610144730856, 38610144732964, 2108
38610166679708, 38610166681776, 2068
38610188626844, 38610188629012, 2168
38610210644832, 38610210647016, 2184
38610232521380, 38610232523608, 2228
38610254470592, 38610254472776, 2184
38610276419252, 38610276421412, 2160
38610298364916, 38610298367180, 2264
38610320313040, 38610320315068, 2028
38610342261124, 38610342263300, 2176
38610364208604, 38610364210908, 2304
38610386156940, 38610386159064, 2124
38610408103504, 38610408105712, 2208
38610430051716, 38610430053844, 2128
38610452000344, 38610452002544, 2200
38610473947248, 38610473949460, 2212
38610495893336, 38610495895540, 2204
38610517844088, 38610517846224, 2136
38610539792060, 38610539794268, 2208
38610561737724, 38610561739852, 2128
38610583686504, 38610583688712, 2208
38610605634396, 38610605636676, 2280
38610627581108, 38610627583264, 2156
38610649529540, 38610649531692, 2152
38610671476924, 38610671479108, 2184
38610693424848, 38610693427012, 2164
38610715373072, 38610715375388, 2316
38610737321484, 38610737324228, 2744
38610759268092, 38610759270216, 2124
38610781215948, 38610781218160, 2212
38610803164360, 38610803166512, 2152
38610825111844, 38610825114012, 2168
38610847060896, 38610847063160, 2264
38610869007244, 38610869009428, 2184
38610890953588, 38610890955732, 2144
38610912901232, 38610912903324, 2092
38610934852416, 38610934854716, 2300
38610956797764, 38610956799920, 2156
38610978745224, 38610978747484, 2260
38611000693676, 38611000695856, 2180
38611022643596, 38611022652024, 8428
38611044588148, 38611044590304, 2156
38611066536900, 38611066539100, 2200
38611088484416, 38611088486740, 2324
38611110432944, 38611110435040, 2096
38613033815456, 38613033851204, 35748
38613283203096, 38613283214772, 11676
38613305143576, 38613305145856, 2280
38613327092744, 38613327094872, 2128
38613349038468, 38613349040496, 2028
38613370927872, 38613370929896, 2024
38613392875008, 38613392877056, 2048
38613414822656, 38613414824776, 2120
38613436770192, 38613436772256, 2064
38613458719472, 38613458721648, 2176
38613480663512, 38613480665512, 2000
38613502613484, 38613502615528, 2044
38613524560036, 38613524562132, 2096
38613546508232, 38613546510244, 2012
38613568457148, 38613568459240, 2092
38613590404108, 38613590406208, 2100
38613612351636, 38613612353612, 1976
38613634301940, 38613634303920, 1980
38613656246820, 38613656248896, 2076
38613678194264, 38613678196348, 2084
38613700143056, 38613700145068, 2012
38613722091604, 38613722093792, 2188
38613744038876, 38613744040976, 2100
38613765985920, 38613765988008, 2088
38613787934852, 38613787936872, 2020
38613809887396, 38613809889744, 2348
38613831836180, 38613831838456, 2276
38613853783256, 38613853785472, 2216
38613875729104, 38613875731304, 2200
38615028985640, 38615028995824, 10184
38617024197056, 38617024205170, 8114
38596675203688, 38596675212692, 9004
38596691165084, 38596691173892, 8808
38596713107100, 38596713109340, 2240
38596735061584, 38596735069256, 7672
38596757029024, 38596757032844, 3820
38596831481820, 38596831486700, 4880
38596844827796, 38596844843292, 15496
38596866764976, 38596866769860, 4884
38596888700948, 38596888704292, 3344
38596910698136, 38596910701172, 3036
38596932667180, 38596932669132, 1952
38596954532572, 38596954540788, 8216
38596976485744, 38596976487792, 2048
38597331638780, 38597331648096, 9316
38597393497992, 38597393509560, 11568
38597437332428, 38597437335508, 3080
38597481228772, 38597481240588, 11816
38597525151110, 38597525156544, 5434
38597569021224, 38597569032632, 11408
38597612914944, 38597612917956, 3012
38597656837364, 38597656842250, 4886
38597700706816, 38597700718316, 11500
38597744596328, 38597744599440, 3112
38597788497980, 38597788509740, 11760
38597832402216, 38597832413620, 11404
38597854341656, 38597854344900, 3244
38597876291396, 38597876302928, 11532
38597898229620, 38597898232740, 3120
38597920177964, 38597920179928, 1964
38597942144544, 38597942148024, 3480
38597964099710, 38597964102976, 3266
38597986019940, 38597986027844, 7904
38598007969756, 38598007971904, 2148
38598029914512, 38598029916460, 1948
38598051865372, 38598051867320, 1948
38598073828576, 38598073840984, 12408
38598095783790, 38598095811724, 27934
38598117707976, 38598117709912, 1936
38598139658076, 38598139660208, 2132
38598161600136, 38598161602104, 1968
38598183550580, 38598183557948, 7368
38598205496960, 38598205498900, 1940
38598363127376, 38598363137064, 9688
38598381081748, 38598381089300, 7552
38598403025768, 38598403027728, 1960
38598424978496, 38598424980428, 1932
38598446922216, 38598446924296, 2080
38598468873000, 38598468880200, 7200
38598490816452, 38598490818552, 2100
38598512768524, 38598512770512, 1988
38598534714404, 38598534716332, 1928
38598556661980, 38598556663876, 1896
38598578608508, 38598578615836, 7328
38598600559264, 38598600561196, 1932
38598622507912, 38598622509848, 1936
38598644451608, 38598644453504, 1896
38598666426470, 38598666429736, 3266
38598688374690, 38598688408300, 33610
38598710296784, 38598710298712, 1928
38598732245916, 38598732247880, 1964
38598754190728, 38598754197860, 7132
38598776141648, 38598776149060, 7412
38598798108370, 38598798111736, 3366
38598820055124, 38598820058396, 3272
38598842003064, 38598842006350, 3286
38598863932760, 38598863940064, 7304
38598885879780, 38598885887512, 7732
38598907827856, 38598907829792, 1936
38598929776060, 38598929777996, 1936
38598951746036, 38598951781516, 35480
38598973691010, 38598973726024, 35014
38598995619456, 38598995621560, 2104
38599017564496, 38599017566412, 1916
38599039514196, 38599039516204, 2008
38599061461892, 38599061469616, 7724
38599083409800, 38599083417268, 7468
38599105355232, 38599105357180, 1948
38599127306292, 38599127308248, 1956
38599149250600, 38599149252480, 1880
38599171200704, 38599171208228, 7524
38599193146840, 38599193148804, 1964
38599215095936, 38599215097824, 1888
38599448503890, 38599448540516, 36626
38599456484570, 38599456496590, 12020
38599478431056, 38599478465456, 34400
38599500379556, 38599500383116, 3560
38599522326744, 38599522329990, 3246
38599544277576, 38599544280764, 3188
38599566221184, 38599566233024, 11840
38599588172436, 38599588175724, 3288
38599610115116, 38599610118324, 3208
38599632067464, 38599632070676, 3212
38599654009704, 38599654021584, 11880
38599675962676, 38599675974596, 11920
38599697907976, 38599697911256, 3280
38599719859276, 38599719885964, 26688
38599741802790, 38599741806304, 3514
38599763755876, 38599763788708, 32832
38599785696156, 38599785708896, 12740
38599807650796, 38599807654056, 3260
38599829594024, 38599829597304, 3280
38599851543496, 38599851577920, 34424
38599873487576, 38599873523956, 36380
38599895438970, 38599895442264, 3294
38599917381436, 38599917384696, 3260
38599939336830, 38599939340090, 3260
38599961280816, 38599961293156, 12340
38599983230136, 38599983267068, 36932
38600005177044, 38600005180716, 3672
38600027127696, 38600027130990, 3294
38600049070990, 38600049082750, 11760
38600071021684, 38600071033444, 11760
38600092966290, 38600092969516, 3226
38600114919590, 38600114922730, 3140
38600136864116, 38600136867304, 3188
38600158816344, 38600158849760, 33416
38600180757624, 38600180770196, 12572
38600202710550, 38600202713850, 3300
38600224634232, 38600224636360, 2128
38600246584068, 38600246586228, 2160
38600268526360, 38600268533652, 7292
38600290479048, 38600290481008, 1960
38600312427760, 38600312429696, 1936
38600334372992, 38600334374948, 1956
38600356318960, 38600356326388, 7428
38600378269484, 38600378276748, 7264
38600400213980, 38600400216004, 2024
38600422166460, 38600422168476, 2016
38600444109224, 38600444111196, 1972
38600466060000, 38600466067140, 7140
38600488005460, 38600488007528, 2068
38600509955628, 38600509957544, 1916
38600531902132, 38600531904048, 1916
38600553851108, 38600553858204, 7096
38600575797368, 38600575804504, 7136
38600597748072, 38600597750044, 1972
38600619693720, 38600619695712, 1992
38600641642140, 38600641644116, 1976
38600663589008, 38600663596044, 7036
38600685536816, 38600685538756, 1940
38600707481944, 38600707483876, 1932
38600729432356, 38600729434268, 1912
38600751379880, 38600751387040, 7160
38600773328420, 38600773335564, 7144
38600795274048, 38600795276108, 2060
38600817223924, 38600817225872, 1948
38600839170592, 38600839172520, 1928
38600861120428, 38600861127896, 7468
38600883066292, 38600883074136, 7844
38600905014952, 38600905016936, 1984
38600926959364, 38600926961304, 1940
38600948910640, 38600948917804, 7164
38600970857788, 38600970865200, 7412
38600992806840, 38600992808904, 2064
38601014752840, 38601014754804, 1964
38601036702400, 38601036704372, 1972
38601058646720, 38601058654484, 7764
38601080598728, 38601080606588, 7860
38601102554068, 38601102556108, 2040
38601124498132, 38601124500292, 2160
38601146443792, 38601146451200, 7408
38601168389716, 38601168397368, 7652
38601190340556, 38601190342868, 2312
38601212286664, 38601212288812, 2148
38601234236228, 38601234238504, 2276
38601256183884, 38601256191748, 7864
38601278129940, 38601278137972, 8032
38601300078324, 38601300080532, 2208
38601322028880, 38601322030840, 1960
38601343968448, 38601343970304, 1856
38601365919724, 38601365927280, 7556
38601387810564, 38601387812624, 2060
38601409757268, 38601409759424, 2156
38601431705444, 38601431707468, 2024
38601453652060, 38601453659872, 7812
38601475602976, 38601475610908, 7932
38601497550176, 38601497552500, 2324
38601519498164, 38601519500344, 2180
38601541444608, 38601541446628, 2020
38601563391660, 38601563399472, 7812
38601585340228, 38601585342352, 2124
38601607287764, 38601607289784, 2020
38601629236676, 38601629238720, 2044
38601651181956, 38601651189800, 7844
38601673131164, 38601673139228, 8064
38601695078988, 38601695081048, 2060
38601717026124, 38601717028152, 2028
38601738976308, 38601738978472, 2164
38601760922768, 38601760930340, 7572
38601782872080, 38601782874308, 2228
38601804817336, 38601804819520, 2184
38601826764560, 38601826766620, 2060
38601848711184, 38601848718776, 7592
38601870660292, 38601870668056, 7764
38601892608792, 38601892610836, 2044
38601914556064, 38601914558100, 2036
38601936505456, 38601936507456, 2000
38601958444836, 38601958452368, 7532
38601980402204, 38601980410312, 8108
38602002347448, 38602002349476, 2028
38602024297440, 38602024299500, 2060
38602046241308, 38602046248592, 7284
38602068189560, 38602068197228, 7668
38602090136140, 38602090138452, 2312
38602112084048, 38602112086308, 2260
38602134036372, 38602134038368, 1996
38602155996530, 38602156009090, 12560
38602177942316, 38602177978532, 36216
38602199871240, 38602199873264, 2024
38602221817748, 38602221819852, 2104
38602243767048, 38602243774004, 6956
38602265715844, 38602265723104, 7260
38602287663432, 38602287665492, 2060
38602309627970, 38602309631324, 3354
38602331580110, 38602331583684, 3574
38602353505068, 38602353512240, 7172
38602375454828, 38602375462368, 7540
38602397402080, 38602397404048, 1968
38602419348560, 38602419350544, 1984
38602441318530, 38602441321770, 3240
38602463264550, 38602463321940, 57390
38602541082904, 38602541097716, 14812
38602724646496, 38602724683828, 37332
38602920180504, 38602920217168, 36664
38603115692776, 38603115701144, 8368
38603311227452, 38603311235852, 8400
38603506703004, 38603506710912, 7908
38603702235252, 38603702243580, 8328
38603897770032, 38603897778048, 8016
38604093304604, 38604093312524, 7920
38604288840288, 38604288848236, 7948
38604484397330, 38604484410850, 13520
38604679912804, 38604679921324, 8520
38604723807520, 38604723809804, 2284
38604767719716, 38604767733164, 13448
38604811617484, 38604811621124, 3640
38604855491540, 38604855499024, 7484
38604899387148, 38604899389220, 2072
38604943302990, 38604943306296, 3306
38604987179296, 38604987181512, 2216
38605031073408, 38605031075364, 1956
38605074968016, 38605074970256, 2240
38605118864460, 38605118866524, 2064
38605162761248, 38605162763272, 2024
38605206677964, 38605206694136, 16172
38605228623684, 38605228627156, 3472
38605250569704, 38605250572976, 3272
38605272498404, 38605272500496, 2092
38605294448604, 38605294450544, 1940
38605316394028, 38605316395972, 1944
38605338342396, 38605338344412, 2016
38605360310316, 38605360313550, 3234
38605382201310, 38605382204496, 3186
38605404126868, 38605404128784, 1916
38605426073972, 38605426075856, 1884
38605448019708, 38605448021644, 1936
38605469971308, 38605469973236, 1928
38605491916832, 38605491918872, 2040
38605513886296, 38605513889496, 3200
38605535829450, 38605535832624, 3174
38605557759676, 38605557761568, 1892
38605579707316, 38605579709192, 1876
38605601654212, 38605601656116, 1904
38605623603300, 38605623605188, 1888
38605645569404, 38605645572750, 3346
38605667497680, 38605667499604, 1924
38607040234448, 38607040237512, 3064
38609035428404, 38609035439632, 11228
38611685002280, 38611685005632, 3352
38612273661448, 38612273673544, 12096
38612295580916, 38612295609528, 28612
38612317525376, 38612317530604, 5228
38612339497416, 38612339500536, 3120
38612361446092, 38612361449160, 3068
38612383359356, 38612383362584, 3228
38612405309310, 38612405312684, 3374
38612427253696, 38612427257036, 3340
38612449201756, 38612449205104, 3348
38612471150576, 38612471154084, 3508
38612493098590, 38612493101956, 3366
38612515044996, 38612515048164, 3168
38612536991050, 38612536994364, 3314
38612558940770, 38612558944110, 3340
38612580890936, 38612580894310, 3374
38612602836216, 38612602839504, 3288
38612624783496, 38612624786776, 3280
38612646733430, 38612646736950, 3520
38612668680496, 38612668683790, 3294
38612690626104, 38612690629456, 3352
38612712575644, 38612712579104, 3460
38612734523004, 38612734526224, 3220
38612756470924, 38612756474316, 3392
38612778416824, 38612778420096, 3272
38612800367110, 38612800370430, 3320
38612822312616, 38612822315924, 3308
38612844264004, 38612844267204, 3200
38612866210530, 38612866213810, 3280
38612888154190, 38612888157536, 3346
38612910106370, 38612910109736, 3366
38612932053510, 38612932057170, 3660
38612954074780, 38612954076872, 2092
38612975946110, 38612975949384, 3274
38612997897150, 38612997900504, 3354
38613019840730, 38613019844136, 3406
38613041771736, 38613041773944, 2208
38613063718664, 38613063720784, 2120
38613085665520, 38613085667496, 1976
38613107612812, 38613107614740, 1928
38613129561504, 38613129563468, 1964
38613151508512, 38613151510420, 1908
38613173456628, 38613173458588, 1960
38613195402680, 38613195404592, 1912
38613217351928, 38613217353976, 2048
38613239299580, 38613239301528, 1948
38613261249604, 38613261251524, 1920
38613799906244, 38613799916368, 10124
38613869763888, 38613869767076, 3188
38614065287396, 38614065290740, 3344
38614260819212, 38614260821716, 2504
38614456352916, 38614456355188, 2272
38614651887688, 38614651889928, 2240
38614847422064, 38614847424636, 2572
38615042948240, 38615042950424, 2184
38615238483464, 38615238485860, 2396
38615433982404, 38615434037268, 54864
38615455928696, 38615455932564, 3868
38615477872004, 38615477875390, 3386
38615499819230, 38615499822524, 3294
38615521769276, 38615521772804, 3528
38615543718264, 38615543721584, 3320
38615565662856, 38615565666296, 3440
38615587613264, 38615587616476, 3212
38615609561644, 38615609564856, 3212
38615631504830, 38615631508184, 3354
38615653454330, 38615653457556, 3226
38615675402816, 38615675406030, 3214
38615697503316, 38615697505372, 2056
38615719296410, 38615719299596, 3186
38615741245224, 38615741248404, 3180
38615763194670, 38615763197816, 3146
38615785143376, 38615785146630, 3254
38615807089944, 38615807093104, 3160
38615829037596, 38615829040836, 3240
38615850986890, 38615850990064, 3174
38615872931290, 38615872934524, 3234
38615894880416, 38615894883550, 3134
38615916828090, 38615916831384, 3294
38615938777990, 38615938781436, 3446
38615960726944, 38615960730290, 3346
38615982670476, 38615982673764, 3288
38616004619784, 38616004623136, 3352
38616026565644, 38616026568984, 3340
38616048517690, 38616048520816, 3126
