38592067135732, 38592067144408, 8676
38592073881444, 38592073900836, 19392
38592081706940, 38592081720276, 13336
38596112556190, 38596112561044, 4854
38596212320016, 38596212322744, 2728
38596221465200, 38596221470300, 5100
38596230583908, 38596230587612, 3704
38596338018404, 38596338022224, 3820
38596347167104, 38596347171744, 4640
38596356282400, 38596356285516, 3116
38596463702948, 38596463704908, 1960
38596472819032, 38596472823720, 4688
38596481942396, 38596481945852, 3456
38596515593304, 38596515598956, 5652
38596537527512, 38596537534344, 6832
38596589403532, 38596589406376, 2844
38596697146976, 38596697149020, 2044
38596706265536, 38596706270524, 4988
38596715379960, 38596715383696, 3736
38596822846056, 38596822847860, 1804
38596831957304, 38596831962988, 5684
38596841077116, 38596841080464, 3348
38596948568344, 38596948571516, 3172
38596957733380, 38596957737992, 4612
38596966853756, 38596966856980, 3224
38596998436180, 38596998444252, 8072
38597020384088, 38597020388448, 4360
38597042330772, 38597042337136, 6364
38597074254512, 38597074257196, 2684
38597774522328, 38597774525364, 3036
38597775415624, 38597775420848, 5224
38597776302208, 38597776305120, 2912
38597777203044, 38597777206132, 3088
38597778084168, 38597778086476, 2308
38597778982348, 38597778985120, 2772
38597779863308, 38597779865628, 2320
38597780760276, 38597780763084, 2808
38597781641140, 38597781643444, 2304
38597782538448, 38597782542024, 3576
38597783420196, 38597783422504, 2308
38597784300356, 38597784302664, 2308
38597785197152, 38597785200004, 2852
38597786077900, 38597786080208, 2308
38597786974580, 38597786977376, 2796
38597787855236, 38597787857544, 2308
38597788753540, 38597788756980, 3440
38597789634876, 38597789637180, 2304
38597790532840, 38597790535780, 2940
38597791413604, 38597791415968, 2364
38597792293760, 38597792296084, 2324
38597793193128, 38597793196072, 2944
38597794073968, 38597794076272, 2304
38597794973620, 38597794976332, 2712
38597795856612, 38597795859004, 2392
38597796754388, 38597796757228, 2840
38597797635124, 38597797637844, 2720
38597798532952, 38597798535952, 3000
38597799413840, 38597799416176, 2336
38597800293968, 38597800296292, 2324
38597801191668, 38597801194472, 2804
38597802072352, 38597802074684, 2332
38597810461456, 38597810514044, 52588
38598436950956, 38598436953932, 2976
38598446066672, 38598446071328, 4656
38598455189732, 38598455193420, 3688
38598464293244, 38598464296824, 3580
38598473410768, 38598473414304, 3536
38598482520072, 38598482523652, 3580
38598492192020, 38598492195568, 3548
38598501317580, 38598501320828, 3248
38598510417604, 38598510420600, 2996
38598519542808, 38598519546416, 3608
38598528647696, 38598528651236, 3540
38598537765340, 38598537768888, 3548
38598546879516, 38598546882664, 3148
38598555984848, 38598555988440, 3592
38598565106476, 38598565110072, 3596
38598574210484, 38598574213976, 3492
38598583332092, 38598583335580, 3488
38598592438256, 38598592441224, 2968
38599079418072, 38599079420940, 2868
38599088522380, 38599088527232, 4852
38599097646508, 38599097650080, 3572
38599106746504, 38599106750312, 3808
38599115860224, 38599115863192, 2968
38599124956700, 38599124960008, 3308
38599134075980, 38599134079744, 3764
38599143176852, 38599143180388, 3536
38599152295748, 38599152299548, 3800
38599161411620, 38599161414480, 2860
38599170511440, 38599170514912, 3472
38599179631992, 38599179635444, 3452
38599188729064, 38599188732052, 2988
38599197846872, 38599197850368, 3496
38599237073804, 38599237106248, 32444
38599259043884, 38599259048440, 4556
38600222733136, 38600222736916, 3780
38600319453688, 38600319458540, 4852
38600415603320, 38600415607180, 3860
38600512345764, 38600512349632, 3868
38600608488104, 38600608491728, 3624
38600704641796, 38600704645560, 3764
38600801347928, 38600801351808, 3880
38600897478248, 38600897482036, 3788
38600994183984, 38600994187932, 3948
38601090367420, 38601090372124, 4704
38601186623440, 38601186627680, 4240
38601283297656, 38601283301524, 3868
38601379455180, 38601379459024, 3844
38601475744952, 38601475748928, 3976
38601572442332, 38601572445960, 3628
38601668546404, 38601668550088, 3684
38601765256836, 38601765260536, 3700
38601861416180, 38601861419844, 3664
38601957585636, 38601957589276, 3640
38602054326268, 38602054330056, 3788
38602193909696, 38602193944180, 34484
38602339545744, 38602339550104, 4360
38602485214070, 38602485223536, 9466
38602507162850, 38602507173756, 10906
38605068983912, 38605068985932, 2020
38605069869156, 38605069874448, 5292
38605070752472, 38605070755332, 2860
38605071652536, 38605071655448, 2912
38605072533548, 38605072535856, 2308
38605073429320, 38605073432032, 2712
38605074310100, 38605074312392, 2292
38605075206460, 38605075209968, 3508
38605076088060, 38605076090376, 2316
38605076985760, 38605076988580, 2820
38605077866576, 38605077868944, 2368
38605078749332, 38605078751816, 2484
38605079647796, 38605079650476, 2680
38605080528296, 38605080530592, 2296
38605081426340, 38605081429012, 2672
38605082306884, 38605082309212, 2328
38605083204496, 38605083207208, 2712
38605084085016, 38605084088260, 3244
38605084985388, 38605084988136, 2748
38605085865996, 38605085868320, 2324
38605086746168, 38605086748492, 2324
38605087643992, 38605087646692, 2700
38605088524656, 38605088527856, 3200
38605089424492, 38605089427204, 2712
38605090305088, 38605090307392, 2304
38605091202208, 38605091204884, 2676
38605092082740, 38605092085052, 2312
38605092982488, 38605092985160, 2672
38605093863032, 38605093865364, 2332
38605094743212, 38605094745540, 2328
38605095643168, 38605095646024, 2856
38605096523904, 38605096526260, 2356
38605097420692, 38605097423368, 2676
38605098305512, 38605098308136, 2624
38605099202196, 38605099204896, 2700
38605100082820, 38605100085152, 2332
38605100981128, 38605100983792, 2664
38605101861664, 38605101863968, 2304
38605102741816, 38605102744452, 2636
38605103638620, 38605103641540, 2920
38605104519416, 38605104521728, 2312
38605105416284, 38605105418912, 2628
38605106296792, 38605106299124, 2332
38605107193500, 38605107196972, 3472
38605108074880, 38605108077180, 2300
38605108970912, 38605108973584, 2672
38605109851400, 38605109853708, 2308
38605110731496, 38605110733808, 2312
38605111631040, 38605111634384, 3344
38605112512244, 38605112514556, 2312
38605113409044, 38605113411724, 2680
38605114289600, 38605114291924, 2324
38605115187628, 38605115190308, 2680
38605116068208, 38605116070516, 2308
38605116965808, 38605116968476, 2668
38605117850256, 38605117852808, 2552
38605118730704, 38605118733016, 2312
38605119629028, 38605119632832, 3804
38605120510720, 38605120513048, 2328
38605121409448, 38605121412136, 2688
38605122290024, 38605122292332, 2308
38605123187500, 38605123190228, 2728
38605124068100, 38605124070404, 2304
38605124968004, 38605124970720, 2716
38605125848612, 38605125850908, 2296
38605126728772, 38605126731068, 2296
38605127626344, 38605127629084, 2740
38605128506968, 38605128510380, 3412
38605129410552, 38605129413256, 2704
38605130291212, 38605130293520, 2308
38605131189944, 38605131192660, 2716
38605132070504, 38605132072812, 2308
38605132970480, 38605132973168, 2688
38605133851052, 38605133853360, 2308
38605134731224, 38605134733532, 2308
38605135629592, 38605135632300, 2708
38605136510152, 38605136512468, 2316
38605137408792, 38605137411488, 2696
38605138292960, 38605138295536, 2576
38605139192752, 38605139195468, 2716
38605140073312, 38605140075624, 2312
38605140970580, 38605140973532, 2952
38605141851356, 38605141853728, 2372
38605142731536, 38605142733904, 2368
38605143629820, 38605143632540, 2720
38605144510352, 38605144512676, 2324
38605145408744, 38605145411444, 2700
38605146289316, 38605146291668, 2352
38605147187688, 38605147191004, 3316
38605148068844, 38605148071148, 2304
38605148966764, 38605148969456, 2692
38605149847308, 38605149849612, 2304
38605150727424, 38605150729728, 2304
38605151625372, 38605151628784, 3412
38605152506680, 38605152508988, 2308
38605153405104, 38605153408016, 2912
38605154285864, 38605154288188, 2324
38605155183204, 38605155186128, 2924
38605156063996, 38605156066312, 2316
38605156962628, 38605156965488, 2860
38605157847336, 38605157849928, 2592
38605158727792, 38605158730112, 2320
38605159625584, 38605159628264, 2680
38605160506128, 38605160508440, 2312
38605161404184, 38605161406860, 2676
38605162284748, 38605162287056, 2308
38605163183992, 38605163187632, 3640
38605164065464, 38605164067792, 2328
38605164963508, 38605164966856, 3348
38605165844656, 38605165846960, 2304
38605166742988, 38605166745852, 2864
38605167623668, 38605167625984, 2316
38605168503788, 38605168506108, 2320
38605169401820, 38605169404552, 2732
38605170282360, 38605170284676, 2316
38605171181016, 38605171183732, 2716
38605172061608, 38605172064876, 3268
38605172963560, 38605172966468, 2908
38605173844396, 38605173846728, 2332
38605174743316, 38605174746012, 2696
38605175623896, 38605175626192, 2296
38605184714428, 38605184718704, 4276
38605755311104, 38605755316816, 5712
38605764452912, 38605764457440, 4528
38605773572920, 38605773576028, 3108
38605782674928, 38605782678696, 3768
38605791788480, 38605791791524, 3044
38605800889720, 38605800893360, 3640
38605810006884, 38605810010520, 3636
38605819134100, 38605819137712, 3612
38605828235416, 38605828238888, 3472
38605837359444, 38605837363944, 4500
38605846459688, 38605846463860, 4172
38605855581408, 38605855585344, 3936
38605864686208, 38605864689876, 3668
38605873806204, 38605873809752, 3548
38605882913544, 38605882916692, 3148
38605892027276, 38605892030376, 3100
38605908926916, 38605908933980, 7064
38605952822640, 38605952829236, 6596
38605996718016, 38605996725060, 7044
38606040613144, 38606040619824, 6680
38606084508332, 38606084514924, 6592
38606128404832, 38606128411200, 6368
38606172299248, 38606172305580, 6332
38606216194824, 38606216201164, 6340
38606260111970, 38606260122636, 10666
38606303985252, 38606303991672, 6420
38606347881820, 38606347888736, 6916
38606391799956, 38606391810630, 10674
38606435673664, 38606435679956, 6292
38606479568568, 38606479574984, 6416
38606523485170, 38606523539364, 54194
38606567358680, 38606567364932, 6252
38606611255024, 38606611261344, 6320
38606655150340, 38606655156628, 6288
38606699066950, 38606699119260, 52310
38606742944420, 38606742951268, 6848
38606786837712, 38606786844092, 6380
38606830752850, 38606830763510, 10660
38606874627652, 38606874633960, 6308
38606918522940, 38606918529212, 6272
38606962441650, 38606962452430, 10780
38607006314820, 38607006321384, 6564
38607050210496, 38607050216996, 6500
38607094109344, 38607094116800, 7456
38607116058684, 38607116063096, 4412
38607138001648, 38607138007980, 6332
38607159946260, 38607159950880, 4620
38607181889844, 38607181894840, 4996
38607203839904, 38607203843524, 3620
38607225785428, 38607225790424, 4996
38607247758464, 38607247764324, 5860
38607269697864, 38607269705764, 7900
38608588513976, 38608588542276, 28300
38608684703964, 38608684708416, 4452
38608781417376, 38608781421244, 3868
38608877581332, 38608877585224, 3892
38608974297304, 38608974301124, 3820
38609070466688, 38609070470784, 4096
38609166698828, 38609166703404, 4576
38609263443340, 38609263447108, 3768
38609359605476, 38609359609232, 3756
38609455875448, 38609455879500, 4052
38609552624344, 38609552628404, 4060
38609648740024, 38609648743740, 3716
38609745437108, 38609745440912, 3804
38609841605780, 38609841609536, 3756
38609937763488, 38609937767044, 3556
38610034465632, 38610034469184, 3552
38610130610604, 38610130614216, 3612
38610227341072, 38610227344708, 3636
38610323489236, 38610323492904, 3668
38610419642040, 38610419645664, 3624
38610516345136, 38610516348768, 3632
38610612478676, 38610612482220, 3544
38610708613784, 38610708617332, 3548
38610805336828, 38610805340536, 3708
38610901462156, 38610901465848, 3692
38610998162660, 38610998166396, 3736
38611094289640, 38611094293380, 3740
38611224211196, 38611224215644, 4448
38611369768350, 38611369775210, 6860
38611515434630, 38611515465276, 30646
38611661087764, 38611661117396, 29632
38611806715016, 38611806719260, 4244
38611952370180, 38611952374620, 4440
38612098026612, 38612098032380, 5768
38612119964848, 38612119971624, 6776
38612141911988, 38612141916020, 4032
38612163853628, 38612163858508, 4880
38612185805264, 38612185809068, 3804
38612207749820, 38612207754624, 4804
38612229700216, 38612229704092, 3876
38612251669196, 38612251677816, 8620
38613045760284, 38613045762852, 2568
38613054877468, 38613054882008, 4540
38613064001864, 38613064005504, 3640
38613073105424, 38613073109064, 3640
38613082228996, 38613082232568, 3572
38613091331676, 38613091335348, 3672
38613100454080, 38613100457620, 3540
38613109554536, 38613109558176, 3640
38613118678928, 38613118682536, 3608
38613127792452, 38613127795952, 3500
38613136891876, 38613136895256, 3380
38613146010916, 38613146014428, 3512
38613155108032, 38613155111520, 3488
38613164224888, 38613164228340, 3452
38613173325188, 38613173328640, 3452
38613182445920, 38613182449292, 3372
38613191562188, 38613191565620, 3432
38613200658772, 38613200662128, 3356
38613210323016, 38613210325996, 2980
38613219435792, 38613219439144, 3352
38613228534780, 38613228538148, 3368
38613237647068, 38613237650324, 3256
38613246750532, 38613246754028, 3496
38613736057208, 38613736059472, 2264
38613745165072, 38613745169516, 4444
38613754281152, 38613754284268, 3116
38613763384260, 38613763387228, 2968
38613772500020, 38613772503416, 3396
38613781603924, 38613781606852, 2928
38613790719128, 38613790722632, 3504
38613799824072, 38613799827476, 3404
38613808944360, 38613808947800, 3440
38613818064108, 38613818067468, 3360
38613827162664, 38613827166000, 3336
38613836281576, 38613836285072, 3496
38613845383200, 38613845386736, 3536
38613854495088, 38613854498636, 3548
38613897686160, 38613897700896, 14736
38613919622704, 38613919638696, 15992
38613941570508, 38613941586744, 16236
38613963518608, 38613963535064, 16456
38613985459580, 38613985470308, 10728
38614007406072, 38614007417428, 11356
38614029355028, 38614029366520, 11492
38614051303488, 38614051315196, 11708
38614073249180, 38614073260700, 11520
38614095197700, 38614095208948, 11248
38614117145484, 38614117156324, 10840
38614139092904, 38614139104148, 11244
38614161043368, 38614161054548, 11180
38614182987372, 38614182998108, 10736
38614204937136, 38614204948596, 11460
38614226885056, 38614226896368, 11312
38614248833676, 38614248844668, 10992
38614270782312, 38614270794232, 11920
38614292727884, 38614292739332, 11448
38614314674996, 38614314685620, 10624
38614336623268, 38614336634560, 11292
38614358570144, 38614358581280, 11136
38614380519168, 38614380529632, 10464
38614402465932, 38614402477432, 11500
38614424412576, 38614424424016, 11440
38614446362744, 38614446374016, 11272
38614468310452, 38614468322040, 11588
38614490257748, 38614490269540, 11792
38614512204868, 38614512215572, 10704
38614534151892, 38614534163276, 11384
38614556101280, 38614556112360, 11080
38614578047852, 38614578058808, 10956
38614599997152, 38614600008320, 11168
38614621944128, 38614621954840, 10712
38614643892084, 38614643902928, 10844
38614665840596, 38614665848376, 7780
38614687788072, 38614687800036, 11964
38614709735312, 38614709746604, 11292
38614731682392, 38614731693744, 11352
38614753643344, 38614753649412, 6068
38614775579728, 38614775590760, 11032
38614797526044, 38614797537008, 10964
38614819473268, 38614819484168, 10900
38614841421704, 38614841433212, 11508
38614863369036, 38614863380320, 11284
38614885316908, 38614885327524, 10616
38614907265488, 38614907276644, 11156
38614929211732, 38614929222972, 11240
38614951160980, 38614951172476, 11496
38614973123016, 38614973131570, 8554
38614995072684, 38614995081456, 8772
38615017003368, 38615017009080, 5712
38615038950404, 38615038955700, 5296
38615060899000, 38615060904072, 5072
38615082846612, 38615082851684, 5072
38615104795932, 38615104801044, 5112
38615126743668, 38615126749296, 5628
38615148691664, 38615148696968, 5304
38615170637156, 38615170642204, 5048
38615192586644, 38615192591700, 5056
38615214533812, 38615214538940, 5128
38615236479928, 38615236484916, 4988
38615258429328, 38615258434668, 5340
38615280378568, 38615280383808, 5240
38617036143456, 38617036146392, 2936
38617132381580, 38617132386200, 4620
38617229083552, 38617229088076, 4524
38617325205576, 38617325209584, 4008
38617421497780, 38617421501488, 3708
38617518211316, 38617518214904, 3588
38596114546670, 38596114552104, 5434
38596222273888, 38596222279484, 5596
38596367983984, 38596367988416, 4432
38596513638364, 38596513642804, 4440
38596659267724, 38596659296640, 28916
38596804918876, 38596804949776, 30900
38596950549400, 38596950553568, 4168
38597080244120, 38597080247200, 3080
38597086227488, 38597086233844, 6356
38597096216096, 38597096226870, 10774
38597241883044, 38597241911936, 28892
38597387532924, 38597387563740, 30816
38597533103684, 38597533107904, 4220
38597678781856, 38597678788690, 6834
38597824435350, 38597824464284, 28934
38597970084704, 38597970091476, 6772
38598115740744, 38598115770304, 29560
38599075428544, 38599075431672, 3128
38599089088072, 38599089093432, 5360
38599102754228, 38599102758168, 3940
38599116408500, 38599116412180, 3680
38599130067140, 38599130070424, 3284
38599205117576, 38599205124300, 6724
38601070618232, 38601070621640, 3408
38601079734832, 38601079739676, 4844
38601088860352, 38601088864048, 3696
38601097964620, 38601097968172, 3552
38601107081348, 38601107085000, 3652
38601116183816, 38601116186788, 2972
38601125304564, 38601125308140, 3576
38601134404260, 38601134407708, 3448
38601143512952, 38601143515860, 2908
38601152627540, 38601152631016, 3476
38601161728104, 38601161731420, 3316
38601170838236, 38601170841724, 3488
38601179932616, 38601179936004, 3388
38601189054592, 38601189058088, 3496
38601198151392, 38601198154788, 3396
38601207267712, 38601207270700, 2988
38601216377640, 38601216380836, 3196
38601225461412, 38601225464476, 3064
38601235124560, 38601235130356, 5796
38601244240996, 38601244244456, 3460
38601253334420, 38601253337260, 2840
38601262439284, 38601262442500, 3216
38601271533052, 38601271535804, 2752
38601280639304, 38601280642664, 3360
38601289736184, 38601289739632, 3448
38601298847688, 38601298850520, 2832
38601307944748, 38601307948072, 3324
38601317060780, 38601317063728, 2948
38601326180060, 38601326183500, 3440
38601335276040, 38601335278920, 2880
38601344378204, 38601344381496, 3292
38601353480896, 38601353484352, 3456
38601362593744, 38601362597108, 3364
38601371698056, 38601371701620, 3564
38601380814756, 38601380818232, 3476
38601390036360, 38601390039700, 3340
38601399134152, 38601399137052, 2900
38601408244460, 38601408247340, 2880
38601417337340, 38601417340756, 3416
38601426446456, 38601426449768, 3312
38601435546776, 38601435550284, 3508
38601444660876, 38601444664192, 3316
38601453772384, 38601453775904, 3520
38601462866308, 38601462869704, 3396
38601471982044, 38601471984948, 2904
38601481623480, 38601481627036, 3556
38601490723364, 38601490726352, 2988
38601499834524, 38601499838024, 3500
38601508933400, 38601508936324, 2924
38601518037060, 38601518039992, 2932
38601527137064, 38601527140476, 3412
38601536248124, 38601536251024, 2900
38601545340908, 38601545344244, 3336
38603061820724, 38603061823052, 2328
38603070930016, 38603070936104, 6088
38603080049404, 38603080052664, 3260
38603089143096, 38603089146100, 3004
38603098255572, 38603098258464, 2892
38603107353780, 38603107356668, 2888
38603116459384, 38603116463016, 3632
38603125563540, 38603125566588, 3048
38603134668472, 38603134672104, 3632
38603143772576, 38603143775640, 3064
38603152858352, 38603152861768, 3416
38603161963872, 38603161967180, 3308
38603171053264, 38603171056668, 3404
38603180164196, 38603180167160, 2964
38603189258240, 38603189261160, 2920
38603198369412, 38603198372264, 2852
38603207474828, 38603207477848, 3020
38603216568708, 38603216572044, 3336
38603225684604, 38603225687444, 2840
38603235338344, 38603235341212, 2868
38603244456020, 38603244459044, 3024
38603253564468, 38603253567900, 3432
38603262663652, 38603262666996, 3344
38603271770416, 38603271773760, 3344
38603280862920, 38603280865880, 2960
38603289972720, 38603289975648, 2928
38603299064028, 38603299066944, 2916
38603308177548, 38603308180584, 3036
38603317289100, 38603317292536, 3436
38603326383544, 38603326387032, 3488
38603335499792, 38603335502680, 2888
38603344595624, 38603344598572, 2948
38603353703168, 38603353706688, 3520
38603362801608, 38603362804984, 3376
38603371910580, 38603371914056, 3476
38603381000900, 38603381003800, 2900
38603390210892, 38603390213832, 2940
38603399319812, 38603399322780, 2968
38603408419060, 38603408422100, 3040
38603417531944, 38603417535468, 3524
38603426628180, 38603426631116, 2936
38603435736852, 38603435739804, 2952
38603444852492, 38603444855936, 3444
38603453949196, 38603453952660, 3464
38603494732116, 38603494738996, 6880
38603538620384, 38603538626884, 6500
38603582522392, 38603582528532, 6140
38603626417604, 38603626423688, 6084
38603670314736, 38603670320924, 6188
38603714207244, 38603714213740, 6496
38603758104712, 38603758111248, 6536
38603801998828, 38603802004896, 6068
38603845894096, 38603845900216, 6120
38603889789624, 38603889795736, 6112
38603933686384, 38603933692376, 5992
38603977575964, 38603977582696, 6732
38604021476148, 38604021482208, 6060
38604065372288, 38604065378500, 6212
38604109267372, 38604109273520, 6148
38604153163328, 38604153169832, 6504
38604197052856, 38604197059084, 6228
38604240955100, 38604240961496, 6396
38604284850112, 38604284856152, 6040
38604328745172, 38604328751088, 5916
38604372660350, 38604372717308, 56958
38604416536448, 38604416542352, 5904
38604460431244, 38604460437248, 6004
38604504351370, 38604504404932, 53562
38604548223552, 38604548229828, 6276
38604592118648, 38604592124876, 6228
38604636035050, 38604636045164, 10114
38605061024676, 38605061029916, 5240
38605074711888, 38605074716420, 4532
38605088370892, 38605088374496, 3604
38605266508568, 38605266515872, 7304
38605461984928, 38605461990724, 5796
38605657533184, 38605657542364, 9180
38605811154960, 38605811158004, 3044
38605907267092, 38605907271116, 4024
38606003750744, 38606003754700, 3956
38606126430670, 38606126462528, 31858
38606272082964, 38606272093890, 10926
38606417744870, 38606417747770, 2900
38606563388096, 38606563442660, 54564
38606709039296, 38606709050176, 10880
38606854693996, 38606854704656, 10660
38607000352190, 38607000385256, 33066
38607146003564, 38607146061552, 57988
38607291658476, 38607291693660, 35184
38607313600844, 38607313611730, 10886
38607335548970, 38607335559076, 10106
38607357496096, 38607357506696, 10600
38607379376884, 38607379387570, 10686
38607401333364, 38607401366544, 33180
38607423261132, 38607423267212, 6080
38607445229110, 38607445240164, 11054
38607467213268, 38607467219664, 6396
38607489114324, 38607489125110, 10786
38607511072250, 38607511082264, 10014
38607533021876, 38607533057216, 35340
38607554970044, 38607555002940, 32896
38607576916650, 38607576927496, 10846
38607598861096, 38607598871204, 10108
38607620792196, 38607620798744, 6548
38607642762810, 38607642773050, 10240
38607664706016, 38607664717036, 11020
38607686653730, 38607686687392, 33662
38607708602990, 38607708637616, 34626
38607730542984, 38607730554104, 11120
38607752500356, 38607752533356, 33000
38607774447836, 38607774457676, 9840
38607796384716, 38607796395656, 10940
38607818315576, 38607818320356, 4780
38607840280936, 38607840291244, 10308
38607862228556, 38607862236604, 8048
38607884177096, 38607884185576, 8480
38607906124384, 38607906132576, 8192
38607928075390, 38607928083744, 8354
38607950020944, 38607950029324, 8380
38607971967010, 38607971976010, 9000
38607993917156, 38607993925236, 8080
38608015844784, 38608015849996, 5212
38608037810604, 38608037818650, 8046
38608059756864, 38608059765596, 8732
38608081704330, 38608081712384, 8054
38608103652996, 38608103663416, 10420
38608125599556, 38608125607744, 8188
38608147553444, 38608147561890, 8446
38608169495656, 38608169503630, 7974
38608191446144, 38608191454670, 8526
38608213390784, 38608213398944, 8160
38608235342644, 38608235351724, 9080
38608257291630, 38608257300190, 8560
38608279235164, 38608279243770, 8606
38608301183176, 38608301191164, 7988
38608323131336, 38608323139756, 8420
38608345080396, 38608345088476, 8080
38608367027664, 38608367035996, 8332
38608388971044, 38608388979130, 8086
38608410920790, 38608410929136, 8346
38608432870284, 38608432878224, 7940
38608454816356, 38608454824990, 8634
38608476763456, 38608476771824, 8368
38608498715436, 38608498724124, 8688
38608520659984, 38608520667790, 7806
38608542609650, 38608542618944, 9294
38608564553196, 38608564561356, 8160
38608586504490, 38608586513056, 8566
38608608432896, 38608608438080, 5184
38608630383344, 38608630388088, 4744
38608652330736, 38608652335828, 5092
38608674278884, 38608674284052, 5168
38608696225916, 38608696230852, 4936
38608718173964, 38608718179132, 5168
38608740121972, 38608740127132, 5160
38608762069824, 38608762074996, 5172
38608784016032, 38608784020760, 4728
38608805964460, 38608805969588, 5128
38608827911448, 38608827916268, 4820
38608849861120, 38608849866168, 5048
38608871807508, 38608871812640, 5132
38608893754972, 38608893760324, 5352
38608915704216, 38608915709264, 5048
38608937650332, 38608937656584, 6252
38608959598944, 38608959604144, 5200
38609051385452, 38609051388184, 2732
38609177082124, 38609177098388, 16264
38609372556160, 38609372569836, 13676
38609568090784, 38609568104228, 13444
38609763627160, 38609763640232, 13072
38609959162060, 38609959173244, 11184
38610154695340, 38610154706704, 11364
38610350229728, 38610350242808, 13080
38610545765608, 38610545778332, 12724
38610741299736, 38610741312468, 12732
38610936835968, 38610936847692, 11724
38611132370264, 38611132383520, 13256
38611154315604, 38611154328080, 12476
38611176262856, 38611176274684, 11828
38611198226664, 38611198235124, 8460
38611220174536, 38611220184176, 9640
38611242108476, 38611242113604, 5128
38611264055100, 38611264060172, 5072
38611286002284, 38611286007312, 5028
38611307950488, 38611307955516, 5028
38611329915330, 38611329924836, 9506
38611351862724, 38611351871376, 8652
38611373732636, 38611373737764, 5128
38611395682548, 38611395687936, 5388
38611417629972, 38611417634900, 4928
38611439576956, 38611439581988, 5032
38611461526264, 38611461531516, 5252
38611483488750, 38611483498024, 9274
38611505437090, 38611505445564, 8474
38611527367616, 38611527372648, 5032
38611549316748, 38611549322312, 5564
38611571264680, 38611571269540, 4860
38611593212676, 38611593217900, 5224
38611615175250, 38611615183624, 8374
38611637124224, 38611637133284, 9060
38611659074704, 38611659083284, 8580
38611681002684, 38611681007780, 5096
38611702950732, 38611702955832, 5100
38611724898400, 38611724903748, 5348
38611746846552, 38611746851672, 5120
38611768793296, 38611768798584, 5288
38611790742256, 38611790747968, 5712
38611812688660, 38611812693812, 5152
38611834637100, 38611834642736, 5636
38611856583920, 38611856588984, 5064
38611878531828, 38611878536720, 4892
38611900479820, 38611900484940, 5120
38611922428460, 38611922433824, 5364
38611944376688, 38611944382512, 5824
38611966323180, 38611966328476, 5296
38611988271328, 38611988276332, 5004
38612010219372, 38612010224472, 5100
38612032167344, 38612032172472, 5128
38612054114188, 38612054119616, 5428
38612076061420, 38612076066420, 5000
38613041769448, 38613041772700, 3252
38613137928212, 38613137933444, 5232
38613234551372, 38613234555044, 3672
38613330494944, 38613330498784, 3840
38613426578448, 38613426582600, 4152
38613523131848, 38613523135660, 3812
38613619110464, 38613619114380, 3916
38613715637388, 38613715641148, 3760
38613811698428, 38613811702608, 4180
38613907708436, 38613907711700, 3264
38614004178452, 38614004182272, 3820
38614100154144, 38614100157900, 3756
38614196134412, 38614196138160, 3748
38614292704116, 38614292710020, 5904
38614388705280, 38614388709460, 4180
38614485255620, 38614485259356, 3736
38614581260172, 38614581264024, 3852
38614677248108, 38614677251652, 3544
38614773792416, 38614773796088, 3672
38614869795432, 38614869799120, 3688
38615011049384, 38615011081704, 32320
38615156680112, 38615156686904, 6792
38615302333432, 38615302341384, 7952
38615324278532, 38615324285096, 6564
38615346251316, 38615346307324, 56008
38615368135624, 38615368146176, 10552
38615390071950, 38615390083216, 11266
38615412027210, 38615412037830, 10620
38617032155796, 38617032158860, 3064
38617045820024, 38617045824980, 4956
38617059493372, 38617059497232, 3860
38617073165980, 38617073169176, 3196
38617086822736, 38617086826356, 3620
38596076646616, 38596076651704, 5088
38596272156692, 38596272161676, 4984
38596467688028, 38596467693592, 5564
38596517581448, 38596517584024, 2576
38596559471868, 38596559479664, 7796
38596581420712, 38596581424728, 4016
38596603365740, 38596603371988, 6248
38596625340990, 38596625343430, 2440
38596647276976, 38596647286816, 9840
38596663222608, 38596663227912, 5304
38596858760036, 38596858765184, 5148
38597024371008, 38597024373700, 2692
38597072280264, 38597072282650, 2386
38597132105968, 38597132107596, 1628
38597141205320, 38597141210408, 5088
38597174010548, 38597174015060, 4512
38597217920956, 38597217930904, 9948
38597249829600, 38597249831940, 2340
38597445301308, 38597445306644, 5336
38597640851970, 38597640861676, 9706
38597836370256, 38597836375908, 5652
38598031906196, 38598031912860, 6664
38598227458896, 38598227469444, 10548
38598249412424, 38598249419116, 6692
38598359148956, 38598359153424, 4468
38598455237312, 38598455242332, 5020
38598552678368, 38598552683016, 4648
38598698380248, 38598698384912, 4664
38598844009116, 38598844038056, 28940
38598989654464, 38598989662644, 8180
38599135292288, 38599135296968, 4680
38599280972690, 38599281023160, 50470
38599302941364, 38599302945868, 4504
38599324863376, 38599324917708, 54332
38599346793104, 38599346802850, 9746
38599368748464, 38599368755104, 6640
38599390692796, 38599390700856, 8060
38601062637648, 38601062640624, 2976
38601076299896, 38601076304796, 4900
38601089967228, 38601089971148, 3920
38601103632204, 38601103635976, 3772
38601117301308, 38601117304864, 3556
38601130961768, 38601130965444, 3676
38601144619408, 38601144622960, 3552
38601158264376, 38601158267896, 3520
38601171934412, 38601171937920, 3508
38601185593388, 38601185596972, 3584
38601355935240, 38601355947280, 12040
38601551409376, 38601551423356, 13980
38601746945624, 38601746960256, 14632
38601942481392, 38601942495328, 13936
38602138014032, 38602138027864, 13832
38602333573244, 38602333579804, 6560
38603057854996, 38603057859644, 4648
38603153993184, 38603153997916, 4732
38603250650428, 38603250654648, 4220
38603346748580, 38603346752744, 4164
38603442962756, 38603442966548, 3792
38603539544420, 38603539548272, 3852
38603635558504, 38603635561864, 3360
38603732159932, 38603732163700, 3768
38603828173068, 38603828176552, 3484
38603924175184, 38603924178700, 3516
38604020736980, 38604020740676, 3696
38604116758540, 38604116762220, 3680
38604232998424, 38604233010444, 12020
38604378627028, 38604378633816, 6788
38604524301024, 38604524356988, 55964
38604669955910, 38604669966736, 10826
38604815587212, 38604815593584, 6372
38604961262664, 38604961273876, 11212
38605106894360, 38605106901084, 6724
38605252569856, 38605252580890, 11034
38605398162636, 38605398195496, 32860
38605543815170, 38605543848472, 33302
38605689475864, 38605689511372, 35508
38605711418444, 38605711451596, 33152
38605733358516, 38605733370710, 12194
38605755302590, 38605755312210, 9620
38605777233228, 38605777238592, 5364
38605799180380, 38605799185316, 4936
38605821127424, 38605821132604, 5180
38605843076252, 38605843081416, 5164
38607048211604, 38607048215020, 3416
38607061873816, 38607061879084, 5268
38607075527020, 38607075531104, 4084
38607089173876, 38607089177980, 4104
38607102814264, 38607102817476, 3212
38607116449912, 38607116453852, 3940
38607130087180, 38607130090244, 3064
38607221796676, 38607221804424, 7748
38607417289044, 38607417300750, 11706
38607612822504, 38607612832764, 10260
38607808358244, 38607808368096, 9852
38608003891016, 38608003901290, 10274
38608199428770, 38608199438236, 9466
38608394964416, 38608394973864, 9448
38608590479788, 38608590485844, 6056
38608786013468, 38608786019624, 6156
38608981549124, 38608981556308, 7184
38609003494512, 38609003499948, 5436
38609025442340, 38609025447712, 5372
38609047388280, 38609047393248, 4968
38609069338464, 38609069343324, 4860
38609091285512, 38609091301520, 16008
38609113234632, 38609113246772, 12140
38609135180296, 38609135192348, 12052
38609157128544, 38609157140020, 11476
38609179075704, 38609179087284, 11580
38609201024276, 38609201036212, 11936
38609222973248, 38609222985152, 11904
38609244919208, 38609244930512, 11304
38609266865268, 38609266876956, 11688
38609288815272, 38609288826636, 11364
38609310762824, 38609310774756, 11932
38609332710396, 38609332719528, 9132
38609354659400, 38609354672104, 12704
38609376546384, 38609376558320, 11936
38609398495676, 38609398506780, 11104
38609420441452, 38609420453000, 11548
38609442391132, 38609442402712, 11580
38609464338560, 38609464350964, 12404
38609486286064, 38609486297276, 11212
38609508233788, 38609508245908, 12120
38609530182524, 38609530193396, 10872
38609552129912, 38609552141416, 11504
38609574076980, 38609574088896, 11916
38609596024712, 38609596036288, 11576
38609617973772, 38609617985408, 11636
38609639920308, 38609639932532, 12224
38609661868520, 38609661880116, 11596
38609683814736, 38609683825548, 10812
38609705762512, 38609705774332, 11820
38609727712336, 38609727724024, 11688
38609749659396, 38609749670716, 11320
38609771606960, 38609771618536, 11576
38609793553492, 38609793564876, 11384
38609815502744, 38609815513936, 11192
38609837449800, 38609837461228, 11428
38609859398832, 38609859410716, 11884
38609881347100, 38609881358024, 10924
38609903294412, 38609903305624, 11212
38609925241504, 38609925252320, 10816
38609947189540, 38609947200664, 11124
38609969136760, 38609969148704, 11944
38609991085748, 38609991097560, 11812
38610013031732, 38610013043172, 11440
38610034979780, 38610034991384, 11604
38610056926948, 38610056938732, 11784
38610078874728, 38610078885480, 10752
38610100823016, 38610100834332, 11316
38610122769572, 38610122781360, 11788
38610144719208, 38610144730656, 11448
38610166667956, 38610166679504, 11548
38610188615244, 38610188626640, 11396
38610210632460, 38610210644628, 12168
38610232510228, 38610232521164, 10936
38610254458500, 38610254470392, 11892
38610276407304, 38610276419052, 11748
38610298353344, 38610298364712, 11368
38610320301432, 38610320312832, 11400
38610342249296, 38610342260924, 11628
38610364197616, 38610364208404, 10788
38610386145480, 38610386156732, 11252
38610408091856, 38610408103216, 11360
38610430040264, 38610430051512, 11248
38610451988184, 38610452000148, 11964
38610473935552, 38610473947052, 11500
38610495881956, 38610495893128, 11172
38610517832380, 38610517843884, 11504
38610539780532, 38610539791856, 11324
38610561726392, 38610561737520, 11128
38610583675052, 38610583686296, 11244
38610605622672, 38610605634188, 11516
38610627569944, 38610627580912, 10968
38610649517936, 38610649529336, 11400
38610671465188, 38610671476724, 11536
38610693413232, 38610693424644, 11412
38610715361032, 38610715372872, 11840
38610737308028, 38610737320768, 12740
38610759255980, 38610759267896, 11916
38610781204700, 38610781215740, 11040
38610803152304, 38610803164156, 11852
38610825099772, 38610825111640, 11868
38610847049184, 38610847060692, 11508
38610868995524, 38610869007048, 11524
38610890942560, 38610890953380, 10820
38610912889500, 38610912901032, 11532
38610934840352, 38610934852104, 11752
38610956786592, 38610956797560, 10968
38610978733816, 38610978745024, 11208
38611000682208, 38611000693476, 11268
38611022631032, 38611022643392, 12360
38611044577952, 38611044587944, 9992
38611066524692, 38611066536704, 12012
38611088472108, 38611088484208, 12100
38611110420928, 38611110432736, 11808
38613033810176, 38613033815130, 4954
38613047499860, 38613047504544, 4684
38613061172056, 38613061175676, 3620
38613074827436, 38613074831096, 3660
38613088494024, 38613088497688, 3664
38613102158524, 38613102162292, 3768
38613115819308, 38613115822772, 3464
38613129465008, 38613129468768, 3760
38613143126120, 38613143129880, 3760
38613156788628, 38613156792152, 3524
38613170444752, 38613170448276, 3524
38613283194196, 38613283202892, 8696
38613305137516, 38613305143380, 5864
38613327087036, 38613327092540, 5504
38613349033448, 38613349038272, 4824
38613370922420, 38613370927672, 5252
38613392869896, 38613392874812, 4916
38613414817388, 38613414822460, 5072
38613436765028, 38613436769996, 4968
38613458713408, 38613458719268, 5860
38613480658356, 38613480663308, 4952
38613502608048, 38613502613288, 5240
38613524554908, 38613524559836, 4928
38613546502848, 38613546508028, 5180
38613568452088, 38613568456944, 4856
38613590398444, 38613590403908, 5464
38613612346500, 38613612351440, 4940
38613634296724, 38613634301736, 5012
38613656241680, 38613656246560, 4880
38613678188680, 38613678194052, 5372
38613700138012, 38613700142856, 4844
38613722085740, 38613722091408, 5668
38613744033008, 38613744038672, 5664
38613765980460, 38613765985708, 5248
38613787929708, 38613787934652, 4944
38613809875712, 38613809887192, 11480
38613831823568, 38613831835976, 12408
38613853771148, 38613853783056, 11908
38613875717484, 38613875728896, 11412
38615028982408, 38615028985448, 3040
38615038086088, 38615038090572, 4484
38615047194040, 38615047197880, 3840
38615056287680, 38615056291260, 3580
38615065394492, 38615065398260, 3768
38615074484752, 38615074487936, 3184
38615083594568, 38615083598092, 3524
38615092686668, 38615092690228, 3560
38615101796940, 38615101799864, 2924
38615110905436, 38615110908384, 2948
38615119999632, 38615120002496, 2864
38615129096940, 38615129100532, 3592
38615138182308, 38615138185168, 2860
38615147277900, 38615147281296, 3396
38615156382436, 38615156385868, 3432
38615165496600, 38615165500004, 3404
38615174587264, 38615174590816, 3552
38615183697144, 38615183700084, 2940
38615192801972, 38615192805708, 3736
38615202454520, 38615202457888, 3368
38615211562336, 38615211565332, 2996
38615220679264, 38615220682840, 3576
38615229772272, 38615229775636, 3364
38615238873424, 38615238877060, 3636
38615247969764, 38615247973128, 3364
38615257080760, 38615257084148, 3388
38615266164004, 38615266167240, 3236
38615275261784, 38615275264660, 2876
38615284340468, 38615284343732, 3264
38615293442032, 38615293445240, 3208
38615302543648, 38615302547276, 3628
38615311630736, 38615311633568, 2832
38615320732940, 38615320735692, 2752
38617024193376, 38617024196724, 3348
38617033324144, 38617033330044, 5900
38617042436536, 38617042440472, 3936
38617051535736, 38617051539044, 3308
38617060646608, 38617060649940, 3332
38617069743360, 38617069746396, 3036
38617078858280, 38617078861640, 3360
38617087953780, 38617087957348, 3568
38617097065736, 38617097068700, 2964
38617106178768, 38617106182160, 3392
38617115302724, 38617115306832, 4108
38617124419680, 38617124423648, 3968
38617133520476, 38617133524092, 3616
38617142631336, 38617142634524, 3188
38617151730368, 38617151733180, 2812
38617160845528, 38617160848272, 2744
38617169953456, 38617169956212, 2756
38596675200672, 38596675203492, 2820
38596691160724, 38596691164888, 4164
38596713101768, 38596713106896, 5128
38596735057712, 38596735061300, 3588
38596757021016, 38596757028684, 7668
38596831478912, 38596831481520, 2608
38596832368204, 38596832374164, 5960
38596833274460, 38596833277744, 3284
38596844817188, 38596844827512, 10324
38596866759140, 38596866764688, 5548
38596888693308, 38596888700752, 7444
38596910693596, 38596910697948, 4352
38596932617596, 38596932666936, 49340
38596954527236, 38596954532380, 5144
38596976481092, 38596976485544, 4452
38597331635880, 38597331638580, 2700
38597340748228, 38597340753380, 5152
38597349850684, 38597349853864, 3180
38597393490500, 38597393497796, 7296
38597437325464, 38597437332248, 6784
38597481221492, 38597481228584, 7092
38597525139364, 38597525150790, 11426
38597569013792, 38597569021016, 7224
38597612908024, 38597612914760, 6736
38597656834416, 38597656837036, 2620
38597700699724, 38597700706624, 6900
38597744590224, 38597744596140, 5916
38597788490728, 38597788497788, 7060
38597832396548, 38597832402016, 5468
38597854334108, 38597854341468, 7360
38597876286764, 38597876291200, 4436
38597898223800, 38597898229428, 5628
38597920173952, 38597920177772, 3820
38597942135690, 38597942144216, 8526
38597964097470, 38597964099390, 1920
38597986014552, 38597986019752, 5200
38598007965780, 38598007969564, 3784
38598029909152, 38598029914312, 5160
38598051861372, 38598051865172, 3800
38598073819676, 38598073828250, 8574
38598095777256, 38598095783470, 6214
38598117702604, 38598117707784, 5180
38598139654112, 38598139657880, 3768
38598161595024, 38598161599944, 4920
38598183546488, 38598183550384, 3896
38598205491808, 38598205496764, 4956
38598363124548, 38598363127180, 2632
38598364016768, 38598364021940, 5172
38598364900024, 38598364902828, 2804
38598365801408, 38598365804540, 3132
38598366682432, 38598366684732, 2300
38598381077040, 38598381081556, 4516
38598403020112, 38598403025572, 5460
38598424974640, 38598424978304, 3664
38598446917048, 38598446922024, 4976
38598468869220, 38598468872812, 3592
38598490811076, 38598490816260, 5184
38598512764388, 38598512768240, 3852
38598534709064, 38598534714208, 5144
38598556657932, 38598556661784, 3852
38598578602784, 38598578608320, 5536
38598600555372, 38598600559072, 3700
38598622503244, 38598622507716, 4472
38598644446360, 38598644451420, 5060
38598666423890, 38598666426144, 2254
38598688367924, 38598688374364, 6440
38598710291604, 38598710296592, 4988
38598732242052, 38598732245720, 3668
38598754185212, 38598754190536, 5324
38598776137356, 38598776141452, 4096
38598798099110, 38598798108050, 8940
38598820048070, 38598820054796, 6726
38598841994056, 38598842002744, 8688
38598863928812, 38598863932564, 3752
38598885874332, 38598885879584, 5252
38598907823704, 38598907827660, 3956
38598929770652, 38598929775872, 5220
38598951739784, 38598951745696, 5912
38598973681850, 38598973690676, 8826
38598995615328, 38598995619272, 3944
38599017558928, 38599017564296, 5368
38599039510372, 38599039514000, 3628
38599061456388, 38599061461700, 5312
38599083405524, 38599083409600, 4076
38599105349860, 38599105355036, 5176
38599127301804, 38599127306104, 4300
38599149249284, 38599149250408, 1124
38599171196612, 38599171200512, 3900
38599193141416, 38599193146644, 5228
38599215091412, 38599215095744, 4332
38599448499556, 38599448503570, 4014
38599449420132, 38599449424868, 4736
38599456478150, 38599456484250, 6100
38599478421110, 38599478430730, 9620
38599500372430, 38599500379236, 6806
38599522317764, 38599522326424, 8660
38599544270916, 38599544276996, 6080
38599566212184, 38599566220724, 8540
38599588165830, 38599588172110, 6280
38599610105964, 38599610114790, 8826
38599632060996, 38599632066884, 5888
38599654000870, 38599654009230, 8360
38599675955284, 38599675962356, 7072
38599697899164, 38599697907650, 8486
38599719852350, 38599719858630, 6280
38599741794136, 38599741802336, 8200
38599763753636, 38599763755570, 1934
38599785687550, 38599785695816, 8266
38599807643624, 38599807650224, 6600
38599829585170, 38599829593544, 8374
38599851536824, 38599851543170, 6346
38599873478764, 38599873487264, 8500
38599895432504, 38599895438616, 6112
38599917372850, 38599917381110, 8260
38599939330424, 38599939336390, 5966
38599961271464, 38599961280224, 8760
38599983223310, 38599983229676, 6366
38600005168284, 38600005176716, 8432
38600027121316, 38600027127136, 5820
38600049061984, 38600049070684, 8700
38600071015084, 38600071021224, 6140
38600092957016, 38600092965716, 8700
38600114912816, 38600114919010, 6194
38600136855216, 38600136863676, 8460
38600158809850, 38600158815864, 6014
38600180748336, 38600180757170, 8834
38600202703850, 38600202709816, 5966
38600224628464, 38600224634040, 5576
38600246582624, 38600246583876, 1252
38600268520676, 38600268526164, 5488
38600290475368, 38600290478852, 3484
38600312422116, 38600312427576, 5460
38600334369220, 38600334372728, 3508
38600356313592, 38600356318764, 5172
38600378265468, 38600378269292, 3824
38600400208356, 38600400213788, 5432
38600422160972, 38600422166244, 5272
38600444103528, 38600444108948, 5420
38600466056008, 38600466059808, 3800
38600487999924, 38600488005264, 5340
38600509951728, 38600509955436, 3708
38600531896588, 38600531901856, 5268
38600553846760, 38600553850784, 4024
38600575791652, 38600575797172, 5520
38600597744220, 38600597747884, 3664
38600619688060, 38600619693524, 5464
38600641638144, 38600641641860, 3716
38600663583496, 38600663588744, 5248
38600685532820, 38600685536532, 3712
38600707476324, 38600707481752, 5428
38600729428004, 38600729432100, 4096
38600751374420, 38600751379684, 5264
38600773324364, 38600773328220, 3856
38600795268400, 38600795273852, 5452
38600817219684, 38600817223448, 3764
38600839165180, 38600839170400, 5220
38600861119048, 38600861120232, 1184
38600883060632, 38600883066012, 5380
38600905010308, 38600905014640, 4332
38600926953664, 38600926959084, 5420
38600948906364, 38600948910368, 4004
38600970852212, 38600970857512, 5300
38600992802608, 38600992806464, 3856
38601014747372, 38601014752452, 5080
38601036698320, 38601036702132, 3812
38601058641124, 38601058646368, 5244
38601080590008, 38601080598524, 8516
38601102537656, 38601102553688, 16032
38601124485816, 38601124497868, 12052
38601146433480, 38601146443516, 10036
38601168378804, 38601168389136, 10332
38601190327792, 38601190340376, 12584
38601212274960, 38601212286472, 11512
38601234223512, 38601234236024, 12512
38601256173140, 38601256183696, 10556
38601278118160, 38601278129732, 11572
38601300065760, 38601300078048, 12288
38601322016520, 38601322028592, 12072
38601343967012, 38601343968180, 1168
38601365909416, 38601365919440, 10024
38601387797580, 38601387810064, 12484
38601409745808, 38601409757076, 11268
38601431693584, 38601431705252, 11668
38601453641488, 38601453651720, 10232
38601475591156, 38601475602696, 11540
38601497537664, 38601497549900, 12236
38601519485628, 38601519497972, 12344
38601541433104, 38601541444328, 11224
38601563381460, 38601563391380, 9920
38601585327764, 38601585339944, 12180
38601607276008, 38601607287560, 11552
38601629224844, 38601629236484, 11640
38601651171164, 38601651181672, 10508
38601673120196, 38601673130672, 10476
38601695066720, 38601695078504, 11784
38601717014648, 38601717025632, 10984
38601738963732, 38601738976104, 12372
38601760912392, 38601760922580, 10188
38601782859080, 38601782871588, 12508
38601804805952, 38601804817144, 11192
38601826752692, 38601826764364, 11672
38601848701184, 38601848710912, 9728
38601870649964, 38601870660104, 10140
38601892596520, 38601892608604, 12084
38601914544780, 38601914555868, 11088
38601936493432, 38601936505272, 11840
38601958443396, 38601958444572, 1176
38601980389480, 38601980401928, 12448
38602002335792, 38602002347172, 11380
38602024285552, 38602024297168, 11616
38602046231092, 38602046241024, 9932
38602068179380, 38602068189364, 9984
38602090127576, 38602090135944, 8368
38602112074040, 38602112083852, 9812
38602134023548, 38602134036028, 12480
38602155986750, 38602155996064, 9314
38602177932684, 38602177941996, 9312
38602199865596, 38602199871048, 5452
38602221811880, 38602221817472, 5592
38602243761512, 38602243766860, 5348
38602265710344, 38602265715648, 5304
38602287657560, 38602287663228, 5668
38602309618316, 38602309627650, 9334
38602331570176, 38602331579664, 9488
38602353499312, 38602353504876, 5564
38602375449060, 38602375454632, 5572
38602397396572, 38602397401884, 5312
38602419342492, 38602419348184, 5692
38602441315976, 38602441318204, 2228
38602463254496, 38602463264104, 9608
38602541077344, 38602541082584, 5240
38602724636124, 38602724646036, 9912
38602920170384, 38602920180190, 9806
38603115686000, 38603115692592, 6592
38603311221456, 38603311227256, 5800
38603506696916, 38603506702812, 5896
38603702229472, 38603702235068, 5596
38603897764104, 38603897769820, 5716
38604093298896, 38604093304412, 5516
38604288834336, 38604288840084, 5748
38604484387364, 38604484397010, 9646
38604679906128, 38604679912608, 6480
38604723801392, 38604723807248, 5856
38604767710230, 38604767719256, 9026
38604811608016, 38604811617164, 9148
38604855486192, 38604855491276, 5084
38604899381592, 38604899386952, 5360
38604943293850, 38604943302424, 8574
38604987173604, 38604987179104, 5500
38605031067960, 38605031073120, 5160
38605074961820, 38605074967824, 6004
38605118858644, 38605118864120, 5476
38605162755596, 38605162760868, 5272
38605206666724, 38605206677636, 10912
38605228614784, 38605228623224, 8440
38605250560410, 38605250569384, 8974
38605272492092, 38605272497696, 5604
38605294443032, 38605294448412, 5380
38605316388984, 38605316393748, 4764
38605338337236, 38605338342196, 4960
38605360302090, 38605360309990, 7900
38605382192156, 38605382200990, 8834
38605404121968, 38605404126680, 4712
38605426068636, 38605426073704, 5068
38605448014760, 38605448019504, 4744
38605469965840, 38605469971116, 5276
38605491911536, 38605491916560, 5024
38605513877250, 38605513885850, 8600
38605535821036, 38605535829096, 8060
38605557754372, 38605557759480, 5108
38605579702104, 38605579706920, 4816
38605601648740, 38605601654016, 5276
38605623598176, 38605623602944, 4768
38605645560096, 38605645568950, 8854
38605667492672, 38605667497488, 4816
38607040231148, 38607040234236, 3088
38607041117032, 38607041123312, 6280
38607042001464, 38607042004572, 3108
38607042900836, 38607042904820, 3984
38607043782896, 38607043785284, 2388
38607044677544, 38607044680428, 2884
38607045558572, 38607045560880, 2308
38607046453024, 38607046456652, 3628
38607047334716, 38607047337064, 2348
38607048230496, 38607048233668, 3172
38607049111800, 38607049114156, 2356
38607049991988, 38607049994284, 2296
38607050886828, 38607050890840, 4012
38607051768756, 38607051771068, 2312
38607052662748, 38607052665640, 2892
38607053546556, 38607053549020, 2464
38607054446584, 38607054449320, 2736
38607055327228, 38607055329556, 2328
38607056225812, 38607056228532, 2720
38607057106336, 38607057108676, 2340
38607057986648, 38607057988976, 2328
38607058882936, 38607058885728, 2792
38607059763872, 38607059766456, 2584
38607060661500, 38607060665356, 3856
38607061543256, 38607061545548, 2292
38607062440748, 38607062444540, 3792
38607063322432, 38607063324728, 2296
38607064216304, 38607064219024, 2720
38607065097072, 38607065099380, 2308
38607065977236, 38607065979544, 2308
38607066873776, 38607066876572, 2796
38607067754448, 38607067756788, 2340
38607068647576, 38607068650308, 2732
38607069528172, 38607069530476, 2304
38607070423096, 38607070425816, 2720
38607071303704, 38607071306012, 2308
38607072197976, 38607072200736, 2760
38607073081332, 38607073083772, 2440
38607073961660, 38607073963996, 2336
38607074866420, 38607074868948, 2528
38607075746756, 38607075750076, 3320
38607076640892, 38607076643692, 2800
38607077521504, 38607077523828, 2324
38607078417100, 38607078419804, 2704
38607079297768, 38607079300112, 2344
38607080193836, 38607080196540, 2704
38607081074408, 38607081076740, 2332
38607081954604, 38607081956940, 2336
38607082850048, 38607082852812, 2764
38607083730704, 38607083733012, 2308
38607084627200, 38607084629924, 2724
38607085507832, 38607085510132, 2300
38607086402796, 38607086405556, 2760
38607087283424, 38607087285788, 2364
38607088179388, 38607088182116, 2728
38607089059996, 38607089062332, 2336
38609035424632, 38609035428088, 3456
38609044540392, 38609044545468, 5076
38609053649284, 38609053653144, 3860
38609062741600, 38609062744968, 3368
38609071855912, 38609071859296, 3384
38609080948524, 38609080951464, 2940
38609090059588, 38609090062596, 3008
38609099155824, 38609099159156, 3332
38609108267328, 38609108270704, 3376
38609117383436, 38609117386752, 3316
38609126475164, 38609126477944, 2780
38609135590828, 38609135594636, 3808
38609144683384, 38609144686900, 3516
38609153799712, 38609153802632, 2920
38609162892908, 38609162896388, 3480
38609172009408, 38609172012872, 3464
38609181121304, 38609181124916, 3612
38609190222340, 38609190225236, 2896
38609199340340, 38609199343896, 3556
38609208437968, 38609208441504, 3536
38609218095840, 38609218098880, 3040
38609227202636, 38609227206148, 3512
38609236298108, 38609236301036, 2928
38609245411148, 38609245414644, 3496
38609254502380, 38609254505764, 3384
38609263609116, 38609263612568, 3452
38609272701652, 38609272704992, 3340
38609281817228, 38609281820212, 2984
38609290932536, 38609290935888, 3352
38609300032080, 38609300035100, 3020
38609309144212, 38609309147632, 3420
38609318235532, 38609318238692, 3160
38609327349700, 38609327352604, 2904
38609336448060, 38609336451292, 3232
38609345561024, 38609345564392, 3368
38609354675808, 38609354679384, 3576
38609363771488, 38609363774972, 3484
38609372976388, 38609372979864, 3476
38609382069884, 38609382073124, 3240
38609391184736, 38609391188288, 3552
38609400282268, 38609400285632, 3364
38609409386080, 38609409389512, 3432
38609418496984, 38609418499908, 2924
38609427592280, 38609427595688, 3408
38609436697176, 38609436700536, 3360
38609445787080, 38609445790560, 3480
38609454904432, 38609454907868, 3436
38609464568152, 38609464571644, 3492
38609473665380, 38609473668708, 3328
38609482773264, 38609482776176, 2912
38609491869284, 38609491872540, 3256
38609500987664, 38609500991072, 3408
38609510083608, 38609510086988, 3380
38609519197544, 38609519200460, 2916
38609528317820, 38609528320768, 2948
38609537412900, 38609537416192, 3292
38611685000064, 38611685001992, 1928
38611694105944, 38611694110728, 4784
38611703219412, 38611703223116, 3704
38611712870032, 38611712873644, 3612
38611721996796, 38611722000004, 3208
38611731112760, 38611731116328, 3568
38611740204932, 38611740208572, 3640
38611749328816, 38611749332608, 3792
38611758422692, 38611758425672, 2980
38611767523872, 38611767526860, 2988
38611776610604, 38611776613992, 3388
38611785703768, 38611785706736, 2968
38611794799004, 38611794802864, 3860
38611803882200, 38611803885176, 2976
38611812989024, 38611812992700, 3676
38611822083180, 38611822086624, 3444
38611831203036, 38611831206620, 3584
38611840301376, 38611840304864, 3488
38611849417036, 38611849420792, 3756
38611858512548, 38611858516164, 3616
38611867632756, 38611867635916, 3160
38611876742228, 38611876745348, 3120
38611885839372, 38611885842856, 3484
38611894948000, 38611894951548, 3548
38611904050264, 38611904053260, 2996
38611913145984, 38611913148888, 2904
38611922224720, 38611922227592, 2872
38611931856584, 38611931860204, 3620
38611940953828, 38611940957252, 3424
38611950036892, 38611950040372, 3480
38611959688592, 38611959692092, 3500
38611968811264, 38611968814840, 3576
38611977910136, 38611977913036, 2900
38611987021336, 38611987024248, 2912
38611996114480, 38611996117844, 3364
38612005234832, 38612005237772, 2940
38612014353964, 38612014357468, 3504
38612023448792, 38612023451740, 2948
38612032556756, 38612032560132, 3376
38612041656392, 38612041659824, 3432
38612050766708, 38612050770180, 3472
38612059844620, 38612059847944, 3324
38612068942480, 38612068945324, 2844
38612078018340, 38612078021876, 3536
38612087113292, 38612087116260, 2968
38612096203840, 38612096207292, 3452
38612105288248, 38612105291460, 3212
38612114382248, 38612114385104, 2856
38612123467136, 38612123470408, 3272
38612132564296, 38612132567488, 3192
38612141655308, 38612141658752, 3444
38612150751660, 38612150755240, 3580
38612159861180, 38612159863520, 2340
38612168951604, 38612168955040, 3436
38612178057316, 38612178060244, 2928
38612187147956, 38612187151444, 3488
38612196250248, 38612196253616, 3368
38612205909664, 38612205912888, 3224
38612214994028, 38612214997488, 3460
38612224098704, 38612224101764, 3060
38612233182964, 38612233186580, 3616
38612242292960, 38612242296552, 3592
38612273626224, 38612273661248, 35024
38612295568710, 38612295580596, 11886
38612317513730, 38612317525050, 11320
38612339463524, 38612339497224, 33700
38612361411450, 38612361445892, 34442
38612383349810, 38612383359030, 9220
38612405300344, 38612405308984, 8640
38612427244584, 38612427253376, 8792
38612449192956, 38612449201436, 8480
38612471140384, 38612471150250, 9866
38612493088844, 38612493098270, 9426
38612515035496, 38612515044676, 9180
38612536981890, 38612536990730, 8840
38612558931310, 38612558940450, 9140
38612580882364, 38612580890610, 8246
38612602827116, 38612602835896, 8780
38612624774376, 38612624783176, 8800
38612646723410, 38612646733104, 9694
38612668671830, 38612668680156, 8326
38612690616736, 38612690625776, 9040
38612712566436, 38612712575324, 8888
38612734513424, 38612734522690, 9266
38612756461890, 38612756470596, 8706
38612778407604, 38612778416516, 8912
38612800358190, 38612800366796, 8606
38612822302916, 38612822312290, 9374
38612844255250, 38612844263690, 8440
38612866201176, 38612866210204, 9028
38612888145490, 38612888153870, 8380
38612910097276, 38612910106050, 8774
38612932044430, 38612932053184, 8754
38612954068976, 38612954074584, 5608
38612975937044, 38612975945764, 8720
38612997887810, 38612997896816, 9006
38613019831896, 38613019840404, 8508
38613041765408, 38613041771548, 6140
38613063712656, 38613063718464, 5808
38613085660200, 38613085665324, 5124
38613107607232, 38613107612620, 5388
38613129555888, 38613129561308, 5420
38613151502708, 38613151508328, 5620
38613173451376, 38613173456436, 5060
38613195397108, 38613195402484, 5376
38613217346140, 38613217351732, 5592
38613239294020, 38613239299384, 5364
38613261243776, 38613261249412, 5636
38613799903076, 38613799906044, 2968
38613813563184, 38613813568868, 5684
38613827221788, 38613827226156, 4368
38613869750924, 38613869763692, 12768
38614065270216, 38614065287112, 16896
38614260806216, 38614260819016, 12800
38614456340128, 38614456352724, 12596
38614651875196, 38614651887496, 12300
38614847408812, 38614847421868, 13056
38615042942204, 38615042948048, 5844
38615238477468, 38615238483184, 5716
38615433970224, 38615433982064, 11840
38615455918596, 38615455928370, 9774
38615477863236, 38615477871684, 8448
38615499810356, 38615499818910, 8554
38615521760464, 38615521768956, 8492
38615543709256, 38615543717944, 8688
38615565653684, 38615565662530, 8846
38615587603996, 38615587612936, 8940
38615609553484, 38615609561324, 7840
38615631495790, 38615631504510, 8720
38615653445304, 38615653454004, 8700
38615675394490, 38615675402490, 8000
38615697498192, 38615697503132, 4940
38615719287710, 38615719296084, 8374
38615741236336, 38615741244890, 8554
38615763186304, 38615763194350, 8046
38615785133776, 38615785143050, 9274
38615807081404, 38615807089616, 8212
38615829028404, 38615829037270, 8866
38615850977696, 38615850986564, 8868
38615872922644, 38615872930970, 8326
38615894871644, 38615894880104, 8460
38615916819830, 38615916827770, 7940
38615938768250, 38615938777656, 9406
38615960717604, 38615960726624, 9020
38615982661964, 38615982670156, 8192
38616004610350, 38616004619450, 9100
38616026556624, 38616026565316, 8692
38616048508984, 38616048517364, 8380
