38713731096344, 38713731098876, 2532
38713731113388, 38713731120484, 7096
38713805584012, 38713805588840, 4828
38713820126184, 38713820129492, 3308
38713844844828, 38713844854948, 10120
38713894709360, 38713894717224, 7864
38713944587332, 38713944594296, 6964
38713994467880, 38713994475152, 7272
38714044349516, 38714044356388, 6872
38714094230620, 38714094237296, 6676
38714144111716, 38714144118360, 6644
38714193992372, 38714193999008, 6636
38714243875028, 38714243881924, 6896
38714293833624, 38714293841872, 8248
38714319723816, 38714319778404, 54588
38714345652616, 38714345664290, 11674
38714371568076, 38714371571796, 3720
38714397506520, 38714397510204, 3684
38714423443968, 38714423448036, 4068
38714449382624, 38714449386128, 3504
38714475317260, 38714475322396, 5136
38714501259192, 38714501262680, 3488
38714527196708, 38714527200976, 4268
38714553136100, 38714553139728, 3628
38714579073192, 38714579076688, 3496
38714605012116, 38714605016016, 3900
38714630951056, 38714630954920, 3864
38714656903964, 38714656910996, 7032
38714682847664, 38714682854524, 6860
38714708784744, 38714708791424, 6680
38714734701044, 38714734706396, 5352
38714760641256, 38714760645116, 3860
38714786580016, 38714786583616, 3600
38714812517612, 38714812522008, 4396
38714838455916, 38714838459836, 3920
38714864392812, 38714864397052, 4240
38714890333292, 38714890337056, 3764
38714916270500, 38714916273992, 3492
38714942209160, 38714942213052, 3892
38714968142772, 38714968147876, 5104
38714994085272, 38714994089480, 4208
38715020042024, 38715020048936, 6912
38715045961844, 38715045966032, 4188
38715071919690, 38715071926504, 6814
38715097839492, 38715097843272, 3780
38715123798176, 38715123805496, 7320
38715149651500, 38715149656336, 4836
38715175613824, 38715175620996, 7172
38715201532012, 38715201535964, 3952
38715227486490, 38715227494930, 8440
38715253407732, 38715253411404, 3672
38715279348668, 38715279352192, 3524
38715305286920, 38715305290536, 3616
38715331223272, 38715331227312, 4040
38715357179950, 38715357186770, 6820
38715383102072, 38715383105904, 3832
38716795741176, 38716795744464, 3288
38716813180252, 38716813185864, 5612
38716830628732, 38716830632760, 4028
38716848072020, 38716848076160, 4140
38716865500524, 38716865504864, 4340
38716882945296, 38716882949036, 3740
38716900383024, 38716900386936, 3912
38716917833728, 38716917837352, 3624
38716935257188, 38716935260972, 3784
38716952690576, 38716952694340, 3764
38716970679044, 38716970682768, 3724
38716988116716, 38716988120496, 3780
38717037166900, 38717037173308, 6408
38717172780612, 38717172787896, 7284
38717198718780, 38717198723168, 4388
38717224653352, 38717224658700, 5348
38717250596644, 38717250600700, 4056
38717276532704, 38717276536280, 3576
38717302472772, 38717302476728, 3956
38717328431790, 38717328438350, 6560
38717354369744, 38717354375530, 5786
38717380307336, 38717380314044, 6708
38717406240990, 38717406247096, 6106
38717432186104, 38717432191916, 5812
38717458118124, 38717458126090, 7966
38717484062756, 38717484069456, 6700
38717509999270, 38717510005124, 5854
38717535936556, 38717535942296, 5740
38717561855828, 38717561860108, 4280
38717587793072, 38717587796772, 3700
38717613730300, 38717613734412, 4112
38717639670216, 38717639674248, 4032
38717665607472, 38717665611432, 3960
38717691545516, 38717691549452, 3936
38718790931864, 38718790934984, 3120
38718808371280, 38718808376592, 5312
38718825812728, 38718825816676, 3948
38718843254324, 38718843258072, 3748
38718860683740, 38718860687504, 3764
38718878126548, 38718878130448, 3900
38718895561124, 38718895564872, 3748
38718913004180, 38718913008156, 3976
38718930425332, 38718930429332, 4000
38718947862796, 38718947866792, 3996
38719072259792, 38719072265364, 5572
38719207894276, 38719207903556, 9280
38720786126076, 38720786128912, 2836
38720802056132, 38720802064424, 8292
38720817973004, 38720817977096, 4092
38720833871372, 38720833875736, 4364
38720849755244, 38720849758904, 3660
38720865642408, 38720865646364, 3956
38720881526840, 38720881530636, 3796
38720897408520, 38720897411904, 3384
38720913293588, 38720913297340, 3752
38720929177292, 38720929181332, 4040
38720945614648, 38720945617884, 3236
38720961496404, 38720961500304, 3900
38720977379484, 38720977383140, 3656
38720993265024, 38720993268384, 3360
38721009138652, 38721009142040, 3388
38721025020496, 38721025023876, 3380
38721040899096, 38721040902584, 3488
38721056769928, 38721056773476, 3548
38721072646788, 38721072650440, 3652
38721088527836, 38721088531812, 3976
38721104399688, 38721104403016, 3328
38721120389456, 38721120394336, 4880
38721136255424, 38721136259096, 3672
38721152118420, 38721152121680, 3260
38721167992104, 38721167995452, 3348
38721183864616, 38721183868172, 3556
38721200302724, 38721200306496, 3772
38721216177376, 38721216180888, 3512
38721232058512, 38721232062260, 3748
38721247938120, 38721247941392, 3272
38721263816928, 38721263820780, 3852
38721279693428, 38721279696784, 3356
38721295564220, 38721295567272, 3052
38721311432812, 38721311437392, 4580
38721366685532, 38721366692628, 7096
38721426549756, 38721426555588, 5832
38721476424116, 38721476430960, 6844
38721526304268, 38721526311448, 7180
38721576184768, 38721576191572, 6804
38721626066168, 38721626073280, 7112
38721675947488, 38721675953980, 6492
38721725830688, 38721725837632, 6944
38721775708676, 38721775715348, 6672
38721825591060, 38721825598128, 7068
38721875472248, 38721875478944, 6696
38721925354648, 38721925361672, 7024
38721975235156, 38721975242020, 6864
38722025116336, 38722025123368, 7032
38722074997444, 38722075004412, 6968
38722124879236, 38722124886160, 6924
38722174760108, 38722174766932, 6824
38722224643232, 38722224650348, 7116
38722274522776, 38722274529644, 6868
38722324404592, 38722324411756, 7164
38722374285476, 38722374292304, 6828
38722424167980, 38722424174908, 6928
38722474048164, 38722474055108, 6944
38722523929508, 38722523936452, 6944
38722573809936, 38722573816392, 6456
38722623693324, 38722623700164, 6840
38722673572208, 38722673578848, 6640
38722723454888, 38722723461732, 6844
38722773335484, 38722773342012, 6528
38722823217236, 38722823224100, 6864
38722873097576, 38722873104444, 6868
38723008778212, 38723008781028, 2816
38723108476900, 38723108481548, 4648
38723294030272, 38723294036556, 6284
38723479589572, 38723479595464, 5892
38724780502440, 38724780505728, 3288
38724827498480, 38724827503264, 4784
38724874501244, 38724874505208, 3964
38724921483124, 38724921486912, 3788
38724969060948, 38724969065100, 4152
38725016052340, 38725016056824, 4484
38725063015880, 38725063019400, 3520
38725110105108, 38725110108712, 3604
38725157095880, 38725157099216, 3336
38725204658412, 38725204662008, 3596
38725317178632, 38725317184352, 5720
38725466804272, 38725466807632, 3360
38725520678736, 38725520685276, 6540
38725706228636, 38725706242992, 14356
38726771699392, 38726771702344, 2952
38726818715292, 38726818720076, 4784
38726865748096, 38726865752536, 4440
38726912758728, 38726912762564, 3836
38726960318016, 38726960321664, 3648
38727007307372, 38727007310948, 3576
38727054296784, 38727054300792, 4008
38728766889192, 38728766891196, 2004
38728813877620, 38728813882508, 4888
38728860897272, 38728860901264, 3992
38728907887168, 38728907890800, 3632
38728955456400, 38728955460200, 3800
38729002465708, 38729002469292, 3584
38729049411228, 38729049415168, 3940
38729096494448, 38729096498324, 3876
38729143466900, 38729143471124, 4224
38729191013888, 38729191017324, 3436
38729238007468, 38729238011752, 4284
38729284987988, 38729284991436, 3448
38729331970916, 38729331974584, 3668
38729447224824, 38729447242704, 17880
38729507074816, 38729507089144, 14328
38729556952144, 38729556965444, 13300
38730307844548, 38730307847816, 3268
38730338873332, 38730338878328, 4996
38730369920396, 38730369924588, 4192
38730400970788, 38730400974524, 3736
38730432539540, 38730432543216, 3676
38730530637172, 38730530650432, 13260
38730716189092, 38730716205580, 16488
38730901745372, 38730901759120, 13748
38731087244172, 38731087261940, 17768
38731272803656, 38731272821012, 17356
38731458360592, 38731458376972, 16380
38731921428444, 38731921431708, 3264
38731968429544, 38731968434688, 5144
38732015469016, 38732015473108, 4092
38732140739696, 38732140754156, 14460
38732200602728, 38732200619184, 16456
38732260459808, 38732260473344, 13536
38732320317140, 38732320330220, 13080
38732380174996, 38732380188016, 13020
38732440032044, 38732440048884, 16840
38732499890464, 38732499903872, 13408
38732559747020, 38732559760048, 13028
38732619604380, 38732619617512, 13132
38732679461800, 38732679478284, 16484
38732739319808, 38732739333864, 14056
38732799177600, 38732799191152, 13552
38732859034504, 38732859047900, 13396
38732918884692, 38732918901428, 16736
38732978749544, 38732978763024, 13480
38733447569632, 38733447573504, 3872
38733494576060, 38733494581296, 5236
38733541585012, 38733541589180, 4168
38733588552664, 38733588556776, 4112
38733756841836, 38733756852264, 10428
38709657529756, 38709657539396, 9640
38714331674392, 38714331678116, 3724
38714331694532, 38714331702064, 7532
38714407437476, 38714407442488, 5012
38714423306776, 38714423310828, 4052
38714439159516, 38714439163680, 4164
38714455010776, 38714455014596, 3820
38714471459976, 38714471463096, 3120
38714487325112, 38714487328832, 3720
38714503170704, 38714503174488, 3784
38714519041508, 38714519044796, 3288
38714534895056, 38714534898832, 3776
38714550761656, 38714550765244, 3588
38714566630016, 38714566633544, 3528
38714582503496, 38714582507536, 4040
38714598380608, 38714598383796, 3188
38714614234184, 38714614237588, 3404
38714630079452, 38714630084036, 4584
38714662904884, 38714662910612, 5728
38714744687740, 38714744691396, 3656
38714902303076, 38714902310072, 6996
38714962163892, 38714962168748, 4856
38715022026924, 38715022031668, 4744
38715081885224, 38715081889304, 4080
38715141686036, 38715141691112, 5076
38715191557096, 38715191564152, 7056
38715241441344, 38715241448216, 6872
38715291320296, 38715291327180, 6884
38715341201480, 38715341208164, 6684
38715391083100, 38715391089896, 6796
38716791747524, 38716791750904, 3380
38716807624296, 38716807629748, 5452
38716823501376, 38716823505268, 3892
38716839381696, 38716839385804, 4108
38716855270352, 38716855274204, 3852
38716871153452, 38716871157336, 3884
38716887033112, 38716887036792, 3680
38716902912408, 38716902917840, 5432
38716918804816, 38716918808652, 3836
38716934690084, 38716934693728, 3644
38716950564732, 38716950568488, 3756
38716966976320, 38716966980248, 3928
38716982847508, 38716982851088, 3580
38716998723320, 38716998727220, 3900
38717014589332, 38717014592956, 3624
38717030448828, 38717030453564, 4736
38717046310912, 38717046314732, 3820
38717062179224, 38717062182952, 3728
38717078032940, 38717078036628, 3688
38717093893768, 38717093897320, 3552
38717109746000, 38717109749012, 3012
38717125719264, 38717125723004, 3740
38717141575344, 38717141578920, 3576
38717157440992, 38717157444808, 3816
38717173303288, 38717173307180, 3892
38717189177992, 38717189181692, 3700
38717205590704, 38717205594016, 3312
38717221467392, 38717221471100, 3708
38717237318736, 38717237322432, 3696
38717253177092, 38717253180756, 3664
38717269042568, 38717269046116, 3548
38717296489820, 38717296496516, 6696
38717541901748, 38717541904120, 2372
38717557764852, 38717557769864, 5012
38717573654012, 38717573658140, 4128
38717589531252, 38717589535448, 4196
38717605410556, 38717605414340, 3784
38717655635844, 38717655642432, 6588
38720782139336, 38720782142360, 3024
38720803970588, 38720803975704, 5116
38720825807636, 38720825812752, 5116
38720847640944, 38720847644572, 3628
38720869474668, 38720869478228, 3560
38720891320744, 38720891324820, 4076
38720913150020, 38720913154528, 4508
38720934990148, 38720934994132, 3984
38720957385136, 38720957388560, 3424
38720979221952, 38720979225816, 3864
38721001049116, 38721001052504, 3388
38721022881908, 38721022885392, 3484
38721044704728, 38721044707904, 3176
38721066522660, 38721066526668, 4008
38721088360464, 38721088364088, 3624
38721110304780, 38721110309748, 4968
38721132122160, 38721132125664, 3504
38721153921768, 38721153925480, 3712
38721175739592, 38721175742904, 3312
38721198106912, 38721198110272, 3360
38721219920212, 38721219923584, 3372
38721241737128, 38721241740424, 3296
38721263552064, 38721263555452, 3388
38721285368280, 38721285371780, 3500
38721307169964, 38721307173272, 3308
38721328972732, 38721328975876, 3144
38721350761728, 38721350764860, 3132
38721372524192, 38721372527584, 3392
38721394342476, 38721394345640, 3164
38721416112228, 38721416115656, 3428
38721437895788, 38721437899132, 3344
38721460255996, 38721460259560, 3564
38721482034068, 38721482037516, 3448
38721503823828, 38721503826976, 3148
38721525604752, 38721525608132, 3380
38721547409544, 38721547412976, 3432
38721569187300, 38721569190148, 2848
38721590994160, 38721590997556, 3396
38721612769000, 38721612772288, 3288
38721634570620, 38721634574556, 3936
38721656375804, 38721656379184, 3380
38721678163740, 38721678167132, 3392
38721700527640, 38721700530796, 3156
38721722289720, 38721722293896, 4176
38721744080908, 38721744084180, 3272
38721765865248, 38721765868176, 2928
38721787643104, 38721787646656, 3552
38721809439980, 38721809443644, 3664
38721831240028, 38721831243640, 3612
38721853042316, 38721853045492, 3176
38721874813304, 38721874816364, 3060
38721896611648, 38721896615048, 3400
38721918381348, 38721918384416, 3068
38721940191416, 38721940194704, 3288
38721962523860, 38721962526880, 3020
38721984306188, 38721984309920, 3732
38722006118156, 38722006121756, 3600
38722027908756, 38722027912192, 3436
38722049710172, 38722049713280, 3108
38722071486652, 38722071490200, 3548
38722093267300, 38722093270464, 3164
38722115058208, 38722115061812, 3604
38722136854500, 38722136857900, 3400
38722158627484, 38722158630528, 3044
38722180418500, 38722180421944, 3444
38722202811956, 38722202815948, 3992
38722224597160, 38722224600296, 3136
38722246393508, 38722246396760, 3252
38722268159280, 38722268162312, 3032
38722289959552, 38722289962816, 3264
38722311737520, 38722311741276, 3756
38722333532260, 38722333536236, 3976
38722355324704, 38722355328184, 3480
38722377111804, 38722377115616, 3812
38722398920044, 38722398923444, 3400
38722420691560, 38722420694900, 3340
38722443033472, 38722443036672, 3200
38722464807776, 38722464811712, 3936
38722486617380, 38722486620920, 3540
38722508389656, 38722508393168, 3512
38722530174564, 38722530178096, 3532
38722551969820, 38722551973416, 3596
38722573750568, 38722573753456, 2888
38722595559848, 38722595563096, 3248
38722617334952, 38722617338648, 3696
38722639132716, 38722639135676, 2960
38722660908748, 38722660911640, 2892
38722682709652, 38722682713048, 3396
38722705051532, 38722705054688, 3156
38722726849392, 38722726852776, 3384
38722748661000, 38722748664480, 3480
38722770467532, 38722770471008, 3476
38722792276604, 38722792279912, 3308
38722814060640, 38722814064900, 4260
38722835895200, 38722835898848, 3648
38722857724060, 38722857727908, 3848
38722879534856, 38722879538464, 3608
38722901355528, 38722901359408, 3880
38722923158188, 38722923162036, 3848
38722945530828, 38722945534212, 3384
38722967345088, 38722967348544, 3456
38722989164760, 38722989168496, 3736
38723010998412, 38723011002004, 3592
38723032826808, 38723032830320, 3512
38723054634908, 38723054640140, 5232
38723076456296, 38723076459944, 3648
38723098274268, 38723098277644, 3376
38723120201764, 38723120205288, 3524
38723142039524, 38723142043084, 3560
38723163851344, 38723163854844, 3500
38723185660724, 38723185664308, 3584
38723208020452, 38723208024104, 3652
38723229832356, 38723229835984, 3628
38723251661468, 38723251664832, 3364
38723273464832, 38723273468308, 3476
38723295284504, 38723295288332, 3828
38723317095376, 38723317099420, 4044
38723338895552, 38723338898664, 3112
38723360690672, 38723360693924, 3252
38723382485288, 38723382488876, 3588
38723404270572, 38723404274116, 3544
38723426099688, 38723426103392, 3704
38723448511592, 38723448514824, 3232
38723470293112, 38723470296236, 3124
38723492085256, 38723492088356, 3100
38723513875724, 38723513878976, 3252
38723535647252, 38723535650904, 3652
38723557422560, 38723557426204, 3644
38723579198676, 38723579202152, 3476
38723600983328, 38723600986532, 3204
38723622778416, 38723622782244, 3828
38723644585236, 38723644589348, 4112
38723666402532, 38723666406336, 3804
38723688205268, 38723688208524, 3256
38723710557468, 38723710561844, 4376
38723732365320, 38723732369160, 3840
38723754169320, 38723754172320, 3000
38723775982544, 38723775985808, 3264
38723797761660, 38723797764692, 3032
38723819535180, 38723819539176, 3996
38723841324772, 38723841328240, 3468
38723863118712, 38723863122272, 3560
38723884938604, 38723884942220, 3616
38723906719152, 38723906722444, 3292
38723928521500, 38723928524972, 3472
38723950878808, 38723950882216, 3408
38723972681784, 38723972685548, 3764
38723994489680, 38723994493080, 3400
38724016279548, 38724016283768, 4220
38724038094548, 38724038097660, 3112
38724059898924, 38724059901932, 3008
38724081707584, 38724081711440, 3856
38724103517732, 38724103521104, 3372
38724125319984, 38724125323496, 3512
38724147124972, 38724147128020, 3048
38724168916344, 38724168919360, 3016
38724191273656, 38724191276988, 3332
38724213071672, 38724213075756, 4084
38724234878268, 38724234881336, 3068
38724256674412, 38724256678008, 3596
38724278470740, 38724278474400, 3660
38724300270500, 38724300273588, 3088
38724322055236, 38724322058896, 3660
38724343847832, 38724343850964, 3132
38724365620252, 38724365623928, 3676
38724387440688, 38724387443996, 3308
38724409206752, 38724409210772, 4020
38724431010012, 38724431013692, 3680
38724453386036, 38724453389136, 3100
38724475165648, 38724475169216, 3568
38724496969660, 38724496972768, 3108
38724518782100, 38724518785892, 3792
38724540575156, 38724540578200, 3044
38724562365768, 38724562368832, 3064
38724584159476, 38724584162736, 3260
38724605948188, 38724605951348, 3160
38724627750656, 38724627754592, 3936
38724649560888, 38724649564384, 3496
38724671361404, 38724671364892, 3488
38724693723284, 38724693726848, 3564
38724715513928, 38724715517916, 3988
38724737318116, 38724737321608, 3492
38724759097312, 38724759101440, 4128
38724780910308, 38724780914184, 3876
38724802734356, 38724802737924, 3568
38724824551576, 38724824555420, 3844
38724846383424, 38724846386816, 3392
38724868185584, 38724868189120, 3536
38724890025724, 38724890028772, 3048
38724911849980, 38724911853528, 3548
38724933691524, 38724933694624, 3100
38724956098320, 38724956101796, 3476
38724977916792, 38724977920568, 3776
38724999743740, 38724999747376, 3636
38725021557328, 38725021560572, 3244
38725043384828, 38725043388636, 3808
38725065195616, 38725065199068, 3452
38725087013404, 38725087016932, 3528
38725108933436, 38725108937176, 3740
38725130769816, 38725130773644, 3828
38725152601644, 38725152604928, 3284
38725174439824, 38725174443820, 3996
38725196822500, 38725196825640, 3140
38725218645216, 38725218649064, 3848
38725240449124, 38725240452096, 2972
38725262226224, 38725262229940, 3716
38725284024080, 38725284027380, 3300
38725305785744, 38725305790184, 4440
38725327571876, 38725327575252, 3376
38725349344488, 38725349347804, 3316
38725371122840, 38725371126020, 3180
38725392889380, 38725392893132, 3752
38725414702216, 38725414705748, 3532
38725437080364, 38725437083500, 3136
38725458881500, 38725458885068, 3568
38725480672720, 38725480675688, 2968
38725502473016, 38725502476544, 3528
38725524259888, 38725524263276, 3388
38725546099364, 38725546102684, 3320
38725567921392, 38725567925140, 3748
38725589737892, 38725589741508, 3616
38725611525288, 38725611528340, 3052
38725633295152, 38725633298376, 3224
38725655061448, 38725655064912, 3464
38725676839844, 38725676843500, 3656
38725699204528, 38725699207904, 3376
38725721010052, 38725721013744, 3692
38725742818884, 38725742822472, 3588
38725764584808, 38725764588256, 3448
38725786357600, 38725786360736, 3136
38725808131704, 38725808135024, 3320
38725829940560, 38725829944188, 3628
38725851702948, 38725851706244, 3296
38725873516960, 38725873520712, 3752
38725895307904, 38725895311440, 3536
38725917086732, 38725917089976, 3244
38725939426404, 38725939429296, 2892
38725961209580, 38725961212944, 3364
38725983007608, 38725983011232, 3624
38726004807988, 38726004812436, 4448
38726026607884, 38726026611376, 3492
38726048394464, 38726048397920, 3456
38726070192580, 38726070195540, 2960
38726091988056, 38726091992184, 4128
38726113779384, 38726113782864, 3480
38726135581348, 38726135584716, 3368
38726157387664, 38726157391164, 3500
38726179186864, 38726179190872, 4008
38726201543136, 38726201546708, 3572
38726223350856, 38726223354608, 3752
38726245135588, 38726245139164, 3576
38726266926508, 38726266929988, 3480
38726288713140, 38726288716532, 3392
38726310501024, 38726310504880, 3856
38726332300724, 38726332303652, 2928
38726354110476, 38726354114012, 3536
38726375914280, 38726375917240, 2960
38726397696304, 38726397699648, 3344
38726419498076, 38726419501640, 3564
38726441845392, 38726441848492, 3100
38726463636084, 38726463639660, 3576
38726485435376, 38726485439144, 3768
38726507226012, 38726507229344, 3332
38726529021360, 38726529024492, 3132
38726550836456, 38726550840452, 3996
38726572637708, 38726572641204, 3496
38726594443412, 38726594447188, 3776
38726616248348, 38726616252376, 4028
38726638036464, 38726638039496, 3032
38726659820904, 38726659824344, 3440
38726682194400, 38726682197820, 3420
38726704011892, 38726704015972, 4080
38726725828136, 38726725831204, 3068
38726747614040, 38726747617984, 3944
38726769429036, 38726769432656, 3620
38726791265324, 38726791268996, 3672
38726813107268, 38726813110832, 3564
38726834945476, 38726834949168, 3692
38726856788368, 38726856791892, 3524
38726878628504, 38726878633200, 4696
38726900467412, 38726900470800, 3388
38726922304456, 38726922308364, 3908
38726944694472, 38726944697600, 3128
38726966515448, 38726966519252, 3804
38726988335372, 38726988338880, 3508
38727010158872, 38727010162492, 3620
38727031994344, 38727031997916, 3572
38727053813424, 38727053816868, 3444
38727075623740, 38727075627008, 3268
38727097556216, 38727097559964, 3748
38727119347892, 38727119351624, 3732
38727141149764, 38727141153740, 3976
38727162940152, 38727162943996, 3844
38727185295596, 38727185299304, 3708
38727207091344, 38727207094780, 3436
38727228882900, 38727228886676, 3776
38727250646000, 38727250649448, 3448
38727272418044, 38727272424476, 6432
38727294214728, 38727294217976, 3248
38727316001268, 38727316005112, 3844
38727337801852, 38727337804988, 3136
38727359591224, 38727359594732, 3508
38727381397964, 38727381401016, 3052
38727403188448, 38727403192744, 4296
38727424994432, 38727424998080, 3648
38727447346744, 38727447350964, 4220
38727469136448, 38727469139960, 3512
38727490929192, 38727490932488, 3296
38727512711468, 38727512715388, 3920
38727534506796, 38727534509728, 2932
38727556293800, 38727556297784, 3984
38727578101636, 38727578104704, 3068
38727599870344, 38727599874588, 4244
38727621662956, 38727621666568, 3612
38727643441636, 38727643445520, 3884
38727665249624, 38727665253536, 3912
38727687639888, 38727687643068, 3180
38727709423408, 38727709427400, 3992
38727731226856, 38727731229968, 3112
38727753030016, 38727753033948, 3932
38727774838740, 38727774842504, 3764
38727796625484, 38727796629428, 3944
38727818416212, 38727818420008, 3796
38727840215108, 38727840219512, 4404
38727862009148, 38727862013204, 4056
38727883807412, 38727883810444, 3032
38727905586616, 38727905590448, 3832
38727927384732, 38727927387736, 3004
38727949721048, 38727949724732, 3684
38727971512324, 38727971516032, 3708
38727993305788, 38727993308852, 3064
38728015083984, 38728015087820, 3836
38728036894184, 38728036897172, 2988
38728058686748, 38728058690656, 3908
38728080475200, 38728080478372, 3172
38728102258708, 38728102262884, 4176
38728124043764, 38728124047456, 3692
38728145830200, 38728145834100, 3900
38728167626952, 38728167630480, 3528
38728189986524, 38728189989856, 3332
38728211778360, 38728211782344, 3984
38728233583764, 38728233586784, 3020
38728255380088, 38728255383940, 3852
38728277188480, 38728277191460, 2980
38728298963168, 38728298967360, 4192
38728320752488, 38728320756048, 3560
38728342544316, 38728342548144, 3828
38728364332900, 38728364336548, 3648
38728386130908, 38728386134000, 3092
38728407911856, 38728407915844, 3988
38728430253192, 38728430256404, 3212
38728452020812, 38728452024556, 3744
38728473825296, 38728473829020, 3724
38728495595648, 38728495599024, 3376
38728517363008, 38728517366796, 3788
38728539143576, 38728539147988, 4412
38728560913520, 38728560917340, 3820
38728582714128, 38728582717092, 2964
38728604489540, 38728604493428, 3888
38728626271120, 38728626274276, 3156
38728648046560, 38728648050408, 3848
38728669828496, 38728669831984, 3488
38728692161840, 38728692164960, 3120
38728713941520, 38728713945380, 3860
38728735727692, 38728735731084, 3392
38728757527240, 38728757530788, 3548
38728779357256, 38728779360604, 3348
38728801179304, 38728801183232, 3928
38728823008920, 38728823012600, 3680
38728844843020, 38728844846348, 3328
38728866666132, 38728866669728, 3596
38728888479240, 38728888482348, 3108
38728910299080, 38728910302884, 3804
38728932703220, 38728932706672, 3452
38728954516724, 38728954520152, 3428
38728976321400, 38728976324484, 3084
38728998142468, 38728998146908, 4440
38729019965280, 38729019968720, 3440
38729041774660, 38729041777992, 3332
38729063599540, 38729063603232, 3692
38729085419136, 38729085422448, 3312
38729107329092, 38729107332704, 3612
38729129158824, 38729129162340, 3516
38729150972836, 38729150976120, 3284
38729172802504, 38729172805700, 3196
38729195180336, 38729195183580, 3244
38729217001988, 38729217005440, 3452
38729238840600, 38729238844000, 3400
38729260677828, 38729260681408, 3580
38729282496388, 38729282499464, 3076
38729304312068, 38729304315248, 3180
38729326127332, 38729326130504, 3172
38729347957240, 38729347960224, 2984
38729369753088, 38729369756632, 3544
38729391548040, 38729391551700, 3660
38729413329416, 38729413332900, 3484
38729435679920, 38729435683720, 3800
38729457462856, 38729457466480, 3624
38729479246196, 38729479249556, 3360
38729501003524, 38729501006964, 3440
38729522783300, 38729522786340, 3040
38729544553428, 38729544557336, 3908
38729566346632, 38729566350320, 3688
38729588150376, 38729588154460, 4084
38729609924804, 38729609928100, 3296
38729631687468, 38729631690380, 2912
38729653482340, 38729653485820, 3480
38729675825416, 38729675829292, 3876
38729697631488, 38729697635472, 3984
38729719436100, 38729719439168, 3068
38729741242184, 38729741245424, 3240
38729763041136, 38729763044056, 2920
38729784843468, 38729784847300, 3832
38729806642660, 38729806646440, 3780
38729828445292, 38729828448340, 3048
38729850248352, 38729850251744, 3392
38729872027376, 38729872030352, 2976
38729893840220, 38729893843948, 3728
38729915643824, 38729915646948, 3124
38729937991060, 38729937994592, 3532
38729959805024, 38729959808204, 3180
38729981598084, 38729981601936, 3852
38730003395244, 38730003398964, 3720
38730025190304, 38730025193432, 3128
38730046977772, 38730046981136, 3364
38730068785508, 38730068788636, 3128
38730090605008, 38730090608948, 3940
38730112420944, 38730112424508, 3564
38730134252560, 38730134256068, 3508
38730156086808, 38730156090276, 3468
38730178447544, 38730178451400, 3856
38730200273896, 38730200277292, 3396
38730222097688, 38730222100624, 2936
38730243917152, 38730243920528, 3376
38730265732112, 38730265735544, 3432
38730287553024, 38730287556816, 3792
38730309344184, 38730309347744, 3560
38730331164292, 38730331167116, 2824
38730352961376, 38730352964960, 3584
38730374797952, 38730374802164, 4212
38730396630208, 38730396633608, 3400
38730418424140, 38730418427232, 3092
38730440790976, 38730440794800, 3824
38730462610460, 38730462613244, 2784
38730484382992, 38730484387276, 4284
38730506158008, 38730506161400, 3392
38730527926280, 38730527929700, 3420
38730549754636, 38730549758236, 3600
38730571575980, 38730571580356, 4376
38730593348480, 38730593352756, 4276
38730615120840, 38730615123916, 3076
38730636904896, 38730636908028, 3132
38730658685968, 38730658688928, 2960
38730681037456, 38730681040860, 3404
38730702828424, 38730702831912, 3488
38730724647112, 38730724650516, 3404
38730746493172, 38730746497172, 4000
38730768296008, 38730768299412, 3404
38730790090152, 38730790093492, 3340
38730811889496, 38730811892856, 3360
38730833697780, 38730833701404, 3624
38730855521280, 38730855524880, 3600
38730877354316, 38730877358600, 4284
38730899180000, 38730899183988, 3988
38730921579128, 38730921582928, 3800
38730943395192, 38730943398688, 3496
38730965175308, 38730965178596, 3288
38730986956816, 38730986960220, 3404
38731008742324, 38731008745748, 3424
38731030559544, 38731030563148, 3604
38731052376264, 38731052379508, 3244
38731074180688, 38731074184012, 3324
38731096105140, 38731096109360, 4220
38731117930284, 38731117934048, 3764
38731139716356, 38731139719756, 3400
38731161520496, 38731161523928, 3432
38731183856660, 38731183860076, 3416
38731205636544, 38731205639768, 3224
38731227434396, 38731227437456, 3060
38731249213016, 38731249216168, 3152
38731271049152, 38731271052424, 3272
38731292881232, 38731292884448, 3216
38731314655204, 38731314658204, 3000
38731336439440, 38731336442680, 3240
38731358221052, 38731358224696, 3644
38731380036020, 38731380039652, 3632
38731401851756, 38731401855168, 3412
38731424218064, 38731424221788, 3724
38731446042528, 38731446045968, 3440
38731467879340, 38731467882580, 3240
38731489695280, 38731489698292, 3012
38731511490356, 38731511493852, 3496
38731533275428, 38731533278800, 3372
38731555075200, 38731555078808, 3608
38731576894784, 38731576898068, 3284
38731598710156, 38731598713464, 3308
38731620527376, 38731620530616, 3240
38731642361564, 38731642365180, 3616
38731664178744, 38731664182448, 3704
38731686554700, 38731686558428, 3728
38731708370004, 38731708373800, 3796
38731730187168, 38731730190816, 3648
38731752005812, 38731752009512, 3700
38731773827996, 38731773831648, 3652
38731795656092, 38731795659772, 3680
38731817472668, 38731817476504, 3836
38731839286000, 38731839289476, 3476
38731861107556, 38731861111244, 3688
38731882928676, 38731882932200, 3524
38731904748772, 38731904752100, 3328
38731927123292, 38731927126680, 3388
38731948952600, 38731948955900, 3300
38731970775728, 38731970778920, 3192
38731992612188, 38731992616256, 4068
38732014422996, 38732014425904, 2908
38732036244412, 38732036247872, 3460
38732058066528, 38732058069352, 2824
38732079848100, 38732079852068, 3968
38732101640036, 38732101643228, 3192
38732123402704, 38732123405744, 3040
38732145169028, 38732145172704, 3676
38732166956004, 38732166960336, 4332
38732189290912, 38732189294948, 4036
38732211086012, 38732211089604, 3592
38732232889256, 38732232892992, 3736
38732254676392, 38732254679396, 3004
38732276501528, 38732276504956, 3428
38732298281072, 38732298284816, 3744
38732320055016, 38732320057944, 2928
38732341866156, 38732341869172, 3016
38732363650724, 38732363653564, 2840
38732385432264, 38732385435724, 3460
38732407235324, 38732407238232, 2908
38732429575400, 38732429578448, 3048
38732451375472, 38732451378856, 3384
38732473178864, 38732473182876, 4012
38732494959816, 38732494963728, 3912
38732516758288, 38732516761860, 3572
38732538540736, 38732538544336, 3600
38732560320972, 38732560324724, 3752
38732582128772, 38732582131684, 2912
38732603895916, 38732603899568, 3652
38732625680396, 38732625683664, 3268
38732647471432, 38732647474392, 2960
38732669828172, 38732669832072, 3900
38732691625744, 38732691629660, 3916
38732713418200, 38732713421932, 3732
38732735185532, 38732735189320, 3788
38732757019484, 38732757023020, 3536
38732778844680, 38732778848292, 3612
38732800663092, 38732800666696, 3604
38732822510228, 38732822514072, 3844
38732844338860, 38732844342640, 3780
38732866170744, 38732866174960, 4216
38732888003432, 38732888007292, 3860
38732909825124, 38732909828968, 3844
38732932217384, 38732932220928, 3544
38732954048548, 38732954051896, 3348
38732975857196, 38732975860276, 3080
38732997675772, 38732997679160, 3388
38733019466724, 38733019469944, 3220
38733041247644, 38733041250832, 3188
38733063042308, 38733063045372, 3064
38733084935456, 38733084939204, 3748
38733106750452, 38733106753960, 3508
38733128566036, 38733128569776, 3740
38733150377396, 38733150380596, 3200
38733172755036, 38733172758184, 3148
38733194553384, 38733194556812, 3428
38733216336892, 38733216339884, 2992
38733238127504, 38733238130612, 3108
38733259908432, 38733259911684, 3252
38733281694028, 38733281697324, 3296
38733303503660, 38733303506880, 3220
38733325317584, 38733325320660, 3076
38733347118728, 38733347121956, 3228
38733368910252, 38733368913624, 3372
38733391211788, 38733391216056, 4268
38733413012256, 38733413015396, 3140
38733435349440, 38733435352796, 3356
38733457140316, 38733457143596, 3280
38733478963408, 38733478966532, 3124
38733500777484, 38733500781008, 3524
38733522597848, 38733522602160, 4312
38733544431892, 38733544435260, 3368
38733566254748, 38733566258820, 4072
38733588057376, 38733588061412, 4036
38733609880068, 38733609883452, 3384
38733631675060, 38733631677968, 2908
38733653469712, 38733653473112, 3400
38733675870720, 38733675874484, 3764
38733697655304, 38733697658760, 3456
38733719436352, 38733719439620, 3268
38733741241248, 38733741244520, 3272
38733763043248, 38733763046608, 3360
38733784860548, 38733784863896, 3348
38733806646600, 38733806649892, 3292
38733828465172, 38733828468640, 3468
38733850258696, 38733850262176, 3480
38733872043496, 38733872046700, 3204
38733893829020, 38733893832480, 3460
38733916179960, 38733916183016, 3056
38733937980656, 38733937984080, 3424
38733959792256, 38733959795444, 3188
38733981587824, 38733981591128, 3304
38734003385516, 38734003388880, 3364
38734025183924, 38734025186860, 2936
38734046972516, 38734046975952, 3436
38734068769416, 38734068772604, 3188
38734090564196, 38734090567660, 3464
38734112351816, 38734112354752, 2936
38734134148084, 38734134151560, 3476
38734155955108, 38734155958032, 2924
38734178305084, 38734178308572, 3488
38709642617536, 38709642625788, 8252
38714788576440, 38714788579496, 3056
38714788594764, 38714788601928, 7164
38714806010208, 38714806013972, 3764
38714823438948, 38714823442548, 3600
38714840854924, 38714840858616, 3692
38714858265404, 38714858269184, 3780
38714875683532, 38714875686868, 3336
38714893101092, 38714893105056, 3964
38714910540268, 38714910544320, 4052
38714927951456, 38714927955120, 3664
38715002078608, 38715002083392, 4784
38715137680720, 38715137686756, 6036
38715273358804, 38715273364176, 5372
38715409057564, 38715409093364, 35800
38715434993330, 38715435000956, 7626
38715460914528, 38715460918416, 3888
38715486853040, 38715486856956, 3916
38715512790796, 38715512794908, 4112
38715538727672, 38715538731756, 4084
38715564666944, 38715564671232, 4288
38716783773484, 38716783776972, 3488
38716798324368, 38716798329648, 5280
38716812869188, 38716812873192, 4004
38716827404396, 38716827408180, 3784
38716841957300, 38716841961320, 4020
38716856495364, 38716856499356, 3992
38716871038468, 38716871042144, 3676
38716885591412, 38716885594880, 3468
38716900127744, 38716900131600, 3856
38716914665856, 38716914669756, 3900
38716929200832, 38716929204248, 3416
38716943752048, 38716943755812, 3764
38716958838020, 38716958841936, 3916
38716973385296, 38716973388816, 3520
38716987914288, 38716987918108, 3820
38717002452220, 38717002456896, 4676
38717016974456, 38717016977968, 3512
38717031510056, 38717031513660, 3604
38717046032256, 38717046035604, 3348
38717060557732, 38717060561268, 3536
38717075088788, 38717075092596, 3808
38717089612308, 38717089615948, 3640
38717104126484, 38717104130136, 3652
38717118759560, 38717118763168, 3608
38717133293072, 38717133297040, 3968
38717147812044, 38717147815772, 3728
38717162333860, 38717162337512, 3652
38717176870560, 38717176874192, 3632
38717191397680, 38717191401468, 3788
38717206484264, 38717206488176, 3912
38717221026804, 38717221031264, 4460
38717235546980, 38717235550376, 3396
38717250062372, 38717250066016, 3644
38717264606016, 38717264609800, 3784
38717286513168, 38717286519720, 6552
38717336394652, 38717336401188, 6536
38717545892200, 38717545895916, 3716
38717576938320, 38717576943564, 5244
38717727457252, 38717727463340, 6088
38719457308964, 38719457314350, 5386
38719504267908, 38719504272316, 4408
38719551199780, 38719551203112, 3332
38719598124248, 38719598127360, 3112
38719645058300, 38719645062000, 3700
38719691987676, 38719691991492, 3816
38719739459564, 38719739463476, 3912
38719786388048, 38719786391580, 3532
38719833301260, 38719833304748, 3488
38719880217356, 38719880220512, 3156
38719927131048, 38719927135044, 3996
38719974631016, 38719974634192, 3176
38720021566792, 38720021570828, 4036
38720109788244, 38720109792540, 4296
38720289305900, 38720289310424, 4524
38720468898930, 38720468907064, 8134
38720648471056, 38720648478364, 7308
38720828019956, 38720828031200, 11244
38720877899332, 38720877912280, 12948
38720927780828, 38720927797136, 16308
38720977663308, 38720977680564, 17256
38721027542672, 38721027559152, 16480
38721077423880, 38721077436640, 12760
38721127247384, 38721127263336, 15952
38721177126304, 38721177139244, 12940
38721227015724, 38721227032500, 16776
38721276895512, 38721276908300, 12788
38721326778576, 38721326795016, 16440
38721376658372, 38721376664924, 6552
38722769344364, 38722769347756, 3392
38722785208456, 38722785213704, 5248
38722801067712, 38722801071392, 3680
38722816919332, 38722816922836, 3504
38722832788308, 38722832791816, 3508
38722848658972, 38722848662288, 3316
38722864519160, 38722864522788, 3628
38722880386360, 38722880389768, 3408
38722896255860, 38722896258968, 3108
38722912114588, 38722912119076, 4488
38722927980400, 38722927984236, 3836
38722944397752, 38722944401196, 3444
38722960259500, 38722960262928, 3428
38722976124872, 38722976128296, 3424
38722991987184, 38722991990700, 3516
38723007863460, 38723007867308, 3848
38723023744808, 38723023748168, 3360
38723039612536, 38723039615756, 3220
38723055477616, 38723055481108, 3492
38723071345720, 38723071348660, 2940
38723087211444, 38723087214728, 3284
38723103071212, 38723103074612, 3400
38723119039744, 38723119044512, 4768
38723134912776, 38723134916248, 3472
38723150771956, 38723150775128, 3172
38723166630980, 38723166634476, 3496
38723182494260, 38723182497884, 3624
38723198923296, 38723198926664, 3368
38723214766768, 38723214770456, 3688
38723230623808, 38723230627504, 3696
38723246489088, 38723246492084, 2996
38723282064544, 38723282071652, 7108
38723341923984, 38723341930584, 6600
38723401780852, 38723401786988, 6136
38723461638636, 38723461645264, 6628
38724764537044, 38724764539112, 2068
38724780395116, 38724780400216, 5100
38724796266456, 38724796269816, 3360
38724812126244, 38724812129932, 3688
38724828000796, 38724828004596, 3800
38724843873412, 38724843876880, 3468
38724859743524, 38724859746808, 3284
38724875619488, 38724875623152, 3664
38724891494672, 38724891497896, 3224
38724907359024, 38724907362520, 3496
38724923227532, 38724923231228, 3696
38724939666824, 38724939670472, 3648
38724955541384, 38724955544272, 2888
38724971415680, 38724971419332, 3652
38724987280916, 38724987283880, 2964
38725003148944, 38725003152500, 3556
38725019013468, 38725019017004, 3536
38725034882612, 38725034885740, 3128
38725050735436, 38725050739044, 3608
38725066596692, 38725066600100, 3408
38725082461360, 38725082464704, 3344
38725098322172, 38725098326552, 4380
38725114285928, 38725114289404, 3476
38725130156188, 38725130159940, 3752
38725146025924, 38725146028916, 2992
38725161895848, 38725161899112, 3264
38725177764112, 38725177767852, 3740
38725194188204, 38725194191420, 3216
38725210049724, 38725210054192, 4468
38725257307844, 38725257314396, 6552
38725526658592, 38725526661248, 2656
38725542522676, 38725542527640, 4964
38725558394572, 38725558398168, 3596
38725574252760, 38725574256552, 3792
38725590113528, 38725590117596, 4068
38726759726912, 38726759728956, 2044
38726775581640, 38726775586404, 4764
38726791453664, 38726791457576, 3912
38726807326904, 38726807330936, 4032
38726823209252, 38726823212960, 3708
38726839081932, 38726839085360, 3428
38726854956452, 38726854959960, 3508
38726870833184, 38726870836612, 3428
38726886709988, 38726886713336, 3348
38726902584312, 38726902588560, 4248
38726918462996, 38726918466724, 3728
38726934883352, 38726934887020, 3668
38726950753276, 38726950756612, 3336
38726966613236, 38726966616944, 3708
38726982474472, 38726982477904, 3432
38726998337324, 38726998340912, 3588
38727014208284, 38727014212036, 3752
38727030085096, 38727030088752, 3656
38727045954044, 38727045957296, 3252
38727061819196, 38727061822408, 3212
38727077686312, 38727077690944, 4632
38727093556900, 38727093560208, 3308
38727109508876, 38727109512096, 3220
38727125362188, 38727125365548, 3360
38727141212080, 38727141215692, 3612
38727157060152, 38727157063016, 2864
38727172914888, 38727172918368, 3480
38728754921976, 38728754924964, 2988
38728772355132, 38728772360104, 4972
38728789788084, 38728789791588, 3504
38728807218532, 38728807221972, 3440
38728824646980, 38728824650324, 3344
38728842080012, 38728842084540, 4528
38728859508160, 38728859511836, 3676
38728876950016, 38728876953268, 3252
38728894359436, 38728894362976, 3540
38728911783172, 38728911786824, 3652
38728929779740, 38728929783284, 3544
38728947211484, 38728947215024, 3540
38728964640200, 38728964643868, 3668
38728982051800, 38728982055516, 3716
38729112005836, 38729112019684, 13848
38729247682628, 38729247699356, 16728
38729383358812, 38729383370868, 12056
38730055765388, 38730055768576, 3188
38730102726276, 38730102730784, 4508
38730149705124, 38730149708724, 3600
38730197208076, 38730197212772, 4696
38730244176368, 38730244179988, 3620
38730345077172, 38730345091488, 14316
38730524644776, 38730524658344, 13568
38730704217276, 38730704234320, 17044
38730883787396, 38730883799704, 12308
38731063359876, 38731063376452, 16576
38731242875356, 38731242893124, 17768
38731422447748, 38731422464384, 16636
38731602022296, 38731602036716, 14420
38732745305344, 38732745308224, 2880
38732776336292, 38732776341896, 5604
38732807370092, 38732807374492, 4400
38732838380768, 38732838384480, 3712
38732869411664, 38732869415540, 3876
38732900418000, 38732900421564, 3564
38732932003992, 38732932007280, 3288
38732963023512, 38732963026872, 3360
38733128326056, 38733128339992, 13936
38733313884716, 38733313902152, 17436
38733507427616, 38733507430988, 3372
38733523294260, 38733523298832, 4572
38733539168928, 38733539173256, 4328
38733577265712, 38733577278464, 12752
38733637124644, 38733637134400, 9756
38711650685024, 38711650690480, 5456
38711650730552, 38711650733544, 2992
38711650763024, 38711650765644, 2620
38711650811156, 38711650813644, 2488
38711650841576, 38711650844256, 2680
38711650870696, 38711650873436, 2740
38713645357084, 38713645361632, 4548
38713671246730, 38713671255210, 8480
38713697193210, 38713697199556, 6346
38713723126724, 38713723135630, 8906
38713749060230, 38713749068596, 8366
38713774995696, 38713775003604, 7908
38713800921748, 38713800926916, 5168
38713826863124, 38713826867148, 4024
38713852799508, 38713852803096, 3588
38713878750750, 38713878759596, 8846
38713904677452, 38713904681812, 4360
38713930638776, 38713930645756, 6980
38713956554936, 38713956558360, 3424
38713982503484, 38713982511476, 7992
38714008432232, 38714008435968, 3736
38714034369312, 38714034373436, 4124
38714060325370, 38714060332156, 6786
38714086267150, 38714086273064, 5914
38714112202210, 38714112208844, 6634
38714138143844, 38714138150316, 6472
38714164077856, 38714164084356, 6500
38714189994264, 38714189999308, 5044
38714215933948, 38714215938672, 4724
38714241883810, 38714241892990, 9180
38714267836524, 38714267843616, 7092
38714780599092, 38714780602588, 3496
38714795143176, 38714795148352, 5176
38714809671884, 38714809675792, 3908
38714824198872, 38714824202660, 3788
38714838747816, 38714838751832, 4016
38714853277140, 38714853280620, 3480
38714867800652, 38714867804368, 3716
38714882324856, 38714882330884, 6028
38714896873068, 38714896876516, 3448
38714911406792, 38714911410636, 3844
38714925933128, 38714925937644, 4516
38714940486844, 38714940490560, 3716
38714955011488, 38714955014916, 3428
38714970103092, 38714970106892, 3800
38714992114236, 38714992124850, 10614
38715041975984, 38715041982576, 6592
38715091856684, 38715091863132, 6448
38715289332736, 38715289336632, 3896
38715305200212, 38715305204924, 4712
38715321067892, 38715321071236, 3344
38715336936588, 38715336940476, 3888
38715381139230, 38715381146744, 7514
38715440969384, 38715440977220, 7836
38715490851844, 38715490856392, 4548
38715540728524, 38715540735172, 6648
38715590612084, 38715590620104, 8020
38715616544712, 38715616549172, 4460
38715642483836, 38715642487828, 3992
38715668421808, 38715668425772, 3964
38715694357440, 38715694361720, 4280
38715720312444, 38715720320816, 8372
38715746253476, 38715746260636, 7160
38715772196350, 38715772202224, 5874
38715798133130, 38715798138944, 5814
38715824053660, 38715824057564, 3904
38715850008516, 38715850015204, 6688
38715875928136, 38715875932100, 3964
38715901865084, 38715901868532, 3448
38715927824856, 38715927831710, 6854
38715953761344, 38715953767496, 6152
38716775790116, 38716775793460, 3344
38716822765040, 38716822771060, 6020
38716869765056, 38716869769580, 4524
38716916746388, 38716916750328, 3940
38716964277328, 38716964281156, 3828
38717011252144, 38717011255400, 3256
38717058173728, 38717058177248, 3520
38717549883944, 38717549887744, 3800
38717567316540, 38717567321720, 5180
38717584745316, 38717584749200, 3884
38717602174432, 38717602178256, 3824
38717715513384, 38717715522876, 9492
38718770982920, 38718770986156, 3236
38718786847096, 38718786852188, 5092
38718802720760, 38718802724460, 3700
38718818600620, 38718818605616, 4996
38718834480232, 38718834484308, 4076
38718850347720, 38718850351680, 3960
38718866227632, 38718866231300, 3668
38718882106100, 38718882109936, 3836
38718897982736, 38718897986920, 4184
38718913859684, 38718913863492, 3808
38718929730280, 38718929734088, 3808
38718945607940, 38718945611852, 3912
38718962038572, 38718962042304, 3732
38718977887648, 38718977891572, 3924
38718993737220, 38718993740856, 3636
38719009584244, 38719009588272, 4028
38719025437256, 38719025441104, 3848
38719041297868, 38719041301520, 3652
38719057168712, 38719057172180, 3468
38719073034588, 38719073038220, 3632
38719088895112, 38719088898780, 3668
38719104741540, 38719104745056, 3516
38719152035904, 38719152069404, 33500
38720766170292, 38720766173816, 3524
38720797184816, 38720797189548, 4732
38720828221764, 38720828225388, 3624
38720859240104, 38720859244144, 4040
38720890277752, 38720890282136, 4384
38720921286304, 38720921289852, 3548
38720952879028, 38720952882812, 3784
38720983914452, 38720983918348, 3896
38721014924108, 38721014928684, 4576
38721045949812, 38721045953448, 3636
38721076955420, 38721076959244, 3824
38721252948276, 38721252960724, 12448
38721438505136, 38721438513172, 8036
38721624064212, 38721624071576, 7364
38721809623612, 38721809629916, 6304
38721995181596, 38721995188916, 7320
38722180739960, 38722180746932, 6972
38722366299288, 38722366306476, 7188
38722551856792, 38722551864288, 7496
38722737415268, 38722737422632, 7364
38722922973252, 38722922981712, 8460
38722972852328, 38722972858448, 6120
38723022733984, 38723022739636, 5652
38723072614864, 38723072622032, 7168
38723122438432, 38723122445524, 7092
38723172319136, 38723172326832, 7696
38723222208784, 38723222216736, 7952
38723272087780, 38723272094796, 7016
38723321969648, 38723321976820, 7172
38723371851200, 38723371858736, 7536
38723421731856, 38723421738544, 6688
38723471614736, 38723471622784, 8048
38723736976876, 38723736979676, 2800
38723866670900, 38723866673920, 3020
38723956453660, 38723956462052, 8392
38724092130688, 38724092136644, 5956
38724227807700, 38724227814396, 6696
38724363486792, 38724363492936, 6144
38724499163320, 38724499169312, 5992
38724634839564, 38724634845588, 6024
38724770516176, 38724770522116, 5940
38724906195108, 38724906201832, 6724
38725041868444, 38725041874428, 5984
38725177488260, 38725177495184, 6924
38725313163296, 38725313170776, 7480
38725530649048, 38725530652364, 3316
38725545199472, 38725545204848, 5376
38725559733924, 38725559738256, 4332
38725574256436, 38725574260472, 4036
38725588795184, 38725588798560, 3376
38725616452520, 38725616466092, 13572
38725666332228, 38725666345216, 12988
38725716212928, 38725716230640, 17712
38725766093556, 38725766106184, 12628
38725815974988, 38725815991848, 16860
38725865855012, 38725865867952, 12940
38726751749016, 38726751752176, 3160
38726782775576, 38726782780640, 5064
38726813819720, 38726813824104, 4384
38726844851436, 38726844856092, 4656
38726875899644, 38726875903508, 3864
38726906928484, 38726906932380, 3896
38727005144668, 38727005158520, 13852
38727190637004, 38727190654632, 17628
38728746938844, 38728746941972, 3128
38728762806896, 38728762811588, 4692
38728778674656, 38728778678324, 3668
38728794540004, 38728794544008, 4004
38728810415440, 38728810419192, 3752
38728826288852, 38728826292444, 3592
38728842156040, 38728842159524, 3484
38728858020104, 38728858023504, 3400
38728873899620, 38728873902852, 3232
38728889767000, 38728889770280, 3280
38728905631112, 38728905634464, 3352
38728921508020, 38728921511940, 3920
38728937932704, 38728937936260, 3556
38728953812640, 38728953816024, 3384
38728969687284, 38728969690876, 3592
38728985559000, 38728985562124, 3124
38729001424352, 38729001427796, 3444
38729017282544, 38729017286176, 3632
38729033137920, 38729033141016, 3096
38729048996504, 38729049000092, 3588
38729064858936, 38729064862268, 3332
38729080723800, 38729080726996, 3196
38729096670228, 38729096673772, 3544
38729112535156, 38729112538428, 3272
38729128403684, 38729128406772, 3088
38729144262156, 38729144265448, 3292
38729160118848, 38729160122368, 3520
38729176539396, 38729176543012, 3616
38729192402316, 38729192405944, 3628
38729208270768, 38729208274248, 3480
38729224142048, 38729224145080, 3032
38729240007364, 38729240011132, 3768
38729255873408, 38729255876836, 3428
38729271739676, 38729271743908, 4232
38729287598852, 38729287602312, 3460
38729327498008, 38729327510964, 12956
38729387356004, 38729387369700, 13696
38731268860828, 38731268864504, 3676
38731284720204, 38731284724696, 4492
38731300588612, 38731300592552, 3940
38731316440228, 38731316443928, 3700
38731332285904, 38731332289632, 3728
38731348124792, 38731348128320, 3528
38731363981996, 38731363985648, 3652
38731379835728, 38731379840124, 4396
38731395701836, 38731395705204, 3368
38731411562876, 38731411566608, 3732
38731427978588, 38731427982080, 3492
38731443839428, 38731443842616, 3188
38731459705780, 38731459709652, 3872
38731475579124, 38731475582400, 3276
38731491427224, 38731491430820, 3596
38731507266756, 38731507270176, 3420
38731523109240, 38731523112308, 3068
38731538947520, 38731538950936, 3416
38731554801292, 38731554805072, 3780
38731570660048, 38731570664080, 4032
38731586520356, 38731586524012, 3656
38731602368548, 38731602372252, 3704
38731618230908, 38731618234312, 3404
38731634085008, 38731634089516, 4508
38731649950268, 38731649953880, 3612
38731665797304, 38731665801084, 3780
38731682227944, 38731682231420, 3476
38731698092000, 38731698096940, 4940
38731713956340, 38731713960104, 3764
38731729812308, 38731729816292, 3984
38731745673396, 38731745676964, 3568
38731761520024, 38731761523720, 3696
38731777381428, 38731777385160, 3732
38731793242676, 38731793246688, 4012
38731809114740, 38731809118384, 3644
38731824984400, 38731824988020, 3620
38731840841908, 38731840845620, 3712
38731856698772, 38731856701808, 3036
38731872560756, 38731872564932, 4176
38731888420208, 38731888424096, 3888
38731904290336, 38731904294048, 3712
38731961172004, 38731961185812, 13808
38732021027572, 38732021040860, 13288
38732080886364, 38732080900088, 13724
38732737322488, 38732737326032, 3544
38732784292972, 38732784298508, 5536
38732831284384, 38732831289184, 4800
38732878256492, 38732878260568, 4076
38732925779152, 38732925783048, 3896
38733038610024, 38733038624344, 14320
38733098405316, 38733098418692, 13376
38733158261944, 38733158275172, 13228
38733218121112, 38733218134356, 13244
38733277977508, 38733277990568, 13060
38733337834312, 38733337847744, 13432
38733397697184, 38733397714484, 17300
38733447573368, 38733447590932, 17564
38733497453892, 38733497466884, 12992
38733547335016, 38733547352084, 17068
38733597217316, 38733597230876, 13560
38733647098944, 38733647112748, 13804
