148173858425884, 148173858437124, 11240
148173865426900, 148173865434920, 8020
148173931813676, 148173931823124, 9448
148173951948216, 148173951957260, 9044
148174039720620, 148174039730076, 9456
148174050854784, 148174050862304, 7520
148174109053236, 148174109062456, 9220
148174111400584, 148174111408400, 7816
148174182352380, 148174182362508, 10128
148174283207420, 148174283217624, 10204
148174350051492, 148174350061284, 9792
148174352389560, 148174352397164, 7604
148174372503744, 148174372513512, 9768
148174460251032, 148174460260828, 9796
148174467099424, 148174467107540, 8116
148174524668636, 148174524678980, 10344
148174539669856, 148174539677908, 8052
148174640460092, 148174640468452, 8360
148174647646912, 148174647654088, 7176
148174747664960, 148174747674164, 9204
148174783376456, 148174783386456, 10000
148174787225220, 148174787233672, 8452
148174794433632, 148174794440724, 7092
148174802556208, 148174802566460, 10252
148174900144092, 148174900153388, 9296
148174902485160, 148174902492764, 7604
148174906338288, 148174906346124, 7836
148174931272472, 148174931282820, 10348
148174933610432, 148174933617464, 7032
148174996257536, 148174996268036, 10500
148175093865776, 148175093876148, 10372
148175098167604, 148175098176836, 9232
148175098797984, 148175098804924, 6940
148175103078232, 148175103086216, 7984
148175105406916, 148175105414732, 7816
148175113484312, 148175113491604, 7292
148175170904976, 148175170915808, 10832
148175173241140, 148175173248956, 7816
148175239543772, 148175239553856, 10084
148175241880764, 148175241888120, 7356
148176502737900, 148176502748216, 10316
148176729278764, 148176729288128, 9364
148176731609204, 148176731617316, 8112
148176788964820, 148176788974800, 9980
148176791295064, 148176791303216, 8152
148176798515868, 148176798524072, 8204
148176973512100, 148176973524068, 11968
148177148908408, 148177148917808, 9400
148177151243540, 148177151250584, 7044
148177238710636, 148177238720532, 9896
148177242985164, 148177242992556, 7392
148177248510704, 148177248517632, 6928
148177252784160, 148177252790892, 6732
148177255377080, 148177255387008, 9928
148177257716936, 148177257723992, 7056
148177392128016, 148177392168388, 40372
148177409220412, 148177409228512, 8100
148177506461248, 148177506471040, 9792
148177581943404, 148177581953732, 10328
148177679275584, 148177679284172, 8588
148177745556452, 148177745565544, 9092
148177833737752, 148177833747736, 9984
148177891202140, 148177891211792, 9652
148177906263840, 148177906273996, 10156
148178023688592, 148178023697460, 8868
148178031773340, 148178031782116, 8776
148178040361872, 148178040370184, 8312
148178075649120, 148178075659116, 9996
148178095782476, 148178095792424, 9948
148178183291424, 148178183300264, 8840
148178191401320, 148178191411008, 9688
148178195679532, 148178195686632, 7100
148178270511540, 148178270521160, 9620
148178274858620, 148178274868684, 10064
148178341645544, 148178341655944, 10400
148178438891184, 148178438901400, 10216
148178443184332, 148178443192756, 8424
148178517941256, 148178517951356, 10100
148178522254464, 148178522262644, 8180
148178874804928, 148178874813564, 8636
148178877136228, 148178877144404, 8176
148178964353500, 148178964361164, 7664
148178984388484, 148178984395696, 7212
148179072145728, 148179072154460, 8732
148179074478344, 148179074486376, 8032
148179081680384, 148179081688208, 7824
148179085525612, 148179085533868, 8256
148179100525124, 148179100532936, 7812
148179104797052, 148179104804984, 7932
148179119088944, 148179119096516, 7572
148179121414204, 148179121420904, 6700
148179141734540, 148179141742016, 7476
148179146006384, 148179146014440, 8056
148179147003180, 148179147009792, 6612
148179151283380, 148179151291440, 8060
148179248618316, 148179248629168, 10852
148179258711608, 148179258723128, 11520
148179359553124, 148179359562576, 9452
148179366778912, 148179366786780, 7868
148179441553780, 148179441563584, 9804
148180499107936, 148180499119316, 11380
148180674848648, 148180674858052, 9404
148180677181020, 148180677189040, 8020
148180734504884, 148180734514800, 9916
148180742575084, 148180742584216, 9132
148180744907204, 148180744914988, 7784
148180749177984, 148180749185936, 7952
148180783778268, 148180783786372, 8104
148180790984164, 148180790992100, 7936
148180794829356, 148180794836072, 6716
148180803915536, 148180803922756, 7220
148180806260744, 148180806267376, 6632
148180810532504, 148180810539316, 6812
148180817726716, 148180817734504, 7788
148180822123860, 148180822130812, 6952
148180826394916, 148180826401712, 6796
148180918943084, 148180918951364, 8280
148180922795852, 148180922803652, 7800
148180930855136, 148180930862744, 7608
148181231050524, 148181231062472, 11948
148181297742580, 148181297752620, 10040
148181312016476, 148181312024396, 7920
148181399342072, 148181399352188, 10116
148181419471876, 148181419482588, 10712
148181583921296, 148181583932032, 10736
148181591591352, 148181591599860, 8508
148181593941848, 148181593949796, 7948
148181601137860, 148181601145872, 8012
148181609216476, 148181609225452, 8976
148181613491612, 148181613498656, 7044
148181628532160, 148181628540448, 8288
148181631757028, 148181631764368, 7340
148181634092428, 148181634099232, 6804
148181667007772, 148181667019072, 11300
148181671287460, 148181671295364, 7904
148181675626880, 148181675634440, 7560
148181687623996, 148181687634904, 10908
148181691907132, 148181691914972, 7840
148181694249448, 148181694257488, 8040
148181702328760, 148181702336780, 8020
148181707641080, 148181707651868, 10788
148181715509492, 148181715517800, 8308
148181719782940, 148181719791012, 8072
148181723639060, 148181723645948, 6888
148181730876956, 148181730893732, 16776
148181743431304, 148181743439924, 8620
148181747738812, 148181747750924, 12112
148181751407232, 148181751416204, 8972
148181753737180, 148181753743920, 6740
148181811288160, 148181811299868, 11708
148181813651848, 148181813659928, 8080
148181828669124, 148181828677144, 8020
148181836829456, 148181836838540, 9084
148181924313552, 148181924324572, 11020
148181939386680, 148181939397088, 10408
148181943676648, 148181943685124, 8476
148181947539492, 148181947547612, 8120
148181949878984, 148181949886764, 7780
148181958943236, 148181958954568, 11332
148182047058288, 148182047068672, 10384
148182055702968, 148182055712952, 9984
148182062939372, 148182062948288, 8916
148182078042704, 148182078053248, 10544
148182078472032, 148182078480232, 8200
148182082761676, 148182082770128, 8452
148182086447856, 148182086456376, 8520
148182092556560, 148182092569044, 12484
148182531176484, 148182531186804, 10320
148182567732776, 148182567741476, 8700
148184521383592, 148184521393728, 10136
148184589389664, 148184589399408, 9744
148184686426764, 148184686436196, 9432
148184690277128, 148184690285164, 8036
148184807993776, 148184808004672, 10896
148185174714656, 148185174723420, 8764
148185178986748, 148185178994824, 8076
148185245246152, 148185245255268, 9116
148185346269328, 148185346278708, 9380
148185354803152, 148185354811472, 8320
148185412106256, 148185412117992, 11736
148185415955888, 148185415963480, 7592
148185481994836, 148185482003164, 8328
148185490551460, 148185490559644, 8184
148185498611216, 148185498618004, 6788
148185556454604, 148185556462876, 8272
148185560329140, 148185560337572, 8432
148185575318124, 148185575326468, 8344
148185579590812, 148185579599068, 8256
148185581932856, 148185581939548, 6692
148185586203712, 148185586211452, 7740
148185606268732, 148185606276576, 7844
148185672305248, 148185672313268, 8020
148185679496392, 148185679504280, 7888
148185714117256, 148185714124744, 7488
148185780141288, 148185780149560, 8272
148185783976928, 148185783984608, 7680
148185791707720, 148185791715468, 7748
148185795985176, 148185795992004, 6828
148185830592620, 148185830600876, 8256
148185832921976, 148185832930024, 8048
148185907511696, 148185907520432, 8736
148185911785896, 148185911793736, 7840
148185978223892, 148185978234336, 10444
148186079128564, 148186079138108, 9544
148186083419756, 148186083427420, 7664
148186098887800, 148186098899912, 12112
148188513740556, 148188513751136, 10580
148188611919604, 148188611929908, 10304
148188626953616, 148188626963380, 9764
148188631390008, 148188631398508, 8500
148188633755900, 148188633765672, 9772
148188649409356, 148188649417420, 8064
148188657514856, 148188657523976, 9120
148188664713224, 148188664721304, 8080
148188668568376, 148188668575728, 7352
148188755949164, 148188755957520, 8356
148188864917924, 148188864928772, 10848
148188899497396, 148188899506256, 8860
148189014389160, 148189014398972, 9812
148189036326532, 148189036341320, 14788
148189136566664, 148189136575860, 9196
148189151576884, 148189151584312, 7428
148189155915276, 148189155925172, 9896
148189222199160, 148189222208072, 8912
148189319767832, 148189319778072, 10240
148189334776916, 148189334785372, 8456
148189341984228, 148189341991816, 7588
148189439107896, 148189439117724, 9828
148189582652784, 148189582663248, 10464
148189589847532, 148189589854924, 7392
148189690354988, 148189690366348, 11360
148189704824408, 148189704832660, 8252
148189905767848, 148189905775820, 7972
148189993213024, 148189993222300, 9276
148190001301512, 148190001309364, 7852
148190099135160, 148190099144496, 9336
148190119224636, 148190119235012, 10376
148190185394688, 148190185404536, 9848
148190186857752, 148190186866408, 8656
148190189199732, 148190189206628, 6896
148190285448628, 148190285457660, 9032
148190402911788, 148190402920960, 9172
148190469107912, 148190469116916, 9004
148190489187956, 148190489197844, 9888
148190491539296, 148190491547276, 7980
148190592023260, 148190592032544, 9284
148190595877860, 148190595885720, 7860
148190630478840, 148190630486220, 7380
148190730496984, 148190730505952, 8968
148190737712364, 148190737719920, 7556
148190745236484, 148190745243824, 7340
148190845838052, 148190845849088, 11036
148190848167004, 148190848175504, 8500
148190863212140, 148190863221672, 9532
148190920656604, 148190920665412, 8808
148191008162428, 148191008171220, 8792
148191028838884, 148191028848832, 9948
148191043868328, 148191043876480, 8152
148191051969148, 148191051979428, 10280
148191169315804, 148191169325600, 9796
148191173178156, 148191173186324, 8168
148191180389756, 148191180397488, 7732
148191246770160, 148191246779536, 9376
148191254014892, 148191254024300, 9408
148191354831200, 148191354839944, 8744
148191618706792, 148191618717228, 10436
148191992966656, 148191992975824, 9168
148192013055628, 148192013065772, 10144
148192016906204, 148192016914452, 8248
148192074998932, 148192075008600, 9668
148192162490344, 148192162499808, 9464
148192169697940, 148192169706192, 8252
148192173555764, 148192173563760, 7996
148192208242608, 148192208251352, 8744
148192275021088, 148192275031148, 10060
148192375253856, 148192375262964, 9108
148192450125540, 148192450134692, 9152
148192802263276, 148192802272292, 9016
148192809476484, 148192809483584, 7100
148193081958116, 148193081970152, 12036
148193085823056, 148193085831204, 8148
148193093038208, 148193093045948, 7740
148193798526368, 148193798531252, 4884
148173860412900, 148173860426548, 13648
148173874892720, 148173874901020, 8300
148173972193096, 148173972202084, 8988
148173979411596, 148173979419952, 8356
148173981789916, 148173981799612, 9696
148173990381308, 148173990389280, 7972
148173998490260, 148173998498760, 8500
148174009944812, 148174009954920, 10108
148174014232508, 148174014239556, 7048
148174037862768, 148174037872828, 10060
148174042181144, 148174042191236, 10092
148174044562688, 148174044569880, 7192
148174051764612, 148174051772688, 8076
148174065782940, 148174065793144, 10204
148174070064388, 148174070071308, 6920
148174076773628, 148174076781436, 7808
148174093707044, 148174093716984, 9940
148174097983980, 148174097992236, 8256
148174113012940, 148174113019936, 6996
148174121727700, 148174121737712, 10012
148174126037844, 148174126044840, 6996
148174283212832, 148174283223948, 11116
148174297695072, 148174297703108, 8036
148174301982092, 148174301989968, 7876
148174310186780, 148174310196320, 9540
148174317053292, 148174317061388, 8096
148174321333732, 148174321352228, 18496
148174344984784, 148174344994560, 9776
148174349267880, 148174349274956, 7076
148174354156424, 148174354164212, 7788
148174361371828, 148174361379592, 7764
148174461585112, 148174461594640, 9528
148174463988756, 148174463998616, 9860
148174498826792, 148174498836384, 9592
148174506973444, 148174506983340, 9896
148174512494500, 148174512502536, 8036
148174516782108, 148174516789132, 7024
148174519109884, 148174519116644, 6760
148174624222928, 148174624234180, 11252
148174628509940, 148174628518192, 8252
148174643515580, 148174643523628, 8048
148174651619320, 148174651630916, 11596
148174652094480, 148174652102940, 8460
148174656387480, 148174656394628, 7148
148174752990604, 148174753000124, 9520
148174759810504, 148174759821204, 10700
148174826408032, 148174826418464, 10432
148174945268240, 148174945279428, 11188
148174966630448, 148174966639780, 9332
148175023950260, 148175023960732, 10472
148175111808640, 148175111818736, 10096
148175114143020, 148175114150996, 7976
148175214146200, 148175214155084, 8884
148175320169772, 148175320179824, 10052
148175327841376, 148175327849756, 8380
148175330198472, 148175330206152, 7680
148175350037840, 148175350048204, 10364
148175352394328, 148175352401364, 7036
148175432736372, 148175432746676, 10304
148175436593704, 148175436602192, 8488
148175438922688, 148175438930260, 7572
148175473584608, 148175473594000, 9392
148175475937580, 148175475945724, 8144
148175484053020, 148175484062572, 9552
148175541434588, 148175541444080, 9492
148175642067200, 148175642075892, 8692
148175708192360, 148175708202020, 9660
148175742850824, 148175742860152, 9328
148175745197964, 148175745205040, 7076
148175833107028, 148175833117288, 10260
148175840366652, 148175840376196, 9544
148175842735280, 148175842743320, 8040
148175904009560, 148175904019284, 9724
148175906337696, 148175906346028, 8332
148175910187556, 148175910195496, 7940
148175976300516, 148175976308656, 8140
148176076954376, 148176076963860, 9484
148176084190488, 148176084199448, 8960
148176092248864, 148176092257064, 8200
148176094581972, 148176094589816, 7844
148176182008272, 148176182017112, 8840
148176202040848, 148176202048112, 7264
148176210097796, 148176210105568, 7772
148176217286312, 148176217294356, 8044
148176221170204, 148176221179712, 9508
148176278531668, 148176278540940, 9272
148176376167500, 148176376176720, 9220
148176493379672, 148176493389324, 9652
148176568522496, 148176568532032, 9536
148176572359920, 148176572367364, 7444
148176579574000, 148176579581912, 7912
148176645592140, 148176645599608, 7468
148176649439804, 148176649446344, 6540
148176656644500, 148176656652096, 7596
148176841737000, 148176841747848, 10848
148176863066068, 148176863074664, 8596
148176865395344, 148176865402888, 7544
148176885626832, 148176885638400, 11568
148176905644932, 148176905655164, 10232
148176973526648, 148176973537592, 10944
148176986329120, 148176986337884, 8764
148177142866940, 148177142877416, 10476
148177159930784, 148177159938792, 8008
148177217376688, 148177217386448, 9760
148177283506612, 148177283515200, 8588
148177401765172, 148177401773856, 8684
148177436557008, 148177436566368, 9360
148177521730072, 148177521739276, 9204
148177588670780, 148177588680224, 9444
148177649829108, 148177649838588, 9480
148177737349176, 148177737359448, 10272
148177772066924, 148177772076480, 9556
148177872929512, 148177872938552, 9040
148177877203572, 148177877211044, 7472
148177897370540, 148177897380556, 10016
148177901642892, 148177901651352, 8460
148177936413836, 148177936423728, 9892
148178036673860, 148178036683400, 9540
148178098423760, 148178098433100, 9340
148178113504436, 148178113514972, 10536
148178174729724, 148178174738932, 9208
148178179012168, 148178179019320, 7152
148178245344788, 148178245353776, 8988
148178260404280, 148178260412292, 8012
148178268978084, 148178268986772, 8688
148178289061576, 148178289070836, 9260
148178297143304, 148178297150272, 6968
148178372463260, 148178372472416, 9156
148178376749984, 148178376757412, 7428
148178411487384, 148178411496788, 9404
148178468915964, 148178468924740, 8776
148178473202028, 148178473209608, 7580
148178481297760, 148178481306000, 8240
148178496365400, 148178496375252, 9852
148178558081424, 148178558090248, 8824
148178562379592, 148178562389436, 9844
148178564731140, 148178564738156, 7016
148178568998896, 148178569007028, 8132
148178643629956, 148178643639104, 9148
148178740569468, 148178740578476, 9008
148178744873680, 148178744883156, 9476
148178832714392, 148178832722876, 8484
148178898773832, 148178898783568, 9736
148178902639220, 148178902647352, 8132
148178906911308, 148178906919196, 7888
148179003740008, 148179003748348, 8340
148179038302900, 148179038310124, 7224
148179135596360, 148179135604700, 8340
148179142773024, 148179142781488, 8464
148179150804544, 148179150812440, 7896
148179249905840, 148179249913924, 8084
148179307832168, 148179307842044, 9876
148179414230608, 148179414241464, 10856
148179435552016, 148179435561500, 9484
148179442790668, 148179442799040, 8372
148179540084304, 148179540093780, 9476
148179607125964, 148179607135340, 9376
148179622221120, 148179622230356, 9236
148179722757960, 148179722768676, 10716
148179789048924, 148179789058284, 9360
148179887352788, 148179887361388, 8600
148179953867572, 148179953876020, 8448
148180041476936, 148180041486804, 9868
148180050077144, 148180050085268, 8124
148180150459832, 148180150469728, 9896
148180305951660, 148180305961820, 10160
148180321040236, 148180321050424, 10188
148180324886444, 148180324894640, 8196
148180399800120, 148180399823320, 23200
148180517532712, 148180517542660, 9948
148180575404644, 148180575412580, 7936
148180577735988, 148180577744000, 8012
148180652302056, 148180652311700, 9644
148180660399328, 148180660408496, 9168
148180695024044, 148180695032616, 8572
148180699293136, 148180699300972, 7836
148180701622320, 148180701628692, 6372
148180705891332, 148180705898240, 6908
148180709739572, 148180709747476, 7904
148180807173548, 148180807182076, 8528
148180827212232, 148180827220144, 7912
148180829545872, 148180829553636, 7764
148180895565928, 148180895574328, 8400
148180899410960, 148180899417556, 6596
148180901739980, 148180901747968, 7988
148180959050932, 148180959058788, 7856
148180979083028, 148180979090684, 7656
148180981410944, 148180981418936, 7992
148180988616180, 148180988624012, 7832
148181003633184, 148181003640936, 7752
148181070198176, 148181070206644, 8468
148181074061584, 148181074069580, 7996
148181082590692, 148181082598752, 8060
148181157287916, 148181157297744, 9828
148181245088184, 148181245099492, 11308
148181249366664, 148181249375008, 8344
148181346806240, 148181346816224, 9984
148181351081736, 148181351089936, 8200
148181354945460, 148181354952572, 7112
148181359210852, 148181359219044, 8192
148181366389624, 148181366397344, 7720
148181466632700, 148181466641748, 9048
148181473859720, 148181473867536, 7816
148181481915728, 148181481923588, 7860
148181516629068, 148181516638992, 9924
148181518982832, 148181518991260, 8428
148181534065708, 148181534075296, 9588
148181749436316, 148181749446044, 9728
148181763836208, 148181763843884, 7676
148181783888704, 148181783897692, 8988
148181887054180, 148181887065436, 11256
148181901471560, 148181901480132, 8572
148182074507248, 148182074518960, 11712
148182079157248, 148182079165484, 8236
148182113434064, 148182113443280, 9216
148182115792784, 148182115802676, 9892
148182120070236, 148182120078500, 8264
148182134293968, 148182134300828, 6860
148182138630248, 148182138639776, 9528
148182153645016, 148182153652176, 7160
148182162215992, 148182162226024, 10032
148182166525420, 148182166532364, 6944
148182170190508, 148182170198240, 7732
148182172522316, 148182172529096, 6780
148182260856408, 148182260865992, 9584
148182327656688, 148182327666748, 10060
148182362349688, 148182362358620, 8932
148182523293672, 148182523304992, 11320
148182540388612, 148182540397464, 8852
148182544806308, 148182544814436, 8128
148182719474120, 148182719483956, 9836
148182776943876, 148182776953796, 9920
148182812164416, 148182812172616, 8200
148182820221884, 148182820229960, 8076
148182920203312, 148182920212692, 9380
148182924096232, 148182924104688, 8456
148183011404248, 148183011413704, 9456
148183027776412, 148183027781300, 4888
148183032064056, 148183032073480, 9424
148183098790004, 148183098800280, 10276
148183103092108, 148183103099772, 7664
148183111268376, 148183111278508, 10132
148183111467756, 148183111476284, 8528
148183115759224, 148183115766620, 7396
148183130635396, 148183130645796, 10400
148185323042868, 148185323053084, 10216
148185546405224, 148185546414764, 9540
148185987305628, 148185987316760, 11132
148186002394220, 148186002401820, 7600
148186100789076, 148186100794096, 5020
148186188258484, 148186188268284, 9800
148186288949412, 148186288959220, 9808
148186304029012, 148186304038396, 9384
148186338711880, 148186338720788, 8908
148186346850016, 148186346859640, 9624
148186447046860, 148186447056144, 9284
148186451329068, 148186451337308, 8240
148186455196492, 148186455204432, 7940
148186461718024, 148186461727824, 9800
148186466004876, 148186466012028, 7152
148186520618756, 148186520627624, 8868
148186524895228, 148186524903652, 8424
148186528746952, 148186528754968, 8016
148186603967436, 148186603977260, 9824
148188507773520, 148188507784084, 10564
148188841871440, 148188841880028, 8588
148189267549992, 148189267560392, 10400
148189304045668, 148189304054704, 9036
148189312118484, 148189312127468, 8984
148189316391760, 148189316399384, 7624
148189336427208, 148189336435760, 8552
148189337323260, 148189337329880, 6620
148189341594840, 148189341601416, 6576
148189398112312, 148189398121208, 8896
148189401958392, 148189401965544, 7152
148189405121112, 148189405129072, 7960
148189479806748, 148189479816564, 9816
148189576729204, 148189576738152, 8948
148189694637728, 148189694648656, 10928
148189792393560, 148189792404056, 10496
148189879813932, 148189879822912, 8980
148189887930928, 148189887940724, 9796
148189890264724, 148189890272672, 7948
148189924901536, 148189924910600, 9064
148189982317872, 148189982326328, 8456
148189986192128, 148189986200268, 8140
148189993465572, 148189993475928, 10356
148190028761356, 148190028770800, 9444
148190116172052, 148190116180944, 8892
148190190973356, 148190190982324, 8968
148190248408360, 148190248416272, 7912
148190323555464, 148190323565408, 9944
148190423795572, 148190423805332, 9760
148190481217204, 148190481226472, 9268
148190556350180, 148190556358760, 8580
148190643597388, 148190643605152, 7764
148190709699320, 148190709707584, 8264
148190724701336, 148190724708928, 7592
148190728580924, 148190728591104, 10180
148190730912472, 148190730920728, 8256
148192496143756, 148192496154316, 10560
148192808372216, 148192808381556, 9340
148192823413220, 148192823422260, 9040
148192827177056, 148192827185096, 8040
148192831450256, 148192831458168, 7912
148192910977908, 148192910988068, 10160
148192970832956, 148192970843512, 10556
148192974667464, 148192974675068, 7604
148193130314472, 148193130324468, 9996
148193147359336, 148193147367320, 7984
148193162206128, 148193162215256, 9128
148193166484500, 148193166492368, 7868
148193271919576, 148193271931008, 11432
148193375596204, 148193375606852, 10648
148193380248764, 148193380256932, 8168
148193387427940, 148193387436120, 8180
148193391722808, 148193391729728, 6920
148193457900008, 148193457907992, 7984
148193558594716, 148193558604464, 9748
148193562864864, 148193562872188, 7324
148193682786064, 148193682796260, 10196
148193687451860, 148193687460356, 8496
148174524489728, 148174524502248, 12520
148174571103856, 148174571112824, 8968
148174605739376, 148174605749812, 10436
148174676034560, 148174676046356, 11796
148174679867660, 148174679876116, 8456
148174714448320, 148174714455536, 7216
148174718329980, 148174718340164, 10184
148174797733396, 148174797744548, 11152
148174813268580, 148174813276132, 7552
148174947245388, 148174947255064, 9676
148174961649088, 148174961657456, 8368
148174965502652, 148174965510304, 7652
148174973591536, 148174973600944, 9408
148175008232088, 148175008243436, 11348
148175015453368, 148175015461868, 8500
148175019722576, 148175019731292, 8716
148175023572288, 148175023579604, 7316
148175043637184, 148175043646312, 9128
148175047948204, 148175047956992, 8788
148175114594820, 148175114604936, 10116
148175211653088, 148175211662336, 9248
148175220277500, 148175220285588, 8088
148175240459376, 148175240469152, 9776
148175244752712, 148175244761056, 8344
148175279507300, 148175279518052, 10752
148175367725848, 148175367735900, 10052
148175464813592, 148175464821528, 7936
148175552248252, 148175552257672, 9420
148175554578544, 148175554586452, 7908
148175562346104, 148175562354280, 8176
148175589343464, 148175589354152, 10688
148175591673428, 148175591680600, 7172
148175682038184, 148175682048244, 10060
148175685882848, 148175685890704, 7856
148175693120636, 148175693129844, 9208
148175790138656, 148175790148576, 9920
148175810719680, 148175810729352, 9672
148175907829712, 148175907839448, 9736
148175915059616, 148175915067392, 7776
148175923131912, 148175923140224, 8312
148175997844124, 148175997853720, 9596
148176032563404, 148176032573176, 9772
148176034898616, 148176034906920, 8304
148176110241652, 148176110251272, 9620
148176114091216, 148176114098960, 7744
148176121290796, 148176121297748, 6952
148176195991108, 148176196001096, 9988
148176198324512, 148176198331584, 7072
148176264498200, 148176264506700, 8500
148176271739072, 148176271748636, 9564
148176359655156, 148176359665080, 9924
148176367748680, 148176367758236, 9556
148176371604624, 148176371612612, 7988
148176373935524, 148176373942784, 7260
148176431405644, 148176431415480, 9836
148176433736656, 148176433744732, 8076
148176499890608, 148176499900060, 9452
148176734239300, 148176734249160, 9860
148176834769716, 148176834777932, 8216
148176842834164, 148176842841656, 7492
148176973529832, 148176973540908, 11076
148176980719848, 148176980728068, 8220
148176988773584, 148176988780932, 7348
148177106972128, 148177106982772, 10644
148177111625824, 148177111634268, 8444
148177172661720, 148177172671340, 9620
148177187689120, 148177187699140, 10020
148177284760284, 148177284770256, 9972
148177373114236, 148177373123012, 8776
148177439465900, 148177439475804, 9904
148177443772016, 148177443779672, 7656
148177443943796, 148177443950580, 6784
148177448249088, 148177448258876, 9788
148177468206684, 148177468215996, 9312
148177586208200, 148177586218420, 10220
148177590543484, 148177590552756, 9272
148177648065624, 148177648075556, 9932
148177656648084, 148177656656376, 8292
148177671762860, 148177671773256, 10396
148177676035824, 148177676043456, 7632
148177696205244, 148177696214952, 9708
148177700496764, 148177700503900, 7136
148177823298672, 148177823308132, 9460
148177831888616, 148177831897984, 9368
148177906773512, 148177906782636, 9124
148177998611320, 148177998619488, 8168
148178096461040, 148178096471056, 10016
148178105022848, 148178105030040, 7192
148178202452700, 148178202462560, 9860
148178260076832, 148178260086828, 9996
148178382995428, 148178383005364, 9936
148178470696608, 148178470706580, 9972
148178536986824, 148178536996396, 9572
148178624843020, 148178624852024, 9004
148178637660316, 148178637668508, 8192
148178641509036, 148178641517152, 8116
148178741481736, 148178741490952, 9216
148178756530256, 148178756539324, 9068
148178760800452, 148178760807316, 6864
148178763125944, 148178763133012, 7068
148178767002724, 148178767012400, 9676
148178801601516, 148178801610516, 9000
148178810692232, 148178810701416, 9184
148178830753604, 148178830763788, 10184
148178833080932, 148178833088592, 7660
148178841134192, 148178841142368, 8176
148178844977136, 148178844985472, 8336
148178849274924, 148178849285020, 10096
148178864298904, 148178864306652, 7748
148178921579068, 148178921586900, 7832
148179021520864, 148179021528804, 7940
148179025802956, 148179025810876, 7920
148179028127932, 148179028135868, 7936
148179031965432, 148179031973020, 7588
148179035343452, 148179035350100, 6648
148179039601256, 148179039609176, 7920
148179105991116, 148179105999368, 8252
148180696527700, 148180696538516, 10816
148184677450408, 148184677465096, 14688
148184712077596, 148184712085856, 8260
148184714431400, 148184714441264, 9864
148184718705672, 148184718714060, 8388
148184722557468, 148184722565768, 8300
148184789135196, 148184789144984, 9788
148184804165676, 148184804174836, 9160
148184808435816, 148184808444004, 8188
148184865816736, 148184865826080, 9344
148184962781020, 148184962789160, 8140
148184967051240, 148184967063456, 12216
148184975139388, 148184975147992, 8604
148184977466508, 148184977474364, 7856
148184981733460, 148184981741484, 8024
148184985575336, 148184985581924, 6588
148184989845484, 148184989852164, 6680
148185090350444, 148185090359600, 9156
148185098430972, 148185098439112, 8140
148185102695680, 148185102704128, 8448
148185106543032, 148185106549744, 6712
148185110805116, 148185110811756, 6640
148185113163036, 148185113172996, 9960
148185128164788, 148185128172676, 7888
148185162807600, 148185162817312, 9712
148185167079884, 148185167088312, 8428
148185170930468, 148185170938452, 7984
148185173282372, 148185173292412, 10040
148185193346192, 148185193356456, 10264
148185201501016, 148185201508788, 7772
148185324483596, 148185324493028, 9432
148185344511488, 148185344519724, 8236
148185419045340, 148185419053412, 8072
148185427098612, 148185427106936, 8324
148185429426364, 148185429434144, 7780
148185433705000, 148185433711676, 6676
148185657784536, 148185657792624, 8088
148185666331784, 148185666339816, 8032
148185668665140, 148185668673308, 8168
148185672509988, 148185672516816, 6828
148185822060200, 148185822069120, 8920
148185826331376, 148185826341880, 10504
148185834392964, 148185834401172, 8208
148185849381956, 148185849388700, 6744
148185853681808, 148185853689296, 7488
148185857528576, 148185857536364, 7788
148185864710992, 148185864718800, 7808
148185884748060, 148185884756404, 8344
148185887077488, 148185887085408, 7920
148185921678384, 148185921685468, 7084
148185923267204, 148185923274040, 6836
148185930455680, 148185930462484, 6804
148185936961488, 148185936969500, 8012
148186012397984, 148186012409848, 11864
148186016340692, 148186016348280, 7588
148186491655724, 148186491666624, 10900
148186535375636, 148186535385672, 10036
148186622709936, 148186622719700, 9764
148186719884028, 148186719893392, 9364
148186727935844, 148186727943604, 7760
148186785963156, 148186785973664, 10508
148186883113636, 148186883122700, 9064
148186902266204, 148186902276764, 10560
148186959741888, 148186959751780, 9892
148187052505584, 148187052515076, 9492
148187139948568, 148187139956628, 8060
148187307260732, 148187307271256, 10524
148187382227480, 148187382236480, 9000
148187469776008, 148187469785568, 9560
148187527290700, 148187527300260, 9560
148187702822000, 148187702831544, 9544
148187717870984, 148187717881000, 10016
148187725941044, 148187725948696, 7652
148187746063404, 148187746073536, 10132
148187834172276, 148187834181440, 9164
148187891823308, 148187891832612, 9304
148187926551112, 148187926561224, 10112
148188023867896, 148188023876024, 8128
148188111852956, 148188111863348, 10392
148188209064788, 148188209075148, 10360
148188224105880, 148188224113808, 7928
148188290974760, 148188290983060, 8300
148188298169508, 148188298177340, 7832
148188650504400, 148188650513404, 9004
148188707826016, 148188707834448, 8432
148188710155560, 148188710162568, 7008
148188807755948, 148188807764584, 8636
148188895051424, 148188895060240, 8816
148188906632724, 148188906642996, 10272
148189024147312, 148189024157988, 10676
148189033819800, 148189033830508, 10708
148189041880420, 148189041889016, 8596
148189139149712, 148189139158984, 9272
148189173857620, 148189173866504, 8884
148189177709008, 148189177717520, 8512
148189182010728, 148189182018752, 8024
148189256890560, 148189256900460, 9900
148189459137004, 148189459147740, 10736
148189479161976, 148189479170440, 8464
148189582643312, 148189582655200, 11888
148189698323888, 148189698334312, 10424
148189706038064, 148189706046072, 8008
148189763545564, 148189763555572, 10008
148189784202672, 148189784213384, 10712
148189786554104, 148189786562440, 8336
148189790407588, 148189790414672, 7084
148189797594128, 148189797601948, 7820
148189827896048, 148189827905892, 9844
148189830246120, 148189830253344, 7224
148189833883956, 148189833892396, 8440
148189841122944, 148189841132904, 9960
148189844974556, 148189844982624, 8068
148189908249968, 148189908260620, 10652
148189912099256, 148189912107332, 8076
148189919396124, 148189919405624, 9500
148190069397772, 148190069407500, 9728
148190071730240, 148190071738328, 8088
148190078984468, 148190078992988, 8520
148190082841880, 148190082849292, 7412
148190140343172, 148190140352408, 9236
148190148413760, 148190148421884, 8124
148190235905976, 148190235915712, 9736
148190243166740, 148190243176424, 9684
148190247028152, 148190247036680, 8528
148190249366496, 148190249374720, 8224
148190276599748, 148190276609320, 9572
148190283830444, 148190283840772, 10328
148190287671528, 148190287679548, 8020
148190375231580, 148190375241188, 9608
148190382539412, 148190382549376, 9964
148190384890020, 148190384897836, 7816
148190459705308, 148190459714536, 9228
148190494335908, 148190494345116, 9208
148190591715624, 148190591724532, 8908
148190598914168, 148190598922660, 8492
148190761221980, 148190761232164, 10184
148190778835772, 148190778844108, 8336
148190964633984, 148190964645332, 11348
148190972316568, 148190972324832, 8264
148191073044420, 148191073052844, 8424
148191130460588, 148191130469876, 9288
148191145477032, 148191145487056, 10024
148191180153292, 148191180162332, 9040
148191200316712, 148191200330144, 13432
148191208425264, 148191208434900, 9636
148191296572484, 148191296581932, 9448
148191303594516, 148191303602332, 7816
148191469211672, 148191469222748, 11076
148191476880500, 148191476888392, 7892
148191484967192, 148191484975392, 8200
148191602880832, 148191602890364, 9532
148191700065684, 148191700074988, 9304
148191757520356, 148191757529820, 9464
148191839681360, 148191839689884, 8524
148191897128260, 148191897137424, 9164
148191931846500, 148191931855836, 9336
148191939916484, 148191939925068, 8584
148192037555232, 148192037565236, 10004
148192052594252, 148192052604992, 10740
148192169889792, 148192169898928, 9136
148192190011972, 148192190021996, 10024
148192424874348, 148192424883692, 9344
148192428754304, 148192428762504, 8200
148192529248796, 148192529257800, 9004
148192537304456, 148192537312132, 7676
148192544509080, 148192544516364, 7284
148192559508768, 148192559517064, 8296
148192656392920, 148192656401632, 8712
148192658723732, 148192658731748, 8016
148192662572012, 148192662579884, 7872
148192682596980, 148192682604900, 7920
148192711513632, 148192711522012, 8380
148192718703644, 148192718710496, 6852
148192722551580, 148192722558252, 6672
148192728243508, 148192728252156, 8648
148192743233756, 148192743240984, 7228
148192840757524, 148192840767796, 10272
148192848846164, 148192848856392, 10228
148192946019476, 148192946029172, 9696
148192950366444, 148192950376100, 9656
148193020310048, 148193020319088, 9040
148193024160552, 148193024168600, 8048
148193048603228, 148193048613760, 10532
148193165767452, 148193165778084, 10632
148193169644440, 148193169652548, 8108
148193189800568, 148193189810392, 9824
148193307872776, 148193307882588, 9812
148193311805904, 148193311816432, 10528
148193369321632, 148193369332288, 10656
148193375578188, 148193375586616, 8428
148193379419448, 148193379426424, 6976
148193449534344, 148193449545848, 11504
148193456765672, 148193456774064, 8392
148193514391876, 148193514402344, 10468
148193516741856, 148193516749576, 7720
148193523146428, 148193523154872, 8444
148193530430376, 148193530440604, 10228
148193627790324, 148193627800264, 9940
148174530456720, 148174530468560, 11840
148177100817428, 148177100827276, 9848
148177115894436, 148177115904408, 9972
148177123110240, 148177123118068, 7828
148177126958112, 148177126966212, 8100
148177193092796, 148177193103316, 10520
148177197370304, 148177197378648, 8344
148178512995220, 148178513005808, 10588
148178557752376, 148178557762036, 9660
148178592360372, 148178592369432, 9060
148178649716788, 148178649726732, 9944
148178669775464, 148178669785448, 9984
148178704420356, 148178704430216, 9860
148178708692840, 148178708701200, 8360
148178774793168, 148178774801948, 8780
148178875321668, 148178875331660, 9992
148179697665688, 148179697675240, 9552
148179755172368, 148179755182376, 10008
148179770201852, 148179770209100, 7248
148179858522748, 148179858532040, 9292
148179893349220, 148179893358056, 8836
148179901436992, 148179901444500, 7508
148179976438300, 148179976447668, 9368
148179980351496, 148179980358676, 7180
148180055906252, 148180055916428, 10176
148180173489500, 148180173499632, 10132
148180188598544, 148180188606376, 7832
148180196721088, 148180196730368, 9280
148180231374812, 148180231384208, 9396
148180332342116, 148180332351440, 9324
148180389818980, 148180389829260, 10280
148180404844308, 148180404854024, 9716
148180492600148, 148180492610188, 10040
148180567811628, 148180567820804, 9176
148180655157292, 148180655166852, 9560
148180659000420, 148180659008892, 8472
148180666193612, 148180666201468, 7856
148180890299844, 148180890309432, 9588
148180897503992, 148180897512452, 8460
148180901774700, 148180901781556, 6856
148180976274244, 148180976282668, 8424
148180980542460, 148180980550584, 8124
148181015116848, 148181015124864, 8016
148181023169196, 148181023177416, 8220
148181027444684, 148181027453176, 8492
148181231067468, 148181231078032, 10564
148181238736836, 148181238745028, 8192
148181339233700, 148181339244132, 10432
148181341565660, 148181341573688, 8028
148181470273392, 148181470283988, 10596
148181585897316, 148181585909060, 11744
148181602954368, 148181602962556, 8188
148181690546060, 148181690555976, 9916
148181744833028, 148181744844000, 10972
148181815038084, 148181815047772, 9688
148181881231932, 148181881242076, 10144
148182180287756, 148182180298908, 11152
148182194679404, 148182194687712, 8308
148182297945940, 148182297956468, 10528
148182315052372, 148182315060688, 8316
148182402528148, 148182402537976, 9828
148182406804032, 148182406812496, 8464
148182410689028, 148182410697268, 8240
148182413019716, 148182413027784, 8068
148182413485828, 148182413492668, 6840
148182417820200, 148182417830468, 10268
148182425452572, 148182425460816, 8244
148182482965052, 148182482974664, 9612
148182485336820, 148182485343948, 7128
148182520092200, 148182520100800, 8600
148182586779804, 148182586788272, 8468
148182661497400, 148182661512956, 15556
148182670046088, 148182670054284, 8196
148182770108424, 148182770118552, 10128
148182773962956, 148182773971388, 8432
148182781204852, 148182781213816, 8964
148182869133656, 148182869143244, 9588
148182873423568, 148182873431988, 8420
148182888474256, 148182888483256, 9000
148182923120632, 148182923130740, 10108
148182930340336, 148182930348000, 7664
148182938432440, 148182938441696, 9256
148183019770408, 148183019781352, 10944
148183054939348, 148183054949936, 10588
148183058805512, 148183058814208, 8696
148183063177348, 148183063188032, 10684
148184503426972, 148184503437380, 10408
148184708954312, 148184708963452, 9140
148184729020032, 148184729029980, 9948
148184826525572, 148184826535036, 9464
148184830800828, 148184830809000, 8172
148184896866116, 148184896874620, 8504
148184916915300, 148184916924924, 9624
148184921190304, 148184921198856, 8552
148184936221208, 148184936232560, 11352
148185010810732, 148185010821132, 10400
148185013142464, 148185013150424, 7960
148185033206544, 148185033217088, 10544
148185048786776, 148185048797052, 10276
148185051120096, 148185051128076, 7980
148185055387192, 148185055395476, 8284
148185121431192, 148185121440428, 9236
148185221511020, 148185221520472, 9452
148185225810708, 148185225820096, 9388
148185283685792, 148185283695328, 9536
148185288486264, 148185288493672, 7408
148185292329832, 148185292338260, 8428
148185307364656, 148185307374292, 9636
148185315418012, 148185315426404, 8392
148185319689556, 148185319697392, 7836
148185322013572, 148185322020528, 6956
148185326319944, 148185326330032, 10088
148185570579412, 148185570588764, 9352
148185574427780, 148185574435804, 8024
148185748827720, 148185748836756, 9036
148185806603300, 148185806611884, 8584
148185872592916, 148185872600312, 7396
148185929863692, 148185929871944, 8252
148185933712156, 148185933720760, 8604
148186032981636, 148186032991796, 10160
148186038174580, 148186038182732, 8152
148186072838936, 148186072848332, 9396
148186076688104, 148186076695280, 7176
148186083889720, 148186083897652, 7932
148186158741140, 148186158751512, 10372
148186193509908, 148186193518392, 8484
148186272099544, 148186272107416, 7872
148186292778556, 148186292788352, 9796
148186296687724, 148186296696908, 9184
148186384094212, 148186384103780, 9568
148186388372016, 148186388380192, 8176
148186392218052, 148186392225560, 7508
148186407315384, 148186407324656, 9272
148186411585932, 148186411594224, 8292
148186468991312, 148186469000504, 9192
148186489053868, 148186489064688, 10820
148186497148780, 148186497158184, 9404
148186512166696, 148186512174168, 7472
148186612705624, 148186612714184, 8560
148186647303204, 148186647311608, 8404
148186651574724, 148186651582796, 8072
148186657137800, 148186657146932, 9132
148186661414204, 148186661422140, 7936
148186668606728, 148186668614680, 7952
148186770847364, 148186770858008, 10644
148187138512116, 148187138522112, 9996
148187146594584, 148187146602520, 7936
148187155688808, 148187155698376, 9568
148187216959372, 148187216969240, 9868
148187235502660, 148187235512868, 10208
148187243598600, 148187243605824, 7224
148187283403556, 148187283413004, 9448
148187290687764, 148187290698208, 10444
148187391026196, 148187391035084, 8888
148187457158548, 148187457168960, 10412
148187554877356, 148187554887328, 9972
148187562056860, 148187562064480, 7620
148187628206600, 148187628216776, 10176
148187722924612, 148187722933668, 9056
148187873224752, 148187873234120, 9368
148187881306880, 148187881314848, 7968
148187885159360, 148187885167692, 8332
148187900289128, 148187900298564, 9436
148187920420032, 148187920429320, 9288
148187924288200, 148187924295940, 7740
148188007286408, 148188007294380, 7972
148188014522360, 148188014531472, 9112
148188018370300, 148188018378480, 8180
148188076373984, 148188076382868, 8884
148188083578616, 148188083586564, 7948
148188149844432, 148188149854204, 9772
148188157075544, 148188157083880, 8336
148188214624336, 148188214632340, 8004
148188221818568, 148188221826324, 7756
148188225676496, 148188225684384, 7888
148188233839568, 148188233849308, 9740
148188331650252, 148188331659096, 8844
148188366299500, 148188366308740, 9240
148188373535524, 148188373544276, 8752
148188377392372, 148188377399344, 6972
148188385453988, 148188385461152, 7164
148188400545408, 148188400555120, 9712
148188488063996, 148188488073728, 9732
148188522728532, 148188522737384, 8852
148188597831832, 148188597841148, 9316
148188605025704, 148188605033468, 7764
148188608877680, 148188608886024, 8344
148188643517432, 148188643526208, 8776
148188709625024, 148188709634492, 9468
148188724629024, 148188724637304, 8280
148188799939416, 148188799949796, 10380
148188814997288, 148188815007028, 9740
148188817350592, 148188817358024, 7432
148188826870652, 148188826880964, 10312
148189275517544, 148189275528052, 10508
148189292315828, 148189292323896, 8068
148189358296984, 148189358304568, 7584
148189459121448, 148189459133356, 11908
148189476182184, 148189476190748, 8564
148189476920184, 148189476926940, 6756
148189481207588, 148189481216128, 8540
148189539103796, 148189539113160, 9364
148189541457848, 148189541466056, 8208
148189556463900, 148189556472112, 8212
148189560344064, 148189560354072, 10008
148189726214252, 148189726224792, 10540
148189730868736, 148189730876944, 8208
148189797568780, 148189797577260, 8480
148189872367116, 148189872377412, 10296
148189938517092, 148189938526768, 9676
148189958589152, 148189958597564, 8412
148189960920688, 148189960929040, 8352
148190027700052, 148190027709668, 9616
148190127961020, 148190127969180, 8160
148190130291260, 148190130299068, 7808
148190137510156, 148190137518444, 8288
148190141364824, 148190141372492, 7668
148190176100572, 148190176108544, 7972
148190276836100, 148190276845944, 9844
148190316362264, 148190316371884, 9620
148190318710888, 148190318719120, 8232
148190415913308, 148190415922600, 9292
148190423975956, 148190423983420, 7464
148190541624508, 148190541633068, 8560
148190549697176, 148190549705188, 8012
148190552045824, 148190552052652, 6828
148192480296348, 148192480306820, 10472
148192545786072, 148192545795264, 9192
148192579895456, 148192579902924, 7468
148192582240972, 148192582247796, 6824
148192635355816, 148192635363980, 8164
148192643429552, 148192643438068, 8516
148192658437736, 148192658445564, 7828
148192665649320, 148192665658584, 9264
148192722915780, 148192722924456, 8676
148192725242836, 148192725249724, 6888
148192733301256, 148192733309256, 8000
148192833833860, 148192833843292, 9432
148192868455608, 148192868463852, 8244
148192970817992, 148192970829748, 11756
148193195484184, 148193195493576, 9392
148193299910956, 148193299921764, 10808
148193314312492, 148193314320516, 8024
148193414520188, 148193414528584, 8396
148193418790232, 148193418797208, 6976
148193421143848, 148193421156048, 12200
148193455877400, 148193455886812, 9412
148193672838820, 148193672849016, 10196
148193685671284, 148193685679896, 8612
148193700710012, 148193700719944, 9932
148193775937360, 148193775947108, 9748
