148169682770392, 148169682779012, 8620
148173858421476, 148173858425660, 4184
148173858441776, 148173858449172, 7396
148173860780640, 148173860786204, 5564
148173863099724, 148173863103492, 3768
148173865418336, 148173865426684, 8348
148173931805536, 148173931813484, 7948
148173951938960, 148173951947984, 9024
148174039709604, 148174039720392, 10788
148174050846676, 148174050854564, 7888
148174109043896, 148174109053044, 9148
148174111392860, 148174111400392, 7532
148174182343028, 148174182352156, 9128
148174283196868, 148174283207204, 10336
148174350042528, 148174350051204, 8676
148174352382072, 148174352389368, 7296
148174372493632, 148174372503508, 9876
148174460241764, 148174460250824, 9060
148174467091284, 148174467099228, 7944
148174524659112, 148174524668440, 9328
148174539661424, 148174539669664, 8240
148174640452476, 148174640459876, 7400
148174647639040, 148174647646720, 7680
148174747656100, 148174747664744, 8644
148174783367176, 148174783376236, 9060
148174787216192, 148174787225024, 8832
148174794426804, 148174794433440, 6636
148174802546680, 148174802555932, 9252
148174900134616, 148174900143884, 9268
148174902476644, 148174902484972, 8328
148174906330804, 148174906338092, 7288
148174931270228, 148174931272280, 2052
148174933603620, 148174933610240, 6620
148174996249220, 148174996257340, 8120
148175093855672, 148175093865572, 9900
148175098157504, 148175098167376, 9872
148175098796484, 148175098797792, 1308
148175103069788, 148175103078044, 8256
148175105401192, 148175105406724, 5532
148175113476852, 148175113484116, 7264
148175170894788, 148175170904760, 9972
148175173233112, 148175173240948, 7836
148175239537656, 148175239543560, 5904
148175241872180, 148175241880568, 8388
148176502735080, 148176502737692, 2612
148176507005864, 148176507010964, 5100
148176511265080, 148176511268884, 3804
148176515528160, 148176515532092, 3932
148176519788784, 148176519793376, 4592
148176524059664, 148176524064056, 4392
148176528319636, 148176528323564, 3928
148176532580236, 148176532584196, 3960
148176536859952, 148176536864756, 4804
148176541119216, 148176541122816, 3600
148176545388288, 148176545392592, 4304
148176549648060, 148176549652548, 4488
148176553906772, 148176553911456, 4684
148176558729008, 148176558733040, 4032
148176562996632, 148176563000584, 3952
148176567255808, 148176567260580, 4772
148176571517152, 148176571521816, 4664
148176575777120, 148176575781564, 4444
148176580039000, 148176580043272, 4272
148176584308124, 148176584312948, 4824
148176588586128, 148176588590232, 4104
148176592845204, 148176592848936, 3732
148176597100552, 148176597105200, 4648
148176601358352, 148176601362276, 3924
148176605628764, 148176605633032, 4268
148176609883540, 148176609888104, 4564
148176614142704, 148176614147448, 4744
148176618422060, 148176618426924, 4864
148176622694540, 148176622698488, 3948
148176626951444, 148176626956116, 4672
148176631212276, 148176631216072, 3796
148176635472396, 148176635476304, 3908
148176639729812, 148176639733476, 3664
148176644000408, 148176644005296, 4888
148176648280016, 148176648284632, 4616
148176652538672, 148176652543344, 4672
148176656820268, 148176656824596, 4328
148176661079252, 148176661083100, 3848
148176665345676, 148176665349388, 3712
148176669601752, 148176669606332, 4580
148176673859516, 148176673864312, 4796
148176678116772, 148176678120580, 3808
148176682392444, 148176682396172, 3728
148176686663452, 148176686667840, 4388
148176690918784, 148176690922420, 3636
148176695174244, 148176695177696, 3452
148176699428424, 148176699433052, 4628
148176703692012, 148176703697136, 5124
148176707950176, 148176707954596, 4420
148176712223740, 148176712227964, 4224
148176716483468, 148176716488396, 4928
148176720740952, 148176720745468, 4516
148176725010748, 148176725014344, 3596
148176729270252, 148176729278572, 8320
148176731601064, 148176731609008, 7944
148176788957328, 148176788964628, 7300
148176791286436, 148176791294872, 8436
148176798508772, 148176798515672, 6900
148176973508744, 148176973511848, 3104
148177061431748, 148177061436880, 5132
148177148901280, 148177148908216, 6936
148177151237024, 148177151243340, 6316
148177238701800, 148177238710448, 8648
148177242977688, 148177242984972, 7284
148177248509000, 148177248510516, 1516
148177252778676, 148177252783968, 5292
148177255367188, 148177255376864, 9676
148177257709840, 148177257716660, 6820
148177392125008, 148177392127792, 2784
148177396420736, 148177396425952, 5216
148177400676592, 148177400680024, 3432
148177404930660, 148177404935248, 4588
148177409213864, 148177409220200, 6336
148177506453776, 148177506461044, 7268
148177581935292, 148177581943092, 7800
148177679267860, 148177679275388, 7528
148177745549184, 148177745556264, 7080
148177833728816, 148177833737552, 8736
148177891195128, 148177891201944, 6816
148177906255432, 148177906263612, 8180
148178023681904, 148178023688388, 6484
148178031765568, 148178031773144, 7576
148178036057440, 148178036062220, 4780
148178040353628, 148178040361684, 8056
148178075641452, 148178075648920, 7468
148178095775088, 148178095782272, 7184
148178183284864, 148178183291116, 6252
148178191393416, 148178191401100, 7684
148178195674044, 148178195679344, 5300
148178270504476, 148178270511332, 6856
148178274849104, 148178274858428, 9324
148178341637900, 148178341645352, 7452
148178438883480, 148178438890992, 7512
148178443178264, 148178443184132, 5868
148178517933804, 148178517941060, 7256
148178522248348, 148178522254268, 5920
148178639971332, 148178639977100, 5768
148178757154108, 148178757159836, 5728
148178874797748, 148178874804732, 6984
148178877127652, 148178877136032, 8380
148178964347448, 148178964353304, 5856
148178984381712, 148178984388288, 6576
148179072139040, 148179072145532, 6492
148179074470620, 148179074478148, 7528
148179081673076, 148179081680188, 7112
148179085519244, 148179085525416, 6172
148179100517588, 148179100524928, 7340
148179104790772, 148179104796852, 6080
148179119087432, 148179119088748, 1316
148179121408936, 148179121414012, 5076
148179141726076, 148179141734340, 8264
148179145998100, 148179146006192, 8092
148179147001928, 148179147002988, 1060
148179151276224, 148179151283192, 6968
148179248608404, 148179248618112, 9708
148179258705164, 148179258711392, 6228
148179359537712, 148179359552900, 15188
148179366767048, 148179366778716, 11668
148179441538660, 148179441553556, 14896
148180499105048, 148180499107716, 2668
148180503394860, 148180503400716, 5856
148180507661732, 148180507666700, 4968
148180511934192, 148180511938444, 4252
148180516199800, 148180516204736, 4936
148180520503172, 148180520509100, 5928
148180524771472, 148180524776112, 4640
148180529049852, 148180529054444, 4592
148180533320820, 148180533325844, 5024
148180537584200, 148180537589412, 5212
148180541879116, 148180541884484, 5368
148180546141408, 148180546146048, 4640
148180550943728, 148180550948660, 4932
148180555214760, 148180555219600, 4840
148180559503988, 148180559510772, 6784
148180563775024, 148180563780000, 4976
148180568038144, 148180568043120, 4976
148180572297508, 148180572302728, 5220
148180576560168, 148180576565136, 4968
148180580872112, 148180580877460, 5348
148180585162372, 148180585167368, 4996
148180589424920, 148180589428584, 3664
148180593682636, 148180593687460, 4824
148180597953088, 148180597957260, 4172
148180602246360, 148180602251756, 5396
148180606508304, 148180606511804, 3500
148180610785712, 148180610789648, 3936
148180615051076, 148180615054544, 3468
148180619339784, 148180619345976, 6192
148180623603772, 148180623607484, 3712
148180627865264, 148180627869076, 3812
148180632125312, 148180632128916, 3604
148180636385928, 148180636389660, 3732
148180640673960, 148180640679856, 5896
148180644954868, 148180644958940, 4072
148180649217340, 148180649221380, 4040
148180653478520, 148180653483488, 4968
148180657744772, 148180657749500, 4728
148180662038452, 148180662044544, 6092
148180666300596, 148180666305100, 4504
148180670583564, 148180670588008, 4444
148180674843256, 148180674848456, 5200
148180677175392, 148180677180828, 5436
148180734497756, 148180734504688, 6932
148180742568764, 148180742574892, 6128
148180744901824, 148180744907012, 5188
148180749172628, 148180749177788, 5160
148180783771888, 148180783778068, 6180
148180790978812, 148180790983964, 5152
148180794824972, 148180794829164, 4192
148180799649668, 148180799654780, 5112
148180803911352, 148180803915344, 3992
148180806256832, 148180806260552, 3720
148180810523944, 148180810532316, 8372
148180817718992, 148180817726520, 7528
148180822122372, 148180822123664, 1292
148180826389032, 148180826394720, 5688
148180918936300, 148180918942888, 6588
148180922787596, 148180922795660, 8064
148180930847592, 148180930854940, 7348
148181030750192, 148181030754748, 4556
148181231046960, 148181231050304, 3344
148181297735912, 148181297742384, 6472
148181312007660, 148181312016284, 8624
148181399334344, 148181399341788, 7444
148181419464052, 148181419471680, 7628
148181583918360, 148181583921084, 2724
148181587743796, 148181587749216, 5420
148181591582544, 148181591591168, 8624
148181593933620, 148181593941652, 8032
148181601130376, 148181601137668, 7292
148181609207816, 148181609216284, 8468
148181613486056, 148181613491412, 5356
148181628525340, 148181628531960, 6620
148181631755316, 148181631756832, 1516
148181634086568, 148181634092236, 5668
148181667004384, 148181667007564, 3180
148181671278484, 148181671287268, 8784
148181675624684, 148181675626688, 2004
148181687621408, 148181687623748, 2340
148181691899504, 148181691906940, 7436
148181694243684, 148181694249256, 5572
148181702321432, 148181702328568, 7136
148181707638880, 148181707640888, 2008
148181715507924, 148181715509300, 1376
148181719774000, 148181719782744, 8744
148181723632320, 148181723638868, 6548
148181730868472, 148181730876764, 8292
148181743429720, 148181743431048, 1328
148181747729556, 148181747738556, 9000
148181751405516, 148181751407016, 1500
148181753731748, 148181753736988, 5240
148181811269916, 148181811287952, 18036
148181813634800, 148181813651656, 16856
148181828651776, 148181828668924, 17148
148181836805688, 148181836829264, 23576
148181924289164, 148181924313320, 24156
148181939364004, 148181939386488, 22484
148181943657736, 148181943676452, 18716
148181947520564, 148181947539292, 18728
148181949861840, 148181949878800, 16960
148181958926088, 148181958943036, 16948
148182047034488, 148182047058092, 23604
148182051330988, 148182051346620, 15632
148182055678092, 148182055702764, 24672
148182062921396, 148182062939176, 17780
148182078020120, 148182078042496, 22376
148182078459788, 148182078471836, 12048
148182082748312, 148182082761480, 13168
148182086435004, 148182086447672, 12668
148182092537892, 148182092556348, 18456
148182531173452, 148182531176264, 2812
148182538360204, 148182538365776, 5572
148182546104044, 148182546108940, 4896
148182553321588, 148182553326656, 5068
148182560523344, 148182560527740, 4396
148182567726372, 148182567732584, 6212
148184521380416, 148184521383368, 2952
148184523709776, 148184523715480, 5704
148184526028940, 148184526033704, 4764
148184528346476, 148184528351136, 4660
148184530668276, 148184530673376, 5100
148184532987244, 148184532991124, 3880
148184535321372, 148184535326608, 5236
148184537644776, 148184537649600, 4824
148184540507664, 148184540511600, 3936
148184542856672, 148184542863180, 6508
148184545181120, 148184545186092, 4972
148184547518100, 148184547523172, 5072
148184549834612, 148184549838580, 3968
148184552154236, 148184552158868, 4632
148184554469864, 148184554473532, 3668
148184556787252, 148184556792040, 4788
148184559104916, 148184559109580, 4664
148184561475156, 148184561481436, 6280
148184563800068, 148184563805164, 5096
148184566117592, 148184566122728, 5136
148184568439000, 148184568444044, 5044
148184570756848, 148184570760908, 4060
148184573073612, 148184573078352, 4740
148184575407288, 148184575412316, 5028
148184577725540, 148184577730776, 5236
148184580043480, 148184580047208, 3728
148184582385284, 148184582391576, 6292
148184584714624, 148184584719008, 4384
148184587035004, 148184587040300, 5296
148184589383324, 148184589389444, 6120
148184686419676, 148184686426552, 6876
148184690270664, 148184690276912, 6248
148184807986560, 148184807993564, 7004
148184869055384, 148184869061408, 6024
148184930068136, 148184930074016, 5880
148184991111104, 148184991117652, 6548
148185052675276, 148185052681176, 5900
148185113696148, 148185113702216, 6068
148185174707768, 148185174714464, 6696
148185178981532, 148185178986552, 5020
148185245238680, 148185245245960, 7280
148185346262456, 148185346269128, 6672
148185350534880, 148185350540152, 5272
148185354796996, 148185354802952, 5956
148185412100168, 148185412106064, 5896
148185415950704, 148185415955700, 4996
148185481988548, 148185481994648, 6100
148185486263860, 148185486268868, 5008
148185490545268, 148185490551248, 5980
148185498606080, 148185498611024, 4944
148185556448076, 148185556454408, 6332
148185560322500, 148185560328960, 6460
148185575311824, 148185575317940, 6116
148185579584948, 148185579590616, 5668
148185581928756, 148185581932660, 3904
148185586195176, 148185586203528, 8352
148185606263512, 148185606268532, 5020
148185672299152, 148185672305052, 5900
148185679489012, 148185679496200, 7188
148185714111276, 148185714117068, 5792
148185780135344, 148185780141088, 5744
148185783969560, 148185783976732, 7172
148185791701972, 148185791707524, 5552
148185795979288, 148185795984984, 5696
148185830584028, 148185830592428, 8400
148185832914592, 148185832921784, 7192
148185907504308, 148185907511476, 7168
148185911778228, 148185911785676, 7448
148185978215376, 148185978223684, 8308
148186079119860, 148186079128372, 8512
148186083412472, 148186083419560, 7088
148186098874516, 148186098887592, 13076
148188513737292, 148188513740336, 3044
148188516062324, 148188516068004, 5680
148188518376976, 148188518382056, 5080
148188520692008, 148188520697048, 5040
148188523010680, 148188523014912, 4232
148188525326772, 148188525331120, 4348
148188527641952, 148188527646648, 4696
148188530516796, 148188530521288, 4492
148188532830920, 148188532834424, 3504
148188535175936, 148188535181936, 6000
148188537501828, 148188537506224, 4396
148188539841728, 148188539846560, 4832
148188542157856, 148188542162016, 4160
148188544473460, 148188544478368, 4908
148188546790284, 148188546794636, 4352
148188549105644, 148188549109628, 3984
148188551420544, 148188551424752, 4208
148188553781052, 148188553787180, 6128
148188556104936, 148188556109836, 4900
148188558424080, 148188558427992, 3912
148188560742392, 148188560746888, 4496
148188563062784, 148188563066804, 4020
148188565383256, 148188565387680, 4424
148188567719552, 148188567723572, 4020
148188570040496, 148188570045616, 5120
148188572357916, 148188572362436, 4520
148188574703352, 148188574709208, 5856
148188577029616, 148188577034344, 4728
148188579349472, 148188579353640, 4168
148188581682404, 148188581687572, 5168
148188584013128, 148188584016768, 3640
148188586331908, 148188586336172, 4264
148188588647484, 148188588651156, 3672
148188590964580, 148188590968784, 4204
148188593284932, 148188593288652, 3720
148188595656248, 148188595662100, 5852
148188597978900, 148188597983748, 4848
148188600296712, 148188600300424, 3712
148188602612732, 148188602617300, 4568
148188604932080, 148188604935904, 3824
148188607248952, 148188607253620, 4668
148188609583328, 148188609588096, 4768
148188611911116, 148188611919392, 8276
148188626944320, 148188626953400, 9080
148188631388600, 148188631389792, 1192
148188633746844, 148188633755704, 8860
148188649401136, 148188649409164, 8028
148188657505392, 148188657514640, 9248
148188664706068, 148188664713012, 6944
148188668562092, 148188668568176, 6084
148188755940868, 148188755948976, 8108
148188864914008, 148188864917720, 3712
148188899488780, 148188899497212, 8432
148189014386332, 148189014388876, 2544
148189018687656, 148189018693088, 5432
148189022946920, 148189022951548, 4628
148189027206516, 148189027211640, 5124
148189032010860, 148189032015040, 4180
148189036318228, 148189036326312, 8084
148189136557200, 148189136566456, 9256
148189151568628, 148189151576692, 8064
148189155907412, 148189155915064, 7652
148189222192264, 148189222198948, 6684
148189319759844, 148189319767640, 7796
148189334767716, 148189334776632, 8916
148189341978372, 148189341984040, 5668
148189439097416, 148189439107700, 10284
148189582649024, 148189582652580, 3556
148189589839380, 148189589847348, 7968
148189690352720, 148189690354760, 2040
148189697592144, 148189697598484, 6340
148189704815284, 148189704824200, 8916
148189805604804, 148189805610860, 6056
148189905760616, 148189905767652, 7036
148189993205956, 148189993212832, 6876
148190001293040, 148190001301316, 8276
148190099126316, 148190099134968, 8652
148190119215896, 148190119224448, 8552
148190185387368, 148190185394488, 7120
148190186854380, 148190186857552, 3172
148190189193256, 148190189199548, 6292
148190285441428, 148190285448420, 6992
148190402904624, 148190402911588, 6964
148190469100128, 148190469107716, 7588
148190489179048, 148190489187764, 8716
148190491531240, 148190491539108, 7868
148190592016456, 148190592023068, 6612
148190595869640, 148190595877668, 8028
148190630472224, 148190630478644, 6420
148190730487984, 148190730496776, 8792
148190737705684, 148190737712164, 6480
148190745235028, 148190745236284, 1256
148190845829164, 148190845837836, 8672
148190848159848, 148190848166808, 6960
148190863203684, 148190863211944, 8260
148190920647820, 148190920656408, 8588
148191008154016, 148191008162216, 8200
148191028828340, 148191028838688, 10348
148191043860040, 148191043868140, 8100
148191051959988, 148191051968952, 8964
148191169307116, 148191169315588, 8472
148191173169760, 148191173177960, 8200
148191180382884, 148191180389560, 6676
148191246763304, 148191246769944, 6640
148191254007088, 148191254014696, 7608
148191354824448, 148191354831004, 6556
148191618703352, 148191618706584, 3232
148191693403512, 148191693409192, 5680
148191768165948, 148191768171736, 5788
148191843398508, 148191843404288, 5780
148191918097824, 148191918103300, 5476
148191992959080, 148191992966440, 7360
148192013046600, 148192013055440, 8840
148192016898968, 148192016906008, 7040
148192074991936, 148192074998720, 6784
148192162482820, 148192162490148, 7328
148192169689844, 148192169697684, 7840
148192173549252, 148192173555564, 6312
148192208233504, 148192208242420, 8916
148192275013640, 148192275020876, 7236
148192375246492, 148192375253664, 7172
148192450118744, 148192450125324, 6580
148192567590564, 148192567596872, 6308
148192684590644, 148192684596040, 5396
148192802256656, 148192802263076, 6420
148192809468568, 148192809476280, 7712
148192926699036, 148192926703504, 4468
148193081954600, 148193081957916, 3316
148193085812672, 148193085822860, 10188
148193093030664, 148193093038016, 7352
148193798523400, 148193798526148, 2748
148193886161368, 148193886166352, 4984
148193974580744, 148193974586624, 5880
148194063592744, 148194063599864, 7120
148194151741756, 148194151747372, 5616
148173860408780, 148173860412596, 3816
148173860432012, 148173860440192, 8180
148173867667524, 148173867672620, 5096
148173874882940, 148173874892364, 9424
148173972182868, 148173972192784, 9916
148173979402280, 148173979411208, 8928
148173981777804, 148173981789552, 11748
148173986103400, 148173986108916, 5516
148173990374232, 148173990381116, 6884
148173998482660, 148173998490068, 7408
148174009942904, 148174009944604, 1700
148174014224200, 148174014232292, 8092
148174037860848, 148174037862556, 1708
148174042171904, 148174042180952, 9048
148174044556772, 148174044562492, 5720
148174051757424, 148174051764420, 6996
148174065780956, 148174065782728, 1772
148174070058604, 148174070064200, 5596
148174076766364, 148174076773436, 7072
148174093705088, 148174093706832, 1744
148174097975452, 148174097983780, 8328
148174113004496, 148174113012752, 8256
148174121725844, 148174121727480, 1636
148174126030200, 148174126037628, 7428
148174283209620, 148174283212632, 3012
148174290480588, 148174290486588, 6000
148174297686420, 148174297694712, 8292
148174301974336, 148174301981900, 7564
148174310176676, 148174310186384, 9708
148174317051776, 148174317053076, 1300
148174321327756, 148174321333536, 5780
148174344982656, 148174344984296, 1640
148174349260996, 148174349267584, 6588
148174354149436, 148174354155944, 6508
148174361363784, 148174361371620, 7836
148174461576028, 148174461584892, 8864
148174463978860, 148174463988252, 9392
148174498818392, 148174498826580, 8188
148174506963656, 148174506973072, 9416
148174512491564, 148174512494308, 2744
148174516774508, 148174516781748, 7240
148174519104276, 148174519109688, 5412
148174624207304, 148174624222536, 15232
148174628490384, 148174628509648, 19264
148174643496744, 148174643515248, 18504
148174651594616, 148174651618968, 24352
148174652081884, 148174652094128, 12244
148174656370780, 148174656387216, 16436
148174752964084, 148174752990288, 26204
148174759792228, 148174759810132, 17904
148174826379244, 148174826407824, 28580
148174945264796, 148174945267924, 3128
148174949534464, 148174949540488, 6024
148174953797400, 148174953801908, 4508
148174958066164, 148174958070832, 4668
148174962328212, 148174962332900, 4688
148174966620260, 148174966630236, 9976
148175023941240, 148175023949868, 8628
148175111797964, 148175111808292, 10328
148175114134992, 148175114142744, 7752
148175214137572, 148175214145916, 8344
148175320166620, 148175320169432, 2812
148175323991468, 148175323996968, 5500
148175327831152, 148175327841180, 10028
148175330191456, 148175330198284, 6828
148175350035680, 148175350037648, 1968
148175352388628, 148175352394132, 5504
148175432729856, 148175432736184, 6328
148175436586564, 148175436593504, 6940
148175438914400, 148175438922496, 8096
148175473577376, 148175473584388, 7012
148175475929976, 148175475937364, 7388
148175484044196, 148175484052820, 8624
148175541424408, 148175541434372, 9964
148175642060776, 148175642066984, 6208
148175708184012, 148175708192164, 8152
148175742842320, 148175742850624, 8304
148175745189920, 148175745197784, 7864
148175833098924, 148175833106832, 7908
148175840356240, 148175840366460, 10220
148175842728472, 148175842735084, 6612
148175846566204, 148175846573232, 7028
148175904000596, 148175904009364, 8768
148175906330968, 148175906337504, 6536
148175910179116, 148175910187364, 8248
148175976292416, 148175976300320, 7904
148176076946704, 148176076954180, 7476
148176084182144, 148176084190288, 8144
148176092240596, 148176092248664, 8068
148176094574712, 148176094581780, 7068
148176181998504, 148176182008072, 9568
148176202033204, 148176202040652, 7448
148176210090836, 148176210097608, 6772
148176217279228, 148176217286112, 6884
148176221161436, 148176221170012, 8576
148176278524092, 148176278531440, 7348
148176376159492, 148176376167308, 7816
148176493372324, 148176493379480, 7156
148176568515476, 148176568522280, 6804
148176572350996, 148176572359728, 8732
148176579567384, 148176579573812, 6428
148176645584748, 148176645591944, 7196
148176649432656, 148176649439608, 6952
148176656637676, 148176656644308, 6632
148176841733760, 148176841736812, 3052
148176846009876, 148176846015980, 6104
148176850269008, 148176850274040, 5032
148176854528260, 148176854533356, 5096
148176858790080, 148176858794328, 4248
148176863057644, 148176863065876, 8232
148176865387900, 148176865395152, 7252
148176885621056, 148176885626608, 5552
148176905636628, 148176905644744, 8116
148176973523620, 148176973526452, 2832
148176977795472, 148176977800644, 5172
148176982056308, 148176982061112, 4804
148176986321432, 148176986328924, 7492
148177142863900, 148177142866656, 2756
148177147149880, 148177147154260, 4380
148177151407088, 148177151411368, 4280
148177155667788, 148177155671368, 3580
148177159924672, 148177159930336, 5664
148177217368264, 148177217376368, 8104
148177283491680, 148177283506268, 14588
148177401756852, 148177401764944, 8092
148177436547552, 148177436556800, 9248
148177521722348, 148177521729716, 7368
148177588662408, 148177588670440, 8032
148177649819028, 148177649828748, 9720
148177737341340, 148177737348980, 7640
148177772056388, 148177772066556, 10168
148177872922140, 148177872929176, 7036
148177877195660, 148177877203196, 7536
148177897364004, 148177897370060, 6056
148177901635608, 148177901642528, 6920
148177936407092, 148177936413496, 6404
148178036666576, 148178036673492, 6916
148178098416596, 148178098423560, 6964
148178113496624, 148178113504032, 7408
148178174723056, 148178174729536, 6480
148178179006636, 148178179011976, 5340
148178245338264, 148178245344428, 6164
148178260398024, 148178260404080, 6056
148178264718364, 148178264724248, 5884
148178268972924, 148178268977900, 4976
148178289054656, 148178289061344, 6688
148178297138128, 148178297143104, 4976
148178372455568, 148178372463068, 7500
148178376744348, 148178376749792, 5444
148178411480712, 148178411487164, 6452
148178468909216, 148178468915744, 6528
148178473196480, 148178473201820, 5340
148178481292388, 148178481297564, 5176
148178496357712, 148178496365200, 7488
148178558073848, 148178558081232, 7384
148178562372044, 148178562379400, 7356
148178564725864, 148178564730948, 5084
148178568992916, 148178568998704, 5788
148178643623176, 148178643629760, 6584
148178740562348, 148178740569272, 6924
148178744866896, 148178744873476, 6580
148178832707224, 148178832714104, 6880
148178898766252, 148178898773636, 7384
148178902630084, 148178902639020, 8936
148178906903632, 148178906911116, 7484
148179003733152, 148179003739816, 6664
148179038295600, 148179038302708, 7108
148179135589740, 148179135596168, 6428
148179142765456, 148179142772832, 7376
148179150796568, 148179150804356, 7788
148179249897904, 148179249905644, 7740
148179307822644, 148179307831932, 9288
148179414227340, 148179414230412, 3072
148179418503880, 148179418509276, 5396
148179422754968, 148179422759788, 4820
148179427010680, 148179427014444, 3764
148179431260360, 148179431265180, 4820
148179435540944, 148179435551824, 10880
148179442781988, 148179442790476, 8488
148179540076320, 148179540084092, 7772
148179607118416, 148179607125764, 7348
148179622211820, 148179622220908, 9088
148179722749036, 148179722757748, 8712
148179789042216, 148179789048736, 6520
148179887344172, 148179887352592, 8420
148179953860768, 148179953867360, 6592
148180041468908, 148180041476744, 7836
148180050071032, 148180050076944, 5912
148180150452536, 148180150459640, 7104
148180207936796, 148180207944028, 7232
148180305944564, 148180305951444, 6880
148180321032984, 148180321040036, 7052
148180324880512, 148180324886252, 5740
148180399792460, 148180399799904, 7444
148180517525296, 148180517532528, 7232
148180575398120, 148180575404424, 6304
148180577730076, 148180577735772, 5696
148180652294836, 148180652301860, 7024
148180660392444, 148180660399120, 6676
148180695017804, 148180695023844, 6040
148180699287988, 148180699292944, 4956
148180701617952, 148180701622128, 4176
148180705885328, 148180705891140, 5812
148180709733568, 148180709739376, 5808
148180807166764, 148180807173356, 6592
148180827203564, 148180827212036, 8472
148180829538852, 148180829545688, 6836
148180895559320, 148180895565740, 6420
148180899404596, 148180899410764, 6168
148180901733604, 148180901739784, 6180
148180959043252, 148180959050732, 7480
148180979075436, 148180979082832, 7396
148180981403416, 148180981410752, 7336
148180988608512, 148180988615988, 7476
148181003624608, 148181003632996, 8388
148181070190504, 148181070197980, 7476
148181074053760, 148181074061388, 7628
148181078326180, 148181078331308, 5128
148181082582116, 148181082590228, 8112
148181157278208, 148181157287616, 9408
148181245077692, 148181245087900, 10208
148181249359340, 148181249366372, 7032
148181346798576, 148181346806024, 7448
148181351071640, 148181351081540, 9900
148181354937992, 148181354945248, 7256
148181359204548, 148181359210620, 6072
148181366383432, 148181366389404, 5972
148181466624468, 148181466632444, 7976
148181473851916, 148181473859456, 7540
148181481907164, 148181481915420, 8256
148181516620440, 148181516628752, 8312
148181518974356, 148181518982532, 8176
148181534056936, 148181534065400, 8464
148181749433236, 148181749436024, 2788
148181756620452, 148181756626272, 5820
148181763829224, 148181763835992, 6768
148181783881608, 148181783888520, 6912
148181887052032, 148181887053968, 1936
148181894247320, 148181894253376, 6056
148181901463620, 148181901471108, 7488
148182074503740, 148182074506856, 3116
148182076831296, 148182076837388, 6092
148182079147972, 148182079157024, 9052
148182113426352, 148182113433852, 7500
148182115783304, 148182115792592, 9288
148182120062388, 148182120070040, 7652
148182134292464, 148182134293772, 1308
148182138621688, 148182138630040, 8352
148182153638180, 148182153644832, 6652
148182162214188, 148182162215800, 1612
148182166518616, 148182166525236, 6620
148182170189148, 148182170190312, 1164
148182172516524, 148182172522124, 5600
148182260847604, 148182260856212, 8608
148182327648516, 148182327656488, 7972
148182362340864, 148182362349496, 8632
148182523290592, 148182523293420, 2828
148182527590524, 148182527596624, 6100
148182531853080, 148182531858108, 5028
148182536124004, 148182536128912, 4908
148182540380988, 148182540388244, 7256
148182544797652, 148182544806112, 8460
148182632135484, 148182632141016, 5532
148182719466412, 148182719473940, 7528
148182776934964, 148182776943668, 8704
148182812155988, 148182812164208, 8220
148182820214320, 148182820221668, 7348
148182920193824, 148182920203108, 9284
148182924086736, 148182924096032, 9296
148183011394876, 148183011404044, 9168
148183015687416, 148183015692408, 4992
148183027757416, 148183027776072, 18656
148183032045464, 148183032063728, 18264
148183098764696, 148183098789664, 24968
148183103073300, 148183103091764, 18464
148183111246592, 148183111268032, 21440
148183111459456, 148183111467484, 8028
148183115741700, 148183115758880, 17180
148183130612264, 148183130635104, 22840
148185323039908, 148185323042504, 2596
148185330226128, 148185330231572, 5444
148185337420824, 148185337424904, 4080
148185344599584, 148185344604204, 4620
148185351790748, 148185351795704, 4956
148185358981080, 148185358985776, 4696
148185366168220, 148185366173004, 4784
148185373362528, 148185373366068, 3540
148185380536904, 148185380541260, 4356
148185387741016, 148185387745972, 4956
148185394929948, 148185394933716, 3768
148185402105984, 148185402109628, 3644
148185409304948, 148185409310092, 5144
148185416477836, 148185416482456, 4620
148185423678296, 148185423683236, 4940
148185430869092, 148185430873620, 4528
148185438042748, 148185438047404, 4656
148185445245192, 148185445249496, 4304
148185452419236, 148185452423992, 4756
148185459610432, 148185459614736, 4304
148185466803888, 148185466807476, 3588
148185473979236, 148185473983304, 4068
148185481169392, 148185481172928, 3536
148185488346368, 148185488351204, 4836
148185495536884, 148185495541620, 4736
148185502727580, 148185502732092, 4512
148185509910376, 148185509915148, 4772
148185517100076, 148185517104780, 4704
148185524278296, 148185524283456, 5160
148185531473224, 148185531476976, 3752
148185539201492, 148185539205492, 4000
148185546399392, 148185546405032, 5640
148185643213776, 148185643218972, 5196
148185740026332, 148185740031392, 5060
148185837339468, 148185837344012, 4544
148185987301420, 148185987305344, 3924
148186002385200, 148186002394024, 8824
148186100770364, 148186100788652, 18288
148186188242552, 148186188258260, 15708
148186288936056, 148186288949228, 13172
148186304013980, 148186304028796, 14816
148186338698380, 148186338711668, 13288
148186346835996, 148186346849804, 13808
148186447032736, 148186447046664, 13928
148186451316688, 148186451328868, 12180
148186455184328, 148186455196300, 11972
148186461710652, 148186461717836, 7184
148186465993492, 148186466004684, 11192
148186520610124, 148186520618560, 8436
148186524887696, 148186524895036, 7340
148186528738684, 148186528746756, 8072
148186603958176, 148186603967240, 9064
148188507769952, 148188507773280, 3328
148188512034616, 148188512040872, 6256
148188516291500, 148188516296836, 5336
148188520548332, 148188520553256, 4924
148188524803540, 148188524808148, 4608
148188529622720, 148188529629768, 7048
148188533904196, 148188533909188, 4992
148188538162848, 148188538167484, 4636
148188542420792, 148188542425416, 4624
148188546676456, 148188546681140, 4684
148188550963332, 148188550968988, 5656
148188555218680, 148188555223400, 4720
148188559471080, 148188559475384, 4304
148188563751556, 148188563756064, 4508
148188568034036, 148188568040968, 6932
148188572301368, 148188572306140, 4772
148188576558728, 148188576563188, 4460
148188580815224, 148188580819800, 4576
148188585081064, 148188585085292, 4228
148188589367512, 148188589373944, 6432
148188593650192, 148188593655100, 4908
148188597909356, 148188597914276, 4920
148188602167756, 148188602172444, 4688
148188606425580, 148188606430144, 4564
148188610716500, 148188610722056, 5556
148188614976960, 148188614981328, 4368
148188619233328, 148188619237936, 4608
148188623508768, 148188623512532, 3764
148188627797188, 148188627803364, 6176
148188632060084, 148188632064972, 4888
148188636317960, 148188636322332, 4372
148188640573892, 148188640577976, 4084
148188644836836, 148188644841100, 4264
148188649130828, 148188649136272, 5444
148188653408764, 148188653413800, 5036
148188657676708, 148188657680936, 4228
148188661935608, 148188661939284, 3676
148188666193800, 148188666198064, 4264
148188670487376, 148188670492476, 5100
148188674742584, 148188674746832, 4248
148188679004512, 148188679008156, 3644
148188683276928, 148188683281632, 4704
148188687534040, 148188687537716, 3676
148188691809284, 148188691814136, 4852
148188696063772, 148188696067916, 4144
148188700323968, 148188700327612, 3644
148188704577488, 148188704581076, 3588
148188708859396, 148188708865676, 6280
148188713123964, 148188713128872, 4908
148188717400476, 148188717404276, 3800
148188721663432, 148188721667280, 3848
148188725921388, 148188725925972, 4584
148188730210836, 148188730216572, 5736
148188734473568, 148188734477272, 3704
148188738731296, 148188738734824, 3528
148188742993752, 148188742997260, 3508
148188747271740, 148188747276168, 4428
148188751560356, 148188751565592, 5236
148188755821680, 148188755826496, 4816
148188760079984, 148188760084412, 4428
148188764349568, 148188764353096, 3528
148188768654972, 148188768660952, 5980
148188772919216, 148188772923620, 4404
148188777193320, 148188777197684, 4364
148188782001232, 148188782005616, 4384
148188786259988, 148188786263968, 3980
148188790561540, 148188790567096, 5556
148188794825060, 148188794829064, 4004
148188799091604, 148188799095296, 3692
148188803357924, 148188803362876, 4952
148188807644432, 148188807649844, 5412
148188811929880, 148188811934548, 4668
148188816201056, 148188816205648, 4592
148188820464192, 148188820468472, 4280
148188824724368, 148188824728612, 4244
148188829052908, 148188829058260, 5352
148188833324676, 148188833329076, 4400
148188837601572, 148188837605580, 4008
148188841865176, 148188841870964, 5788
148189267546252, 148189267549620, 3368
148189274731672, 148189274737708, 6036
148189282464004, 148189282469428, 5424
148189289674300, 148189289679092, 4792
148189296845048, 148189296849648, 4600
148189304039076, 148189304045204, 6128
148189312109876, 148189312118288, 8412
148189316383864, 148189316391568, 7704
148189336419584, 148189336427016, 7432
148189337321928, 148189337323068, 1140
148189341589256, 148189341594644, 5388
148189398102876, 148189398111976, 9100
148189401951276, 148189401958116, 6840
148189405118584, 148189405120852, 2268
148189479797480, 148189479806380, 8900
148189576721032, 148189576728908, 7876
148189694630004, 148189694637428, 7424
148189792386304, 148189792393268, 6964
148189879806708, 148189879813620, 6912
148189887921324, 148189887930608, 9284
148189890258708, 148189890264356, 5648
148189924891876, 148189924901340, 9464
148189982308456, 148189982317516, 9060
148189986184252, 148189986191932, 7680
148189993457752, 148189993465216, 7464
148190028752736, 148190028760876, 8140
148190116164856, 148190116171856, 7000
148190190964892, 148190190973160, 8268
148190248400400, 148190248407988, 7588
148190323548192, 148190323555156, 6964
148190423789244, 148190423795212, 5968
148190481208536, 148190481216876, 8340
148190556341780, 148190556349804, 8024
148190643591168, 148190643597196, 6028
148190709691724, 148190709698988, 7264
148190724694320, 148190724701112, 6792
148190728573620, 148190728580596, 6976
148190730904488, 148190730912204, 7716
148192496140420, 148192496143484, 3064
148192500406104, 148192500412172, 6068
148192504660368, 148192504665312, 4944
148192508916504, 148192508921264, 4760
148192513167332, 148192513171912, 4580
148192517435056, 148192517439940, 4884
148192522248152, 148192522252712, 4560
148192526503156, 148192526507732, 4576
148192530755116, 148192530760020, 4904
148192535009704, 148192535014752, 5048
148192539277244, 148192539281824, 4580
148192543531576, 148192543535816, 4240
148192547787164, 148192547791296, 4132
148192552061820, 148192552065028, 3208
148192556328264, 148192556331860, 3596
148192560587932, 148192560592404, 4472
148192564847040, 148192564851500, 4460
148192569105552, 148192569110228, 4676
148192573365360, 148192573369436, 4076
148192577633384, 148192577637312, 3928
148192581909176, 148192581913840, 4664
148192586173552, 148192586178048, 4496
148192590427180, 148192590430776, 3596
148192594683288, 148192594687396, 4108
148192598949052, 148192598953484, 4432
148192603206312, 148192603210664, 4352
148192607464536, 148192607468932, 4396
148192611725120, 148192611728740, 3620
148192616000524, 148192616004164, 3640
148192620271324, 148192620275096, 3772
148192624528288, 148192624531856, 3568
148192628784792, 148192628788340, 3548
148192633040748, 148192633044344, 3596
148192637305972, 148192637310448, 4476
148192641565784, 148192641570080, 4296
148192645838116, 148192645842292, 4176
148192650099340, 148192650103312, 3972
148192654353160, 148192654356768, 3608
148192658618996, 148192658623092, 4096
148192662874792, 148192662878728, 3936
148192667130196, 148192667134440, 4244
148192671383876, 148192671387984, 4108
148192675656872, 148192675660268, 3396
148192679921212, 148192679924584, 3372
148192684180848, 148192684185324, 4476
148192688438000, 148192688442200, 4200
148192692692564, 148192692695932, 3368
148192696955564, 148192696959084, 3520
148192701210580, 148192701214756, 4176
148192705465080, 148192705468552, 3472
148192709733044, 148192709736476, 3432
148192713994120, 148192713998112, 3992
148192718259100, 148192718262624, 3524
148192722516940, 148192722521200, 4260
148192726773548, 148192726777932, 4384
148192731033388, 148192731037840, 4452
148192735289400, 148192735293556, 4156
148192739573644, 148192739577360, 3716
148192743827516, 148192743831952, 4436
148192748088712, 148192748092216, 3504
148192752343448, 148192752346780, 3332
148192756605808, 148192756609728, 3920
148192760866728, 148192760871560, 4832
148192765121808, 148192765125320, 3512
148192769945860, 148192769950132, 4272
148192774205588, 148192774208844, 3256
148192778494516, 148192778499452, 4936
148192782751156, 148192782755440, 4284
148192787011744, 148192787016468, 4724
148192791287808, 148192791291976, 4168
148192795548616, 148192795552772, 4156
148192799843980, 148192799849432, 5452
148192804100124, 148192804105012, 4888
148192808364132, 148192808371864, 7732
148192823404052, 148192823412680, 8628
148192827175528, 148192827176860, 1332
148192831442608, 148192831450056, 7448
148192910967624, 148192910977652, 10028
148192970828792, 148192970832676, 3884
148192974659456, 148192974667264, 7808
148193130311332, 148193130314256, 2924
148193134583140, 148193134588860, 5720
148193138838608, 148193138843428, 4820
148193143096892, 148193143100724, 3832
148193147352932, 148193147359140, 6208
148193162204436, 148193162205936, 1500
148193166476096, 148193166484304, 8208
148193271916464, 148193271919380, 2916
148193274242952, 148193274247988, 5036
148193375594096, 148193375595992, 1896
148193377921304, 148193377927484, 6180
148193380239388, 148193380248552, 9164
148193387419452, 148193387427728, 8276
148193391715356, 148193391722612, 7256
148193457891860, 148193457899820, 7960
148193558584948, 148193558594516, 9568
148193562857592, 148193562864664, 7072
148193682782956, 148193682785848, 2892
148193685108768, 148193685114440, 5672
148193687448312, 148193687451484, 3172
148193788006996, 148193788012228, 5232
148174524486772, 148174524489520, 2748
148174524506700, 148174524511944, 5244
148174528325460, 148174528330268, 4808
148174532158948, 148174532163240, 4292
148174535996292, 148174535999708, 3416
148174539835788, 148174539840068, 4280
148174543674928, 148174543679512, 4584
148174547526536, 148174547530132, 3596
148174551363904, 148174551367560, 3656
148174555197360, 148174555200692, 3332
148174559034388, 148174559037976, 3588
148174563406980, 148174563410952, 3972
148174567257364, 148174567262324, 4960
148174571095524, 148174571103664, 8140
148174605729420, 148174605739164, 9744
148174676031620, 148174676034324, 2704
148174679860788, 148174679867472, 6684
148174714442156, 148174714448132, 5976
148174718320040, 148174718329784, 9744
148174797729396, 148174797733188, 3792
148174813260344, 148174813268388, 8044
148174947242248, 148174947245192, 2944
148174954438128, 148174954443568, 5440
148174961639444, 148174961648896, 9452
148174965495704, 148174965502456, 6752
148174973583440, 148174973591344, 7904
148175008222056, 148175008231896, 9840
148175015444436, 148175015453180, 8744
148175019714828, 148175019722384, 7556
148175023565292, 148175023572096, 6804
148175043629752, 148175043636956, 7204
148175047938156, 148175047948000, 9844
148175114586864, 148175114594624, 7760
148175211643104, 148175211652880, 9776
148175215918584, 148175215923416, 4832
148175220270976, 148175220277304, 6328
148175240453688, 148175240459180, 5492
148175244745060, 148175244752520, 7460
148175279496764, 148175279507092, 10328
148175367716016, 148175367725652, 9636
148175464807752, 148175464813400, 5648
148175552240536, 148175552248036, 7500
148175554570520, 148175554578352, 7832
148175562338392, 148175562345904, 7512
148175589341288, 148175589343264, 1976
148175591667272, 148175591673240, 5968
148175682030704, 148175682037992, 7288
148175685874432, 148175685882652, 8220
148175693112652, 148175693120420, 7768
148175790131648, 148175790138460, 6812
148175810711516, 148175810719464, 7948
148175907819364, 148175907829524, 10160
148175915052108, 148175915059420, 7312
148175923124600, 148175923131732, 7132
148175997836832, 148175997843900, 7068
148176032554684, 148176032563208, 8524
148176034890788, 148176034898424, 7636
148176110234948, 148176110241436, 6488
148176114082636, 148176114091024, 8388
148176121285152, 148176121290612, 5460
148176195981324, 148176195990908, 9584
148176198316892, 148176198324316, 7424
148176264491084, 148176264498008, 6924
148176271730164, 148176271738880, 8716
148176359647488, 148176359654956, 7468
148176367738128, 148176367748472, 10344
148176371596980, 148176371604408, 7428
148176373928224, 148176373935332, 7108
148176431397432, 148176431405432, 8000
148176433729072, 148176433736440, 7368
148176499882692, 148176499890408, 7716
148176617434120, 148176617440428, 6308
148176734230580, 148176734239096, 8516
148176834761024, 148176834769520, 8496
148176842826812, 148176842833972, 7160
148176973525400, 148176973529636, 4236
148176980712624, 148176980719652, 7028
148176988765620, 148176988773388, 7768
148177106969104, 148177106971932, 2828
148177109298152, 148177109304524, 6372
148177111619244, 148177111625632, 6388
148177172653756, 148177172661516, 7760
148177187679756, 148177187688924, 9168
148177284752388, 148177284760072, 7684
148177373104120, 148177373114032, 9912
148177439457088, 148177439465688, 8600
148177443764144, 148177443771824, 7680
148177443942324, 148177443943600, 1276
148177448241960, 148177448248864, 6904
148177468197712, 148177468206468, 8756
148177586199944, 148177586208008, 8064
148177590534768, 148177590543284, 8516
148177648056564, 148177648065428, 8864
148177652333024, 148177652338332, 5308
148177656640396, 148177656647892, 7496
148177671754784, 148177671762648, 7864
148177676029380, 148177676035632, 6252
148177696197780, 148177696205036, 7256
148177700489564, 148177700496568, 7004
148177761604652, 148177761610664, 6012
148177823290460, 148177823298484, 8024
148177827616228, 148177827622116, 5888
148177831880480, 148177831888424, 7944
148177906766748, 148177906773304, 6556
148177994310908, 148177994318792, 7884
148177998605368, 148177998611136, 5768
148178096453456, 148178096460808, 7352
148178100738168, 148178100743688, 5520
148178105015832, 148178105022648, 6816
148178202444976, 148178202452392, 7416
148178260069944, 148178260076636, 6692
148178321774536, 148178321780816, 6280
148178382987924, 148178382995224, 7300
148178470688892, 148178470696408, 7516
148178536980660, 148178536986632, 5972
148178624836296, 148178624842832, 6536
148178629137984, 148178629142780, 4796
148178633393052, 148178633396752, 3700
148178637655008, 148178637660120, 5112
148178641502792, 148178641508848, 6056
148178741474696, 148178741481540, 6844
148178756523784, 148178756529996, 6212
148178760794940, 148178760800264, 5324
148178763120912, 148178763125752, 4840
148178766995600, 148178767002524, 6924
148178801595560, 148178801601324, 5764
148178806425160, 148178806430608, 5448
148178810684516, 148178810692040, 7524
148178830747456, 148178830753412, 5956
148178833074736, 148178833080748, 6012
148178841129484, 148178841134000, 4516
148178844972404, 148178844976948, 4544
148178849268808, 148178849274728, 5920
148178864291844, 148178864298708, 6864
148178921572196, 148178921578872, 6676
148179021514268, 148179021520668, 6400
148179025793432, 148179025802760, 9328
148179028120444, 148179028127740, 7296
148179031957068, 148179031965240, 8172
148179035341980, 148179035343264, 1284
148179039593412, 148179039601060, 7648
148179105985012, 148179105990924, 5912
148180696524676, 148180696527504, 2828
148180757461080, 148180757466388, 5308
148180818953944, 148180818958960, 5016
148180879882244, 148180879887280, 5036
148180940823100, 148180940828076, 4976
148181001748036, 148181001752996, 4960
148181063192192, 148181063196880, 4688
148181124133000, 148181124137344, 4344
148181185453984, 148181185459852, 5868
148181246759804, 148181246765392, 5588
148181308315196, 148181308320332, 5136
148181369226516, 148181369231188, 4672
148181430399840, 148181430406320, 6480
148181491595624, 148181491600644, 5020
148181553207708, 148181553213648, 5940
148181614186964, 148181614192844, 5880
148181675413152, 148181675419016, 5864
148181736621244, 148181736626528, 5284
148181798099120, 148181798104324, 5204
148181859294368, 148181859300836, 6468
148181920379236, 148181920385064, 5828
148181981423316, 148181981427880, 4564
148182042558480, 148182042563572, 5092
148182104190384, 148182104195740, 5356
148182165345404, 148182165351012, 5608
148182226485132, 148182226490968, 5836
148182287917248, 148182287923560, 6312
148182349647936, 148182349655060, 7124
148182410731088, 148182410736404, 5316
148182471863208, 148182471869704, 6496
148182533100340, 148182533106288, 5948
148182594654776, 148182594661008, 6232
148182655675500, 148182655681700, 6200
148182716677772, 148182716683344, 5572
148182777808352, 148182777814288, 5936
148182839374128, 148182839380208, 6080
148182900249896, 148182900255696, 5800
148182961233116, 148182961238272, 5156
148183022330972, 148183022336464, 5492
148183083992476, 148183083998032, 5556
148183145094676, 148183145100196, 5520
148183206368276, 148183206373804, 5528
148183267456932, 148183267462324, 5392
148183329215124, 148183329221840, 6716
148183390402072, 148183390407784, 5712
148183451547772, 148183451554020, 6248
148183512683412, 148183512689656, 6244
148183574497320, 148183574502304, 4984
148183635612712, 148183635618680, 5968
148183696796564, 148183696801956, 5392
148183757999424, 148183758006160, 6736
148183819759532, 148183819765480, 5948
148183880864372, 148183880869572, 5200
148183942134040, 148183942140264, 6224
148184003305708, 148184003311508, 5800
148184065018468, 148184065024340, 5872
148184126146940, 148184126152652, 5712
148184187278660, 148184187284348, 5688
148184248420416, 148184248426672, 6256
148184310130564, 148184310136224, 5660
148184371347952, 148184371353832, 5880
148184432497008, 148184432502528, 5520
148184493808776, 148184493815792, 7016
148184555377928, 148184555383576, 5648
148184616388976, 148184616394464, 5488
148184677443736, 148184677450224, 6488
148184712070772, 148184712077384, 6612
148184714423956, 148184714431188, 7232
148184718699728, 148184718705460, 5732
148184722551864, 148184722557276, 5412
148184789128096, 148184789135004, 6908
148184804159168, 148184804165480, 6312
148184808429552, 148184808435624, 6072
148184865810100, 148184865816520, 6420
148184962773844, 148184962780756, 6912
148184967045456, 148184967051048, 5592
148184975133188, 148184975139200, 6012
148184977462112, 148184977466312, 4200
148184981728228, 148184981733260, 5032
148184985571128, 148184985575144, 4016
148184989840504, 148184989845284, 4780
148185090344496, 148185090350252, 5756
148185098424612, 148185098430776, 6164
148185102690312, 148185102695496, 5184
148185106538816, 148185106542840, 4024
148185110799996, 148185110804920, 4924
148185113155884, 148185113162844, 6960
148185128158348, 148185128164588, 6240
148185162800748, 148185162807420, 6672
148185167074672, 148185167079684, 5012
148185170926040, 148185170930276, 4236
148185173274704, 148185173282152, 7448
148185193339300, 148185193345972, 6672
148185201495476, 148185201500800, 5324
148185262491440, 148185262497256, 5816
148185324477280, 148185324483380, 6100
148185344504940, 148185344511300, 6360
148185419038776, 148185419045144, 6368
148185427092608, 148185427098424, 5816
148185429421112, 148185429426172, 5060
148185433699576, 148185433704812, 5236
148185508195052, 148185508200568, 5516
148185583265216, 148185583270608, 5392
148185657778020, 148185657784344, 6324
148185662065552, 148185662070424, 4872
148185666323924, 148185666331592, 7668
148185668657792, 148185668664952, 7160
148185672503000, 148185672509792, 6792
148185747025200, 148185747030348, 5148
148185822053264, 148185822060000, 6736
148185826323328, 148185826331180, 7852
148185834385772, 148185834392764, 6992
148185849375436, 148185849381756, 6320
148185853673404, 148185853681616, 8212
148185857520368, 148185857528380, 8012
148185864705312, 148185864710792, 5480
148185884738764, 148185884747864, 9100
148185887069992, 148185887077296, 7304
148185921671584, 148185921678180, 6596
148185923265752, 148185923267004, 1252
148185930448848, 148185930455484, 6636
148185936953732, 148185936961296, 7564
148186012384724, 148186012397764, 13040
148186016332884, 148186016340508, 7624
148186491652744, 148186491655524, 2780
148186498839200, 148186498844680, 5480
148186506034852, 148186506039076, 4224
148186513226308, 148186513232768, 6460
148186520432620, 148186520437632, 5012
148186527623336, 148186527628576, 5240
148186535366472, 148186535375400, 8928
148186622701088, 148186622709728, 8640
148186719875432, 148186719883816, 8384
148186727927812, 148186727935656, 7844
148186785954840, 148186785962928, 8088
148186883104356, 148186883113420, 9064
148186902259108, 148186902266012, 6904
148186959732844, 148186959741672, 8828
148187052497588, 148187052505368, 7780
148187139939452, 148187139948372, 8920
148187307257528, 148187307260540, 3012
148187382220380, 148187382227284, 6904
148187469768744, 148187469775792, 7048
148187527281348, 148187527290472, 9124
148187615276244, 148187615281852, 5608
148187702813108, 148187702821784, 8676
148187717861988, 148187717870752, 8764
148187725932644, 148187725940852, 8208
148187746054652, 148187746063188, 8536
148187834164576, 148187834172064, 7488
148187891815212, 148187891823112, 7900
148187926541352, 148187926550892, 9540
148188023859176, 148188023867700, 8524
148188111846392, 148188111852764, 6372
148188209057176, 148188209064576, 7400
148188224097544, 148188224105664, 8120
148188290966388, 148188290974568, 8180
148188298161264, 148188298169316, 8052
148188415603540, 148188415609372, 5832
148188533438740, 148188533444572, 5832
148188650497352, 148188650504184, 6832
148188707816396, 148188707825820, 9424
148188710147756, 148188710155376, 7620
148188807748080, 148188807755756, 7676
148188895042664, 148188895051212, 8548
148188906624020, 148188906632532, 8512
148189024132012, 148189024147120, 15108
148189033805324, 148189033819596, 14272
148189041868140, 148189041880224, 12084
148189139135168, 148189139149488, 14320
148189173844704, 148189173857412, 12708
148189177695640, 148189177708796, 13156
148189181997484, 148189182010536, 13052
148189256862156, 148189256890352, 28196
148189351486712, 148189351492576, 5864
148189459132836, 148189459136812, 3976
148189479153960, 148189479161788, 7828
148189582640208, 148189582643116, 2908
148189586915008, 148189586920432, 5424
148189591176324, 148189591181164, 4840
148189595435160, 148189595439756, 4596
148189698320584, 148189698323640, 3056
148189702170800, 148189702176380, 5580
148189706030732, 148189706037868, 7136
148189763536656, 148189763545356, 8700
148189784194364, 148189784202448, 8084
148189786547344, 148189786553904, 6560
148189790400476, 148189790407400, 6924
148189797587216, 148189797593940, 6724
148189827894216, 148189827895856, 1640
148189830239580, 148189830245936, 6356
148189833882732, 148189833883764, 1032
148189841114132, 148189841122728, 8596
148189844969336, 148189844974336, 5000
148189908242768, 148189908249780, 7012
148189912092704, 148189912099064, 6360
148189919387432, 148189919395924, 8492
148189994072488, 148189994077920, 5432
148190069389384, 148190069397584, 8200
148190071722640, 148190071730048, 7408
148190078975336, 148190078984272, 8936
148190082836300, 148190082841684, 5384
148190140334064, 148190140342980, 8916
148190148405528, 148190148413576, 8048
148190235896876, 148190235905772, 8896
148190243157100, 148190243166544, 9444
148190247020772, 148190247027968, 7196
148190249358232, 148190249366304, 8072
148190276597648, 148190276599544, 1896
148190283821964, 148190283830232, 8268
148190287665340, 148190287671320, 5980
148190375223312, 148190375231392, 8080
148190382530000, 148190382539220, 9220
148190384882468, 148190384889832, 7364
148190459697732, 148190459705100, 7368
148190494326436, 148190494335716, 9280
148190591709076, 148190591715428, 6352
148190598906580, 148190598913980, 7400
148190761218604, 148190761221776, 3172
148190765491996, 148190765497376, 5380
148190769754104, 148190769757800, 3696
148190774566276, 148190774569884, 3608
148190778828036, 148190778835576, 7540
148190964630924, 148190964633796, 2872
148190968463664, 148190968469896, 6232
148190972309248, 148190972316380, 7132
148191073037152, 148191073044228, 7076
148191130436300, 148191130460396, 24096
148191145467600, 148191145476836, 9236
148191180144492, 148191180153088, 8596
148191200307700, 148191200316504, 8804
148191208416132, 148191208425048, 8916
148191296565024, 148191296572288, 7264
148191303592092, 148191303594324, 2232
148191469208400, 148191469211456, 3056
148191473040384, 148191473046176, 5792
148191476872380, 148191476880304, 7924
148191484959368, 148191484967004, 7636
148191602873944, 148191602880640, 6696
148191700056172, 148191700065460, 9288
148191757513200, 148191757520136, 6936
148191839674780, 148191839681160, 6380
148191897121016, 148191897128040, 7024
148191931837364, 148191931846308, 8944
148191939908956, 148191939916288, 7332
148192037548360, 148192037555016, 6656
148192052584404, 148192052594032, 9628
148192169882120, 148192169889576, 7456
148192190003212, 148192190011768, 8556
148192307690160, 148192307696488, 6328
148192424866496, 148192424874128, 7632
148192428744400, 148192428754116, 9716
148192529241468, 148192529248600, 7132
148192537298140, 148192537304272, 6132
148192544501584, 148192544508888, 7304
148192559500124, 148192559508572, 8448
148192656385056, 148192656392728, 7672
148192658716504, 148192658723540, 7036
148192662563948, 148192662571796, 7848
148192682588784, 148192682596800, 8016
148192711511308, 148192711513440, 2132
148192718696740, 148192718703456, 6716
148192722545976, 148192722551388, 5412
148192728235276, 148192728243316, 8040
148192743226544, 148192743233568, 7024
148192840750408, 148192840757312, 6904
148192848836448, 148192848845948, 9500
148192946010568, 148192946019260, 8692
148192950357064, 148192950366224, 9160
148193020300984, 148193020309828, 8844
148193024152932, 148193024160344, 7412
148193048583712, 148193048603008, 19296
148193165743408, 148193165767232, 23824
148193169626496, 148193169644248, 17752
148193189777228, 148193189800352, 23124
148193307850628, 148193307872576, 21948
148193311782288, 148193311805708, 23420
148193369297896, 148193369321420, 23524
148193375565836, 148193375577976, 12140
148193379402032, 148193379419256, 17224
148193449515100, 148193449534148, 19048
148193456746052, 148193456765464, 19412
148193514371304, 148193514391560, 20256
148193516723880, 148193516741572, 17692
148193523134324, 148193523146236, 11912
148193530410596, 148193530430056, 19460
148193627768180, 148193627789988, 21808
148193745116092, 148193745145188, 29096
148169641031316, 148169641039724, 8408
148174530453832, 148174530456532, 2700
148174530473140, 148174530478268, 5128
148174592001672, 148174592007256, 5584
148174653046936, 148174653052160, 5224
148174714040308, 148174714047200, 6892
148174775136596, 148174775142480, 5884
148174836629512, 148174836636372, 6860
148174897720820, 148174897726244, 5424
148174958813288, 148174958820072, 6784
148175019830712, 148175019836104, 5392
148175081386064, 148175081392168, 6104
148175142423028, 148175142428252, 5224
148175203439252, 148175203444776, 5524
148175264592252, 148175264597748, 5496
148175326312464, 148175326319232, 6768
148175387386900, 148175387392668, 5768
148175448503980, 148175448510100, 6120
148175509459412, 148175509464480, 5068
148175571141416, 148175571147272, 5856
148175632218104, 148175632224024, 5920
148175693353352, 148175693359488, 6136
148175754465732, 148175754471620, 5888
148175816068228, 148175816073880, 5652
148175877221000, 148175877226884, 5884
148175938374568, 148175938380112, 5544
148175999430448, 148175999435752, 5304
148176061057276, 148176061063056, 5780
148176122163124, 148176122168328, 5204
148176183213808, 148176183219720, 5912
148176244354412, 148176244360036, 5624
148176305485444, 148176305491428, 5984
148176366969088, 148176366975092, 6004
148176428044476, 148176428050164, 5688
148176489197844, 148176489204564, 6720
148176550198144, 148176550204476, 6332
148176611655736, 148176611660956, 5220
148176672572292, 148176672577508, 5216
148176733435296, 148176733440364, 5068
148176794433408, 148176794439780, 6372
148176855970424, 148176855976100, 5676
148176917057012, 148176917061844, 4832
148176978186100, 148176978192732, 6632
148177039170128, 148177039175636, 5508
148177100808548, 148177100817240, 8692
148177115884820, 148177115894244, 9424
148177123101252, 148177123110044, 8792
148177126952360, 148177126957928, 5568
148177193083068, 148177193092600, 9532
148177197362216, 148177197370120, 7904
148178512992332, 148178512995036, 2704
148178515320168, 148178515325520, 5352
148178517640936, 148178517645844, 4908
148178519959004, 148178519964196, 5192
148178522277048, 148178522281628, 4580
148178524626696, 148178524630284, 3588
148178526965048, 148178526968912, 3864
148178529287016, 148178529290492, 3476
148178531598900, 148178531602636, 3736
148178533940040, 148178533945636, 5596
148178536281584, 148178536285972, 4388
148178538598160, 148178538602804, 4644
148178540937452, 148178540941284, 3832
148178543258044, 148178543261816, 3772
148178545572244, 148178545576152, 3908
148178547892132, 148178547895700, 3568
148178550206632, 148178550211052, 4420
148178552526772, 148178552531084, 4312
148178555424476, 148178555430920, 6444
148178557746176, 148178557752188, 6012
148178592353380, 148178592360184, 6804
148178649709572, 148178649716584, 7012
148178669770064, 148178669775268, 5204
148178704413832, 148178704420148, 6316
148178708687480, 148178708692648, 5168
148178774786592, 148178774792964, 6372
148178875314720, 148178875321460, 6740
148178992289336, 148178992294620, 5284
148179109794788, 148179109799876, 5088
148179227022348, 148179227027788, 5440
148179344850480, 148179344855832, 5352
148179462211716, 148179462217344, 5628
148179580046172, 148179580052660, 6488
148179697658392, 148179697665484, 7092
148179755164328, 148179755172068, 7740
148179770192376, 148179770201636, 9260
148179858515748, 148179858522528, 6780
148179893339864, 148179893349012, 9148
148179901428416, 148179901436792, 8376
148179976431036, 148179976438104, 7068
148179980344016, 148179980351304, 7288
148180055898436, 148180055906040, 7604
148180173481836, 148180173489296, 7460
148180188592036, 148180188598348, 6312
148180196714436, 148180196720904, 6468
148180231367624, 148180231374620, 6996
148180332334360, 148180332341920, 7560
148180389811168, 148180389818784, 7616
148180404837204, 148180404844120, 6916
148180492591696, 148180492599952, 8256
148180567805784, 148180567811412, 5628
148180655150732, 148180655157076, 6344
148180658994216, 148180659000204, 5988
148180666187056, 148180666193400, 6344
148180740763404, 148180740768728, 5324
148180815799228, 148180815804148, 4920
148180890293132, 148180890299648, 6516
148180897495032, 148180897503800, 8768
148180901768988, 148180901774512, 5524
148180976267040, 148180976274052, 7012
148180980533744, 148180980542264, 8520
148181015108816, 148181015116656, 7840
148181023162032, 148181023169004, 6972
148181027436212, 148181027444488, 8276
148181231063224, 148181231067272, 4048
148181234912132, 148181234917584, 5452
148181238729120, 148181238736640, 7520
148181339224932, 148181339233392, 8460
148181341557404, 148181341565460, 8056
148181470269384, 148181470273196, 3812
148181474550092, 148181474555980, 5888
148181478815360, 148181478819776, 4416
148181483072608, 148181483076940, 4332
148181585895148, 148181585897124, 1976
148181590169860, 148181590175320, 5460
148181594432248, 148181594436916, 4668
148181598689960, 148181598693272, 3312
148181602946564, 148181602954176, 7612
148181690537308, 148181690545856, 8548
148181744824608, 148181744832808, 8200
148181815029972, 148181815037876, 7904
148181881223700, 148181881231744, 8044
148181981300784, 148181981305996, 5212
148182180284828, 148182180287560, 2732
148182187479416, 148182187484476, 5060
148182194671336, 148182194679208, 7872
148182297943656, 148182297945744, 2088
148182302239104, 148182302245112, 6008
148182306495648, 148182306500892, 5244
148182310772552, 148182310776948, 4396
148182315044144, 148182315052176, 8032
148182402520180, 148182402527936, 7756
148182406795500, 148182406803836, 8336
148182410680672, 148182410688832, 8160
148182413011160, 148182413019516, 8356
148182413484476, 148182413485636, 1160
148182417810460, 148182417819936, 9476
148182425445736, 148182425452372, 6636
148182482955932, 148182482964848, 8916
148182485330620, 148182485336624, 6004
148182520083824, 148182520091996, 8172
148182586772592, 148182586779600, 7008
148182661488116, 148182661497204, 9088
148182665775252, 148182665780080, 4828
148182670037884, 148182670045896, 8012
148182770101128, 148182770108216, 7088
148182773954520, 148182773962764, 8244
148182781195940, 148182781204656, 8716
148182869124692, 148182869133444, 8752
148182873415020, 148182873423368, 8348
148182888466540, 148182888474068, 7528
148182923110780, 148182923120440, 9660
148182930332640, 148182930340140, 7500
148182938425292, 148182938432248, 6956
148183019759412, 148183019770188, 10776
148183054918136, 148183054939132, 20996
148183058785644, 148183058805316, 19672
148183063154384, 148183063177148, 22764
148184503423892, 148184503426756, 2864
148184507705660, 148184507710924, 5264
148184511964504, 148184511968432, 3928
148184516220368, 148184516224060, 3692
148184520483184, 148184520486952, 3768
148184524755184, 148184524760300, 5116
148184529018552, 148184529023492, 4940
148184533283068, 148184533287904, 4836
148184537561696, 148184537566468, 4772
148184542366012, 148184542370992, 4980
148184546648192, 148184546653832, 5640
148184550910136, 148184550915096, 4960
148184555170540, 148184555175044, 4504
148184559447456, 148184559452668, 5212
148184563744120, 148184563750120, 6000
148184568013092, 148184568018636, 5544
148184572271768, 148184572276720, 4952
148184576526472, 148184576531652, 5180
148184580789872, 148184580794660, 4788
148184585073508, 148184585079540, 6032
148184589361588, 148184589366640, 5052
148184593625800, 148184593630972, 5172
148184597886428, 148184597890420, 3992
148184602144656, 148184602148760, 4104
148184606442616, 148184606447996, 5380
148184610706256, 148184610710588, 4332
148184614967564, 148184614972760, 5196
148184619249032, 148184619254084, 5052
148184623539840, 148184623545836, 5996
148184627806708, 148184627810796, 4088
148184632069716, 148184632073392, 3676
148184636325876, 148184636329624, 3748
148184640584628, 148184640588304, 3676
148184644876512, 148184644883204, 6692
148184649163028, 148184649168232, 5204
148184653427600, 148184653431732, 4132
148184657683288, 148184657687980, 4692
148184661946428, 148184661950428, 4000
148184666235484, 148184666241188, 5704
148184670501420, 148184670505524, 4104
148184674764948, 148184674769436, 4488
148184679038908, 148184679043660, 4752
148184683330416, 148184683336888, 6472
148184687597660, 148184687602860, 5200
148184691864196, 148184691868992, 4796
148184696121408, 148184696125400, 3992
148184700381532, 148184700385108, 3576
148184704666336, 148184704672720, 6384
148184708949032, 148184708954100, 5068
148184729012716, 148184729019840, 7124
148184826518500, 148184826525360, 6860
148184830795232, 148184830800628, 5396
148184896860888, 148184896865928, 5040
148184916908792, 148184916915108, 6316
148184921184024, 148184921190112, 6088
148184936213384, 148184936220980, 7596
148185010803616, 148185010810548, 6932
148185013137744, 148185013142276, 4532
148185033200516, 148185033206356, 5840
148185048780668, 148185048786576, 5908
148185051113692, 148185051119900, 6208
148185055381424, 148185055386996, 5572
148185121423904, 148185121430992, 7088
148185221503836, 148185221510768, 6932
148185225803588, 148185225810516, 6928
148185283678908, 148185283685600, 6692
148185288480220, 148185288486080, 5860
148185292324328, 148185292329640, 5312
148185307357712, 148185307364444, 6732
148185315413748, 148185315417828, 4080
148185319684220, 148185319689364, 5144
148185322009212, 148185322013380, 4168
148185326308788, 148185326319728, 10940
148185387252352, 148185387257828, 5476
148185448171316, 148185448176700, 5384
148185509101404, 148185509106692, 5288
148185570572856, 148185570579200, 6344
148185574417092, 148185574427588, 10496
148185661609360, 148185661614968, 5608
148185748821364, 148185748827524, 6160
148185806595988, 148185806603080, 7092
148185872587152, 148185872592732, 5580
148185929855716, 148185929863492, 7776
148185933704320, 148185933711960, 7640
148186032977572, 148186032981452, 3880
148186035844360, 148186035849564, 5204
148186038166520, 148186038174384, 7864
148186072830460, 148186072838740, 8280
148186076680164, 148186076687908, 7744
148186083882908, 148186083889536, 6628
148186158733024, 148186158740944, 7920
148186193501020, 148186193509712, 8692
148186268241276, 148186268251332, 10056
148186272090780, 148186272099348, 8568
148186292770688, 148186292778344, 7656
148186296678536, 148186296687508, 8972
148186384085928, 148186384094016, 8088
148186388364908, 148186388371792, 6884
148186392211032, 148186392217868, 6836
148186407307748, 148186407315184, 7436
148186411578440, 148186411585744, 7304
148186468983268, 148186468991108, 7840
148186489045104, 148186489053648, 8544
148186497141332, 148186497148584, 7252
148186512158784, 148186512166512, 7728
148186612699300, 148186612705424, 6124
148186647295192, 148186647303012, 7820
148186651567276, 148186651574540, 7264
148186657136060, 148186657137604, 1544
148186661405456, 148186661414016, 8560
148186668599056, 148186668606536, 7480
148186770844104, 148186770847180, 3076
148186832436888, 148186832442908, 6020
148186893606972, 148186893612596, 5624
148186954729592, 148186954734740, 5148
148187015773260, 148187015778512, 5252
148187077423020, 148187077430048, 7028
148187138502224, 148187138511900, 9676
148187146586712, 148187146594368, 7656
148187155687196, 148187155688584, 1388
148187216951268, 148187216959140, 7872
148187235500588, 148187235502444, 1856
148187243592560, 148187243598384, 5824
148187283395488, 148187283403364, 7876
148187290676692, 148187290687572, 10880
148187391017336, 148187391025980, 8644
148187457149660, 148187457158328, 8668
148187554869836, 148187554877172, 7336
148187562049828, 148187562056556, 6728
148187628198264, 148187628206384, 8120
148187722917972, 148187722924396, 6424
148187798342336, 148187798348300, 5964
148187873215068, 148187873224548, 9480
148187881299364, 148187881306680, 7316
148187885150684, 148187885159160, 8476
148187900280172, 148187900288908, 8736
148187920412488, 148187920419816, 7328
148187924282040, 148187924287984, 5944
148187999193696, 148187999204492, 10796
148188007278004, 148188007286212, 8208
148188014513444, 148188014522168, 8724
148188018364224, 148188018370116, 5892
148188076366692, 148188076373800, 7108
148188083570992, 148188083578436, 7444
148188149835516, 148188149844240, 8724
148188157068916, 148188157075352, 6436
148188214615712, 148188214624140, 8428
148188221811240, 148188221818372, 7132
148188225669676, 148188225676284, 6608
148188233830008, 148188233839348, 9340
148188331642620, 148188331650044, 7424
148188366289136, 148188366299260, 10124
148188373525492, 148188373535276, 9784
148188377386788, 148188377392172, 5384
148188385447244, 148188385453792, 6548
148188400536088, 148188400545188, 9100
148188488056784, 148188488063804, 7020
148188522718904, 148188522728340, 9436
148188597824632, 148188597831620, 6988
148188605016328, 148188605025488, 9160
148188608871676, 148188608877488, 5812
148188643509780, 148188643517240, 7460
148188709615644, 148188709624816, 9172
148188724620076, 148188724628820, 8744
148188799930924, 148188799939224, 8300
148188814987980, 148188814997096, 9116
148188817341708, 148188817350396, 8688
148188826862948, 148188826870456, 7508
148189275513828, 148189275517352, 3524
148189278387276, 148189278392544, 5268
148189280703476, 148189280707204, 3728
148189283019180, 148189283024380, 5200
148189285335752, 148189285339536, 3784
148189287672804, 148189287677204, 4400
148189289989960, 148189289994172, 4212
148189292307552, 148189292315628, 8076
148189358290160, 148189358296792, 6632
148189459118212, 148189459121256, 3044
148189463396580, 148189463402052, 5472
148189467656560, 148189467661596, 5036
148189471913412, 148189471918276, 4864
148189476173936, 148189476181992, 8056
148189476918812, 148189476919992, 1180
148189481200144, 148189481207396, 7252
148189539096520, 148189539103584, 7064
148189541449408, 148189541457636, 8228
148189556455548, 148189556463688, 8140
148189560332920, 148189560343872, 10952
148189726211080, 148189726214060, 2980
148189728540328, 148189728545856, 5528
148189730862132, 148189730868544, 6412
148189797560876, 148189797568564, 7688
148189872360708, 148189872366912, 6204
148189938509900, 148189938516904, 7004
148189958580404, 148189958588952, 8548
148189960914384, 148189960920492, 6108
148190027691048, 148190027699840, 8792
148190127953384, 148190127960824, 7440
148190130283928, 148190130291068, 7140
148190137502024, 148190137509956, 7932
148190141358144, 148190141364624, 6480
148190176092916, 148190176100376, 7460
148190276828664, 148190276835908, 7244
148190316353636, 148190316362064, 8428
148190318703320, 148190318710684, 7364
148190415904932, 148190415913088, 8156
148190423967084, 148190423975756, 8672
148190541618432, 148190541624260, 5828
148190549690108, 148190549696980, 6872
148190552038596, 148190552045636, 7040
148190669035156, 148190669041168, 6012
148190786645376, 148190786650864, 5488
148192480293252, 148192480296156, 2904
148192482619520, 148192482625400, 5880
148192484935744, 148192484939816, 4072
148192487250512, 148192487254288, 3776
148192489562676, 148192489566732, 4056
148192491873132, 148192491876980, 3848
148192494203264, 148192494206892, 3628
148192496520080, 148192496523844, 3764
148192498834820, 148192498838528, 3708
148192501162760, 148192501167404, 4644
148192503476480, 148192503480232, 3752
148192505789712, 148192505793944, 4232
148192508120280, 148192508124404, 4124
148192510436704, 148192510441544, 4840
148192512752160, 148192512755876, 3716
148192515066752, 148192515071536, 4784
148192517381528, 148192517385200, 3672
148192520264000, 148192520268872, 4872
148192522579944, 148192522584372, 4428
148192524894664, 148192524898404, 3740
148192527209912, 148192527214140, 4228
148192529526948, 148192529531784, 4836
148192531843112, 148192531847796, 4684
148192534177272, 148192534185252, 7980
148192536497996, 148192536502700, 4704
148192538815284, 148192538820200, 4916
148192541142708, 148192541147412, 4704
148192543459956, 148192543464168, 4212
148192545777244, 148192545785880, 8636
148192579894032, 148192579895268, 1236
148192582234412, 148192582240776, 6364
148192635348076, 148192635355616, 7540
148192643421380, 148192643429360, 7980
148192658429652, 148192658437544, 7892
148192665642640, 148192665649124, 6484
148192722907500, 148192722915588, 8088
148192725237676, 148192725242636, 4960
148192733293424, 148192733301060, 7636
148192833827064, 148192833833660, 6596
148192868447144, 148192868455412, 8268
148192970815016, 148192970817800, 2784
148193045982200, 148193045987108, 4908
148193120825364, 148193120830796, 5432
148193195474944, 148193195483984, 9040
148193299907896, 148193299910760, 2864
148193307104924, 148193307110948, 6024
148193314304876, 148193314312300, 7424
148193414510940, 148193414519996, 9056
148193418781848, 148193418790036, 8188
148193421133428, 148193421143652, 10224
148193455869092, 148193455877208, 8116
148193672835656, 148193672838628, 2972
148193677125444, 148193677131672, 6228
148193681390600, 148193681395968, 5368
148193685667000, 148193685671088, 4088
148193700704216, 148193700709816, 5600
148193775933184, 148193775937148, 3964
