40596858580348, 40596858593548, 13200
40597066034700, 40597066037084, 2384
40597810260752, 40597810269588, 8836
40598277152492, 40598277163600, 11108
40599206882428, 40599206885648, 3220
40600278335460, 40600278346108, 10648
40600944689976, 40600944699672, 9696
40602469053628, 40602469061224, 7596
40604055223164, 40604055226316, 3152
40605641384712, 40605641393056, 8344
40607227554812, 40607227562288, 7476
40608813717096, 40608813725036, 7940
40610399944100, 40610399947376, 3276
40611986108904, 40611986117120, 8216
40613572273948, 40613572283084, 9136
40615158440384, 40615158448132, 7748
40616744604048, 40616744606452, 2404
40594129931952, 40594129942968, 11016
40594129974172, 40594129981368, 7196
40594130004200, 40594130011308, 7108
40594130033360, 40594130040120, 6760
40594130062212, 40594130069048, 6836
40594130091324, 40594130098652, 7328
40594130120552, 40594130127664, 7112
40594130150340, 40594130157568, 7228
40594130179812, 40594130186692, 6880
40596124404164, 40596124413832, 9668
40596124431128, 40596124438348, 7220
40596928386896, 40596928421664, 34768
40597710500784, 40597710510484, 9700
40598849730876, 40598849741600, 10724
40599296664304, 40599296675536, 11232
40600282327648, 40600282337988, 10340
40601261931244, 40601261934556, 3312
40602289485652, 40602289488812, 3160
40603316979584, 40603316982740, 3156
40604344531644, 40604344540804, 9160
40605372029780, 40605372033100, 3320
40606399583432, 40606399586704, 3272
40607427078168, 40607427085872, 7704
40608454631620, 40608454634816, 3196
40609482125532, 40609482128740, 3208
40610509684284, 40610509687468, 3184
40611537174196, 40611537177448, 3252
40612564729664, 40612564737764, 8100
40613592230284, 40613592232672, 2388
40614619777824, 40614619787556, 9732
40615647271688, 40615647279564, 7876
40616674830080, 40616674834888, 4808
40596188204056, 40596188240476, 36420
40597151831048, 40597151838808, 7760
40598841749712, 40598841760280, 10568
40600304275172, 40600304285568, 10396
40600609537724, 40600609545944, 8220
40601044442780, 40601044450616, 7836
40601730810876, 40601730818520, 7644
40601752760556, 40601752767812, 7256
40602556845560, 40602556853356, 7796
40603360875416, 40603360885104, 9688
40604164961876, 40604164965040, 3164
40604968985208, 40604968993872, 8664
40605773070048, 40605773078080, 8032
40606577159860, 40606577169284, 9424
40607381184832, 40607381187976, 3144
40608185291570, 40608185296790, 5220
40608989296180, 40608989303784, 7604
40609793384484, 40609793387704, 3220
40610597471232, 40610597474372, 3140
40611401498620, 40611401506892, 8272
40612205582800, 40612205590984, 8184
40613009614040, 40613009621908, 7868
40613881546184, 40613881556600, 10416
40615174396300, 40615174405772, 9472
40616535160448, 40616535168860, 8412
40596214143356, 40596214182204, 38848
40597245605032, 40597245612908, 7876
40598366937508, 40598366945464, 7956
40599352528836, 40599352536956, 8120
40599919181100, 40599919191852, 10752
40600832950148, 40600832958448, 8300
40601774707968, 40601774716216, 8248
40602716467580, 40602716475324, 7744
40603658165468, 40603658174508, 9040
40604599924572, 40604599932088, 7516
40605541621532, 40605541630152, 8620
40606483379316, 40606483388972, 9656
40607425083568, 40607425086900, 3332
40608366841160, 40608366844448, 3288
40609308539212, 40609308546748, 7536
40610250298004, 40610250301232, 3228
40611191995232, 40611192003460, 8228
40612133756352, 40612133759584, 3232
40613075453696, 40613075461680, 7984
40614017213984, 40614017217008, 3024
40614958910496, 40614958913100, 2604
40615900669244, 40615900677484, 8240
40616842368772, 40616842377164, 8392
