40592074278756, 40592074286964, 8208
40592081279260, 40592081287356, 8096
40592089395116, 40592089404708, 9592
40592105603392, 40592105612280, 8888
40592121725400, 40592121738068, 12668
40596858549276, 40596858580156, 30880
40597066030380, 40597066034508, 4128
40597810257512, 40597810260556, 3044
40598277149268, 40598277152300, 3032
40599206876728, 40599206882236, 5508
40600278332120, 40600278335272, 3152
40600944687028, 40600944689780, 2752
40602469048128, 40602469053440, 5312
40604055218464, 40604055222976, 4512
40605641378056, 40605641384516, 6460
40607227550628, 40607227554624, 3996
40608813713012, 40608813716904, 3892
40610399939428, 40610399943908, 4480
40611986104376, 40611986108712, 4336
40613572272512, 40613572273744, 1232
40615158436252, 40615158440192, 3940
40616744599792, 40616744603856, 4064
40594129925676, 40594129931680, 6004
40594129970976, 40594129973980, 3004
40594130001140, 40594130004012, 2872
40594130030716, 40594130033172, 2456
40594130059504, 40594130062016, 2512
40594130088732, 40594130091124, 2392
40594130118048, 40594130120360, 2312
40594130147512, 40594130150160, 2648
40594130177072, 40594130179628, 2556
40596124398128, 40596124403972, 5844
40596124418976, 40596124430936, 11960
40596928378944, 40596928386576, 7632
40597710495796, 40597710500592, 4796
40598849727048, 40598849730684, 3636
40599296658064, 40599296664112, 6048
40600282323952, 40600282327464, 3512
40601261925980, 40601261931040, 5060
40602289480604, 40602289485460, 4856
40603316974252, 40603316979388, 5136
40604344527404, 40604344531448, 4044
40605372024968, 40605372029592, 4624
40606399578108, 40606399583236, 5128
40607427073896, 40607427077976, 4080
40608454626768, 40608454631424, 4656
40609482118876, 40609482125336, 6460
40610509679348, 40610509684084, 4736
40611537167856, 40611537173988, 6132
40612564725008, 40612564729472, 4464
40613592228716, 40613592230096, 1380
40614619772012, 40614619777540, 5528
40615647265532, 40615647271488, 5956
40616674825196, 40616674829836, 4640
40596188198996, 40596188203464, 4468
40597151826820, 40597151830848, 4028
40598841746004, 40598841749436, 3432
40599116206640, 40599116211632, 4992
40600304271768, 40600304274984, 3216
40600609532344, 40600609537528, 5184
40601044440300, 40601044442584, 2284
40601730805244, 40601730810680, 5436
40601752755916, 40601752760360, 4444
40602556841120, 40602556845368, 4248
40603360871180, 40603360875224, 4044
40604164956940, 40604164961676, 4736
40604968979016, 40604968985008, 5992
40605773064576, 40605773069860, 5284
40606577155244, 40606577159664, 4420
40607381179132, 40607381184644, 5512
40608185281670, 40608185291250, 9580
40608989290740, 40608989295988, 5248
40609793378736, 40609793384300, 5564
40610597465688, 40610597471040, 5352
40611401494352, 40611401498416, 4064
40612205577220, 40612205582608, 5388
40613009609712, 40613009613848, 4136
40613881542748, 40613881546000, 3252
40615174390156, 40615174396104, 5948
40616535154612, 40616535160256, 5644
40596214137796, 40596214143030, 5234
40597245598956, 40597245604836, 5880
40598366933236, 40598366937320, 4084
40599352525848, 40599352528644, 2796
40599919177936, 40599919180904, 2968
40600832945788, 40600832949948, 4160
40601774703440, 40601774707768, 4328
40602716463396, 40602716467400, 4004
40603658160820, 40603658165272, 4452
40604599919984, 40604599924380, 4396
40605541615408, 40605541621340, 5932
40606483372976, 40606483379124, 6148
40607425078428, 40607425083372, 4944
40608366835016, 40608366840964, 5948
40609308534416, 40609308539020, 4604
40610250291716, 40610250297804, 6088
40611191990928, 40611191995040, 4112
40612133751572, 40612133756160, 4588
40613075448024, 40613075453500, 5476
40614017207988, 40614017213788, 5800
40614958904332, 40614958910304, 5972
40615900663460, 40615900669048, 5588
40616842362836, 40616842368580, 5744
