17370853078624, 17370853083984, 5360
17371513417308, 17371513421628, 4320
17372674658060, 17372674663444, 5384
17373835832716, 17373835837232, 4516
17374997102578, 17374997109804, 7226
17376158264472, 17376158273664, 9192
17377319493788, 17377319498232, 4444
17378480685184, 17378480692178, 6994
17379641851818, 17379641861004, 9186
17380803098424, 17380803107238, 8814
17381964272284, 17381964279912, 7628
17383125510632, 17383125519838, 9206
17384286666512, 17384286671012, 4500
17385447858364, 17385447865998, 7634
17386609079672, 17386609084036, 4364
17387770252752, 17387770258364, 5612
17388931498860, 17388931502912, 4052
17390092664872, 17390092670464, 5592
17391253911948, 17391253916548, 4600
17370426090064, 17370426094892, 4828
17371732896356, 17371732900852, 4496
17373113619576, 17373113623892, 4316
17374494272440, 17374494277180, 4740
17375874920224, 17375874924340, 4116
17377255668278, 17377255675312, 7034
17378636294552, 17378636299052, 4500
17380016946172, 17380016950692, 4520
17381397593360, 17381397598840, 5480
17382778338572, 17382778346738, 8166
17384158982038, 17384158990638, 8600
17385539617808, 17385539622224, 4416
17386920341424, 17386920345816, 4392
17388300994920, 17388300999460, 4540
17389681664678, 17389681695984, 31306
17391062363272, 17391062369096, 5824
17366365123536, 17366365131344, 7808
17368357902892, 17368357906812, 3920
17368357944876, 17368357948576, 3700
17368357975996, 17368357978860, 2864
17370352271432, 17370352303388, 31956
17371435616592, 17371435625798, 9206
17372519051412, 17372519059444, 8032
17373602412324, 17373602444788, 32464
17374685816340, 17374685820712, 4372
17375769192998, 17375769199904, 6906
17376852618252, 17376852626164, 7912
17377935952544, 17377935958292, 5748
17379019384804, 17379019389116, 4312
17380102736664, 17380102742520, 5856
17381186172772, 17381186178500, 5728
17382269522080, 17382269528148, 6068
17383352952672, 17383352957080, 4408
17384436306304, 17384436312540, 6236
17385519667480, 17385519671764, 4284
17386603110004, 17386603119538, 9534
17387686471918, 17387686480292, 8374
17388769899438, 17388769906958, 7520
17389853232520, 17389853238012, 5492
17390936683418, 17390936690312, 6894
17366350872100, 17366350880308, 8208
17366357897188, 17366357905488, 8300
