148292178015712, 148292178028728, 13016
148292814142848, 148292814147764, 4916
148292850956280, 148292850966360, 10080
148292860017376, 148292860027320, 9944
148292896908400, 148292896918892, 10492
148292983497408, 148292983507188, 9780
148292986025304, 148292986033416, 8112
148293086572348, 148293086580012, 7664
148293187082268, 148293187093920, 11652
148293593219396, 148293593229336, 9940
148293593834516, 148293593841576, 7060
148293630669056, 148293630678404, 9348
148293695124452, 148293695133484, 9032
148293697649028, 148293697656632, 7604
148293708852724, 148293708862796, 10072
148293715992580, 148293716000244, 7664
148293926874368, 148293926886216, 11848
148293952274132, 148293952282832, 8700
148294096170812, 148294096180332, 9520
148294175435804, 148294175445852, 10048
148294198630232, 148294198638736, 8504
148294235423316, 148294235431908, 8592
148294242565244, 148294242572216, 6972
148294281867696, 148294281876560, 8864
148294379609844, 148294379621180, 11336
148294390772596, 148294390781316, 8720
148294397916292, 148294397924288, 7996
148294484395700, 148294484405720, 10020
148294564122468, 148294564131592, 9124
148294573048776, 148294573062452, 13676
148294593652460, 148294593662868, 10408
148294619121212, 148294619130772, 9560
148294719409092, 148294719419328, 10236
148294740040412, 148294740050456, 10044
148294740526308, 148294740534968, 8660
148294777947796, 148294777956736, 8940
148294789172288, 148294789181040, 8752
148294814608376, 148294814617984, 9608
148294900934600, 148294900943612, 9012
148294944392520, 148294944400876, 8356
148295031713424, 148295031722616, 9192
148295105546516, 148295105556472, 9956
148295128871548, 148295128882184, 10636
148295229129184, 148295229138780, 9596
148295247882656, 148295247892852, 10196
148295266840932, 148295266850744, 9812
148295290646900, 148295290656992, 10092
148295334126404, 148295334136752, 10348
148295457912480, 148295457921988, 9508
148295458409084, 148295458416832, 7748
148295479033788, 148295479043468, 9680
148295515922540, 148295515931436, 8896
148295629004240, 148295629013992, 9752
148295772934184, 148295772944220, 10036
148295834675808, 148295834684808, 9000
148295860154344, 148295860164176, 9832
148295883435052, 148295883444860, 9808
148295926901664, 148295926911684, 10020
148295952365816, 148295952375364, 9548
148295954881400, 148295954889544, 8144
148296055780416, 148296055789972, 9556
148296166511232, 148296166521424, 10192
148296269273472, 148296269283932, 10460
148296295252720, 148296295261768, 9048
148296368843248, 148296368851948, 8700
148296616048340, 148296616057356, 9016
148296618549932, 148296618556708, 6776
148296741925472, 148296741933616, 8144
148296763956992, 148296763965376, 8384
148296789823028, 148296789830088, 7060
148296811851576, 148296811860504, 8928
148296924037868, 148296924046768, 8900
148296931180092, 148296931188020, 7928
148297017548580, 148297017557396, 8816
148297304759860, 148297304769940, 10080
148297444663788, 148297444674972, 11184
148298064395428, 148298064404288, 8860
148298066816092, 148298066823636, 7544
148298087433092, 148298087443048, 9956
148298094573344, 148298094580864, 7520
148298135819068, 148298135828976, 9908
148298138604848, 148298138612020, 7172
148298159211908, 148298159220816, 8908
148298162536908, 148298162544240, 7332
148298183131368, 148298183140764, 9396
148298201953028, 148298201962728, 9700
148298302561476, 148298302571112, 9636
148298325745180, 148298325754496, 9316
148298351171504, 148298351180368, 8864
148298358315660, 148298358323476, 7816
148298380395148, 148298380403660, 8512
148298391568776, 148298391577160, 8384
148298477987872, 148298477997124, 9252
148298678719896, 148298678728672, 8776
148298765372060, 148298765381548, 9488
148298772495860, 148298772503724, 7864
148298884661208, 148298884670056, 8848
148298963992800, 148298964003048, 10248
148298989553740, 148298989565204, 11464
148299069346284, 148299069355924, 9640
148299092581104, 148299092590524, 9420
148299250701796, 148299250711536, 9740
148299276685212, 148299276695624, 10412
148299355810564, 148299355820748, 10184
148299381254924, 148299381263888, 8964
148299404475120, 148299404483656, 8536
148299426578208, 148299426587720, 9512
148299570438228, 148299570446804, 8576
148299682771872, 148299682780172, 8300
148299726201188, 148299726210092, 8904
148299791047156, 148299791056616, 9460
148299816498492, 148299816507988, 9496
148299823651792, 148299823661804, 10012
148299834844480, 148299834852492, 8012
148300035617888, 148300035627800, 9912
148300114721728, 148300114731020, 9292
148300137934356, 148300137943752, 9396
148300160048828, 148300160057784, 8956
148300171250924, 148300171260780, 9856
148300272425372, 148300272436080, 10708
148300372441908, 148300372451168, 9260
148300415864340, 148300415874192, 9852
148300559762624, 148300559771952, 9328
148300644193896, 148300644202584, 8688
148300687779164, 148300687788964, 9800
148300695211996, 148300695220536, 8540
148300782351056, 148300782361300, 10244
148300804484728, 148300804494912, 10184
148300829947208, 148300829956324, 9116
148300873410944, 148300873420976, 10032
148300884631068, 148300884639488, 8420
148300907837480, 148300907847780, 10300
148300933380908, 148300933390828, 9920
148300950469072, 148300950481400, 12328
148300973686724, 148300973696744, 10020
148301017750556, 148301017760288, 9732
148301020279136, 148301020287524, 8388
148301034167488, 148301034177520, 10032
148301057360580, 148301057369840, 9260
148301068530224, 148301068538164, 7940
148301132885316, 148301132893892, 8576
148301140024744, 148301140033264, 8520
148301141855168, 148301141862248, 7080
148301153016944, 148301153025620, 8676
148301196375584, 148301196383896, 8312
148301218485592, 148301218495032, 9440
148301220989080, 148301220996788, 7708
148301345281896, 148301345292304, 10408
148301359523872, 148301359531732, 7860
148301370678204, 148301370686340, 8136
148301414039728, 148301414047120, 7392
148301425213672, 148301425254512, 40840
148301427758288, 148301427767920, 9632
148301453212540, 148301453222048, 9508
148301476402912, 148301476412308, 9396
148301556088304, 148301556098568, 10264
148301558593556, 148301558601296, 7740
148301602020188, 148301602029088, 8900
148301688465884, 148301688475760, 9876
148301832247316, 148301832256400, 9084
148301843411988, 148301843419424, 7436
148301868898012, 148301868907180, 9168
148301871404400, 148301871412904, 8504
148301882584964, 148301882592892, 7928
148302026683780, 148302026693080, 9300
148302127017008, 148302127026244, 9236
148302129520796, 148302129528876, 8080
148302152754644, 148302152764840, 10196
148302163938224, 148302163946348, 8124
148302264486548, 148302264496608, 10060
148302407525708, 148302407534316, 8608
148302418700972, 148302418708516, 7544
148302462065652, 148302462074596, 8944
148302469192416, 148302469200756, 8340
148302491265564, 148302491274620, 9056
148302721293676, 148302721303308, 9632
148302735547980, 148302735556188, 8208
148302879474664, 148302879485044, 10380
148302886653092, 148302886663456, 10364
148302912190012, 148302912199560, 9548
148302991504860, 148302991514528, 9668
148303056490484, 148303056500228, 9744
148303156601768, 148303156611264, 9496
148303167807756, 148303167817756, 10000
148303174785764, 148303174793652, 7888
148303200240224, 148303200249760, 9536
148303202782788, 148303202792612, 9824
148303228242608, 148303228252388, 9780
148303235286984, 148303235294136, 7152
148303279251976, 148303279261776, 9800
148303285615888, 148303285625348, 9460
148303288119840, 148303288126816, 6976
148303291596324, 148303291604444, 8120
148303295583220, 148303295591180, 7960
148303306790548, 148303306800376, 9828
148303328294080, 148303328303616, 9536
148303348647184, 148303348656936, 9752
148303458703992, 148303458713284, 9292
148303523841752, 148303523851128, 9376
148303549361124, 148303549370200, 9076
148303649579996, 148303649589908, 9912
148303723249036, 148303723259216, 10180
148303730324244, 148303730331468, 7224
148303767754572, 148303767763940, 9368
148303774906708, 148303774914508, 7800
148303776190160, 148303776197432, 7272
148303813070084, 148303813078352, 8268
148303822076088, 148303822085788, 9700
148303858981184, 148303858990628, 9444
148304003154792, 148304003164092, 9300
148304023789288, 148304023799148, 9860
148304025469372, 148304025476684, 7312
148304046105516, 148304046114920, 9404
148304053252764, 148304053260212, 7448
148304094473340, 148304094482988, 9648
148304097259956, 148304097267112, 7156
148304117846496, 148304117856056, 9560
148304197042068, 148304197051416, 9348
148304222457756, 148304222465848, 8092
148304309318452, 148304309327184, 8732
148304316438004, 148304316446284, 8280
148304413878468, 148304413887348, 8880
148304700398072, 148304700406432, 8360
148304725733040, 148304725741292, 8252
148304748895648, 148304748903100, 7452
148304774840280, 148304774848128, 7848
148304781988788, 148304781997016, 8228
148304847183324, 148304847194040, 10716
148304872582096, 148304872590072, 7976
148304916064424, 148304916073416, 8992
148304939256164, 148304939265056, 8892
148304994386304, 148304994395680, 9376
148305017058516, 148305017069276, 10760
148305053943232, 148305053953372, 10140
148305197362820, 148305197371264, 8444
148305204589888, 148305204599368, 9480
148305318011756, 148305318022180, 10424
148305325194816, 148305325205168, 10352
148305348462968, 148305348471584, 8616
148305413039724, 148305413048884, 9160
148305513973400, 148305513982784, 9384
148305539506604, 148305539516264, 9660
148305542061384, 148305542071740, 10356
148305606695644, 148305606704964, 9320
148305632210136, 148305632219868, 9732
148305732680992, 148305732690192, 9200
148305739825452, 148305739833780, 8328
148305763659488, 148305763668636, 9148
148305876282044, 148305876291500, 9456
148305899561736, 148305899571956, 10220
148305964215616, 148305964224264, 8648
148305966724444, 148305966732468, 8024
148306079849564, 148306079858068, 8504
148306103161948, 148306103171240, 9292
148306114339880, 148306114347852, 7972
148306258351840, 148306258361364, 9524
148306295244416, 148306295253612, 9196
148306306461652, 148306306470292, 8640
148306308979164, 148306308987528, 8364
148306452434604, 148306452443728, 9124
148306526790288, 148306526799232, 8944
148306528188692, 148306528196008, 7316
148306565058756, 148306565068020, 9264
148306588317792, 148306588328248, 10456
148306595449944, 148306595458100, 8156
148306617572808, 148306617582872, 10064
148306628800552, 148306628810080, 9528
148306651829568, 148306651839488, 9920
148306658952616, 148306658959724, 7108
148306722547092, 148306722556528, 9436
148306787567304, 148306787577044, 9740
148306809652812, 148306809662688, 9876
148306922982472, 148306922991692, 9220
148306925519408, 148306925527472, 8064
148307014781220, 148307014791744, 10524
148307110488448, 148307110500220, 11772
148307161354080, 148307161363644, 9564
148307172578196, 148307172587584, 9388
148307285583196, 148307285592448, 9252
148307329157992, 148307329169144, 11152
148307352360824, 148307352368932, 8108
148307359794224, 148307359805124, 10900
148307472264484, 148307472274412, 9928
148307479427200, 148307479435436, 8236
148307544433688, 148307544442808, 9120
148307569900104, 148307569910152, 10048
148307572413068, 148307572420896, 7828
148307595659068, 148307595669512, 10444
148307602790016, 148307602797760, 7744
148307646230984, 148307646239460, 8476
148307646927804, 148307646935992, 8188
148307672365048, 148307672374840, 9792
148307758802260, 148307758811516, 9256
148307871153668, 148307871161964, 8296
148308165451848, 148308165462596, 10748
148308186847860, 148308186857396, 9536
148308230278420, 148308230288004, 9584
148308343156920, 148308343166388, 9468
148308366386032, 148308366395180, 9148
148308368914744, 148308368922868, 8124
148308376042448, 148308376050292, 7844
148308398121000, 148308398128668, 7668
148308462473976, 148308462481752, 7776
148308485651564, 148308485660216, 8652
148308511608460, 148308511616656, 8196
148308554966580, 148308554975384, 8804
148308557471380, 148308557479164, 7784
148308564605948, 148308564612824, 6876
148308628962520, 148308628969824, 7304
148308753758736, 148308753769964, 11228
148308776933492, 148308776941860, 8368
148308949553940, 148308949564096, 10156
148308960717776, 148308960724836, 7060
148309072269916, 148309072280016, 10100
148309079430000, 148309079439164, 9164
148309102626952, 148309102635948, 8996
148309128049396, 148309128056812, 7416
148309150134412, 148309150142292, 7880
148309161319716, 148309161326964, 7248
148309202445124, 148309202457520, 12396
148309227929016, 148309227939868, 10852
148309250631568, 148309250642108, 10540
148309314995984, 148309315006100, 10116
148309322135108, 148309322143448, 8340
148309347548800, 148309347557388, 8588
148309457691132, 148309457701828, 10696
148309483130312, 148309483139956, 9644
148309770400732, 148309770411140, 10408
148309781589228, 148309781597632, 8404
148309784090612, 148309784097808, 7196
148310071081096, 148310071091880, 10784
148310093172868, 148310093182432, 9564
148310116361688, 148310116370720, 9032
148310127546304, 148310127554796, 8492
148310170915732, 148310170924968, 9236
148310196334656, 148310196343536, 8880
148310397081716, 148310397091104, 9388
148310461576372, 148310461585588, 9216
148310487583228, 148310487593712, 10484
148310498856524, 148310498866720, 10196
148310641036692, 148310641045812, 9120
148310643538776, 148310643545932, 7156
148310786923080, 148310786931792, 8712
148310794061472, 148310794069188, 7716
148310805225152, 148310805233540, 8388
148310914026804, 148310914036616, 9812
148311013667480, 148311013676880, 9400
148311035759012, 148311035766428, 7416
148311135909536, 148311135919044, 9508
148311157987492, 148311157995536, 8044
148311201335356, 148311201343460, 8104
148311224524392, 148311224533156, 8764
148311312308652, 148311312319580, 10928
148311355743744, 148311355754196, 10452
148311378957736, 148311378967228, 9492
148311386115932, 148311386124156, 8224
148311408221236, 148311408230164, 8928
148311410745300, 148311410753640, 8340
148311511463960, 148311511474428, 10468
148311511690488, 148311511698752, 8264
148311514274140, 148311514284588, 10448
148311651110400, 148311651120828, 10428
148311673291012, 148311673300888, 9876
148311684473700, 148311684482228, 8528
148311828219656, 148311828229340, 9684
148311914588304, 148311914597712, 9408
148311925769988, 148311925777500, 7512
148312012780388, 148312012791136, 10748
148312054789692, 148312054803600, 13908
148312058088872, 148312058096708, 7836
148292179990016, 148292180000660, 10644
148292226379004, 148292226387424, 8420
148292239779296, 148292239786180, 6884
148292263011420, 148292263021444, 10024
148292483188944, 148292483193732, 4788
148292583680684, 148292583689880, 9196
148292670026596, 148292670036420, 9824
148292780217292, 148292780229464, 12172
148292791375620, 148292791383052, 7432
148292793877204, 148292793885320, 8116
148293041347260, 148293041355852, 8592
148293084710348, 148293084718680, 8332
148293371908548, 148293371918328, 9780
148293472060376, 148293472070656, 10280
148293479207172, 148293479215836, 8664
148293541481376, 148293541491692, 10316
148293548644608, 148293548652148, 7540
148293589793400, 148293589803192, 9792
148293615219168, 148293615227652, 8484
148293715127132, 148293715136384, 9252
148293758526052, 148293758536344, 10292
148293784524080, 148293784533540, 9460
148293795703300, 148293795710896, 7596
148293802854072, 148293802863216, 9144
148293913284324, 148293913293308, 8984
148293947711868, 148293947721456, 9588
148294092333840, 148294092343072, 9232
148294192482780, 148294192491916, 9136
148294271431272, 148294271440052, 8780
148294379631140, 148294379641676, 10536
148294386758004, 148294386766104, 8100
148294465847948, 148294465857296, 9348
148294578588016, 148294578597128, 9112
148294657781048, 148294657790800, 9752
148294670742696, 148294670751936, 9240
148294693942840, 148294693953308, 10468
148294714533596, 148294714542892, 9296
148294952290068, 148294952299936, 9868
148295053616080, 148295053626996, 10916
148295370909116, 148295370918792, 9676
148295373420776, 148295373428772, 7996
148295398951692, 148295398961860, 10168
148295463421212, 148295463430468, 9256
148295465475536, 148295465483620, 8084
148295472602688, 148295472610840, 8152
148295498119172, 148295498128636, 9464
148295585216180, 148295585224696, 8516
148295592380428, 148295592388056, 7628
148295656867872, 148295656877632, 9760
148295664006080, 148295664013796, 7716
148295750508264, 148295750517480, 9216
148295771139260, 148295771148524, 9264
148295778854616, 148295778863728, 9112
148295843394116, 148295843404216, 10100
148295845896156, 148295845904276, 8120
148295919625716, 148295919635152, 9436
148295942798980, 148295942808484, 9504
148295949945460, 148295949953888, 8428
148295991140084, 148295991149496, 9412
148296056211432, 148296056220692, 9260
148296138483000, 148296138492408, 9408
148296224795432, 148296224805432, 10000
148296325273060, 148296325281664, 8604
148296404309180, 148296404317728, 8548
148296411425900, 148296411433504, 7604
148296841574668, 148296841584280, 9612
148296905936356, 148296905944992, 8636
148297306800644, 148297306810940, 10296
148297350187016, 148297350198020, 11004
148297444682832, 148297444693712, 10880
148297451821040, 148297451829676, 8636
148297552434520, 148297552443696, 9176
148297664844916, 148297664854972, 10056
148297808799844, 148297808808964, 9120
148297832016896, 148297832026612, 9716
148297839143276, 148297839151084, 7808
148297882609876, 148297882619572, 9696
148297995107520, 148297995116980, 9460
148298002245996, 148298002254440, 8444
148298146198180, 148298146207892, 9712
148298302068196, 148298302077716, 9520
148298304600828, 148298304609496, 8668
148298529546044, 148298529555124, 9080
148298615927192, 148298615936444, 9252
148298717673716, 148298717682636, 8920
148298720178500, 148298720186308, 7808
148298731354944, 148298731362848, 7904
148298874961568, 148298874969940, 8372
148298996118496, 148298996128860, 10364
148298998628404, 148298998635612, 7208
148299042586660, 148299042596940, 10280
148299068105628, 148299068114532, 8904
148299168253460, 148299168263708, 10248
148299179423872, 148299179431140, 7268
148299279986668, 148299279995604, 8936
148299314367012, 148299314374948, 7936
148299378807620, 148299378816872, 9252
148299385942068, 148299385949660, 7592
148299472281820, 148299472291408, 9588
148299479446976, 148299479455928, 8952
148299504891656, 148299504899992, 8336
148299527522900, 148299527533220, 10320
148299550726396, 148299550735812, 9416
148299557867488, 148299557881628, 14140
148299644242752, 148299644252148, 9396
148299655402644, 148299655410792, 8148
148299734521884, 148299734531152, 9268
148299756637352, 148299756646668, 9316
148299836225064, 148299836235432, 10368
148299858319324, 148299858328208, 8884
148299944532116, 148299944541468, 9352
148300057360844, 148300057369640, 8796
148300064469392, 148300064477300, 7908
148300164458024, 148300164467536, 9512
148300250678020, 148300250686784, 8764
148300262388704, 148300262395876, 7172
148300348606292, 148300348613744, 7452
148300359762964, 148300359771328, 8364
148300362277900, 148300362285792, 7892
148300483838580, 148300483850552, 11972
148300498093316, 148300498101084, 7768
148300709157780, 148300709168484, 10704
148301115261300, 148301115270576, 9276
148301115932584, 148301115939508, 6924
148301152680636, 148301152688860, 8224
148301296553112, 148301296562620, 9508
148301454714428, 148301454723312, 8884
148301541603296, 148301541613280, 9984
148301564804760, 148301564814396, 9636
148301643936140, 148301643945404, 9264
148301655136420, 148301655146044, 9624
148301680558328, 148301680568336, 10008
148301691754888, 148301691764080, 9192
148301735150180, 148301735160476, 10296
148301846135852, 148301846145244, 9392
148301889518020, 148301889527564, 9544
148301989905708, 148301989915644, 9936
148302001066184, 148302001074024, 7840
148302027060588, 148302027070100, 9512
148302039252580, 148302039263032, 10452
148302062495432, 148302062504884, 9452
148302114850856, 148302114860376, 9520
148302258626760, 148302258636496, 9736
148302322960908, 148302322969324, 8416
148302330089248, 148302330097916, 8668
148302353260452, 148302353269352, 8900
148302465372500, 148302465380700, 8200
148302488546184, 148302488554176, 7992
148302499691724, 148302499699236, 7512
148302543587304, 148302543597064, 9760
148302550733072, 148302550740608, 7536
148302553236076, 148302553244168, 8092
148302576388188, 148302576396280, 8092
148302577686380, 148302577694264, 7884
148302588834232, 148302588842112, 7880
148302729587592, 148302729596220, 8628
148302948619244, 148302948630416, 11172
148302970972276, 148302970981556, 9280
148302978085556, 148302978092796, 7240
148303064991776, 148303065009824, 18048
148303072138192, 148303072146232, 8040
148303074654488, 148303074661404, 6916
148303161007880, 148303161017668, 9788
148303183117376, 148303183127596, 10220
148303484193512, 148303484202628, 9116
148303491400148, 148303491409640, 9492
148303571107040, 148303571116372, 9332
148303593204824, 148303593214320, 9496
148303750070776, 148303750079592, 8816
148303862913604, 148303862922328, 8724
148303885041268, 148303885049764, 8496
148303971555284, 148303971564356, 9072
148304084553056, 148304084562008, 8952
148304184686652, 148304184696028, 9376
148304225785544, 148304225793552, 8008
148304384252656, 148304384261420, 8764
148304391397096, 148304391404520, 7424
148304557057524, 148304557065520, 7996
148304559565828, 148304559572516, 6688
148304638611476, 148304638620376, 8900
148304702891984, 148304702900792, 8808
148304710031344, 148304710039596, 8252
148304732094908, 148304732103112, 8204
148304743255856, 148304743263344, 7488
148304787150108, 148304787158680, 8572
148304823895676, 148304823904044, 8368
148304902712804, 148304902723500, 10696
148304924898924, 148304924907408, 8484
148304968843180, 148304968848360, 5180
148305006211692, 148305006221528, 9836
148305092614736, 148305092624720, 9984
148305157323064, 148305157332512, 9448
148305159838772, 148305159847108, 8336
148305185438080, 148305185447924, 9844
148305307770316, 148305307782380, 12064
148305408102672, 148305408112608, 9936
148305415239920, 148305415248284, 8364
148305438469828, 148305438478280, 8452
148305440974144, 148305440982136, 7992
148305585153236, 148305585162556, 9320
148305697615304, 148305697624076, 8772
148305708856864, 148305708866016, 9152
148305732086216, 148305732095528, 9312
148305758099896, 148305758109172, 9276
148305901671164, 148305901680852, 9688
148305908869208, 148305908877716, 8508
148305932164492, 148305932174328, 9836
148306017472896, 148306017481820, 8924
148306028716808, 148306028726380, 9572
148306065737932, 148306065745996, 8064
148306072932408, 148306072947972, 15564
148306109951680, 148306109961060, 9380
148306135454568, 148306135463328, 8760
148306178944260, 148306178953356, 9096
148306202181516, 148306202191596, 10080
148306204689488, 148306204697248, 7760
148306215937792, 148306215946940, 9148
148306239429860, 148306239439492, 9632
148306246553560, 148306246561308, 7748
148306311645284, 148306311654040, 8756
148306334824148, 148306334834420, 10272
148306360197608, 148306360207480, 9872
148306463781004, 148306463790740, 9736
148306895749160, 148306895758088, 8928
148306918000212, 148306918009480, 9268
148306925147936, 148306925156276, 8340
148306950703092, 148306950713120, 10028
148307051401760, 148307051410600, 8840
148307115913352, 148307115923204, 9852
148307139105336, 148307139114524, 9188
148307141611992, 148307141619200, 7208
148307307932148, 148307307942716, 10568
148307480834696, 148307480844840, 10144
148307624570240, 148307624579380, 9140
148307689028720, 148307689037328, 8608
148307696156780, 148307696164952, 8172
148307796951352, 148307796960608, 9256
148307883295996, 148307883305648, 9652
148307894513460, 148307894523072, 9612
148307997992192, 148307998003360, 11168
148308023443152, 148308023453228, 10076
148308110011956, 148308110021168, 9212
148308121226364, 148308121236728, 10364
148308144467252, 148308144477676, 10424
148308230877696, 148308230887304, 9608
148308374657932, 148308374667584, 9652
148308400089212, 148308400097244, 8032
148308486329472, 148308486337396, 7924
148308508964592, 148308508972864, 8272
148308520136704, 148308520143576, 6872
148308606445720, 148308606453540, 7820
148308617612168, 148308617620124, 7956
148308640779640, 148308640787636, 7996
148308647897964, 148308647905268, 7304
148308691356808, 148308691366592, 9784
148308709838432, 148308709848408, 9976
148308716963172, 148308717002360, 39188
148308799051372, 148308799061184, 9812
148308843177808, 148308843186156, 8348
148308886530612, 148308886539116, 8504
148308893671300, 148308893679032, 7732
148308919127580, 148308919135660, 8080
148308942266288, 148308942273476, 7188
148308985453892, 148308985461108, 7216
148308993113288, 148308993121356, 8068
148308995610668, 148308995617572, 6904
148309021009580, 148309021017336, 7756
148309081980836, 148309081992072, 11236
148309098694268, 148309098701604, 7336
148309101194068, 148309101200744, 6676
148309148869112, 148309148877956, 8844
148309155988872, 148309155996188, 7316
148309208403916, 148309208415284, 11368
148309262268620, 148309262279400, 10780
148309269382316, 148309269390664, 8348
148309355632604, 148309355641728, 9124
148309358150952, 148309358157860, 6908
148309401943600, 148309401955168, 11568
148309488445944, 148309488455544, 9600
148309535341592, 148309535350276, 8684
148309578709248, 148309578718024, 8776
148309600797404, 148309600806272, 8868
148310004088732, 148310004099488, 10756
148310050429404, 148310050438592, 9188
148310061581752, 148310061589372, 7620
148310333130596, 148310333141764, 11168
148310383911460, 148310383919640, 8180
148310504633564, 148310504643392, 9828
148310905117436, 148310905127788, 10352
148310991918624, 148310991927828, 9204
148311134963716, 148311134972580, 8864
148311199249656, 148311199258084, 8428
148311206378508, 148311206386604, 8096
148311208900276, 148311208908016, 7740
148311234271816, 148311234280012, 8196
148311276402336, 148311276413784, 11448
148311301819576, 148311301828428, 8852
148311304359656, 148311304368288, 8632
148311543634436, 148311543644848, 10412
148311557867208, 148311557874808, 7600
148311601218852, 148311601227628, 8776
148311626658560, 148311626668952, 10392
148311633795152, 148311633802892, 7740
148311720099756, 148311720109968, 10212
148311826865432, 148311826875788, 10356
148311849192600, 148311849200804, 8204
148311851695788, 148311851703724, 7936
148311895022520, 148311895030868, 8348
148311995568780, 148311995578892, 10112
148311998086568, 148311998094844, 8276
148312020201928, 148312020209460, 7532
148292183968332, 148292183982624, 14292
148292198238664, 148292198247452, 8788
148292223655892, 148292223664928, 9036
148292288869464, 148292288878392, 8928
148292299602132, 148292299610188, 8056
148292325071296, 148292325080864, 9568
148292348268476, 148292348276924, 8448
148292355388152, 148292355395464, 7312
148292357915836, 148292357923272, 7436
148292369087032, 148292369094656, 7624
148292403304688, 148292403311860, 7172
148292428714660, 148292428721640, 6980
148292435853876, 148292435860752, 6876
148292491064328, 148292491074896, 10568
148292514235972, 148292514244780, 8808
148292540174324, 148292540182600, 8276
148292574836592, 148292574848396, 11804
148292598000800, 148292598009728, 8928
148292660566392, 148292660577936, 11544
148292671725104, 148292671733068, 7964
148292674518372, 148292674526112, 7740
148292706550064, 148292706561484, 11420
148292727130128, 148292727140136, 10008
148292730359720, 148292730367132, 7412
148292750975804, 148292750985944, 10140
148292834672388, 148292834681064, 8676
148292857857256, 148292857867572, 10316
148292958129236, 148292958138216, 8980
148292980237516, 148292980248024, 10508
148292991404608, 148292991412492, 7884
148293104051544, 148293104059596, 8052
148293204364088, 148293204372384, 8296
148293206877440, 148293206885128, 7688
148293293803196, 148293293812200, 9004
148293319245812, 148293319255104, 9292
148293321755300, 148293321763220, 7920
148293823183468, 148293823193584, 10116
148293985454104, 148293985463468, 9364
148293987961432, 148293987969384, 7952
148294088689260, 148294088698644, 9384
148294111923040, 148294111931760, 8720
148294134074808, 148294134084056, 9248
148294246330532, 148294246340540, 10008
148294257482292, 148294257490112, 7820
148294764449640, 148294764460032, 10392
148294897446932, 148294897455620, 8688
148294922851540, 148294922859828, 8288
148294929993128, 148294930001536, 8408
148294966924364, 148294966934272, 9908
148295067784424, 148295067794324, 9900
148295070291148, 148295070298736, 7588
148295113760144, 148295113769536, 9392
148295120885380, 148295120893804, 8424
148295194630772, 148295194639880, 9108
148295199153868, 148295199160844, 6976
148295236007740, 148295236017112, 9372
148295238518696, 148295238525732, 7036
148295245100608, 148295245110500, 9892
148295282478508, 148295282486808, 8300
148295394981252, 148295394991200, 9948
148295554027520, 148295554036812, 9292
148295654239412, 148295654248652, 9240
148295677457816, 148295677467528, 9712
148295714296544, 148295714306268, 9724
148295734848904, 148295734858252, 9348
148295847793588, 148295847802956, 9368
148295868432120, 148295868440992, 8872
148295875610864, 148295875617928, 7064
148295937385572, 148295937398668, 13096
148296011076256, 148296011086372, 10116
148296052809348, 148296052818584, 9236
148296059947812, 148296059955412, 7600
148296062447528, 148296062454864, 7336
148296105916280, 148296105925920, 9640
148296185115236, 148296185124432, 9196
148296187620992, 148296187627808, 6816
148296224395352, 148296224405164, 9812
148296231513304, 148296231521320, 8016
148296311063212, 148296311071964, 8752
148296352166440, 148296352174576, 8136
148296452109152, 148296452117500, 8348
148296475270968, 148296475279544, 8576
148296500681028, 148296500689104, 8076
148296613381964, 148296613390508, 8544
148296636545640, 148296636554208, 8568
148296647738644, 148296647746612, 7968
148296673154332, 148296673162412, 8080
148296675657032, 148296675664932, 7900
148296682787248, 148296682795164, 7916
148296747147308, 148296747154668, 7360
148296758270220, 148296758278384, 8164
148296964153648, 148296964162004, 8356
148297188909372, 148297188917944, 8572
148297197017412, 148297197025296, 7884
148297300393696, 148297300402832, 9136
148297311632512, 148297311642740, 10228
148297334786968, 148297334795572, 8604
148297434891816, 148297434901108, 9292
148297460339932, 148297460348260, 8328
148297547298612, 148297547306760, 8148
148297570510228, 148297570518520, 8292
148297577630172, 148297577637992, 7820
148297742412352, 148297742420648, 8296
148297764586092, 148297764594444, 8352
148297851564604, 148297851574048, 9444
148297930786096, 148297930795824, 9728
148297937928076, 148297937936292, 8216
148297963425164, 148297963434336, 9172
148297965933388, 148297965941384, 7996
148298053053844, 148298053062820, 8976
148298076250940, 148298076259868, 8928
148298188747136, 148298188756264, 9128
148298232141008, 148298232150368, 9360
148298318909212, 148298318917680, 8468
148298401847924, 148298401850116, 2192
148298480935608, 148298480944792, 9184
148298503064840, 148298503074696, 9856
148298582786960, 148298582796320, 9360
148298593297604, 148298593306352, 8748
148298613863544, 148298613871004, 7460
148298637075916, 148298637085372, 9456
148298648293800, 148298648303624, 9824
148298670405220, 148298670414408, 9188
148298713772164, 148298713781928, 9764
148298736949916, 148298736957568, 7652
148298752830228, 148298752838456, 8228
148298775455416, 148298775462712, 7296
148298798635396, 148298798643708, 8312
148298801167320, 148298801175624, 8304
148298904440024, 148298904445304, 5280
148298925067660, 148298925076940, 9280
148298928319520, 148298928327140, 7620
148298949051508, 148298949061164, 9656
148298972275972, 148298972286060, 10088
148298994417160, 148298994426876, 9716
148299078211064, 148299078220344, 9280
148299089418120, 148299089428620, 10500
148299111528636, 148299111538308, 9672
148299134731344, 148299134739040, 7696
148299178077996, 148299178085480, 7484
148299200149996, 148299200157816, 7820
148300172706064, 148300172715440, 9376
148300195183340, 148300195191352, 8012
148300237498980, 148300237507200, 8220
148300483841220, 148300483846164, 4944
148300880870752, 148300880879784, 9032
148300883408392, 148300883418180, 9788
148300905513396, 148300905522824, 9428
148301005923524, 148301005933172, 9648
148301013624940, 148301013633008, 8068
148301039098280, 148301039108564, 10284
148301125261668, 148301125271984, 10316
148301127134916, 148301127143064, 8148
148301150307140, 148301150315908, 8768
148301234803204, 148301234812004, 8800
148301246019452, 148301246028204, 8752
148301311151452, 148301311161128, 9676
148301397424824, 148301397433748, 8924
148302166891672, 148302166901464, 9792
148302238129920, 148302238138456, 8536
148302251832524, 148302251840628, 8104
148302295752652, 148302295760640, 7988
148302317833296, 148302317841276, 7980
148302343253064, 148302343260012, 6948
148302345756588, 148302345764248, 7660
148302424805832, 148302424813980, 8148
148302489182284, 148302489190300, 8016
148302576037884, 148302576046100, 8216
148302613714816, 148302613725028, 10212
148302700182572, 148302700192276, 9704
148302702706140, 148302702714140, 8000
148302724808528, 148302724818320, 9792
148302804438788, 148302804449164, 10376
148304161093720, 148304161103972, 10252
148304648302216, 148304648311152, 8936
148304805837480, 148304805845824, 8344
148304827886260, 148304827894720, 8460
148305052887868, 148305052896704, 8836
148305060009472, 148305060016664, 7192
148305062546724, 148305062555248, 8524
148306946974348, 148306946984900, 10552
148289995652976, 148289995663612, 10636
148289995720380, 148289995727056, 6676
148289995759656, 148289995766892, 7236
148289995888936, 148289995895756, 6820
148289995915240, 148289995922012, 6772
148289995946312, 148289995953212, 6900
148289995976900, 148289995983700, 6800
148289996023688, 148289996030736, 7048
148289996094412, 148289996101092, 6680
148289996252476, 148289996259400, 6924
148289996338388, 148289996345196, 6808
148289996362456, 148289996369076, 6620
148289996387576, 148289996394432, 6856
148289996438208, 148289996445808, 7600
148291988715980, 148291988730240, 14260
148291988749340, 148291988756804, 7464
148291988770904, 148291988778048, 7144
148291988790416, 148291988797696, 7280
148291988810720, 148291988817644, 6924
148291988830556, 148291988837508, 6952
148291988850648, 148291988857344, 6696
148291988870076, 148291988876704, 6628
148292012518512, 148292012529800, 11288
148292036460204, 148292036465696, 5492
148292060398356, 148292060403624, 5268
148292084306060, 148292084310648, 4588
148292108216644, 148292108221764, 5120
148292132143636, 148292132148432, 4796
148292156068196, 148292156073284, 5088
148292176691544, 148292176701884, 10340
148292187871256, 148292187878964, 7708
148292249591188, 148292249599728, 8540
148292251746712, 148292251753600, 6888
148292327580392, 148292327584924, 4532
148292657149380, 148292657158276, 8896
148292659661676, 148292659669308, 7632
148292682525036, 148292682535112, 10076
148292778234424, 148292778245684, 11260
148292804173892, 148292804181924, 8032
148292916556796, 148292916566596, 9800
148292939862468, 148292939871952, 9484
148293087681540, 148293087691492, 9952
148293152259120, 148293152268376, 9256
148293264691420, 148293264701160, 9740
148293365230340, 148293365240816, 10476
148293372354932, 148293372362812, 7880
148293484760644, 148293484769436, 8792
148293506891248, 148293506900688, 9440
148293626879536, 148293626887436, 7900
148293713118540, 148293713128108, 9568
148293792758972, 148293792767340, 8368
148293814865924, 148293814875492, 9568
148293893977512, 148293893985860, 8348
148293902934908, 148293902944432, 9524
148293982000320, 148293982010328, 10008
148294007448092, 148294007457752, 9660
148294086309956, 148294086319800, 9844
148294111778236, 148294111788220, 9984
148294185500472, 148294185509732, 9260
148294188004424, 148294188012124, 7700
148294252381832, 148294252390128, 8296
148294276133340, 148294276141648, 8308
148294388618904, 148294388629024, 10120
148294414050684, 148294414059684, 9000
148294416559960, 148294416567700, 7740
148294481056804, 148294481065728, 8924
148294506471704, 148294506481612, 9908
148294530232320, 148294530241424, 9104
148294532745568, 148294532753884, 8316
148294619168048, 148294619176844, 8796
148294630325800, 148294630336588, 10788
148294632847060, 148294632854788, 7728
148294745319944, 148294745329296, 9352
148294752006440, 148294752014652, 8212
148294834801312, 148294834810672, 9360
148296160401952, 148296160412132, 10180
148296469766912, 148296469776956, 10044
148296770487196, 148296770495760, 8564
148297313048616, 148297313059216, 10600
148297551063996, 148297551074208, 10212
148297553596856, 148297553606384, 9528
148297618079404, 148297618088104, 8700
148297620601160, 148297620609144, 7984
148297646062884, 148297646072864, 9980
148297725271552, 148297725281384, 9832
148297838290628, 148297838299584, 8956
148297840820628, 148297840828816, 8188
148297941082912, 148297941091292, 8380
148297963247152, 148297963256956, 9804
148297986521388, 148297986531228, 9840
148298187545392, 148298187555096, 9704
148298188021152, 148298188028852, 7700
148298195180720, 148298195190016, 9296
148298218388768, 148298218398060, 9292
148298243794788, 148298243804360, 9572
148298305955116, 148298305963624, 8508
148298691023492, 148298691034184, 10692
148298793130656, 148298793138228, 7572
148298912494056, 148298912504684, 10628
148299012801352, 148299012810500, 9148
148299125801344, 148299125809656, 8312
148299219460012, 148299219464696, 4684
148299306356432, 148299306364448, 8016
148299328451740, 148299328460528, 8788
148299371856272, 148299371865692, 9420
148299450974228, 148299450983696, 9468
148299474183860, 148299474193644, 9784
148299632922724, 148299632931908, 9184
148299655028016, 148299655038332, 10316
148299678246296, 148299678255504, 9208
148299703726232, 148299703736708, 10476
148299726936244, 148299726944972, 8728
148299734078096, 148299734086284, 8188
148299820995392, 148299821004832, 9440
148299844209576, 148299844219452, 9876
148299923363180, 148299923372432, 9252
148299934535172, 148299934542408, 7236
148300014205228, 148300014214824, 9596
148300097182140, 148300097190764, 8624
148300108374272, 148300108383936, 9664
148300483855864, 148300483866440, 10576
148300785461652, 148300785471048, 9396
148300849878660, 148300849887996, 9336
148300936317040, 148300936326084, 9044
148301174206616, 148301174215820, 9204
148301181332408, 148301181340732, 8324
148301294275120, 148301294284744, 9624
148301316398668, 148301316408840, 10172
148301318902708, 148301318911008, 8300
148301461943092, 148301461951264, 8172
148301574635436, 148301574640096, 4660
148301611444108, 148301611453700, 9592
148301633575556, 148301633585060, 9504
148301656787352, 148301656796668, 9316
148301735903000, 148301735911844, 8844
148301822839688, 148301822849108, 9420
148301846073940, 148301846082904, 8964
148302158935152, 148302158946656, 11504
148302225118972, 148302225127880, 8908
148302248281336, 148302248290328, 8992
148302335101872, 148302335110480, 8608
148302346263372, 148302346270940, 7568
148302432510976, 148302432518968, 7992
148302543803004, 148302543807632, 4628
148302702046844, 148302702056644, 9800
148302713234728, 148302713245592, 10864
148302738630716, 148302738638632, 7916
148302741134540, 148302741142300, 7760
148302806092380, 148302806101052, 8672
148302813223804, 148302813231924, 8120
148302889154120, 148302889163068, 8948
148302911290428, 148302911300108, 9680
148303002673700, 148303002683740, 10040
148303028647980, 148303028657148, 9168
148303050763384, 148303050772964, 9580
148303381366988, 148303381376840, 9852
148304000181448, 148304000190932, 9484
148304044236844, 148304044245420, 8576
148304046738660, 148304046745792, 7132
148304133223820, 148304133234028, 10208
148304174333644, 148304174343116, 9472
148304247900236, 148304247908876, 8640
148304310074800, 148304310083464, 8664
148304312638104, 148304312644864, 6760
148304333113624, 148304333121336, 7712
148304376285976, 148304376293924, 7948
148304478992900, 148304479000240, 7340
148304480151020, 148304480157808, 6788
148304500705728, 148304500712524, 6796
148304504079444, 148304504086096, 6652
148304524625224, 148304524633080, 7856
148304636748852, 148304636757432, 8580
148304643894992, 148304643903188, 8196
148304687183964, 148304687191956, 7992
148304698344964, 148304698352712, 7748
148304735101920, 148304735110444, 8524
148304737622928, 148304737630804, 7876
148304739399312, 148304739405924, 6612
148304776706332, 148304776714820, 8488
148304982259756, 148304982269268, 9512
148305082988904, 148305082997828, 8924
148305126498512, 148305126508048, 9536
148305133722536, 148305133729568, 7032
148305220563900, 148305220573212, 9312
148305264700816, 148305264710708, 9892
148305287963388, 148305287972740, 9352
148305299099512, 148305299107336, 7824
148305324615292, 148305324623628, 8336
148305327116040, 148305327123952, 7912
148305413817428, 148305413826980, 9552
148305439310400, 148305439320012, 9612
148305461795632, 148305461805752, 10120
148305468926780, 148305468935024, 8244
148305556037012, 148305556045240, 8228
148305563229256, 148305563239604, 10348
148305574423096, 148305574431184, 8088
148305597671756, 148305597681476, 9720
148305741320204, 148305741328432, 8228
148305753046752, 148305753054196, 7444
148305755563592, 148305755571620, 8028
148305856055388, 148305856064460, 9072
148305929996356, 148305930004896, 8540
148305931917156, 148305931924228, 7072
148305968857396, 148305968866820, 9424
148305975983028, 148305975990436, 7408
148305977781840, 148305977788880, 7040
148306015242880, 148306015252212, 9332
148306038505396, 148306038515632, 10236
148306064062176, 148306064071112, 8936
148306066566680, 148306066574516, 7836
148306131271536, 148306131281124, 9588
148306205149892, 148306205158636, 8744
148306207118560, 148306207125764, 7204
148306244016568, 148306244026488, 9920
148306267825524, 148306267834832, 9308
148306367999184, 148306368007256, 8072
148306379248396, 148306379257900, 9504
148306479423508, 148306479432948, 9440
148306503152168, 148306503161752, 9584
148306505661096, 148306505669432, 8336
148306706099276, 148306706107420, 8144
148306717268516, 148306717276292, 7776
148306742843892, 148306742853652, 9760
148306750506852, 148306750514920, 8068
148306836945352, 148306836954544, 9192
148306938039156, 148306938048396, 9240
148307122746948, 148307122755688, 8740
148307144860336, 148307144869292, 8956
148307288844124, 148307288852872, 8748
148308374846008, 148308374857092, 11084
