148287919086932, 148287919095328, 8396
148287935854176, 148287935861728, 7552
148287953096480, 148287953105168, 8688
148292178012140, 148292178015496, 3356
148292178033352, 148292178039184, 5832
148292214828088, 148292214833172, 5084
148292251704040, 148292251709972, 5932
148292289191348, 148292289197332, 5984
148292326148232, 148292326154484, 6252
148292362913180, 148292362918064, 4884
148292399690712, 148292399695476, 4764
148292436444740, 148292436449112, 4372
148292473217636, 148292473222076, 4440
148292510054384, 148292510060068, 5684
148292547378172, 148292547382912, 4740
148292584139488, 148292584144064, 4576
148292620946580, 148292620952428, 5848
148292657762272, 148292657767968, 5696
148292694552132, 148292694556560, 4428
148292731443984, 148292731449752, 5768
148292768381268, 148292768386696, 5428
148292814137788, 148292814142660, 4872
148292850941900, 148292850956064, 14164
148292860012524, 148292860017164, 4640
148292896893988, 148292896908180, 14192
148292983488584, 148292983497184, 8600
148292986017856, 148292986025108, 7252
148293086565552, 148293086572132, 6580
148293187079220, 148293187082056, 2836
148293223748956, 148293223753960, 5004
148293260532360, 148293260538516, 6156
148293297927924, 148293297933580, 5656
148293334755312, 148293334760948, 5636
148293371536740, 148293371541316, 4576
148293408345656, 148293408371076, 25420
148293445215596, 148293445221040, 5444
148293482160000, 148293482165352, 5352
148293518995316, 148293519001280, 5964
148293556365796, 148293556371368, 5572
148293593210636, 148293593219172, 8536
148293593832824, 148293593834296, 1472
148293630660436, 148293630668852, 8416
148293695116808, 148293695124260, 7452
148293697640640, 148293697648832, 8192
148293708843560, 148293708852504, 8944
148293715984992, 148293715992384, 7392
148293926871356, 148293926874180, 2824
148293952265196, 148293952273940, 8744
148294096162804, 148294096170608, 7804
148294175426124, 148294175435584, 9460
148294198621884, 148294198630016, 8132
148294235414696, 148294235423100, 8404
148294242558072, 148294242565048, 6976
148294281858284, 148294281867508, 9224
148294379606772, 148294379609652, 2880
148294390763072, 148294390772408, 9336
148294397908892, 148294397916096, 7204
148294484386204, 148294484395504, 9300
148294564113528, 148294564122276, 8748
148294573040100, 148294573048576, 8476
148294593625840, 148294593652260, 26420
148294619096124, 148294619120996, 24872
148294719386164, 148294719408896, 22732
148294740016824, 148294740040212, 23388
148294740513696, 148294740526112, 12416
148294777923376, 148294777947580, 24204
148294789152196, 148294789172092, 19896
148294814588724, 148294814608184, 19460
148294900913928, 148294900934404, 20476
148294944374504, 148294944392336, 17832
148295031699424, 148295031713212, 13788
148295068653108, 148295068663308, 10200
148295105529656, 148295105546308, 16652
148295128857324, 148295128871360, 14036
148295229116708, 148295229128932, 12224
148295247867696, 148295247882456, 14760
148295266827712, 148295266840736, 13024
148295290632776, 148295290646688, 13912
148295334113084, 148295334126204, 13120
148295354801324, 148295354812768, 11444
148295375420492, 148295375431568, 11076
148295396035536, 148295396046300, 10764
148295416659552, 148295416669852, 10300
148295437264780, 148295437275372, 10592
148295457897580, 148295457912280, 14700
148295458403096, 148295458408892, 5796
148295479019524, 148295479033592, 14068
148295515908600, 148295515922348, 13748
148295628992416, 148295629004036, 11620
148295772922344, 148295772933968, 11624
148295793476052, 148295793485880, 9828
148295814081316, 148295814090836, 9520
148295834664160, 148295834675524, 11364
148295860142728, 148295860154156, 11428
148295883423440, 148295883434840, 11400
148295926890696, 148295926901376, 10680
148295952353832, 148295952365612, 11780
148295954871904, 148295954881208, 9304
148296055768256, 148296055780224, 11968
148296092660076, 148296092670160, 10084
148296129593764, 148296129604192, 10428
148296166499388, 148296166511040, 11652
148296187084452, 148296187108444, 23992
148296207662496, 148296207667832, 5336
148296228199764, 148296228205444, 5680
148296248729656, 148296248734368, 4712
148296269267780, 148296269273280, 5500
148296295246032, 148296295252520, 6488
148296332057112, 148296332061952, 4840
148296368837060, 148296368843064, 6004
148296389400700, 148296389405952, 5252
148296409966784, 148296409971752, 4968
148296430518316, 148296430523472, 5156
148296451076884, 148296451081600, 4716
148296471644428, 148296471649520, 5092
148296492197652, 148296492202276, 4624
148296512743880, 148296512748728, 4848
148296533841648, 148296533846600, 4952
148296554396984, 148296554401620, 4636
148296574940560, 148296574945224, 4664
148296595505240, 148296595509756, 4516
148296616042724, 148296616048144, 5420
148296618545484, 148296618549736, 4252
148296639124916, 148296639129932, 5016
148296659679916, 148296659684480, 4564
148296680239948, 148296680244660, 4712
148296700825184, 148296700829904, 4720
148296721367072, 148296721371436, 4364
148296741919136, 148296741925276, 6140
148296763950604, 148296763956792, 6188
148296789817236, 148296789822836, 5600
148296811843328, 148296811851384, 8056
148296924031388, 148296924037672, 6284
148296931171900, 148296931179896, 7996
148297017542108, 148297017548380, 6272
148297160785004, 148297160790144, 5140
148297304752000, 148297304759648, 7648
148297325322220, 148297325327348, 5128
148297444661500, 148297444663596, 2096
148297465232572, 148297465238120, 5548
148297485814796, 148297485821532, 6736
148297506393500, 148297506399492, 5992
148297527535676, 148297527541304, 5628
148297548107712, 148297548113396, 5684
148297568702204, 148297568707704, 5500
148297589325640, 148297589331508, 5868
148297609938180, 148297609943480, 5300
148297630560996, 148297630566880, 5884
148297651160072, 148297651166088, 6016
148297671765676, 148297671771776, 6100
148297692349820, 148297692355388, 5568
148297712932044, 148297712938064, 6020
148297733538416, 148297733544208, 5792
148297754210632, 148297754215980, 5348
148297775344964, 148297775350288, 5324
148297795957676, 148297795962992, 5316
148297816558772, 148297816564612, 5840
148297837137232, 148297837142816, 5584
148297857759104, 148297857764344, 5240
148297878357788, 148297878362928, 5140
148297898936960, 148297898942216, 5256
148297919563068, 148297919568072, 5004
148297940150240, 148297940155552, 5312
148297960771692, 148297960777080, 5388
148297981403688, 148297981408968, 5280
148298001989752, 148298001995228, 5476
148298023124576, 148298023129788, 5212
148298043744424, 148298043749936, 5512
148298064384916, 148298064395232, 10316
148298066814644, 148298066815900, 1256
148298087425048, 148298087432892, 7844
148298094565000, 148298094573148, 8148
148298115199040, 148298115204632, 5592
148298135810244, 148298135818872, 8628
148298138603500, 148298138604656, 1156
148298159204532, 148298159211712, 7180
148298162535432, 148298162536716, 1284
148298183124072, 148298183131172, 7100
148298201943536, 148298201952824, 9288
148298302554792, 148298302561284, 6492
148298325736472, 148298325744992, 8520
148298351163212, 148298351171316, 8104
148298358308448, 148298358315468, 7020
148298380386600, 148298380394956, 8356
148298391560512, 148298391568584, 8072
148298477979000, 148298477987676, 8676
148298578610460, 148298578615696, 5236
148298678713668, 148298678719596, 5928
148298765362856, 148298765371864, 9008
148298772487716, 148298772495668, 7952
148298884653560, 148298884661020, 7460
148298963982316, 148298963992608, 10292
148298989545060, 148298989553536, 8476
148299069337164, 148299069346088, 8924
148299092573880, 148299092580912, 7032
148299171677792, 148299171683204, 5412
148299250692228, 148299250701600, 9372
148299276676976, 148299276685016, 8040
148299355804504, 148299355810364, 5860
148299381245916, 148299381254728, 8812
148299404466912, 148299404474928, 8016
148299426569324, 148299426578012, 8688
148299570432068, 148299570438044, 5976
148299682765196, 148299682771676, 6480
148299726192844, 148299726200996, 8152
148299791039816, 148299791046944, 7128
148299816488764, 148299816498304, 9540
148299823641084, 148299823651596, 10512
148299834836560, 148299834844288, 7728
148299934958948, 148299934964248, 5300
148300035611156, 148300035617696, 6540
148300114714212, 148300114721516, 7304
148300137925544, 148300137934164, 8620
148300160040308, 148300160048632, 8324
148300171241852, 148300171250732, 8880
148300272419924, 148300272425184, 5260
148300372433504, 148300372441704, 8200
148300415856100, 148300415864144, 8044
148300559754276, 148300559762428, 8152
148300644185124, 148300644193684, 8560
148300687772212, 148300687778968, 6756
148300695206692, 148300695211808, 5116
148300782336340, 148300782350808, 14468
148300804470068, 148300804484524, 14456
148300829933408, 148300829947012, 13604
148300873396536, 148300873410736, 14200
148300884622188, 148300884630876, 8688
148300907830080, 148300907837280, 7200
148300933371148, 148300933380708, 9560
148300950447524, 148300950468868, 21344
148300973679572, 148300973686528, 6956
148301017743180, 148301017750340, 7160
148301020270636, 148301020278956, 8320
148301034165492, 148301034167300, 1808
148301057351756, 148301057360384, 8628
148301068524028, 148301068530032, 6004
148301132878152, 148301132885124, 6972
148301140016144, 148301140024556, 8412
148301141853800, 148301141854980, 1180
148301153010500, 148301153016760, 6260
148301196367632, 148301196375392, 7760
148301218476676, 148301218485388, 8712
148301220982948, 148301220988880, 5932
148301345278928, 148301345281712, 2784
148301352393680, 148301352399040, 5360
148301359517120, 148301359523672, 6552
148301370670340, 148301370678008, 7668
148301414032208, 148301414039536, 7328
148301425206000, 148301425213476, 7476
148301427748904, 148301427758092, 9188
148301453203648, 148301453212324, 8676
148301476393356, 148301476402720, 9364
148301556080268, 148301556088104, 7836
148301558586628, 148301558593360, 6732
148301602011660, 148301602019972, 8312
148301688456604, 148301688465684, 9080
148301832239992, 148301832247120, 7128
148301843405264, 148301843411796, 6532
148301868888756, 148301868897820, 9064
148301871396988, 148301871404208, 7220
148301882578284, 148301882584772, 6488
148302026676968, 148302026683564, 6596
148302127008628, 148302127016816, 8188
148302129512900, 148302129520600, 7700
148302152745848, 148302152754424, 8576
148302163931284, 148302163938036, 6752
148302264479084, 148302264486356, 7272
148302407519236, 148302407525516, 6280
148302418692752, 148302418700780, 8028
148302462056848, 148302462065456, 8608
148302469184492, 148302469192220, 7728
148302491257768, 148302491265376, 7608
148302721290584, 148302721293452, 2868
148302728410308, 148302728415664, 5356
148302735540048, 148302735547784, 7736
148302879467404, 148302879474468, 7064
148302886643484, 148302886652880, 9396
148302912182120, 148302912189820, 7700
148302991495988, 148302991504680, 8692
148303056481904, 148303056490200, 8296
148303156595216, 148303156601552, 6336
148303167798536, 148303167807564, 9028
148303174778072, 148303174785580, 7508
148303200234148, 148303200240028, 5880
148303202774888, 148303202782576, 7688
148303228233948, 148303228242408, 8460
148303235279380, 148303235286792, 7412
148303279242600, 148303279251780, 9180
148303285614072, 148303285615672, 1600
148303288114072, 148303288119620, 5548
148303291595060, 148303291596132, 1072
148303295581800, 148303295583028, 1228
148303306783228, 148303306790356, 7128
148303328286304, 148303328293860, 7556
148303348638916, 148303348646984, 8068
148303458697968, 148303458703796, 5828
148303523831344, 148303523841552, 10208
148303549353756, 148303549360924, 7168
148303649572516, 148303649579772, 7256
148303686368400, 148303686373660, 5260
148303723240184, 148303723248844, 8660
148303730322872, 148303730324052, 1180
148303767745028, 148303767754376, 9348
148303774898772, 148303774906520, 7748
148303776188628, 148303776189976, 1348
148303813062216, 148303813069864, 7648
148303822074160, 148303822075896, 1736
148303858972700, 148303858980992, 8292
148304003147088, 148304003154600, 7512
148304023779492, 148304023789092, 9600
148304025467944, 148304025469180, 1236
148304046090264, 148304046105304, 15040
148304053245708, 148304053252572, 6864
148304073869820, 148304073874916, 5096
148304094464920, 148304094473140, 8220
148304097258184, 148304097259756, 1572
148304117838648, 148304117846296, 7648
148304197034604, 148304197041872, 7268
148304222449236, 148304222457560, 8324
148304309311424, 148304309318260, 6836
148304316429480, 148304316437812, 8332
148304413867020, 148304413878272, 11252
148304557486092, 148304557491088, 4996
148304700392104, 148304700397876, 5772
148304725724748, 148304725732852, 8104
148304748888960, 148304748895460, 6500
148304774832872, 148304774840088, 7216
148304781980540, 148304781988592, 8052
148304847175096, 148304847183128, 8032
148304872563104, 148304872581904, 18800
148304916045672, 148304916064228, 18556
148304939237124, 148304939255968, 18844
148304994376872, 148304994386116, 9244
148305017048228, 148305017058324, 10096
148305053933972, 148305053943036, 9064
148305197356412, 148305197362624, 6212
148305204580708, 148305204589672, 8964
148305318005296, 148305318011556, 6260
148305325186048, 148305325194540, 8492
148305348454356, 148305348462772, 8416
148305413030752, 148305413039544, 8792
148305513966612, 148305513973204, 6592
148305539497152, 148305539506420, 9268
148305542053576, 148305542061188, 7612
148305606689388, 148305606695448, 6060
148305632201280, 148305632209920, 8640
148305732673812, 148305732680800, 6988
148305739817604, 148305739825260, 7656
148305763651916, 148305763659292, 7376
148305876276276, 148305876281848, 5572
148305899554652, 148305899561540, 6888
148305964208636, 148305964215432, 6796
148305966717100, 148305966724252, 7152
148306079842664, 148306079849344, 6680
148306103153296, 148306103161748, 8452
148306114332196, 148306114339692, 7496
148306258344472, 148306258351656, 7184
148306295236124, 148306295244220, 8096
148306306452696, 148306306461456, 8760
148306308972252, 148306308978968, 6716
148306452428228, 148306452434412, 6184
148306489381396, 148306489387140, 5744
148306526781328, 148306526790096, 8768
148306528187204, 148306528188500, 1296
148306565051344, 148306565058544, 7200
148306588308708, 148306588317592, 8884
148306595442632, 148306595449748, 7116
148306617562908, 148306617572612, 9704
148306628790912, 148306628800360, 9448
148306651827792, 148306651829384, 1592
148306658946720, 148306658952420, 5700
148306722538676, 148306722546900, 8224
148306787558276, 148306787567092, 8816
148306809643940, 148306809652616, 8676
148306922974028, 148306922982256, 8228
148306925511572, 148306925519208, 7636
148307014774768, 148307014781004, 6236
148307110485304, 148307110488252, 2948
148307135904728, 148307135909908, 5180
148307161346420, 148307161353880, 7460
148307172569756, 148307172578004, 8248
148307285574188, 148307285583004, 8816
148307329146540, 148307329157780, 11240
148307352352872, 148307352360612, 7740
148307359785848, 148307359794008, 8160
148307472251468, 148307472264288, 12820
148307479413728, 148307479427008, 13280
148307544420548, 148307544433472, 12924
148307569885152, 148307569899888, 14736
148307572401604, 148307572412852, 11248
148307595644032, 148307595658848, 14816
148307602778752, 148307602789788, 11036
148307646216368, 148307646230784, 14416
148307646922224, 148307646927608, 5384
148307672351296, 148307672364856, 13560
148307758787740, 148307758802032, 14292
148307871140452, 148307871153476, 13024
148308165448704, 148308165451588, 2884
148308172569636, 148308172574880, 5244
148308179706212, 148308179710144, 3932
148308186837460, 148308186847664, 10204
148308230268704, 148308230278080, 9376
148308343149500, 148308343156612, 7112
148308366376696, 148308366385720, 9024
148308368906324, 148308368914436, 8112
148308376033604, 148308376042132, 8528
148308398113092, 148308398120808, 7716
148308462466192, 148308462473660, 7468
148308485643852, 148308485651368, 7516
148308511599892, 148308511608056, 8164
148308554957664, 148308554966204, 8540
148308557463316, 148308557471084, 7768
148308564598624, 148308564605752, 7128
148308628956140, 148308628962320, 6180
148308753755636, 148308753758516, 2880
148308776926416, 148308776933284, 6868
148308863224544, 148308863230188, 5644
148308949545280, 148308949553724, 8444
148308960711064, 148308960717576, 6512
148309072266580, 148309072269724, 3144
148309079419836, 148309079429808, 9972
148309102617840, 148309102626744, 8904
148309128041288, 148309128049112, 7824
148309150126048, 148309150134128, 8080
148309161313212, 148309161319520, 6308
148309202427172, 148309202444936, 17764
148309227901572, 148309227928820, 27248
148309250603580, 148309250631364, 27784
148309314966148, 148309314995780, 29632
148309322128180, 148309322134908, 6728
148309347541396, 148309347548608, 7212
148309457688996, 148309457690848, 1852
148309483120888, 148309483130096, 9208
148309626819488, 148309626824908, 5420
148309770393796, 148309770400540, 6744
148309781581020, 148309781589032, 8012
148309784084412, 148309784090416, 6004
148309927202672, 148309927207720, 5048
148310071074356, 148310071080788, 6432
148310093163632, 148310093172652, 9020
148310116353324, 148310116361500, 8176
148310127537776, 148310127546084, 8308
148310170908984, 148310170915524, 6540
148310196326128, 148310196334464, 8336
148310296998928, 148310297004644, 5716
148310397072792, 148310397081532, 8740
148310461567188, 148310461576160, 8972
148310487573372, 148310487583032, 9660
148310498847680, 148310498856308, 8628
148310641029972, 148310641036504, 6532
148310643532192, 148310643538584, 6392
148310786916056, 148310786922884, 6828
148310794053824, 148310794061224, 7400
148310805216888, 148310805224952, 8064
148310914018416, 148310914026588, 8172
148311013658864, 148311013667288, 8424
148311035752196, 148311035758824, 6628
148311135901836, 148311135909316, 7480
148311157979944, 148311157987292, 7348
148311201327724, 148311201335164, 7440
148311224516872, 148311224524196, 7324
148311312296220, 148311312308456, 12236
148311355711136, 148311355743524, 32388
148311378929616, 148311378957548, 27932
148311386088996, 148311386115736, 26740
148311408191400, 148311408221044, 29644
148311410720556, 148311410745112, 24556
148311511431136, 148311511463776, 32640
148311511670680, 148311511690296, 19616
148311514241632, 148311514273920, 32288
148311651077596, 148311651110204, 32608
148311673257164, 148311673290828, 33664
148311684448248, 148311684473504, 25256
148311828187608, 148311828219444, 31836
148311914558196, 148311914588088, 29892
148311925741156, 148311925769792, 28636
148312012737884, 148312012780096, 42212
148312054785280, 148312054789408, 4128
148312058087000, 148312058088676, 1676
148292179987040, 148292179989676, 2636
148292180005120, 148292180011716, 6596
148292203164020, 148292203169436, 5416
148292226370488, 148292226378812, 8324
148292239777768, 148292239779100, 1332
148292263001732, 148292263011052, 9320
148292361678368, 148292361684168, 5800
148292483183608, 148292483188736, 5128
148292583666116, 148292583680476, 14360
148292670012068, 148292670026400, 14332
148292780213228, 148292780217080, 3852
148292791366336, 148292791375424, 9088
148292793869372, 148292793877008, 7636
148292814441836, 148292814446624, 4788
148292834998128, 148292835003660, 5532
148292855563364, 148292855568748, 5384
148292876179372, 148292876184928, 5556
148292896745300, 148292896749816, 4516
148292917340944, 148292917346536, 5592
148292937929588, 148292937935060, 5472
148292958607452, 148292958613156, 5704
148292979163812, 148292979169504, 5692
148292999719068, 148292999723520, 4452
148293020263152, 148293020267812, 4660
148293041340180, 148293041347064, 6884
148293084702016, 148293084709980, 7964
148293228296780, 148293228302408, 5628
148293371899804, 148293371908336, 8532
148293472051400, 148293472060160, 8760
148293479198004, 148293479206960, 8956
148293499797568, 148293499803204, 5636
148293520381660, 148293520387408, 5748
148293541474440, 148293541481180, 6740
148293548637808, 148293548644416, 6608
148293569222756, 148293569228408, 5652
148293589784024, 148293589792964, 8940
148293615210432, 148293615218960, 8528
148293715118388, 148293715126848, 8460
148293758517020, 148293758525756, 8736
148293784514440, 148293784523792, 9352
148293795695188, 148293795703100, 7912
148293802844476, 148293802853708, 9232
148293839678972, 148293839684696, 5724
148293876464992, 148293876469304, 4312
148293913275168, 148293913283976, 8808
148293947702328, 148293947711664, 9336
148293968267696, 148293968273444, 5748
148293988847796, 148293988853640, 5844
148294009433804, 148294009439432, 5628
148294030558748, 148294030563916, 5168
148294051163704, 148294051168692, 4988
148294071735472, 148294071741320, 5848
148294092325600, 148294092333496, 7896
148294192473884, 148294192482400, 8516
148294271423104, 148294271431072, 7968
148294379626800, 148294379630664, 3864
148294386748620, 148294386757640, 9020
148294465840332, 148294465847624, 7292
148294578578892, 148294578587684, 8792
148294657772988, 148294657780788, 7800
148294670738896, 148294670742188, 3292
148294693932504, 148294693942376, 9872
148294714524412, 148294714533232, 8820
148294794182148, 148294794187908, 5760
148294873213488, 148294873218660, 5172
148294952281456, 148294952289676, 8220
148295053613820, 148295053615624, 1804
148295132808936, 148295132814332, 5396
148295212014292, 148295212019676, 5384
148295291703912, 148295291709396, 5484
148295370901984, 148295370908924, 6940
148295373413492, 148295373420588, 7096
148295398941984, 148295398951480, 9496
148295463414196, 148295463421020, 6824
148295465468312, 148295465475344, 7032
148295472595572, 148295472602500, 6928
148295498109556, 148295498118972, 9416
148295585209824, 148295585215968, 6144
148295592374856, 148295592380236, 5380
148295656861396, 148295656867676, 6280
148295663999136, 148295664005888, 6752
148295750501320, 148295750508072, 6752
148295771133484, 148295771139064, 5580
148295778848608, 148295778854420, 5812
148295843386256, 148295843393928, 7672
148295845890164, 148295845895964, 5800
148295882735532, 148295882741528, 5996
148295919617928, 148295919625344, 7416
148295942791704, 148295942798612, 6908
148295949939400, 148295949945264, 5864
148295970531540, 148295970536704, 5164
148295991134308, 148295991139880, 5572
148296056203856, 148296056211240, 7384
148296076756300, 148296076761996, 5696
148296097294568, 148296097300504, 5936
148296117878204, 148296117884484, 6280
148296138475520, 148296138482508, 6988
148296224787924, 148296224795068, 7144
148296325266552, 148296325272864, 6312
148296404302600, 148296404308964, 6364
148296411419976, 148296411425704, 5728
148296555042504, 148296555047792, 5288
148296698090928, 148296698096300, 5372
148296841568228, 148296841574464, 6236
148296905929628, 148296905936160, 6532
148297005991100, 148297005996556, 5456
148297106341740, 148297106346672, 4932
148297206149936, 148297206153988, 4052
148297306793696, 148297306800452, 6756
148297350177620, 148297350186812, 9192
148297444678908, 148297444682636, 3728
148297451811804, 148297451820852, 9048
148297552428048, 148297552434324, 6276
148297664837864, 148297664844724, 6860
148297808793056, 148297808799652, 6596
148297832007792, 148297832016704, 8912
148297839134604, 148297839143068, 8464
148297882601528, 148297882609664, 8136
148297995101012, 148297995107324, 6312
148298002237312, 148298002245800, 8488
148298146190600, 148298146197972, 7372
148298222521380, 148298222526480, 5100
148298302059268, 148298302067828, 8560
148298304592660, 148298304600356, 7696
148298416715296, 148298416719840, 4544
148298529537428, 148298529545836, 8408
148298615919472, 148298615926984, 7512
148298717665396, 148298717673512, 8116
148298720170960, 148298720178308, 7348
148298731346944, 148298731354752, 7808
148298874955496, 148298874961380, 5884
148298996115484, 148298996118296, 2812
148298998620100, 148298998628212, 8112
148299042577996, 148299042586464, 8468
148299068096940, 148299068105440, 8500
148299168246468, 148299168253248, 6780
148299179416224, 148299179423676, 7452
148299279977508, 148299279986484, 8976
148299303180100, 148299303190996, 10896
148299314359340, 148299314366812, 7472
148299378797728, 148299378807428, 9700
148299385934400, 148299385941872, 7472
148299472273384, 148299472281620, 8236
148299479438908, 148299479446784, 7876
148299504882472, 148299504891460, 8988
148299527513928, 148299527522708, 8780
148299550719712, 148299550726184, 6472
148299557860152, 148299557867292, 7140
148299644234700, 148299644242556, 7856
148299655393704, 148299655402448, 8744
148299734512772, 148299734521676, 8904
148299756628700, 148299756637160, 8460
148299836217184, 148299836224868, 7684
148299858311516, 148299858319136, 7620
148299944523420, 148299944531924, 8504
148300057354156, 148300057360648, 6492
148300064462148, 148300064469204, 7056
148300164451724, 148300164457840, 6116
148300250669416, 148300250677828, 8412
148300262381312, 148300262388512, 7200
148300348599264, 148300348606096, 6832
148300359755192, 148300359762772, 7580
148300362270780, 148300362277704, 6924
148300483835344, 148300483838388, 3044
148300490953760, 148300490958840, 5080
148300498084708, 148300498092856, 8148
148300709154904, 148300709157444, 2540
148300745913440, 148300745918996, 5556
148300783352076, 148300783358216, 6140
148300820167788, 148300820172992, 5204
148300856977268, 148300856982736, 5468
148300893780252, 148300893786560, 6308
148300930651512, 148300930657292, 5780
148300967485536, 148300967490748, 5212
148301004349728, 148301004355308, 5580
148301041742324, 148301041747664, 5340
148301078498740, 148301078503556, 4816
148301115252828, 148301115260936, 8108
148301115931180, 148301115932388, 1208
148301152672364, 148301152680268, 7904
148301296546292, 148301296552776, 6484
148301375675612, 148301375680600, 4988
148301454705420, 148301454714212, 8792
148301541594328, 148301541603104, 8776
148301564796388, 148301564804572, 8184
148301643926180, 148301643935944, 9764
148301655127996, 148301655136228, 8232
148301680552268, 148301680558132, 5864
148301691746600, 148301691754692, 8092
148301735142860, 148301735149996, 7136
148301772516252, 148301772521144, 4892
148301809326804, 148301809333056, 6252
148301846127984, 148301846135652, 7668
148301889508244, 148301889517820, 9576
148301989896152, 148301989905516, 9364
148302001059208, 148302001065988, 6780
148302027051488, 148302027060376, 8888
148302039249832, 148302039252392, 2560
148302062486564, 148302062495216, 8652
148302114843240, 148302114850644, 7404
148302258620616, 148302258626556, 5940
148302322952248, 148302322960708, 8460
148302330081216, 148302330089048, 7832
148302353252276, 148302353260256, 7980
148302465364416, 148302465372304, 7888
148302488538280, 148302488545992, 7712
148302499683820, 148302499691540, 7720
148302543580560, 148302543587104, 6544
148302550724820, 148302550732888, 8068
148302553229880, 148302553235880, 6000
148302576380300, 148302576387992, 7692
148302577684868, 148302577686188, 1320
148302588827280, 148302588834036, 6756
148302729580884, 148302729587376, 6492
148302948615688, 148302948619028, 3340
148302959770288, 148302959775396, 5108
148302970963468, 148302970971784, 8316
148302978078200, 148302978085068, 6868
148303064986052, 148303064991408, 5356
148303072130652, 148303072137996, 7344
148303074648336, 148303074654200, 5864
148303160998672, 148303161007688, 9016
148303183108432, 148303183117012, 8580
148303283742776, 148303283747596, 4820
148303384023492, 148303384029000, 5508
148303484184592, 148303484193184, 8592
148303491389844, 148303491399832, 9988
148303571099596, 148303571106624, 7028
148303593196964, 148303593204348, 7384
148303670838096, 148303670843944, 5848
148303750061276, 148303750070548, 9272
148303862906880, 148303862913392, 6512
148303885032908, 148303885041076, 8168
148303971548840, 148303971555076, 6236
148304084546560, 148304084552852, 6292
148304184679780, 148304184686456, 6676
148304205242504, 148304205247516, 5012
148304225779436, 148304225785356, 5920
148304305309644, 148304305314568, 4924
148304384246332, 148304384252468, 6136
148304391390380, 148304391396900, 6520
148304470389124, 148304470393788, 4664
148304549922808, 148304549931276, 8468
148304557049100, 148304557057156, 8056
148304559557900, 148304559565360, 7460
148304638604652, 148304638611236, 6584
148304702885228, 148304702891788, 6560
148304710023248, 148304710030980, 7732
148304732086488, 148304732094444, 7956
148304743249148, 148304743255656, 6508
148304787141428, 148304787149912, 8484
148304823887464, 148304823895480, 8016
148304902704048, 148304902712612, 8564
148304924889728, 148304924898728, 9000
148304968832952, 148304968842824, 9872
148305006193572, 148305006211388, 17816
148305092581636, 148305092614536, 32900
148305157313744, 148305157322688, 8944
148305159831268, 148305159838496, 7228
148305185428288, 148305185437724, 9436
148305307767316, 148305307770096, 2780
148305408094524, 148305408102336, 7812
148305415231888, 148305415239636, 7748
148305438461028, 148305438469532, 8504
148305440966584, 148305440973952, 7368
148305585145980, 148305585152884, 6904
148305697608360, 148305697615108, 6748
148305708847648, 148305708856484, 8836
148305732078236, 148305732085744, 7508
148305758089852, 148305758099560, 9708
148305901664236, 148305901670964, 6728
148305908860096, 148305908868856, 8760
148305932155524, 148305932164024, 8500
148306017465776, 148306017472424, 6648
148306028708640, 148306028716480, 7840
148306065729168, 148306065737596, 8428
148306072925504, 148306072931928, 6424
148306109942564, 148306109951316, 8752
148306135445492, 148306135454200, 8708
148306178935084, 148306178943944, 8860
148306202173480, 148306202181168, 7688
148306204682208, 148306204689112, 6904
148306215929512, 148306215937428, 7916
148306239421380, 148306239429488, 8108
148306246545600, 148306246553084, 7484
148306311636456, 148306311644924, 8468
148306334816976, 148306334823808, 6832
148306360189340, 148306360197260, 7920
148306463773716, 148306463780504, 6788
148306607716584, 148306607722948, 6364
148306751697128, 148306751702896, 5768
148306895741336, 148306895748680, 7344
148306917992436, 148306917999892, 7456
148306925139872, 148306925147736, 7864
148306950693008, 148306950702752, 9744
148307051392752, 148307051401416, 8664
148307115901028, 148307115913028, 12000
148307139096616, 148307139105148, 8532
148307141604648, 148307141611800, 7152
148307307927800, 148307307931404, 3604
148307394313368, 148307394318164, 4796
148307480826048, 148307480834484, 8436
148307624563504, 148307624570040, 6536
148307689019840, 148307689028532, 8692
148307696148828, 148307696156584, 7756
148307796942796, 148307796951160, 8364
148307883287712, 148307883295796, 8084
148307894505084, 148307894513244, 8160
148307997988980, 148307997991992, 3012
148308023434240, 148308023442932, 8692
148308110004852, 148308110011756, 6904
148308121216620, 148308121226152, 9532
148308144458788, 148308144467056, 8268
148308230870516, 148308230877472, 6956
148308374650896, 148308374657748, 6852
148308400082320, 148308400089012, 6692
148308486321116, 148308486329276, 8160
148308508956944, 148308508964396, 7452
148308520129624, 148308520136508, 6884
148308606437936, 148308606445512, 7576
148308617603388, 148308617611976, 8588
148308640771532, 148308640779448, 7916
148308647890356, 148308647897764, 7408
148308691349500, 148308691356620, 7120
148308709836688, 148308709838216, 1528
148308716957072, 148308716962972, 5900
148308799041952, 148308799051160, 9208
148308821108684, 148308821113372, 4688
148308843170724, 148308843177620, 6896
148308886522092, 148308886530260, 8168
148308893662496, 148308893671104, 8608
148308919119252, 148308919127244, 7992
148308942259484, 148308942266100, 6616
148308985449164, 148308985453632, 4468
148308993105604, 148308993113024, 7420
148308995605012, 148308995610400, 5388
148309021002844, 148309021009388, 6544
148309081976948, 148309081980488, 3540
148309098692472, 148309098693896, 1424
148309101187868, 148309101193612, 5744
148309148861400, 148309148868900, 7500
148309155981496, 148309155988420, 6924
148309208383216, 148309208403436, 20220
148309262265908, 148309262268248, 2340
148309269373456, 148309269382120, 8664
148309355624188, 148309355632228, 8040
148309358145240, 148309358150484, 5244
148309401921516, 148309401943268, 21752
148309488418584, 148309488445632, 27048
148309512165564, 148309512186796, 21232
148309535321228, 148309535341396, 20168
148309578685856, 148309578709056, 23200
148309600774540, 148309600797208, 22668
148309700714580, 148309700735420, 20840
148309801154484, 148309801174380, 19896
148310004084764, 148310004088512, 3748
148310027250732, 148310027256272, 5540
148310050419940, 148310050429192, 9252
148310061574484, 148310061581428, 6944
148310147859872, 148310147864856, 4984
148310333127736, 148310333130404, 2668
148310358512376, 148310358517980, 5604
148310383903264, 148310383911240, 7976
148310504630460, 148310504633164, 2704
148310604640108, 148310604645368, 5260
148310704545672, 148310704550984, 5312
148310804977260, 148310804982108, 4848
148310905107288, 148310905117240, 9952
148310991911076, 148310991918444, 7368
148311134957016, 148311134963508, 6492
148311199242232, 148311199249440, 7208
148311206371260, 148311206378316, 7056
148311208892228, 148311208900076, 7848
148311234263572, 148311234271624, 8052
148311276372312, 148311276402144, 29832
148311301791532, 148311301819388, 27856
148311304334236, 148311304359464, 25228
148311543630796, 148311543634204, 3408
148311550742108, 148311550747536, 5428
148311557858352, 148311557866712, 8360
148311601210632, 148311601218496, 7864
148311626651644, 148311626658180, 6536
148311633787540, 148311633794960, 7420
148311720091996, 148311720099280, 7284
148311826862416, 148311826865056, 2640
148311838017136, 148311838022172, 5036
148311849184436, 148311849192408, 7972
148311851688816, 148311851695596, 6780
148311895014204, 148311895022324, 8120
148311995560972, 148311995568584, 7612
148311998082188, 148311998086376, 4188
148312020199024, 148312020201736, 2712
148287910595284, 148287910607968, 12684
148287970309460, 148287970319344, 9884
148287978928180, 148287978936068, 7888
148287996094248, 148287996106824, 12576
148292183964964, 148292183968120, 3156
148292183986828, 148292183993668, 6840
148292191094760, 148292191099528, 4768
148292198229844, 148292198238472, 8628
148292223646352, 148292223655656, 9304
148292288859920, 148292288869244, 9324
148292299600668, 148292299601940, 1272
148292325061248, 148292325071104, 9856
148292348259420, 148292348268272, 8852
148292355381884, 148292355387960, 6076
148292357908112, 148292357915648, 7536
148292369079976, 148292369086824, 6848
148292403303308, 148292403304504, 1196
148292428708644, 148292428714472, 5828
148292435846564, 148292435853692, 7128
148292491059140, 148292491064100, 4960
148292514224260, 148292514235764, 11504
148292540162188, 148292540174124, 11936
148292574831300, 148292574836376, 5076
148292597987368, 148292598000584, 13216
148292660563560, 148292660566180, 2620
148292671716212, 148292671724912, 8700
148292674516916, 148292674518180, 1264
148292706543588, 148292706549872, 6284
148292727114712, 148292727129924, 15212
148292730353324, 148292730359528, 6204
148292750963232, 148292750975588, 12356
148292834657800, 148292834672160, 14360
148292857843748, 148292857857056, 13308
148292958114316, 148292958129024, 14708
148292980227252, 148292980237320, 10068
148292991396448, 148292991404416, 7968
148293104042892, 148293104051352, 8460
148293204355024, 148293204363868, 8844
148293206869680, 148293206877216, 7536
148293293793516, 148293293802988, 9472
148293319238092, 148293319245508, 7416
148293321749180, 148293321755100, 5920
148293823179552, 148293823183272, 3720
148293846370292, 148293846375224, 4932
148293869555428, 148293869560600, 5172
148293892722884, 148293892727896, 5012
148293915916820, 148293915922200, 5380
148293939091352, 148293939096668, 5316
148293962226616, 148293962231500, 4884
148293985446128, 148293985453912, 7784
148293987954032, 148293987961240, 7208
148294088679904, 148294088689064, 9160
148294111915336, 148294111922828, 7492
148294134065756, 148294134074596, 8840
148294246323396, 148294246330320, 6924
148294257473948, 148294257482100, 8152
148294764446288, 148294764449444, 3156
148294787081432, 148294787087260, 5828
148294809175140, 148294809180280, 5140
148294831246432, 148294831251076, 4644
148294853317508, 148294853322288, 4780
148294875382460, 148294875387320, 4860
148294897438272, 148294897446468, 8196
148294922843420, 148294922851176, 7756
148294929984184, 148294929992896, 8712
148294966914832, 148294966923976, 9144
148295067774612, 148295067783952, 9340
148295070282856, 148295070290952, 8096
148295113752492, 148295113759960, 7468
148295120877312, 148295120885188, 7876
148295157755196, 148295157760456, 5260
148295194621812, 148295194630576, 8764
148295199152300, 148295199153672, 1372
148295236000128, 148295236007540, 7412
148295238511700, 148295238518504, 6804
148295245098828, 148295245100416, 1588
148295282470248, 148295282478308, 8060
148295394974820, 148295394981060, 6240
148295474224576, 148295474230224, 5648
148295554020232, 148295554027224, 6992
148295654231844, 148295654239068, 7224
148295677450416, 148295677457488, 7072
148295714288880, 148295714296148, 7268
148295734841696, 148295734848448, 6752
148295847786296, 148295847793284, 6988
148295868425876, 148295868431780, 5904
148295875605324, 148295875610672, 5348
148295896211808, 148295896217164, 5356
148295916799148, 148295916804676, 5528
148295937378352, 148295937385204, 6852
148295974222460, 148295974227884, 5424
148296011069544, 148296011076040, 6496
148296032234252, 148296032240456, 6204
148296052802500, 148296052809148, 6648
148296059941300, 148296059947620, 6320
148296062442004, 148296062447336, 5332
148296105909068, 148296105915912, 6844
148296185108812, 148296185114920, 6108
148296187614392, 148296187620796, 6404
148296224388248, 148296224395156, 6908
148296231507548, 148296231513092, 5544
148296311055944, 148296311063016, 7072
148296331602316, 148296331607244, 4928
148296352160244, 148296352166248, 6004
148296452103048, 148296452108960, 5912
148296475264308, 148296475270768, 6460
148296500675188, 148296500680832, 5644
148296613375444, 148296613381776, 6332
148296636539064, 148296636545444, 6380
148296647730456, 148296647738464, 8008
148296673147896, 148296673154140, 6244
148296675649224, 148296675656752, 7528
148296682780448, 148296682787060, 6612
148296747141892, 148296747147112, 5220
148296758264476, 148296758270028, 5552
148296779290404, 148296779295360, 4956
148296799761940, 148296799766796, 4856
148296820259976, 148296820264752, 4776
148296840818960, 148296840823888, 4928
148296861352636, 148296861357216, 4580
148296881884696, 148296881889404, 4708
148296902451792, 148296902456224, 4432
148296922993864, 148296922998524, 4660
148296943598808, 148296943603260, 4452
148296964145696, 148296964153172, 7476
148297076819784, 148297076824680, 4896
148297188900872, 148297188909148, 8276
148297197009412, 148297197017208, 7796
148297217582728, 148297217587036, 4308
148297238147028, 148297238151772, 4744
148297258705272, 148297258711288, 6016
148297279801764, 148297279806356, 4592
148297300385504, 148297300393500, 7996
148297311621584, 148297311632316, 10732
148297334777848, 148297334786772, 8924
148297434883672, 148297434891604, 7932
148297460332296, 148297460339720, 7424
148297547290064, 148297547298404, 8340
148297570501576, 148297570510036, 8460
148297577623320, 148297577629976, 6656
148297677915940, 148297677923900, 7960
148297742403072, 148297742412168, 9096
148297764578044, 148297764585880, 7836
148297851555308, 148297851564416, 9108
148297930779088, 148297930785908, 6820
148297937920232, 148297937927880, 7648
148297963415924, 148297963424972, 9048
148297965926820, 148297965933196, 6376
148298053047172, 148298053053640, 6468
148298076242556, 148298076250744, 8188
148298188739536, 148298188746936, 7400
148298232132380, 148298232140792, 8412
148298318901624, 148298318909016, 7392
148298401842716, 148298401847728, 5012
148298480920672, 148298480935420, 14748
148298503048996, 148298503064648, 15652
148298582772556, 148298582786756, 14200
148298593291060, 148298593297412, 6352
148298613850812, 148298613863352, 12540
148298637061620, 148298637075716, 14096
148298648279224, 148298648293600, 14376
148298670391376, 148298670405024, 13648
148298713757428, 148298713771972, 14544
148298736937992, 148298736949724, 11732
148298752824876, 148298752830036, 5160
148298775445180, 148298775455224, 10044
148298798623696, 148298798635200, 11504
148298801155336, 148298801167120, 11784
148298821719220, 148298821727672, 8452
148298842263080, 148298842271240, 8160
148298862821836, 148298862829780, 7944
148298883370928, 148298883379360, 8432
148298904434792, 148298904439832, 5040
148298925053580, 148298925067376, 13796
148298928314100, 148298928319328, 5228
148298949037732, 148298949051308, 13576
148298972262460, 148298972275780, 13320
148298994404920, 148298994416968, 12048
148299078199644, 148299078210868, 11224
148299089404704, 148299089417936, 13232
148299111516140, 148299111528440, 12300
148299134720328, 148299134731156, 10828
148299178067464, 148299178077800, 10336
148299200139064, 148299200149808, 10744
148300172703076, 148300172705872, 2796
148300175203484, 148300175208312, 4828
148300177695588, 148300177699716, 4128
148300180185268, 148300180188828, 3560
148300182692808, 148300182696484, 3676
148300185186080, 148300185189492, 3412
148300187674112, 148300187677572, 3460
148300190162028, 148300190165412, 3384
148300192670308, 148300192674632, 4324
148300195175036, 148300195183148, 8112
148300237491000, 148300237498788, 7788
148300317065580, 148300317070456, 4876
148300483838068, 148300483840920, 2852
148300563444948, 148300563450280, 5332
148300642632632, 148300642637776, 5144
148300722007040, 148300722012920, 5880
148300801791804, 148300801797404, 5600
148300880861264, 148300880870560, 9296
148300883397356, 148300883408024, 10668
148300905504832, 148300905513080, 8248
148301005913680, 148301005923220, 9540
148301013616768, 148301013624688, 7920
148301039088944, 148301039097920, 8976
148301125252716, 148301125261356, 8640
148301127127736, 148301127134628, 6892
148301150300056, 148301150306796, 6740
148301234793644, 148301234802872, 9228
148301246011092, 148301246019124, 8032
148301311143456, 148301311151164, 7708
148301397416356, 148301397424544, 8188
148302166888292, 148302166891356, 3064
148302174008672, 148302174013840, 5168
148302181141116, 148302181145644, 4528
148302188257268, 148302188261956, 4688
148302195390980, 148302195395332, 4352
148302202498552, 148302202502140, 3588
148302209639804, 148302209644384, 4580
148302216767676, 148302216772188, 4512
148302223878768, 148302223883260, 4492
148302231017432, 148302231022436, 5004
148302238122112, 148302238129728, 7616
148302240630868, 148302240637464, 6596
148302251824460, 148302251832340, 7880
148302295744432, 148302295752452, 8020
148302317825632, 148302317833096, 7464
148302343246092, 148302343252876, 6784
148302345750068, 148302345756396, 6328
148302424799152, 148302424805636, 6484
148302489174084, 148302489182092, 8008
148302576028732, 148302576037692, 8960
148302613691244, 148302613714624, 23380
148302700154732, 148302700182376, 27644
148302702684892, 148302702705948, 21056
148302724780360, 148302724808312, 27952
148302804406992, 148302804438572, 31580
148304161090636, 148304161093524, 2888
148304184241944, 148304184247276, 5332
148304207408684, 148304207413240, 4556
148304230549772, 148304230554556, 4784
148304254242360, 148304254247016, 4656
148304277406900, 148304277411600, 4700
148304300542376, 148304300546912, 4536
148304323696184, 148304323700472, 4288
148304346830648, 148304346835740, 5092
148304369957468, 148304369962144, 4676
148304393109328, 148304393113848, 4520
148304416254960, 148304416259128, 4168
148304439413780, 148304439418212, 4432
148304462568688, 148304462573136, 4448
148304485705200, 148304485709812, 4612
148304509391140, 148304509395740, 4600
148304532540956, 148304532545564, 4608
148304555673564, 148304555677948, 4384
148304578834360, 148304578838632, 4272
148304602002924, 148304602007784, 4860
148304625144304, 148304625149268, 4964
148304648295824, 148304648302016, 6192
148304726323232, 148304726327884, 4652
148304805828784, 148304805837292, 8508
148304827877928, 148304827885984, 8056
148304940014660, 148304940019212, 4552
148305052878184, 148305052887656, 9472
148305060000672, 148305060009260, 8588
148305062539684, 148305062546508, 6824
148306946970508, 148306946974156, 3648
148307026628452, 148307026633672, 5220
148307105942308, 148307105948436, 6128
148307185108696, 148307185113300, 4604
148307264868744, 148307264873920, 5176
148307344054568, 148307344060280, 5712
148307423183436, 148307423189004, 5568
148307502828992, 148307502833824, 4832
148307581926088, 148307581930980, 4892
148307661037912, 148307661043176, 5264
148307740196832, 148307740202156, 5324
148307819929448, 148307819934720, 5272
148307899021616, 148307899026648, 5032
148307978433076, 148307978438316, 5240
148308058383140, 148308058388944, 5804
148308137506712, 148308137512332, 5620
148308216602640, 148308216608028, 5388
148308296248900, 148308296254180, 5280
148308375326580, 148308375332148, 5568
148308454287200, 148308454291868, 4668
148308533790560, 148308533795140, 4580
148308612770648, 148308612775436, 4788
148308691864500, 148308691871720, 7220
148308771467576, 148308771472984, 5408
148308850318436, 148308850322996, 4560
148308929382108, 148308929387076, 4968
148309008843236, 148309008847940, 4704
148309087925708, 148309087930284, 4576
148309166929112, 148309166934932, 5820
148309246668644, 148309246673468, 4824
148309325684228, 148309325689236, 5008
148309404794236, 148309404799608, 5372
148309483957952, 148309483963224, 5272
148309563509548, 148309563515404, 5856
148309642457716, 148309642462484, 4768
148309721426912, 148309721431744, 4832
148309800910276, 148309800914960, 4684
148309879851852, 148309879856460, 4608
148309958954420, 148309958959448, 5028
148310038618036, 148310038623120, 5084
148310117563264, 148310117567740, 4476
148310196540896, 148310196545316, 4420
148310276167612, 148310276172828, 5216
148310355232792, 148310355237784, 4992
148310434281800, 148310434286480, 4680
148310513997200, 148310514002732, 5532
148310593059892, 148310593064796, 4904
148310672048848, 148310672054092, 5244
148310751473376, 148310751478516, 5140
148310830438980, 148310830443692, 4712
148310909639364, 148310909644544, 5180
148310989205448, 148310989210716, 5268
148311068236224, 148311068241256, 5032
148311147200036, 148311147204380, 4344
148311226042220, 148311226047016, 4796
148311305603876, 148311305609100, 5224
148311384660532, 148311384666180, 5648
148311463653396, 148311463659200, 5804
148311543393720, 148311543399444, 5724
148311622434260, 148311622439636, 5376
148311701465688, 148311701470824, 5136
148311781027244, 148311781032152, 4908
148311860093044, 148311860098004, 4960
148311939108580, 148311939113196, 4616
148312018704176, 148312018709172, 4996
148312097591628, 148312097596132, 4504
148312176915924, 148312176922580, 6656
148312257508836, 148312257514296, 5460
148312337333992, 148312337339976, 5984
148312417364272, 148312417369372, 5100
148312497662188, 148312497666708, 4520
148312577521944, 148312577526940, 4996
148312657176276, 148312657181292, 5016
148287897099540, 148287897107912, 8372
148287904202856, 148287904211376, 8520
148289995647244, 148289995652676, 5432
148289995717316, 148289995720196, 2880
148289995756552, 148289995759464, 2912
148289995886136, 148289995888756, 2620
148289995912120, 148289995915048, 2928
148289995943512, 148289995946116, 2604
148289995974288, 148289995976716, 2428
148289996020600, 148289996023492, 2892
148289996091280, 148289996094220, 2940
148289996249236, 148289996252280, 3044
148289996282860, 148289996289060, 6200
148289996335536, 148289996338196, 2660
148289996360684, 148289996362264, 1580
148289996385968, 148289996387388, 1420
148289996434700, 148289996438016, 3316
148291988711112, 148291988715788, 4676
148291988736096, 148291988749148, 13052
148291988760560, 148291988770716, 10156
148291988781628, 148291988790224, 8596
148291988801608, 148291988810528, 8920
148291988821732, 148291988830360, 8628
148291988841972, 148291988850464, 8492
148291988861596, 148291988869884, 8288
148292012512056, 148292012518296, 6240
148292036453524, 148292036460012, 6488
148292060391668, 148292060398164, 6496
148292084301364, 148292084305868, 4504
148292108211652, 148292108216448, 4796
148292132136376, 148292132143416, 7040
148292156060904, 148292156067980, 7076
148292176677840, 148292176691340, 13500
148292187859052, 148292187871036, 11984
148292208446092, 148292208451960, 5868
148292228991228, 148292228995544, 4316
148292249582744, 148292249590996, 8252
148292251745252, 148292251746520, 1268
148292327577248, 148292327580176, 2928
148292348162312, 148292348168188, 5876
148292368712672, 148292368720036, 7364
148292389271104, 148292389276496, 5392
148292409850396, 148292409855180, 4784
148292430401304, 148292430406848, 5544
148292450975488, 148292450980880, 5392
148292471580644, 148292471585932, 5288
148292492155312, 148292492159808, 4496
148292512689528, 148292512694216, 4688
148292533773624, 148292533778576, 4952
148292554310232, 148292554314884, 4652
148292574887652, 148292574892280, 4628
148292595422332, 148292595426860, 4528
148292615974064, 148292615979796, 5732
148292636542200, 148292636547728, 5528
148292657141952, 148292657149104, 7152
148292659654784, 148292659661480, 6696
148292682517148, 148292682524696, 7548
148292778230848, 148292778233980, 3132
148292804165044, 148292804173704, 8660
148292916547496, 148292916556560, 9064
148292939852320, 148292939862168, 9848
148292976780060, 148292976785700, 5640
148293013571072, 148293013575860, 4788
148293050888548, 148293050893260, 4712
148293087673064, 148293087681348, 8284
148293152250232, 148293152258928, 8696
148293264682240, 148293264691232, 8992
148293365223116, 148293365230120, 7004
148293372347096, 148293372354736, 7640
148293484752564, 148293484760448, 7884
148293506883788, 148293506891032, 7244
148293619754432, 148293619765180, 10748
148293626871840, 148293626879336, 7496
148293713109452, 148293713118328, 8876
148293792750108, 148293792758756, 8648
148293814858236, 148293814865712, 7476
148293893968628, 148293893977292, 8664
148293902933016, 148293902934708, 1692
148293981990784, 148293982000124, 9340
148294007438892, 148294007447876, 8984
148294086301284, 148294086309768, 8484
148294111769780, 148294111778020, 8240
148294148655364, 148294148660316, 4952
148294185492644, 148294185500132, 7488
148294187996336, 148294188004232, 7896
148294252373188, 148294252381640, 8452
148294276125008, 148294276133128, 8120
148294388609304, 148294388618680, 9376
148294414042040, 148294414050352, 8312
148294416553220, 148294416559664, 6444
148294481049804, 148294481056504, 6700
148294506462148, 148294506471504, 9356
148294530224236, 148294530232020, 7784
148294532738120, 148294532745376, 7256
148294619158064, 148294619167680, 9616
148294630319516, 148294630325460, 5944
148294632840028, 148294632846868, 6840
148294745310604, 148294745319624, 9020
148294751998644, 148294752006168, 7524
148294772600680, 148294772606300, 5620
148294793690448, 148294793695176, 4728
148294814231800, 148294814236672, 4872
148294834794928, 148294834801116, 6188
148296160399196, 148296160401736, 2540
148296182503240, 148296182509288, 6048
148296204571348, 148296204577384, 6036
148296226607164, 148296226611940, 4776
148296248643588, 148296248648444, 4856
148296271237708, 148296271242612, 4904
148296293298600, 148296293303412, 4812
148296315348352, 148296315353300, 4948
148296337407576, 148296337412312, 4736
148296359463460, 148296359467980, 4520
148296381523128, 148296381527944, 4816
148296403577364, 148296403581624, 4260
148296425648484, 148296425653580, 5096
148296447704572, 148296447709156, 4584
148296469760244, 148296469766528, 6284
148296570209412, 148296570214448, 5036
148296670091776, 148296670096540, 4764
148296770479988, 148296770486392, 6404
148296849448004, 148296849453576, 5572
148296928433704, 148296928438868, 5164
148297007486172, 148297007490976, 4804
148297087004188, 148297087008864, 4676
148297165744436, 148297165748796, 4360
148297313045576, 148297313048416, 2840
148297392193100, 148297392199344, 6244
148297471448600, 148297471454136, 5536
148297551056552, 148297551063776, 7224
148297553588948, 148297553596644, 7696
148297618073824, 148297618079204, 5380
148297620593532, 148297620600964, 7432
148297646054444, 148297646062696, 8252
148297725262432, 148297725271356, 8924
148297838283700, 148297838290416, 6716
148297840812200, 148297840820436, 8236
148297941076244, 148297941082708, 6464
148297963237684, 148297963246952, 9268
148297986513424, 148297986521196, 7772
148298087351000, 148298087356696, 5696
148298187538568, 148298187545196, 6628
148298188014180, 148298188020960, 6780
148298195172016, 148298195180384, 8368
148298218379988, 148298218388436, 8448
148298243785208, 148298243794436, 9228
148298264358760, 148298264363620, 4860
148298285420848, 148298285425592, 4744
148298305947784, 148298305954664, 6880
148298691019348, 148298691023088, 3740
148298716385348, 148298716390608, 5260
148298741757476, 148298741762424, 4948
148298767677164, 148298767681864, 4700
148298793122096, 148298793130460, 8364
148298912486304, 148298912493864, 7560
148299012787548, 148299012801156, 13608
148299125789492, 148299125801036, 11544
148299219451904, 148299219459808, 7904
148299306342436, 148299306356236, 13800
148299328437292, 148299328451548, 14256
148299371841720, 148299371856080, 14360
148299450959964, 148299450974016, 14052
148299474170460, 148299474183672, 13212
148299553819124, 148299553830840, 11716
148299632906964, 148299632922348, 15384
148299655012964, 148299655027676, 14712
148299678231356, 148299678245960, 14604
148299703712528, 148299703725772, 13244
148299726921636, 148299726935888, 14252
148299734064432, 148299734077904, 13472
148299820982576, 148299820995080, 12504
148299844194368, 148299844209232, 14864
148299923348560, 148299923362816, 14256
148299934524224, 148299934534976, 10752
148300014191808, 148300014204884, 13076
148300097168104, 148300097181952, 13848
148300108360856, 148300108373960, 13104
148300251258840, 148300251263824, 4984
148300483851780, 148300483855668, 3888
148300584371748, 148300584377544, 5796
148300684570824, 148300684576632, 5808
148300785454320, 148300785461444, 7124
148300849870308, 148300849878448, 8140
148300936307504, 148300936316844, 9340
148301016091724, 148301016097368, 5644
148301095186812, 148301095192012, 5200
148301174198000, 148301174206424, 8424
148301181324212, 148301181332212, 8000
148301294265304, 148301294274900, 9596
148301316389064, 148301316398476, 9412
148301318895316, 148301318902512, 7196
148301461935288, 148301461942900, 7612
148301498761376, 148301498766364, 4988
148301536138332, 148301536143400, 5068
148301574630064, 148301574635240, 5176
148301611430520, 148301611443916, 13396
148301633561672, 148301633575360, 13688
148301656771788, 148301656787160, 15372
148301735888204, 148301735902776, 14572
148301822824044, 148301822839468, 15424
148301846058996, 148301846073748, 14752
148302158932040, 148302158934960, 2920
148302181001456, 148302181006652, 5196
148302203057424, 148302203062124, 4700
148302225109772, 148302225118776, 9004
148302248273220, 148302248281140, 7920
148302335095216, 148302335101680, 6464
148302346256620, 148302346263176, 6556
148302432502748, 148302432510784, 8036
148302543800480, 148302543802792, 2312
148302622741420, 148302622746044, 4624
148302702037092, 148302702046540, 9448
148302713225324, 148302713234428, 9104
148302738622172, 148302738630448, 8276
148302741126860, 148302741134252, 7392
148302806084432, 148302806092188, 7756
148302813215952, 148302813223608, 7656
148302889144128, 148302889153748, 9620
148302911281516, 148302911290112, 8596
148303002666572, 148303002673492, 6920
148303028640188, 148303028647624, 7436
148303050754720, 148303050763032, 8312
148303123529992, 148303123535984, 5992
148303202588468, 148303202594048, 5580
148303381364080, 148303381366780, 2700
148303401936976, 148303401942876, 5900
148303422500628, 148303422507312, 6684
148303443044880, 148303443050540, 5660
148303463620388, 148303463625704, 5316
148303484199684, 148303484205048, 5364
148303505343836, 148303505350324, 6488
148303525963484, 148303525969396, 5912
148303546560260, 148303546565308, 5048
148303567178824, 148303567184540, 5716
148303587755120, 148303587760592, 5472
148303608361000, 148303608366792, 5792
148303628927380, 148303628932224, 4844
148303649518132, 148303649523252, 5120
148303670106424, 148303670111492, 5068
148303690701832, 148303690707292, 5460
148303711295844, 148303711300932, 5088
148303731868900, 148303731873924, 5024
148303752455704, 148303752460628, 4924
148303773583916, 148303773589144, 5228
148303794153636, 148303794158836, 5200
148303814810704, 148303814815900, 5196
148303835384096, 148303835389208, 5112
148303855990496, 148303855995212, 4716
148303876581792, 148303876586568, 4776
148303897171608, 148303897176796, 5188
148303917755328, 148303917762732, 7404
148303938363316, 148303938368636, 5320
148303958952576, 148303958958088, 5512
148303979538744, 148303979544088, 5344
148304000172740, 148304000181248, 8508
148304044229972, 148304044236644, 6672
148304046730880, 148304046738464, 7584
148304133216460, 148304133223608, 7148
148304153777624, 148304153783080, 5456
148304174326476, 148304174333448, 6972
148304211128012, 148304211133408, 5396
148304247893964, 148304247900044, 6080
148304268991008, 148304268996088, 5080
148304289528164, 148304289533088, 4924
148304310066064, 148304310074608, 8544
148304312636708, 148304312637912, 1204
148304333105636, 148304333113432, 7796
148304376279400, 148304376285784, 6384
148304396837288, 148304396842576, 5288
148304417373128, 148304417377592, 4464
148304437901032, 148304437905808, 4776
148304458459484, 148304458463896, 4412
148304478985704, 148304478992700, 6996
148304480149712, 148304480150828, 1116
148304500698868, 148304500705536, 6668
148304504078096, 148304504079252, 1156
148304524617404, 148304524625028, 7624
148304636742540, 148304636748668, 6128
148304643886580, 148304643894796, 8216
148304687176140, 148304687183772, 7632
148304698337120, 148304698344776, 7656
148304735093844, 148304735101732, 7888
148304737615656, 148304737622732, 7076
148304739398084, 148304739399120, 1036
148304776698212, 148304776706140, 7928
148304797264668, 148304797269068, 4400
148304817792420, 148304817797492, 5072
148304838310296, 148304838314528, 4232
148304858823268, 148304858828068, 4800
148304879355412, 148304879360336, 4924
148304899890848, 148304899896020, 5172
148304920520608, 148304920525536, 4928
148304941067432, 148304941071880, 4448
148304961636700, 148304961642544, 5844
148304982249656, 148304982259428, 9772
148305082980804, 148305082988696, 7892
148305126488572, 148305126498124, 9552
148305133715084, 148305133722060, 6976
148305220556992, 148305220563548, 6556
148305264693072, 148305264700428, 7356
148305287953420, 148305287963100, 9680
148305299092284, 148305299099316, 7032
148305324606648, 148305324615100, 8452
148305327109512, 148305327115848, 6336
148305413809464, 148305413817040, 7576
148305439302228, 148305439310208, 7980
148305450554932, 148305450560244, 5312
148305461787876, 148305461795408, 7532
148305468919820, 148305468926564, 6744
148305556028956, 148305556036820, 7864
148305563221320, 148305563229060, 7740
148305574415636, 148305574422900, 7264
148305597662900, 148305597671564, 8664
148305741313136, 148305741319988, 6852
148305753039080, 148305753046560, 7480
148305755558188, 148305755563412, 5224
148305856048812, 148305856055196, 6384
148305893082268, 148305893088212, 5944
148305929987280, 148305929996160, 8880
148305931915788, 148305931916964, 1176
148305968848312, 148305968856932, 8620
148305975975272, 148305975982832, 7560
148305977780456, 148305977781644, 1188
148306015233724, 148306015242488, 8764
148306038496604, 148306038505184, 8580
148306064053756, 148306064061840, 8084
148306066558488, 148306066566484, 7996
148306131263020, 148306131271204, 8184
148306168267484, 148306168273040, 5556
148306205141812, 148306205149704, 7892
148306207117168, 148306207118368, 1200
148306244007440, 148306244016376, 8936
148306267816952, 148306267825308, 8356
148306367992804, 148306367998996, 6192
148306379240764, 148306379248208, 7444
148306479416484, 148306479423312, 6828
148306503144096, 148306503151976, 7880
148306505655332, 148306505660908, 5576
148306605863508, 148306605869004, 5496
148306706092608, 148306706098808, 6200
148306717261316, 148306717268324, 7008
148306742833720, 148306742843552, 9832
148306750498712, 148306750506656, 7944
148306836936944, 148306836945008, 8064
148306938028472, 148306938038872, 10400
148306974845076, 148306974852628, 7552
148307012207624, 148307012212880, 5256
148307049061364, 148307049066300, 4936
148307085920356, 148307085926136, 5780
148307122739656, 148307122746596, 6940
148307144851352, 148307144860028, 8676
148307288837568, 148307288843908, 6340
148308374842804, 148308374845612, 2808
148308411585476, 148308411591316, 5840
148308448323920, 148308448329032, 5112
148308485069292, 148308485073892, 4600
148308522345936, 148308522350548, 4612
148308559099964, 148308559104368, 4404
148308595835496, 148308595840608, 5112
148308632577200, 148308632582168, 4968
148308669320196, 148308669324620, 4424
148308706182380, 148308706188604, 6224
148308743550960, 148308743556676, 5716
148308780352940, 148308780357748, 4808
148308817100808, 148308817104920, 4112
148308853879180, 148308853883512, 4332
148308890655512, 148308890660184, 4672
148308927499884, 148308927504936, 5052
148308964225928, 148308964230500, 4572
148309001512212, 148309001516808, 4596
148309038272724, 148309038277056, 4332
148309075136376, 148309075142272, 5896
148309111875468, 148309111880280, 4812
148309148637692, 148309148642856, 5164
148309185404932, 148309185410332, 5400
148309222301080, 148309222306496, 5416
148309259689848, 148309259695232, 5384
148309296338192, 148309296342444, 4252
148309333021324, 148309333026400, 5076
148309369772740, 148309369777228, 4488
148309406646540, 148309406652240, 5700
148309443568152, 148309443574368, 6216
148309480452732, 148309480458320, 5588
148309517784208, 148309517789352, 5144
148309554547200, 148309554552236, 5036
148309591310908, 148309591315348, 4440
148309628072520, 148309628077092, 4572
148309664829592, 148309664834296, 4704
148309701604620, 148309701609124, 4504
148309738355224, 148309738359484, 4260
148309775633036, 148309775637612, 4576
148309812373192, 148309812377620, 4428
148309849130004, 148309849134656, 4652
148309885882144, 148309885887056, 4912
148309922672996, 148309922678212, 5216
148309959521632, 148309959527144, 5512
148309996976868, 148309996982336, 5468
148310033762464, 148310033767932, 5468
148310070527496, 148310070532084, 4588
148310107268452, 148310107273020, 4568
148310144041560, 148310144046540, 4980
148310180787036, 148310180791904, 4868
148310217551972, 148310217556256, 4284
148310254892776, 148310254898048, 5272
148310291690840, 148310291696244, 5404
148310328511124, 148310328516496, 5372
148310365306696, 148310365311952, 5256
148310402061248, 148310402066048, 4800
148310438901928, 148310438907288, 5360
148310475729084, 148310475734204, 5120
148310513079888, 148310513084788, 4900
148310549695696, 148310549699984, 4288
148310586447284, 148310586453320, 6036
148310623254592, 148310623259652, 5060
148310660009080, 148310660013852, 4772
148310696766284, 148310696771040, 4756
148310733460716, 148310733465804, 5088
148310770759300, 148310770764320, 5020
148310807507376, 148310807512052, 4676
148310844304184, 148310844309772, 5588
148310881143076, 148310881148628, 5552
148310918058696, 148310918064492, 5796
148310954822404, 148310954826872, 4468
148310992135200, 148310992139488, 4288
148311028878520, 148311028883176, 4656
148311065718796, 148311065723784, 4988
148311102537512, 148311102542468, 4956
148311139317292, 148311139321680, 4388
148311176066740, 148311176071680, 4940
148311212852044, 148311212856812, 4768
148311250145752, 148311250150064, 4312
148311286946256, 148311286951560, 5304
148311323747372, 148311323752216, 4844
148311360598672, 148311360604424, 5752
148311397346120, 148311397350740, 4620
148311434141052, 148311434145600, 4548
148311470984692, 148311470990052, 5360
148311508360356, 148311508365872, 5516
148311545172376, 148311545178100, 5724
148311581833364, 148311581837880, 4516
148311618618584, 148311618624012, 5428
148311655466136, 148311655471888, 5752
148311692260060, 148311692265336, 5276
148311729011964, 148311729016712, 4748
148311766357640, 148311766363168, 5528
148311803189448, 148311803194292, 4844
148311840004428, 148311840009904, 5476
148311876797668, 148311876802316, 4648
148311913569320, 148311913573744, 4424
148311950329768, 148311950334400, 4632
148311987739332, 148311987744520, 5188
148312024546188, 148312024551408, 5220
148312061341892, 148312061346388, 4496
