17608606030820, 17608606045092, 14272
17608621591388, 17608621599588, 8200
17610638075868, 17610638081412, 5544
17610638119800, 17610638122944, 3144
17610638150472, 17610638153204, 2732
17610638176420, 17610638177968, 1548
17610638202712, 17610638205224, 2512
17610638227832, 17610638229260, 1428
17612632493208, 17612632498060, 4852
17613550191272, 17613550198092, 6820
17614467991000, 17614467995360, 4360
17615385736696, 17615385743096, 6400
17616303558204, 17616303564060, 5856
17617221309404, 17617221315192, 5788
17618139131276, 17618139137252, 5976
17619056881248, 17619056887544, 6296
17619974700528, 17619974706676, 6148
17620892449828, 17620892456052, 6224
17621810272252, 17621810278320, 6068
17622728095680, 17622728102100, 6420
17623645843952, 17623645851216, 7264
17624563674736, 17624563676272, 1536
17625481412644, 17625481418648, 6004
17626399237388, 17626399241720, 4332
17627316983532, 17627316990560, 7028
17628234809636, 17628234813812, 4176
17629152560544, 17629152564784, 4240
17630070377940, 17630070383528, 5588
17630988128356, 17630988131860, 3504
17631905949824, 17631905954196, 4372
17632823698928, 17632823702912, 3984
17612708262004, 17612708266858, 4854
17613987154092, 17613987160924, 6832
17615341842828, 17615341849208, 6380
17616696626548, 17616696632660, 6112
17618051338844, 17618051345600, 6756
17619406048364, 17619406054564, 6200
17620760835256, 17620760840824, 5568
17622115547676, 17622115554012, 6336
17623470259544, 17623470266332, 6788
17624824982080, 17624824984440, 2360
17626179754996, 17626179761032, 6036
17627534469720, 17627534475216, 5496
17628889184552, 17628889189660, 5108
17630243964480, 17630243970788, 6308
17631598677072, 17631598689496, 12424
17632953384456, 17632953390700, 6244
17608637992040, 17608638004308, 12268
17612714249238, 17612714254264, 5026
17614076915908, 17614076921772, 5864
17615521420604, 17615521425444, 4840
17616965916704, 17616965921524, 4820
17618410488448, 17618410493276, 4828
17619854989388, 17619854993776, 4388
17621299482656, 17621299488824, 6168
17622744058928, 17622744063184, 4256
17624188554724, 17624188561040, 6316
17625633056828, 17625633061096, 4268
17627077555964, 17627077561556, 5592
17628522126760, 17628522131548, 4788
17629966627352, 17629966632372, 5020
17631411124764, 17631411129760, 4996
17632855624544, 17632855629236, 4692
17612726226718, 17612726262476, 35758
17614096869256, 17614096874920, 5664
17615561321212, 17615561326928, 5716
17617025770116, 17617025776292, 6176
17618490295636, 17618490301948, 6312
17619954749624, 17619954755944, 6320
17621419199528, 17621419205700, 6172
17622883651252, 17622883658540, 7288
17624348174268, 17624348180960, 6692
17625812627828, 17625812630816, 2988
17627277078492, 17627277081952, 3460
17628741606740, 17628741611364, 4624
17630206060492, 17630206065572, 5080
17631670507764, 17631670513720, 5956
17633134955544, 17633134962864, 7320
17612720228684, 17612720234624, 5940
17614266466400, 17614266472804, 6404
17615900519308, 17615900524200, 4892
17617534564736, 17617534570452, 5716
17619168619076, 17619168623728, 4652
17620802736880, 17620802742408, 5528
17622436795572, 17622436803236, 7664
17624070836116, 17624070843104, 6988
17625704886460, 17625704891460, 5000
17627338931992, 17627338938636, 6644
17628972985264, 17628972989700, 4436
17630607102380, 17630607108952, 6572
17632241150364, 17632241156308, 5944
17633875200872, 17633875207400, 6528
17612720228072, 17612720233572, 5500
17614322344392, 17614322346068, 1676
17616012249000, 17616012255600, 6600
17617702166980, 17617702173052, 6072
17619392084044, 17619392090388, 6344
17621081997964, 17621082003684, 5720
17622771993516, 17622771998160, 4644
17624461906100, 17624461912916, 6816
17626151821920, 17626151827768, 5848
17627841736316, 17627841742492, 6176
17629531656120, 17629531664836, 8716
17631221571040, 17631221577844, 6804
17632911485872, 17632911491716, 5844
17608645206592, 17608645214560, 7968
17608613623500, 17608613631752, 8252
17608629882556, 17608629896196, 13640
