147586263092504, 147586263102688, 10184
147588257200596, 147588257204840, 4244
147589300185828, 147589300197792, 11964
147589535491356, 147589535502364, 11008
147589730904612, 147589730916360, 11748
147589774837496, 147589774842368, 4872
147589818647256, 147589818652084, 4828
147589862508684, 147589862513576, 4892
147589906412428, 147589906417040, 4612
147589950510852, 147589950515680, 4828
147589994279020, 147589994283700, 4680
147590037990952, 147590038001228, 10276
147590081898328, 147590081902860, 4532
147590125718796, 147590125723384, 4588
147590169725932, 147590169730740, 4808
147590213539704, 147590213551372, 11668
147590257409820, 147590257414036, 4216
147590301191124, 147590301195828, 4704
147590345184472, 147590345195380, 10908
147590367012708, 147590367017296, 4588
147590389119384, 147590389123956, 4572
147590410959196, 147590410963864, 4668
147590432946076, 147590432950560, 4484
147590454806488, 147590454811392, 4904
147590476798584, 147590476803208, 4624
147590498662596, 147590498667492, 4896
147590520594920, 147590520600040, 5120
147590542515872, 147590542520548, 4676
147590564601584, 147590564605164, 3580
147590586408168, 147590586412960, 4792
147590608342232, 147590608347052, 4820
147590630241948, 147590630246540, 4592
147590652199808, 147590652204476, 4668
147590674172616, 147590674177172, 4556
147590696116220, 147590696119928, 3708
147590717985904, 147590717990584, 4680
147590740018904, 147590740023652, 4748
147590761908732, 147590761913556, 4824
147590783850460, 147590783855352, 4892
147590805732280, 147590805736632, 4352
147590827744904, 147590827748276, 3372
147590849639760, 147590849644204, 4444
147590871546860, 147590871550392, 3532
147590893562544, 147590893567140, 4596
147590915392532, 147590915396884, 4352
147590937346768, 147590937351652, 4884
147591553727868, 147591553737356, 9488
147591749067236, 147591749079524, 12288
147591770923044, 147591770927816, 4772
147591792881232, 147591792885844, 4612
147591814899776, 147591814904076, 4300
147591836732900, 147591836737832, 4932
147591858703336, 147591858707932, 4596
147592191816136, 147592191827256, 11120
147592271495892, 147592271507352, 11460
147593687406632, 147593687416768, 10136
147594239765896, 147594239777508, 11612
147596233953292, 147596233957224, 3932
147598375660092, 147598375672360, 12268
147598525303084, 147598525306972, 3888
147598720729088, 147598720733348, 4260
147598916184516, 147598916188516, 4000
147599111573864, 147599111578564, 4700
147599307132796, 147599307137456, 4660
147599502476528, 147599502480568, 4040
147599697888204, 147599697892852, 4648
147599893337828, 147599893342076, 4248
147600088763920, 147600088768416, 4496
147600284164644, 147600284168848, 4204
147600479577396, 147600479588100, 10704
147600501574280, 147600501578752, 4472
147602216607484, 147602216617456, 9972
147604210722608, 147604210726508, 3900
147606204966328, 147606204970204, 3876
147585481286128, 147585481297124, 10996
147585577154852, 147585577165516, 10664
147585722553904, 147585722558056, 4152
147585868176256, 147585868180764, 4508
147586013727944, 147586013732348, 4404
147586159340172, 147586159344632, 4460
147586304856996, 147586304861456, 4460
147586450449612, 147586450454312, 4700
147586596065128, 147586596069952, 4824
147586741566032, 147586741570400, 4368
147586887223392, 147586887227876, 4484
147587032926908, 147587032938312, 11404
147587054676772, 147587054680224, 3452
147587076699668, 147587076704104, 4436
147587098538316, 147587098584644, 46328
147587120490060, 147587120494520, 4460
147587142376588, 147587142381136, 4548
147587164363360, 147587164367732, 4372
147587186291608, 147587186296040, 4432
147588255256712, 147588255267468, 10756
147588362928088, 147588362932980, 4892
147588558344828, 147588558349272, 4444
147590247463752, 147590247475004, 11252
147593583683424, 147593583688208, 4784
147593729345640, 147593729349916, 4276
147593874815896, 147593874820044, 4148
147594020379000, 147594020384016, 5016
147594166043564, 147594166047496, 3932
147594311608388, 147594311613040, 4652
147594457142516, 147594457146672, 4156
147594602698060, 147594602702960, 4900
147594748295028, 147594748299652, 4624
147594893874560, 147594893878984, 4424
147595039478872, 147595039489640, 10768
147595061357564, 147595061362300, 4736
147595083367352, 147595083371616, 4264
147595105264220, 147595105268892, 4672
147595127164916, 147595127169508, 4592
147595149243300, 147595149247800, 4500
147595171037460, 147595171041928, 4468
147595192997444, 147595193001916, 4472
147595214924016, 147595214928572, 4556
147595236870624, 147595236875288, 4664
147595258870164, 147595258874676, 4512
147595280753872, 147595280758340, 4468
147595302693736, 147595302698260, 4524
147595324636012, 147595324640756, 4744
147595346531724, 147595346536168, 4444
147595368539960, 147595368544328, 4368
147595390465944, 147595390470356, 4412
147595412339768, 147595412344072, 4304
147595434423740, 147595434428248, 4508
147595456286712, 147595456291124, 4412
147595478174824, 147595478179420, 4596
147595500112708, 147595500116988, 4280
147595522045236, 147595522049636, 4400
147595543950964, 147595543955240, 4276
147595565924576, 147595565929040, 4464
147595587936800, 147595587941588, 4788
147595609798236, 147595609802664, 4428
147595631759260, 147595631763764, 4504
147595653605664, 147595653610480, 4816
147595675550164, 147595675596960, 46796
147595697468324, 147595697473348, 5024
147595719481768, 147595719486068, 4300
147595741365104, 147595741369632, 4528
147595763362800, 147595763367348, 4548
147595785322648, 147595785326984, 4336
147595807194700, 147595807199364, 4664
147595829178792, 147595829183180, 4388
147595851120300, 147595851124752, 4452
147595873063072, 147595873067220, 4148
147595894977240, 147595894981688, 4448
147595916873036, 147595916876464, 3428
147595938855748, 147595938860428, 4680
147595960737580, 147595960742064, 4484
147595982735916, 147595982740132, 4216
147596004645124, 147596004648476, 3352
147596026566228, 147596026570700, 4472
147596048527348, 147596048532080, 4732
147596070443016, 147596070447504, 4488
147596092373648, 147596092378232, 4584
147596114305516, 147596114308992, 3476
147596136252400, 147596136255916, 3516
147596158226316, 147596158230800, 4484
147596231981928, 147596231992892, 10964
147596375561996, 147596375565724, 3728
147596570971008, 147596570975100, 4092
147598226139356, 147598226150372, 11016
147601590536924, 147601590541160, 4236
147601736001700, 147601736006028, 4328
147601881531056, 147601881535640, 4584
147602027325316, 147602027329916, 4600
147602172736080, 147602172739864, 3784
147602318231672, 147602318235604, 3932
147602463871172, 147602463876252, 5080
147602609477788, 147602609482796, 5008
147602754949840, 147602754954252, 4412
147602900538228, 147602900542784, 4556
147603046162304, 147603046173784, 11480
147603068137436, 147603068142016, 4580
147603089977532, 147603089981140, 3608
147603111977840, 147603111982344, 4504
147603133877776, 147603133882160, 4384
147603155837420, 147603155842124, 4704
147603177749144, 147603177752760, 3616
147603199702720, 147603199707088, 4368
147603221696328, 147603221700924, 4596
147603243610824, 147603243615260, 4436
147603265558764, 147603265562400, 3636
147603287470536, 147603287475424, 4888
147603309341984, 147603309346520, 4536
147603331372120, 147603331376716, 4596
147603353303456, 147603353308584, 5128
147603375180124, 147603375184584, 4460
147603397250404, 147603397255040, 4636
147603419099136, 147603419103704, 4568
147603441058904, 147603441063608, 4704
147603462987600, 147603462992096, 4496
147603484814632, 147603484819644, 5012
147603506862872, 147603506867528, 4656
147603528788396, 147603528792840, 4444
147603550695080, 147603550699932, 4852
147603572669700, 147603572674724, 5024
147603594646448, 147603594650964, 4516
147603616566548, 147603616571136, 4588
147603638433644, 147603638438396, 4752
147603660427664, 147603660432348, 4684
147603682328988, 147603682333896, 4908
147603704226120, 147603704230768, 4648
147603726181772, 147603726186780, 5008
147603748144484, 147603748149248, 4764
147603770020760, 147603770025260, 4500
147603791930768, 147603791935184, 4416
147603813899032, 147603813904128, 5096
147603835786812, 147603835791140, 4328
147603857796224, 147603857800840, 4616
147603879738384, 147603879741824, 3440
147603901686976, 147603901691740, 4764
147603923610640, 147603923615464, 4824
147603945536336, 147603945540800, 4464
147603967512448, 147603967517284, 4836
147603989477504, 147603989481980, 4476
147604011303204, 147604011307836, 4632
147604033285324, 147604033288684, 3360
147604055281256, 147604055284776, 3520
147604077160960, 147604077165596, 4636
147604099091804, 147604099096372, 4568
147604121002840, 147604121007376, 4536
147604142947416, 147604142952024, 4608
147604164865552, 147604164869984, 4432
147604186832680, 147604186837044, 4364
147604208819512, 147604208824100, 4588
147604230668212, 147604230673340, 5128
147604252593644, 147604252597792, 4148
147604274536924, 147604274540340, 3416
147604296467344, 147604296472056, 4712
147604318408508, 147604318413020, 4512
147604340357644, 147604340362236, 4592
147604362372432, 147604362377004, 4572
147604384383444, 147604384388396, 4952
147604406260944, 147604406265156, 4212
147604428524760, 147604428529132, 4372
147604450026544, 147604450031024, 4480
147604472051568, 147604472055948, 4380
147604493948156, 147604493952992, 4836
147604515824852, 147604515829304, 4452
147604537744536, 147604537749132, 4596
147604559693280, 147604559696760, 3480
147604581688832, 147604581692328, 3496
147604603653384, 147604603656988, 3604
147604625489020, 147604625494036, 5016
147604647504220, 147604647508756, 4536
147604669435424, 147604669439872, 4448
147604691350112, 147604691354576, 4464
147604713279236, 147604713283620, 4384
147604735277804, 147604735282508, 4704
147604757115020, 147604757119596, 4576
147605403798844, 147605403810372, 11528
147605560796080, 147605560807632, 11552
147585451375316, 147585451387688, 12372
147585626825316, 147585626836780, 11464
147585822285508, 147585822296912, 11404
147586017706076, 147586017715972, 9896
147586213202300, 147586213214424, 12124
147586408537248, 147586408548628, 11380
147586603984972, 147586603996452, 11480
147586799370692, 147586799382456, 11764
147586994921584, 147586994933624, 12040
147587052697564, 147587052708796, 11232
147587178380712, 147587178392356, 11644
147587323969320, 147587323974132, 4812
147587469568820, 147587469572748, 3928
147587615032524, 147587615068200, 35676
147587760714536, 147587760718632, 4096
147587906252048, 147587906256944, 4896
147588051770872, 147588051775216, 4344
147588197368636, 147588197372688, 4052
147588342946332, 147588342950560, 4228
147588488578556, 147588488582936, 4380
147588634055252, 147588634066820, 11568
147588656046284, 147588656051296, 5012
147588677988564, 147588677993188, 4624
147588699894440, 147588699898844, 4404
147588721819700, 147588721824472, 4772
147588743766168, 147588743770548, 4380
147590239414852, 147590239418820, 3968
147590323210700, 147590323221636, 10936
147590407006504, 147590407018108, 11604
147590526586616, 147590526597204, 10588
147590654205728, 147590654218196, 12468
147590779829256, 147590779841164, 11908
147590905464008, 147590905474164, 10156
147590959352392, 147590959363904, 11512
147590981235704, 147590981240536, 4832
147591003297964, 147591003302440, 4476
147591025121608, 147591025126008, 4400
147591047043216, 147591047053836, 10620
147591069021292, 147591069026500, 5208
147591090945852, 147591090950728, 4876
147591112883000, 147591112887824, 4824
147591134858532, 147591134869844, 11312
147591156740568, 147591156745152, 4584
147591178677420, 147591178681192, 3772
147591200593840, 147591200609868, 16028
147591222546592, 147591222550384, 3792
147591244478348, 147591244489904, 11556
147591266508532, 147591266513364, 4832
147591288379412, 147591288382980, 3568
147591310309192, 147591310313984, 4792
147591332222624, 147591332227304, 4680
147591354142376, 147591354153840, 11464
147591376122224, 147591376125828, 3604
147591398045636, 147591398050504, 4868
147591419989940, 147591419993392, 3452
147591441941728, 147591441953016, 11288
147591463918644, 147591463923352, 4708
147591485885944, 147591485890316, 4372
147591507694912, 147591507699460, 4548
147591529654548, 147591529658956, 4408
147591551688740, 147591551699740, 11000
147591573574940, 147591573579656, 4716
147591595497600, 147591595502304, 4704
147591617396028, 147591617400472, 4444
147591639288512, 147591639299904, 11392
147591661263364, 147591661267968, 4604
147591683174072, 147591683177696, 3624
147591705097620, 147591705102020, 4400
147591727114492, 147591727119688, 5196
147591832811880, 147591832822900, 11020
147591958471904, 147591958482532, 10628
147592012362648, 147592012374652, 12004
147592034216596, 147592034221516, 4920
147592056191716, 147592056196456, 4740
147592078115668, 147592078120064, 4396
147592100012444, 147592100025140, 12696
147592121912428, 147592121917112, 4684
147592143932028, 147592143936536, 4508
147592165891840, 147592165896356, 4516
147592187809556, 147592187819472, 9916
147592209698380, 147592209702980, 4600
147592231617376, 147592231621076, 3700
147592253567772, 147592253572504, 4732
147592275450516, 147592275455272, 4756
147592297435568, 147592297447768, 12200
147592482952508, 147592482963944, 11436
147592662359596, 147592662370912, 11316
147592857838788, 147592857850704, 11916
147593053219640, 147593053231464, 11824
147593248690456, 147593248701620, 11164
147593444081976, 147593444092800, 10824
147593639513412, 147593639524648, 11236
147593834950268, 147593834960804, 10536
147594030387400, 147594030398424, 11024
147594052304836, 147594052308444, 3608
147594074244912, 147594074248336, 3424
147594096257740, 147594096262676, 4936
147594118119576, 147594118130976, 11400
147594140060532, 147594140064224, 3692
147594162101240, 147594162105968, 4728
147594184022736, 147594184026284, 3548
147594205880680, 147594205891488, 10808
147594227780300, 147594227784736, 4436
147594249764220, 147594249768628, 4408
147594271725908, 147594271730468, 4560
147594293635692, 147594293640316, 4624
147594315608248, 147594315619792, 11544
147594337615228, 147594337619024, 3796
147594359387740, 147594359392508, 4768
147594381368300, 147594381372692, 4392
147594403312176, 147594403323084, 10908
147594425262932, 147594425267436, 4504
147594447240448, 147594447244348, 3900
147594469117884, 147594469122436, 4552
147594491060444, 147594491064736, 4292
147594513042244, 147594513053448, 11204
147594534942584, 147594534947004, 4420
147594556920768, 147594556925736, 4968
147594578807228, 147594578811676, 4448
147594600691520, 147594600702352, 10832
147594622650592, 147594622654784, 4192
147594644688156, 147594644692396, 4240
147594666536384, 147594666540848, 4464
147594688442976, 147594688446972, 3996
147594710419540, 147594710430740, 11200
147594732358444, 147594732362860, 4416
147594754252392, 147594754256892, 4500
147594776166288, 147594776170444, 4156
147594798128460, 147594798133092, 4632
147594820076768, 147594820087548, 10780
147594841991488, 147594841995972, 4484
147594863954752, 147594863959476, 4724
147594885912692, 147594885916324, 3632
147594907881440, 147594907891476, 10036
147594929725344, 147594929729848, 4504
147594951680372, 147594951683932, 3560
147594973631080, 147594973635284, 4204
147594995569060, 147594995573184, 4124
147595017454776, 147595017466236, 11460
147595099256340, 147595099267244, 10904
147595330639024, 147595330650040, 11016
147595476173660, 147595476178108, 4448
147595621761852, 147595621766176, 4324
147595767268828, 147595767272920, 4092
147595912870244, 147595912874616, 4372
147596058485016, 147596058489108, 4092
147596204051992, 147596204056632, 4640
147596349658104, 147596349662364, 4260
147596495208124, 147596495212800, 4676
147596640799140, 147596640810832, 11692
147596662739576, 147596662744520, 4944
147596684645392, 147596684650200, 4808
147596706541632, 147596706552388, 10756
147596728464732, 147596728469480, 4748
147596750453036, 147596750457316, 4280
147596772382380, 147596772386844, 4464
147598218204044, 147598218208956, 4912
147598285983100, 147598285987684, 4584
147598307957596, 147598307961508, 3912
147598329890892, 147598329894460, 3568
147598351768456, 147598351773620, 5164
147598373705612, 147598373710264, 4652
147598395756740, 147598395761292, 4552
147598417609880, 147598417614724, 4844
147598439518748, 147598439523548, 4800
147598461476048, 147598461481104, 5056
147598483383952, 147598483388776, 4824
147598505350424, 147598505355160, 4736
147598527267800, 147598527272284, 4484
147598549236832, 147598549241324, 4492
147598571154708, 147598571158196, 3488
147598593075596, 147598593080552, 4956
147598615001308, 147598615006304, 4996
147598636941736, 147598636946528, 4792
147598658957808, 147598658961312, 3504
147598680869692, 147598680874344, 4652
147598702760652, 147598702765368, 4716
147598724683868, 147598724688140, 4272
147598746654916, 147598746659708, 4792
147598768520656, 147598768524892, 4236
147598790512468, 147598790517412, 4944
147598812453164, 147598812457440, 4276
147598834403824, 147598834408480, 4656
147598856414624, 147598856419040, 4416
147598878233060, 147598878237576, 4516
147598900188300, 147598900192872, 4572
147598922118828, 147598922122572, 3744
147598944130944, 147598944135368, 4424
147598966053936, 147598966058436, 4500
147598987949836, 147598987954468, 4632
147599009842884, 147599009847076, 4192
147599031788232, 147599031792016, 3784
147599053766468, 147599053771040, 4572
147599075736916, 147599075741936, 5020
147599097626524, 147599097630736, 4212
147599119528108, 147599119531796, 3688
147599141518792, 147599141523496, 4704
147599163529112, 147599163533732, 4620
147599185396756, 147599185401448, 4692
147599207304796, 147599207309800, 5004
147599229186508, 147599229191204, 4696
147599251206432, 147599251211160, 4728
147599273174968, 147599273179588, 4620
147599295022720, 147599295027312, 4592
147599316951988, 147599316956604, 4616
147599338913876, 147599338918696, 4820
147599360962748, 147599360966496, 3748
147599382819676, 147599382824008, 4332
147599404762052, 147599404766672, 4620
147599426656644, 147599426661436, 4792
147599448596372, 147599448600036, 3664
147599470543940, 147599470548856, 4916
147599492528236, 147599492533036, 4800
147599514426796, 147599514431880, 5084
147599536387636, 147599536392260, 4624
147599558385204, 147599558389980, 4776
147599580246472, 147599580251016, 4544
147599602183204, 147599602187764, 4560
147599624102424, 147599624107096, 4672
147599646046388, 147599646050852, 4464
147599667965060, 147599667969408, 4348
147599689900516, 147599689905008, 4492
147599711908192, 147599711912520, 4328
147599733859692, 147599733863960, 4268
147599755711660, 147599755716484, 4824
147599777704156, 147599777708988, 4832
147599799635924, 147599799640792, 4868
147599821497172, 147599821501876, 4704
147599843440888, 147599843445580, 4692
147599865354324, 147599865359084, 4760
147599887334348, 147599887339316, 4968
147599909278456, 147599909283288, 4832
147599931223288, 147599931227968, 4680
147599953247452, 147599953251836, 4384
147599975069568, 147599975074020, 4452
147599997081852, 147599997086564, 4712
147600018937572, 147600018942080, 4508
147600040916488, 147600040921236, 4748
147600062824844, 147600062829356, 4512
147600084753072, 147600084757752, 4680
147600106751332, 147600106755880, 4548
147600128625816, 147600128630300, 4484
147600150584088, 147600150588712, 4624
147600172516548, 147600172521196, 4648
147600194429700, 147600194434320, 4620
147600216363112, 147600216366948, 3836
147600238310128, 147600238314696, 4568
147600260251792, 147600260256128, 4336
147600282166300, 147600282171132, 4832
147600304122304, 147600304126480, 4176
147600326049588, 147600326054208, 4620
147600347980096, 147600347998352, 18256
147600369908708, 147600369913212, 4504
147600391911400, 147600391915836, 4436
147600413798208, 147600413803236, 5028
147600435722696, 147600435727204, 4508
147600457721764, 147600457726964, 5200
147602206652512, 147602206663532, 11020
147602434040464, 147602434045024, 4560
147602629349152, 147602629360928, 11776
147602651259372, 147602651264040, 4668
147602673205692, 147602673210452, 4760
147602695192272, 147602695196560, 4288
147602717149380, 147602717154372, 4992
147602739047536, 147602739052464, 4928
147602761002668, 147602761007032, 4364
147602782846144, 147602782850680, 4536
147602804881960, 147602804886796, 4836
147602826759792, 147602826764304, 4512
147602848798256, 147602848802464, 4208
147602870614084, 147602870618364, 4280
147602892649168, 147602892653848, 4680
147602914463376, 147602914467888, 4512
147602936421088, 147602936425636, 4548
147602958417260, 147602958421840, 4580
147602980304132, 147602980308376, 4244
147603002309596, 147603002314424, 4828
147603024158456, 147603024163348, 4892
147604198815524, 147604198826104, 10580
147583437721692, 147583437732160, 10468
147583437771304, 147583437778508, 7204
147583437830368, 147583437836996, 6628
147583437868828, 147583437875444, 6616
147585431644652, 147585431660508, 15856
147585453395396, 147585453400188, 4792
147585475258656, 147585475263624, 4968
147585497216132, 147585497219768, 3636
147585519268212, 147585519272520, 4308
147585541183764, 147585541188160, 4396
147585563030792, 147585563035272, 4480
147585584977168, 147585584981276, 4108
147585606857172, 147585606881224, 24052
147585628876212, 147585628880760, 4548
147585650853368, 147585650857780, 4412
147585672817804, 147585672822608, 4804
147585694654248, 147585694658608, 4360
147585716589144, 147585716593700, 4556
147585738573388, 147585738578064, 4676
147585760515188, 147585760519732, 4544
147585782424880, 147585782428972, 4092
147585804297684, 147585804301876, 4192
147585826214952, 147585826219272, 4320
147585848172640, 147585848177040, 4400
147585870090916, 147585870095700, 4784
147585892078696, 147585892083020, 4324
147585913950624, 147585913954872, 4248
147585935977740, 147585935982184, 4444
147585957955748, 147585957959820, 4072
147585979821024, 147585979825404, 4380
147586001785720, 147586001790120, 4400
147586023671516, 147586023675972, 4456
147586045624908, 147586045629516, 4608
147586067568792, 147586067573284, 4492
147586089585760, 147586089589556, 3796
147586111481296, 147586111485936, 4640
147586133372716, 147586133377000, 4284
147586155347060, 147586155351748, 4688
147586177255272, 147586177259696, 4424
147586199166600, 147586199171100, 4500
147586221167532, 147586221171976, 4444
147586243058104, 147586243062480, 4376
147586265040888, 147586265045260, 4372
147586286915908, 147586286920432, 4524
147586308819940, 147586308823496, 3556
147586330753724, 147586330758092, 4368
147586352701528, 147586352706040, 4512
147586374671840, 147586374676388, 4548
147586396661272, 147586396665732, 4460
147586418559480, 147586418564024, 4544
147586440484236, 147586440487820, 3584
147586462399656, 147586462404128, 4472
147586484534172, 147586484538640, 4468
147586506372944, 147586506377384, 4440
147586528276216, 147586528280340, 4124
147586550126336, 147586550130560, 4224
147586572349356, 147586572354112, 4756
147586594131548, 147586594136144, 4596
147586615947984, 147586615952484, 4500
147586637884040, 147586637888460, 4420
147586659835556, 147586659840068, 4512
147586681808496, 147586681813028, 4532
147586703787824, 147586703792256, 4432
147586725647860, 147586725652372, 4512
147586747556104, 147586747560440, 4336
147586769460004, 147586769464584, 4580
147586791636672, 147586791641256, 4584
147586813329108, 147586813333484, 4376
147586835339836, 147586835344384, 4548
147586857366504, 147586857370968, 4464
147586879173564, 147586879177896, 4332
147586901210540, 147586901214968, 4428
147586923150552, 147586923155284, 4732
147586945007160, 147586945011284, 4124
147586966917512, 147586966922200, 4688
147586988907372, 147586988911804, 4432
147587010899148, 147587010903312, 4164
147587250089084, 147587250100376, 11292
147587252125984, 147587252137968, 11984
147587274003224, 147587274007512, 4288
147587296054448, 147587296064052, 9604
147587317953928, 147587317957416, 3488
147587339814988, 147587339819436, 4448
147587361738788, 147587361750668, 11880
147587383713868, 147587383718264, 4396
147587405648144, 147587405659008, 10864
147587427642916, 147587427646384, 3468
147587449579908, 147587449584696, 4788
147587471476864, 147587471489028, 12164
147587493376708, 147587493381116, 4408
147587515343784, 147587515355036, 11252
147587537287868, 147587537292220, 4352
147587559235268, 147587559247404, 12136
147587581119292, 147587581123468, 4176
147587603049048, 147587603087224, 38176
147587625035432, 147587625040080, 4648
147587646956704, 147587646961620, 4916
147587668984780, 147587668997168, 12388
147587690866404, 147587690870860, 4456
147587712818308, 147587712829824, 11516
147587734772516, 147587734777204, 4688
147587756615336, 147587756626868, 11532
147587778585940, 147587778589332, 3392
147587800582628, 147587800587240, 4612
147587822477848, 147587822489408, 11560
147587844452620, 147587844457328, 4708
147587866525216, 147587866536528, 11312
147587888234720, 147587888238196, 3476
147587910174340, 147587910220336, 45996
147587932154864, 147587932159380, 4516
147587954071456, 147587954081088, 9632
147587975987840, 147587975992660, 4820
147587997945824, 147587997949316, 3492
147588019956396, 147588019967440, 11044
147588041849636, 147588041854516, 4880
147588063770796, 147588063780740, 9944
147588085651260, 147588085656188, 4928
147588107650728, 147588107661836, 11108
147588129541464, 147588129546000, 4536
147588151470056, 147588151481044, 10988
147588173455372, 147588173459824, 4452
147588195322096, 147588195326136, 4040
147588217328148, 147588217339876, 11728
147588239250412, 147588239255140, 4728
147588261160692, 147588261171912, 11220
147588283090260, 147588283094476, 4216
147588305063000, 147588305073184, 10184
147588326960308, 147588326964844, 4536
147588348902348, 147588348905964, 3616
147588370830436, 147588370842468, 12032
147588392794208, 147588392798668, 4460
147588414731992, 147588414744772, 12780
147588436650776, 147588436655624, 4848
147588458580352, 147588458593016, 12664
147588480541464, 147588480544996, 3532
147588502465216, 147588502475048, 9832
147588524378196, 147588524382628, 4432
147588546352348, 147588546356988, 4640
147588568362988, 147588568373428, 10440
147588590230684, 147588590235488, 4804
147588612243932, 147588612255656, 11724
147588801601200, 147588801612936, 11736
147588853435452, 147588853448184, 12732
147588897279824, 147588897284364, 4540
147588941173228, 147588941184888, 11660
147588985048156, 147588985052832, 4676
147589028953996, 147589028966492, 12496
147589072817848, 147589072821596, 3748
147589116652552, 147589116657512, 4960
147589160559868, 147589160564536, 4668
147589204505496, 147589204510176, 4680
147589248343540, 147589248348000, 4460
147589292271380, 147589292274792, 3412
147589336115932, 147589336121088, 5156
147589379957064, 147589379961776, 4712
147589423774316, 147589423778976, 4660
147589467670468, 147589467675224, 4756
147589511499668, 147589511504620, 4952
147589555468568, 147589555473404, 4836
147589599292516, 147589599297232, 4716
147589643207988, 147589643212528, 4540
147589687012708, 147589687017604, 4896
147590231578124, 147590231589456, 11332
147590317195104, 147590317199344, 4240
147590512601728, 147590512605752, 4024
147590708028220, 147590708032412, 4192
147590903562496, 147590903566660, 4164
147591098912504, 147591098917028, 4524
147591294361620, 147591294365300, 3680
147591489754980, 147591489759472, 4492
147591685228092, 147591685232348, 4256
147591880644400, 147591880656056, 11656
147591902644264, 147591902649124, 4860
147591924561352, 147591924566020, 4668
147591946466408, 147591946471196, 4788
147591968457624, 147591968462296, 4672
147591990352860, 147591990357368, 4508
147592225636344, 147592225646868, 10524
147592319402460, 147592319414696, 12236
147592341325812, 147592341330392, 4580
147592363293152, 147592363297732, 4580
147592385152880, 147592385157704, 4824
147592407086860, 147592407091824, 4964
147592429102224, 147592429107052, 4828
147592450975340, 147592450978896, 3556
147592472997204, 147592473000868, 3664
147592494810032, 147592494814464, 4432
147592516830848, 147592516835732, 4884
147592538681016, 147592538685492, 4476
147592560625804, 147592560630480, 4676
147592582656568, 147592582660248, 3680
147592604495744, 147592604500748, 5004
147592626467372, 147592626471956, 4584
147592648431304, 147592648435788, 4484
147592670321632, 147592670326268, 4636
147592692329672, 147592692333568, 3896
147592714199700, 147592714204468, 4768
147592736167808, 147592736172468, 4660
147592758085112, 147592758090240, 5128
147592780008784, 147592780012540, 3756
147592801935656, 147592801940240, 4584
147592823833472, 147592823837020, 3548
147592845847916, 147592845852580, 4664
147592867775320, 147592867780084, 4764
147592889800252, 147592889804820, 4568
147592911594224, 147592911598764, 4540
147592933637176, 147592933642288, 5112
147592956010676, 147592956015172, 4496
147592977442328, 147592977446080, 3752
147592999381744, 147592999385380, 3636
147593021296848, 147593021301392, 4544
147593043251628, 147593043256032, 4404
147593065229948, 147593065234948, 5000
147593087264656, 147593087268968, 4312
147593109025784, 147593109030188, 4404
147593131003296, 147593131006980, 3684
147593152928064, 147593152932388, 4324
147593174875908, 147593174880592, 4684
147593196781020, 147593196785756, 4736
147593218718332, 147593218722980, 4648
147593240648864, 147593240653476, 4612
147593262678436, 147593262683232, 4796
147593284525044, 147593284529836, 4792
147593306525196, 147593306530152, 4956
147593328435476, 147593328439828, 4352
147593350438004, 147593350442612, 4608
147593372282580, 147593372286296, 3716
147593394260648, 147593394265132, 4484
147593416146580, 147593416151376, 4796
147593438096016, 147593438100664, 4648
147593460030792, 147593460035224, 4432
147593482175384, 147593482180196, 4812
147593503903864, 147593503908288, 4424
147593525845172, 147593525849660, 4488
147593547771244, 147593547775648, 4404
147593569797760, 147593569801492, 3732
147593591686268, 147593591690572, 4304
147593613620476, 147593613624936, 4460
147593635491028, 147593635495284, 4256
147593657502864, 147593657507220, 4356
147593679392624, 147593679396052, 3428
147593701292332, 147593701296496, 4164
147593723346432, 147593723350788, 4356
147593745259440, 147593745264012, 4572
147593767125588, 147593767129800, 4212
147593789056336, 147593789060760, 4424
147593811014424, 147593811019112, 4688
147593832925148, 147593832928840, 3692
147593854929312, 147593854933828, 4516
147593876777604, 147593876782356, 4752
147593898817612, 147593898821764, 4152
147593920684788, 147593920689212, 4424
147593942600432, 147593942604600, 4168
147593964536408, 147593964541476, 5068
147593986549516, 147593986553520, 4004
147594008435356, 147594008439804, 4448
147594221782796, 147594221793772, 10976
147594421299216, 147594421303236, 4020
147594616592416, 147594616596432, 4016
147594812097744, 147594812101784, 4040
147595007569476, 147595007573436, 3960
147595202942592, 147595202946580, 3988
147595398372688, 147595398383316, 10628
147595593841988, 147595593852880, 10892
147595789232008, 147595789236264, 4256
147595984766712, 147595984770916, 4204
147596180229424, 147596180241156, 11732
147596202111536, 147596202115840, 4304
147596224175904, 147596224179664, 3760
147596245878076, 147596245882260, 4184
147596267902908, 147596267907004, 4096
147596289778088, 147596289782484, 4396
147596311803888, 147596311808360, 4472
147596333646164, 147596333650784, 4620
147596355567832, 147596355572220, 4388
147596377594064, 147596377598740, 4676
147596399481932, 147596399486260, 4328
147596421421004, 147596421425528, 4524
147596443353780, 147596443357148, 3368
147596465260192, 147596465275756, 15564
147596487231152, 147596487235392, 4240
147596509215092, 147596509219236, 4144
147596531097940, 147596531102784, 4844
147596553046092, 147596553050192, 4100
147596574964308, 147596574968580, 4272
147596596952476, 147596596956752, 4276
147596618824476, 147596618829056, 4580
147598208256172, 147598208266556, 10384
147598993906656, 147598993949736, 43080
147600202434472, 147600202438424, 3952
147600523592696, 147600523604932, 12236
147600545438712, 147600545443380, 4668
147600567298744, 147600567302260, 3516
147600589253804, 147600589258456, 4652
147600611228628, 147600611233488, 4860
147600633278272, 147600633283024, 4752
147600655093000, 147600655097672, 4672
147600677130008, 147600677134352, 4344
147600698948928, 147600698952456, 3528
147600720982632, 147600720987108, 4476
147600742896988, 147600742901632, 4644
147600764750724, 147600764755336, 4612
147600786641028, 147600786645468, 4440
147600808632788, 147600808636732, 3944
147600830553984, 147600830558284, 4300
147600852529172, 147600852533728, 4556
147600874499164, 147600874502680, 3516
147600896407084, 147600896412052, 4968
147600918321044, 147600918325624, 4580
147600940235640, 147600940240640, 5000
147600962177112, 147600962181868, 4756
147600984115680, 147600984120368, 4688
147601006149076, 147601006153520, 4444
147601028004756, 147601028009188, 4432
147601049975692, 147601049980792, 5100
147601071887796, 147601071892772, 4976
147601093811128, 147601093816020, 4892
147601115834380, 147601115838860, 4480
147601137703956, 147601137708676, 4720
147601159644344, 147601159648532, 4188
147601181538548, 147601181543236, 4688
147601203503536, 147601203507788, 4252
147601225405800, 147601225410232, 4432
147601247431944, 147601247436520, 4576
147601269284500, 147601269288284, 3784
147601291211864, 147601291216548, 4684
147601313213356, 147601313216944, 3588
147601335120940, 147601335124740, 3800
147601357059952, 147601357064848, 4896
147601378966720, 147601378971348, 4628
147601400905336, 147601400910052, 4716
147601422860844, 147601422864324, 3480
147601444878760, 147601444883408, 4648
147601466707536, 147601466712316, 4780
147601488670560, 147601488675092, 4532
147601510595972, 147601510600468, 4496
147601532538208, 147601532541748, 3540
147601554448572, 147601554452012, 3440
147601576414552, 147601576419208, 4656
147601598412796, 147601598417172, 4376
147601620379496, 147601620383832, 4336
147601642217512, 147601642221664, 4152
147601664169208, 147601664174012, 4804
147601686119012, 147601686123536, 4524
147601708052728, 147601708056936, 4208
147601729985576, 147601729990124, 4548
147601751889584, 147601751893744, 4160
147601773840556, 147601773844168, 3612
147601795808272, 147601795812772, 4500
147601817720460, 147601817725056, 4596
147601839677964, 147601839682564, 4600
147601861677112, 147601861680984, 3872
147601883546476, 147601883551044, 4568
147601905423096, 147601905427324, 4228
147601927427652, 147601927432304, 4652
147601949407328, 147601949411804, 4476
147601971251516, 147601971255808, 4292
147601993172584, 147601993176960, 4376
147602015206844, 147602015211404, 4560
147602037067812, 147602037072736, 4924
147602059000336, 147602059005056, 4720
147602080909660, 147602080914308, 4648
147602102870820, 147602102875180, 4360
147602124867812, 147602124872052, 4240
147602146777688, 147602146782032, 4344
147602168708012, 147602168711956, 3944
147602190621280, 147602190625740, 4460
147602212538468, 147602212543020, 4552
147602234479968, 147602234484484, 4516
147602256501100, 147602256505752, 4652
147602278370148, 147602278374780, 4632
147602300299316, 147602300303632, 4316
147602322287744, 147602322292124, 4380
147602344264832, 147602344269480, 4648
147602366095216, 147602366099988, 4772
147602388028956, 147602388032512, 3556
147602410012956, 147602410017528, 4572
147602431946340, 147602431950424, 4084
147602453880792, 147602453885784, 4992
147602475797560, 147602475802072, 4512
147602497725436, 147602497730032, 4596
147602519731928, 147602519735700, 3772
147602541584924, 147602541589608, 4684
147602563623920, 147602563628496, 4576
147602585537140, 147602585542172, 5032
147602607421844, 147602607426640, 4796
147604192825348, 147604192836328, 10980
147604388185676, 147604388189804, 4128
147604583643872, 147604583648348, 4476
147604779325572, 147604779337308, 11736
147604801049280, 147604801053848, 4568
147604823068596, 147604823072924, 4328
147604844901068, 147604844904780, 3712
147604866793356, 147604866796796, 3440
147604888811560, 147604888816348, 4788
147604910798324, 147604910802712, 4388
147604932676812, 147604932681368, 4556
147604954598640, 147604954603284, 4644
147604976597664, 147604976602204, 4540
147604998482852, 147604998487300, 4448
147605020366740, 147605020370848, 4108
147605042307432, 147605042311896, 4464
147605064219444, 147605064224144, 4700
147605086233324, 147605086237968, 4644
147605108160268, 147605108164796, 4528
147605130066060, 147605130070704, 4644
147605151985804, 147605151989896, 4092
147605173972564, 147605173976116, 3552
147605195976776, 147605195981436, 4660
147605217766388, 147605217771072, 4684
147605239861112, 147605239865744, 4632
147605261676504, 147605261681064, 4560
147605283562404, 147605283583476, 21072
147605305573952, 147605305578240, 4288
147605327480732, 147605327485492, 4760
147605349398980, 147605349403564, 4584
147605371497956, 147605371501384, 3428
147605393366136, 147605393370724, 4588
