40963973869370, 40963973909020, 39650
40964620302376, 40964620304992, 2616
40964664206044, 40964664217668, 11624
40964839791344, 40964839801780, 10436
40965122793184, 40965122802000, 8816
40966021500036, 40966021509552, 9516
40966529702200, 40966529714020, 11820
40967086589096, 40967086598356, 9260
40967394623896, 40967394631908, 8012
40967769011688, 40967769019688, 8000
40968668094828, 40968668103392, 8564
40969299236104, 40969299243560, 7456
40969607831128, 40969607838780, 7652
40969830958096, 40969830966140, 8044
40970011941992, 40970011950668, 8676
40970508902356, 40970508909912, 7556
40971194997256, 40971195005532, 8276
40971932664532, 40971932677356, 12824
40972307652308, 40972307660280, 7972
40972590738872, 40972590747036, 8164
40972618420700, 40972618428524, 7824
40972792980040, 40972792988108, 8068
40973190156656, 40973190165228, 8572
40973482402288, 40973482409880, 7592
40973762304060, 40973762316316, 12256
40974137201480, 40974137210316, 8836
40974533834540, 40974533842316, 7776
40974713567144, 40974713575636, 8492
40975099075736, 40975099087184, 11448
40975434265516, 40975434277144, 11628
40975615685048, 40975615693368, 8320
40975659440444, 40975659448400, 7956
40975969474988, 40975969482464, 7476
40975997149824, 40975997157000, 7176
40976044745916, 40976044752924, 7008
40976421851488, 40976421861948, 10460
40976704847812, 40976704856256, 8444
40977261244624, 40977261253764, 9140
40977553985796, 40977553993948, 8152
40978193084892, 40978193093220, 8328
40978368183344, 40978368191488, 8144
40979266782100, 40979266791072, 8972
40979448200148, 40979448207224, 7076
40980347482500, 40980347491724, 9224
40980657391424, 40980657399688, 8264
40980880522720, 40980880531136, 8416
40981527607104, 40981527618788, 11684
40981838068448, 40981838077208, 8760
40982442110408, 40982442119844, 9436
40983929748276, 40983929759000, 10724
40984538306420, 40984538318016, 11596
40963840279736, 40963840289980, 10244
40964837781152, 40964837791164, 10012
40965696192132, 40965696200836, 8704
40965875938780, 40965875947064, 8284
40966159099720, 40966159108000, 8280
40966529703944, 40966529715480, 11536
40966587551296, 40966587558732, 7436
40966766713868, 40966766721716, 7848
40967163855448, 40967163864184, 8736
40967456065484, 40967456073760, 8276
40968012424164, 40968012432912, 8748
40968871285144, 40968871294188, 9044
40969181064076, 40969181072316, 8240
40970080070544, 40970080079456, 8912
40970476598820, 40970476607820, 9000
40971226407236, 40971226418776, 11540
40971509356476, 40971509364136, 7660
40971900735784, 40971900747332, 11548
40972757959864, 40972757967888, 8024
40973397508584, 40973397517448, 8864
40974001695848, 40974001706852, 11004
40974175293100, 40974175301604, 8504
40974778583292, 40974778591616, 8324
40975123009192, 40975123017548, 8356
40975726119904, 40975726128720, 8816
40976222329224, 40976222341152, 11928
40976719030348, 40976719038760, 8412
40976900424132, 40976900431940, 7808
40977210241076, 40977210249548, 8472
40977389916580, 40977389924492, 7912
40977886847780, 40977886856028, 8248
40978109930664, 40978109938956, 8292
40978289636204, 40978289644460, 8256
40978470434912, 40978470442624, 7712
40978780209964, 40978780218496, 8532
40979639041468, 40979639049652, 8184
40979922141320, 40979922149788, 8468
40980525228040, 40980525236360, 8320
40981423885768, 40981423894320, 8552
40982024908368, 40982024916068, 7700
40982251800860, 40982251813048, 12188
40982808578580, 40982808587628, 9048
40983088525848, 40983088534012, 8164
40983485114916, 40983485123652, 8736
40984342907564, 40984342916312, 8748
40984566087348, 40984566096672, 9324
40984745266324, 40984745274712, 8388
40963840233864, 40963840250684, 16820
40964656220404, 40964656228816, 8412
40965030595472, 40965030604228, 8756
40965935118060, 40965935128840, 10780
40966309594224, 40966309602764, 8540
40967497397588, 40967497408432, 10844
40968355338312, 40968355346424, 8112
40968363265732, 40968363272596, 6864
40969220654800, 40969220663232, 8432
40969264425568, 40969264433800, 8232
40970123883208, 40970123891448, 8240
40970167659608, 40970167666492, 6884
40972646971580, 40972646975008, 3428
40977800445936, 40977800456316, 10380
40977828124156, 40977828131608, 7452
40978224933996, 40978224942252, 8256
40978828811020, 40978828819168, 8148
40979136788200, 40979136795612, 7412
40979739933900, 40979739942580, 8680
40980599256180, 40980599264824, 8644
40980891536044, 40980891543940, 7896
40981750068040, 40981750076192, 8152
40983891852984, 40983891863788, 10804
40961756304520, 40961756314728, 10208
40961756346832, 40961756354136, 7304
40961756373312, 40961756379688, 6376
40961756401008, 40961756408052, 7044
40961756430116, 40961756437188, 7072
40961756454352, 40961756460668, 6316
40961756481924, 40961756488956, 7032
40961756510924, 40961756517804, 6880
40961756540024, 40961756547128, 7104
40961756569536, 40961756576616, 7080
40961756594104, 40961756600820, 6716
40961756622240, 40961756629060, 6820
40961756650728, 40961756657796, 7068
40961756674900, 40961756681184, 6284
40961756702612, 40961756709264, 6652
40961756730324, 40961756737244, 6920
40961756760028, 40961756767160, 7132
40961756789464, 40961756796676, 7212
40961756819284, 40961756826708, 7424
40963750513984, 40963750524528, 10544
40963750541852, 40963750548872, 7020
40963750562868, 40963750569704, 6836
40963750581840, 40963750588528, 6688
40963750602668, 40963750609320, 6652
40963750622584, 40963750629132, 6548
40963750642056, 40963750648512, 6456
40963750661692, 40963750668108, 6416
40963750680332, 40963750686744, 6412
40963750698984, 40963750705456, 6472
40963750716952, 40963750723496, 6544
40963750734912, 40963750741408, 6496
40964592391436, 40964592429772, 38336
40964903632644, 40964903644360, 11716
40965760272012, 40965760280540, 8528
40966032018180, 40966032026060, 7880
40966306234712, 40966306246872, 12160
40966598757732, 40966598766604, 8872
40966764000564, 40966764008296, 7732
40967403233088, 40967403241608, 8520
40967468605288, 40967468613116, 7828
40967614568392, 40967614576916, 8524
40967856547080, 40967856558476, 11396
40969939462300, 40969939473500, 11200
40970022427496, 40970022435804, 8308
40970661798544, 40970661806592, 8048
40970709622076, 40970709629020, 6944
40970737276228, 40970737283044, 6816
40971084734972, 40971084744836, 9864
40971458981044, 40971458989648, 8604
40972062634452, 40972062643108, 8656
40972283181540, 40972283189148, 7608
40972839989144, 40972839997516, 8372
40972982174048, 40972982186104, 12056
40973929850680, 40973929862580, 11900
40974221826400, 40974221835160, 8760
40974687542988, 40974687550848, 7860
40974731282848, 40974731290676, 7828
40975200833080, 40975200844444, 11364
40975697457744, 40975697466576, 8832
40976072362732, 40976072371340, 8608
40976675153884, 40976675161620, 7736
40977573795052, 40977573803512, 8460
40977856634736, 40977856643064, 8328
40978714961744, 40978714969552, 7808
40978997877544, 40978997885720, 8176
40979290533368, 40979290541336, 7968
40979513037632, 40979513045592, 7960
40979541264444, 40979541272384, 7940
40979851001688, 40979851010036, 8348
40980030239232, 40980030247368, 8136
40980669571464, 40980669579612, 8148
40981050731956, 40981050743448, 11492
40981424805900, 40981424814340, 8440
40981732747612, 40981732755384, 7772
40982015750976, 40982015758656, 7680
40982511183524, 40982511195296, 11772
40983007760552, 40983007768792, 8240
40983035999908, 40983036007912, 8004
40983894258616, 40983894265976, 7360
40983921936488, 40983921944244, 7756
40984780960100, 40984780969048, 8948
40984961794284, 40984961802052, 7768
