40959517071144, 40959517078636, 7492
40959667127624, 40959667139872, 12248
40959675070736, 40959675084200, 13464
40963973863736, 40963973869036, 5300
40964620297860, 40964620302188, 4328
40964664202904, 40964664205848, 2944
40964839787944, 40964839791148, 3204
40965122781832, 40965122793000, 11168
40966021490612, 40966021499820, 9208
40966529698592, 40966529702000, 3408
40967086580044, 40967086588896, 8852
40967394615836, 40967394623700, 7864
40967769004256, 40967769011492, 7236
40968668086136, 40968668094632, 8496
40969299228752, 40969299235908, 7156
40969607823752, 40969607830936, 7184
40969830949432, 40969830957900, 8468
40970011933700, 40970011941748, 8048
40970508895120, 40970508902160, 7040
40970885209832, 40970885216812, 6980
40971194988560, 40971194997052, 8492
40971932661620, 40971932664312, 2692
40972307644636, 40972307652060, 7424
40972590730784, 40972590738684, 7900
40972618413260, 40972618420504, 7244
40972792972204, 40972792979848, 7644
40973190146968, 40973190156464, 9496
40973482394932, 40973482402088, 7156
40973762301208, 40973762303840, 2632
40974137195424, 40974137201260, 5836
40974533827556, 40974533834352, 6796
40974713558916, 40974713566948, 8032
40975099056712, 40975099075544, 18832
40975434262312, 40975434265296, 2984
40975615677572, 40975615684856, 7284
40975659432172, 40975659440200, 8028
40975969465688, 40975969474796, 9108
40975997143204, 40975997149628, 6424
40976044744428, 40976044745720, 1292
40976421849024, 40976421851240, 2216
40976704838644, 40976704847592, 8948
40977261235764, 40977261244428, 8664
40977553978192, 40977553985604, 7412
40978193076352, 40978193084648, 8296
40978368175180, 40978368183152, 7972
40979266775456, 40979266781904, 6448
40979448193248, 40979448199956, 6708
40980347475960, 40980347482284, 6324
40980657382788, 40980657391232, 8444
40980880514860, 40980880522528, 7668
40981527584712, 40981527606908, 22196
40981838060780, 40981838068232, 7452
40982442101320, 40982442110212, 8892
40983929744764, 40983929748032, 3268
40984212788340, 40984212793292, 4952
40984538302300, 40984538306224, 3924
40959509405388, 40959509413800, 8412
40959524989924, 40959525003232, 13308
40959663467620, 40959663475756, 8136
40963840234396, 40963840279540, 45144
40964837778228, 40964837780960, 2732
40965696180848, 40965696191940, 11092
40965875930104, 40965875938588, 8484
40966159090696, 40966159099528, 8832
40966529700036, 40966529703752, 3716
40966587549568, 40966587551100, 1532
40966766706152, 40966766713664, 7512
40967163846612, 40967163855264, 8652
40967456056664, 40967456065296, 8632
40968012415776, 40968012423972, 8196
40968871276872, 40968871284948, 8076
40969181056192, 40969181063884, 7692
40970080062136, 40970080070340, 8204
40970476590284, 40970476598628, 8344
40971226403712, 40971226407048, 3336
40971509346976, 40971509356292, 9316
40971900732492, 40971900735584, 3092
40972757950960, 40972757959672, 8712
40973397499852, 40973397508388, 8536
40974001688268, 40974001695652, 7384
40974175268876, 40974175292908, 24032
40974778574440, 40974778583096, 8656
40975122998116, 40975123009000, 10884
40975726097968, 40975726119708, 21740
40976222326144, 40976222329036, 2892
40976719020700, 40976719030152, 9452
40976900415944, 40976900423952, 8008
40977210234436, 40977210240888, 6452
40977389908932, 40977389916384, 7452
40977886839876, 40977886847588, 7712
40978109923292, 40978109930476, 7184
40978289629028, 40978289636016, 6988
40978470428204, 40978470434720, 6516
40978780201216, 40978780209772, 8556
40979639033300, 40979639041268, 7968
40979922133000, 40979922141124, 8124
40980525219832, 40980525227848, 8016
40981423878236, 40981423885572, 7336
40982024899812, 40982024908172, 8360
40982251797508, 40982251800668, 3160
40982808569724, 40982808578392, 8668
40983088517672, 40983088525656, 7984
40983485106924, 40983485114728, 7804
40984342899284, 40984342907372, 8088
40984566082232, 40984566087096, 4864
40984745262528, 40984745266072, 3544
40959739901132, 40959739911620, 10488
40963840226930, 40963840233544, 6614
40964656214720, 40964656220212, 5492
40965030585924, 40965030595276, 9352
40965935115660, 40965935117864, 2204
40966309585276, 40966309593984, 8708
40967497393984, 40967497397400, 3416
40968355328736, 40968355338116, 9380
40968363264072, 40968363265544, 1472
40969220646104, 40969220654608, 8504
40969264417228, 40969264425376, 8148
40970123877044, 40970123882952, 5908
40970167653268, 40970167659424, 6156
40972646969168, 40972646971388, 2220
40973505742916, 40973505749040, 6124
40974364952836, 40974364957848, 5012
40975223365216, 40975223369884, 4668
40976082731896, 40976082736584, 4688
40976941175884, 40976941180512, 4628
40977800439028, 40977800445748, 6720
40977828115848, 40977828123960, 8112
40978224925308, 40978224933804, 8496
40978828802348, 40978828810832, 8484
40979136781148, 40979136788000, 6852
40979739926904, 40979739933708, 6804
40980599247344, 40980599255988, 8644
40980891529496, 40980891535852, 6356
40981750060720, 40981750067856, 7136
40983891849792, 40983891852788, 2996
40984495425400, 40984495430848, 5448
40985099658248, 40985099663164, 4916
40959666861488, 40959666870348, 8860
40959683143748, 40959683152220, 8472
40959723861084, 40959723869232, 8148
40959748029316, 40959748038688, 9372
40959763338568, 40959763347320, 8752
40961756300272, 40961756304252, 3980
40961756343000, 40961756346640, 3640
40961756371520, 40961756373120, 1600
40961756398328, 40961756400824, 2496
40961756427504, 40961756429920, 2416
40961756452740, 40961756454160, 1420
40961756479260, 40961756481728, 2468
40961756508384, 40961756510736, 2352
40961756537468, 40961756539832, 2364
40961756566872, 40961756569340, 2468
40961756592524, 40961756593916, 1392
40961756619688, 40961756622048, 2360
40961756648232, 40961756650532, 2300
40961756673288, 40961756674704, 1416
40961756699952, 40961756702416, 2464
40961756727744, 40961756730128, 2384
40961756757444, 40961756759836, 2392
40961756786796, 40961756789276, 2480
40961756816548, 40961756819096, 2548
40963750508932, 40963750513788, 4856
40963750529580, 40963750541664, 12084
40963750552920, 40963750562668, 9748
40963750573172, 40963750581648, 8476
40963750592676, 40963750602476, 9800
40963750613476, 40963750622392, 8916
40963750633116, 40963750641868, 8752
40963750652952, 40963750661508, 8556
40963750671512, 40963750680140, 8628
40963750690812, 40963750698796, 7984
40963750708832, 40963750716756, 7924
40963750726868, 40963750734716, 7848
40964592383190, 40964592391110, 7920
40964903625324, 40964903632452, 7128
40965760258568, 40965760271828, 13260
40966032010972, 40966032017932, 6960
40966306231328, 40966306234516, 3188
40966598748744, 40966598757536, 8792
40966763992996, 40966764000364, 7368
40967403224488, 40967403232896, 8408
40967468597684, 40967468605096, 7412
40967614561568, 40967614568200, 6632
40967856538752, 40967856546892, 8140
40969939459116, 40969939462104, 2988
40969967105848, 40969967111920, 6072
40969994761272, 40969994765528, 4256
40970022419380, 40970022427300, 7920
40970661789720, 40970661798348, 8628
40970709620484, 40970709621884, 1400
40970737270140, 40970737276036, 5896
40971084732180, 40971084734776, 2596
40971458972872, 40971458980848, 7976
40972062625856, 40972062634256, 8400
40972283174300, 40972283181344, 7044
40972839980120, 40972839988952, 8832
40972982171028, 40972982173856, 2828
40973929847400, 40973929850488, 3088
40974221816904, 40974221826184, 9280
40974687534564, 40974687542792, 8228
40974731274676, 40974731282656, 7980
40975200828928, 40975200832880, 3952
40975697448580, 40975697457540, 8960
40976072355028, 40976072362540, 7512
40976675145468, 40976675153692, 8224
40977573786320, 40977573794860, 8540
40977856625916, 40977856634536, 8620
40978714955940, 40978714961560, 5620
40978997868712, 40978997877352, 8640
40979290524964, 40979290533168, 8204
40979513029976, 40979513037436, 7460
40979541257008, 40979541264252, 7244
40979850993712, 40979851001492, 7780
40980030231672, 40980030239032, 7360
40980669563332, 40980669571272, 7940
40981050728800, 40981050731756, 2956
40981424797896, 40981424805708, 7812
40981732741128, 40981732747416, 6288
40982015743176, 40982015750776, 7600
40982511180356, 40982511183328, 2972
40983007751672, 40983007760356, 8684
40983035991952, 40983035999716, 7764
40983894251632, 40983894258424, 6792
40983921933200, 40983921936304, 3104
40984780955992, 40984780959852, 3860
40984961790592, 40984961794088, 3496
