19863869755844, 19863869764192, 8348
19867988170684, 19867988175418, 4734
19868844114160, 19868844119880, 5720
19869177325816, 19869177328788, 2972
19869529164444, 19869529175064, 10620
19869617256876, 19869617265444, 8568
19869702001692, 19869702003056, 1364
19869721468068, 19869721473796, 5728
19870048993784, 19870049001408, 7624
19870350472124, 19870350474944, 2820
19870559967956, 19870559973904, 5948
19870599888476, 19870599891092, 2616
19870841305608, 19870841308280, 2672
19871385747244, 19871385756200, 8956
19871417928516, 19871417929804, 1288
19871437394028, 19871437400196, 6168
19871739117628, 19871739120520, 2892
19872239912092, 19872239914580, 2488
19872635678900, 19872635687992, 9092
19873576748372, 19873576751464, 3092
19873814049052, 19873814058896, 9844
19874438620068, 19874438624764, 4696
19874675812444, 19874675838616, 26172
19874836309720, 19874836317652, 7932
19875200828828, 19875200843724, 14896
19875360427184, 19875360443664, 16480
19875695561896, 19875695564788, 2892
19876495024176, 19876495032664, 8488
19876696332416, 19876696339956, 7540
19876715830832, 19876715837984, 7152
19877299763520, 19877299767308, 3788
19877965068808, 19877965076956, 8148
19878125728588, 19878125736916, 8328
19878362853580, 19878362878744, 25164
19878664460496, 19878664464556, 4060
19879546370360, 19879546375268, 4908
19879658011996, 19879658016180, 4184
19879866013836, 19879866022852, 9016
19879955313636, 19879955317292, 3656
19880480061488, 19880480064572, 3084
19880891542824, 19880891552304, 9480
19881128778792, 19881128785776, 6984
19881138228160, 19881138235180, 7020
19881186416740, 19881186423764, 7024
19881741008152, 19881741012060, 3908
19882539866968, 19882539874044, 7076
19882724679612, 19882724684440, 4828
19883219487676, 19883219490512, 2836
19883644039292, 19883644048172, 8880
19883656371000, 19883656372920, 1920
19883893563288, 19883893571388, 8100
19883903030780, 19883903037228, 6448
19884207065688, 19884207082092, 16404
19884721856320, 19884721860440, 4120
19885073097652, 19885073106112, 8460
19885964827692, 19885964830920, 3228
19886016708028, 19886016711396, 3368
19886176321416, 19886176323644, 2228
19886572689136, 19886572698588, 9452
19887497203124, 19887497207032, 3908
19887921836244, 19887921844784, 8540
19888466274832, 19888466282684, 7852
19888770106508, 19888770109452, 2944
19889035466176, 19889035468392, 2216
19889294850532, 19889294854800, 4268
19863861398168, 19863861406068, 7900
19863943056496, 19863943068080, 11584
19863959193736, 19863959201904, 8168
19863967381068, 19863967389288, 8220
19868618670572, 19868618676424, 5852
19868907964696, 19868907968976, 4280
19869285074720, 19869285077180, 2460
19869493184576, 19869493195068, 10492
19870037225392, 19870037234668, 9276
19870046681140, 19870046689440, 8300
19870899688300, 19870899696380, 8080
19870955029448, 19870955030736, 1288
19870964477696, 19870964482896, 5200
19871088726752, 19871088730356, 3604
19871887566308, 19871887576120, 9812
19873057980060, 19873057983912, 3852
19873259800656, 19873259808488, 7832
19873477235868, 19873477239272, 3404
19873901771564, 19873901798816, 27252
19873991681356, 19873991685668, 4312
19874089465832, 19874089468704, 2872
19874888168092, 19874888175420, 7328
19874907659704, 19874907667428, 7724
19875721819524, 19875721822660, 3136
19876202367160, 19876202370384, 3224
19876302136072, 19876302138956, 2884
19877022419236, 19877022423080, 3844
19878151671092, 19878151673948, 2856
19878353484120, 19878353490996, 6876
19880354364632, 19880354367604, 2972
19881207524816, 19881207533852, 9036
19881228557768, 19881228564724, 6956
19881334464836, 19881334471124, 6288
19881828791676, 19881828794732, 3056
19882065928520, 19882065938548, 10028
19882490961916, 19882490969104, 7188
19882511435384, 19882511443132, 7748
19883399063084, 19883399076780, 13696
19884320814544, 19884320818260, 3716
19884438520536, 19884438523556, 3020
19884628076388, 19884628079124, 2736
19884865190224, 19884865201204, 10980
19884874669784, 19884874676784, 7000
19885082722580, 19885082730620, 8040
19885626658692, 19885626665884, 7192
19886062592384, 19886062595508, 3124
19886142400568, 19886142402176, 1608
19886375890912, 19886375894812, 3900
19886800969952, 19886800979736, 9784
19886810424380, 19886810431336, 6956
19887012265504, 19887012272136, 6632
19887031750648, 19887031757704, 7056
19887439320536, 19887439328400, 7864
19887746535852, 19887746537632, 1780
19887766001816, 19887766010096, 8280
19887871913284, 19887871919104, 5820
19887881380852, 19887881387800, 6948
19887972012184, 19887972019656, 7472
19888259308488, 19888259310912, 2424
19888610565404, 19888610569448, 4044
19889306816364, 19889306822248, 5884
19863877923148, 19863877936540, 13392
19863951215208, 19863951224296, 9088
19863983762844, 19863983776076, 13232
19867988164512, 19867988169872, 5360
19868909956328, 19868909961876, 5548
19869574925204, 19869574954280, 29076
19869833688620, 19869833690116, 1496
19870575937204, 19870575940800, 3596
19871739114132, 19871739118188, 4056
19872403310404, 19872403319960, 9556
19872585102868, 19872585105844, 2976
19872605039176, 19872605040856, 1680
19873270027776, 19873270036268, 8492
19873576772356, 19873576775504, 3148
19873972635072, 19873972643764, 8692
19874271012968, 19874271017392, 4424
19874666641084, 19874666651052, 9968
19875091654064, 19875091662764, 8700
19875200828188, 19875200831304, 3116
19875388370196, 19875388373048, 2852
19876302122296, 19876302125284, 2988
19877066317196, 19877066320908, 3712
19877373581140, 19877373583944, 2804
19877563129600, 19877563132552, 2952
19877914265264, 19877914274772, 9508
19878021968440, 19878021971452, 3012
19878706340600, 19878706346308, 5708
19879091440180, 19879091443552, 3372
19879855552188, 19879855555052, 2864
19880057315596, 19880057321772, 6176
19880799314252, 19880799317888, 3636
19881344030672, 19881344033520, 2848
19882197047188, 19882197056132, 8944
19882605340988, 19882605349728, 8740
19882822428504, 19882822431128, 2624
19883225475652, 19883225478544, 2892
19883426693436, 19883426703268, 9832
19884420565976, 19884420569416, 3440
19884689920896, 19884689927128, 6232
19885482053064, 19885482056032, 2968
19885974806528, 19885974811524, 4996
19886668302060, 19886668311228, 9168
19887259755344, 19887259762380, 7036
19887953838744, 19887953865120, 26376
19888752633048, 19888752641520, 8472
19889298842228, 19889298843592, 1364
19863845551084, 19863845558868, 7784
19863918439808, 19863918451928, 12120
19863934692152, 19863934700428, 8276
19863991977936, 19863991987236, 9300
19865992102152, 19865992107524, 5372
19865992141692, 19865992143668, 1976
19865992169068, 19865992171960, 2892
19865992198460, 19865992201048, 2588
19865992227924, 19865992230404, 2480
19865992256468, 19865992258916, 2448
19865992285324, 19865992287848, 2524
19865992313568, 19865992316008, 2440
19865992338620, 19865992340148, 1528
19865992363768, 19865992366256, 2488
19865992388072, 19865992389612, 1540
19865992413628, 19865992416020, 2392
19865992442896, 19865992445332, 2436
19865992470900, 19865992473336, 2436
19865992498628, 19865992500924, 2296
19865992526760, 19865992529320, 2560
19865992555244, 19865992557768, 2524
19865992583896, 19865992586236, 2340
19865992612852, 19865992615436, 2584
19865992639268, 19865992640648, 1380
19865992666364, 19865992668944, 2580
19867986230264, 19867986235360, 5096
19867986249532, 19867986263864, 14332
19867986275524, 19867986287024, 11500
19867986297440, 19867986308236, 10796
19867986318956, 19867986329592, 10636
19867986339920, 19867986349732, 9812
19867986359744, 19867986369012, 9268
19868684516218, 19868684524038, 7820
19869181316456, 19869181321248, 4792
19869273094192, 19869273100000, 5808
19870456238876, 19870456249244, 10368
19870807632668, 19870807642380, 9712
19871511484932, 19871511494284, 9352
19872038397068, 19872038400004, 2936
19872128174728, 19872128179288, 4560
19872950239512, 19872950242984, 3472
19873508896720, 19873508900876, 4156
19874456582284, 19874456585688, 3404
19875200821940, 19875200825268, 3328
19876206350116, 19876206354324, 4208
19877122181604, 19877122185188, 3584
19877921282644, 19877921291552, 8908
19878187585708, 19878187588644, 2936
19878883935224, 19878883938772, 3548
19878893907680, 19878893910132, 2452
19879305770860, 19879305777620, 6760
19880256591580, 19880256594904, 3324
19881055110136, 19881055120012, 9876
19882149004624, 19882149010316, 5692
19883243352468, 19883243359504, 7036
19883530064960, 19883530072256, 7296
19883549554820, 19883549562636, 7816
19883570013248, 19883570021488, 8240
19883921207808, 19883921215864, 8056
19884009821312, 19884009827892, 6580
19884452492544, 19884452495952, 3408
19885305430212, 19885305437988, 7776
19885817180896, 19885817184272, 3376
19885924923564, 19885924926056, 2492
19886449679364, 19886449682548, 3184
19886686234084, 19886686242072, 7988
19887197922744, 19887197925640, 2896
19887343554728, 19887343559416, 4688
19887580592568, 19887580601368, 8800
19888237359556, 19888237363676, 4120
19888633091848, 19888633097200, 5352
19863838166204, 19863838174816, 8612
19863853472408, 19863853480436, 8028
19863894088372, 19863894102064, 13692
19863926552936, 19863926562256, 9320
19863975722200, 19863975735180, 12980
19867988162084, 19867988167538, 5454
19868975803008, 19868975809224, 6216
19869370864672, 19869370867364, 2692
19870106226412, 19870106236420, 10008
19870747520444, 19870747526600, 6156
19870779443112, 19870779449432, 6320
19871175575592, 19871175584120, 8528
19871587435396, 19871587443368, 7972
19871607898188, 19871607905652, 7464
19871894466640, 19871894474280, 7640
19872273836820, 19872273839880, 3060
19872817427264, 19872817434360, 7096
19872837876104, 19872837882008, 5904
19873249659624, 19873249666176, 6552
19873544819948, 19873544824056, 4108
19874219146520, 19874219151216, 4696
19874470536740, 19874470543912, 7172
19874678541080, 19874678566876, 25796
19874784986540, 19874784994440, 7900
19874986767724, 19874986774460, 6736
19875579922024, 19875579924600, 2576
19876186392556, 19876186399100, 6544
19876292808200, 19876292819884, 11684
19876529907416, 19876529932824, 25408
19876637322752, 19876637324160, 1408
19877203976476, 19877203982192, 5716
19877441518988, 19877441544104, 25116
19877559143692, 19877559146976, 3284
19877678783296, 19877678786124, 2828
19878413840952, 19878413848220, 7268
19878532763932, 19878532766956, 3024
19879031567420, 19879031573728, 6308
19879867513308, 19879867518632, 5324
19880412218644, 19880412224528, 5884
19881147344180, 19881147353332, 9152
19881541559924, 19881541563220, 3296
19881792880540, 19881792885316, 4776
19882528034440, 19882528059168, 24728
19883173595340, 19883173600036, 4696
19883908817900, 19883908826248, 8348
19884554246400, 19884554250376, 3976
19885289313832, 19885289322792, 8960
19885714211340, 19885714219752, 8412
19885934895828, 19885934900272, 4444
19886670057044, 19886670082800, 25756
19886758678672, 19886758684960, 6288
19886848694204, 19886848702224, 8020
19887315623952, 19887315631116, 7164
19888249330212, 19888249333256, 3044
19888696269824, 19888696272004, 2180
19863910299924, 19863910309688, 9764
19863999180416, 19863999189028, 8612
19868075957812, 19868075962924, 5112
19869013708760, 19869013714280, 5520
19869866422468, 19869866452336, 29868
19870771473792, 19870771477136, 3344
19871436258672, 19871436268500, 9828
19871510524724, 19871510531428, 6704
19871600530804, 19871600539968, 9164
19872301771588, 19872301774224, 2636
19872321236780, 19872321246780, 10000
19872746051852, 19872746058552, 6700
19872836062752, 19872836069388, 6636
19873186937352, 19873186945196, 7844
19874420660496, 19874420664836, 4340
19875719512628, 19875719515020, 2392
19875779372712, 19875779375624, 2912
19875987364760, 19875987375112, 10352
19875996820528, 19875996829864, 9336
19876408022960, 19876408031304, 8344
19876428473736, 19876428482072, 8336
19876892729352, 19876892734228, 4876
19877064310528, 19877064316580, 6052
19877460291652, 19877460315696, 24044
19877872173592, 19877872180464, 6872
19878268227960, 19878268236224, 8264
19879091441004, 19879091444176, 3172
19879406695248, 19879406699008, 3760
19879950115920, 19879950125380, 9460
19879971145776, 19879971152116, 6340
19880561865252, 19880561868008, 2756
19880957408668, 19880957417480, 8812
19880977453196, 19880977461592, 8396
19881541549900, 19881541553156, 3256
19881842755664, 19881842759356, 3692
19882000382012, 19882000384536, 2524
19882395990468, 19882395999356, 8888
19882824428836, 19882824432584, 3748
19883489112216, 19883489120696, 8480
19884715858512, 19884715864948, 6436
19886008721832, 19886008723516, 1684
19887289679252, 19887289685472, 6220
19888383491644, 19888383516756, 25112
19889358709420, 19889358712140, 2720
19868586746292, 19868586755952, 9660
19869067583732, 19869067588252, 4520
19869492393540, 19869492422428, 28888
19869888214788, 19869888224408, 9620
19870148947616, 19870148955100, 7484
19870751510764, 19870751516448, 5684
19871088729032, 19871088742032, 13000
19872096245612, 19872096251664, 6052
19872949259636, 19872949268688, 9052
19873157737492, 19873157748652, 11160
19873851682200, 19873851692596, 10396
19873941721448, 19873941729780, 8332
19873951186876, 19873951194284, 7408
19874410680888, 19874410686868, 5980
19875132974012, 19875132981448, 7436
19875695558012, 19875695564368, 6356
19876389294128, 19876389318524, 24396
19876740903040, 19876740911420, 8380
19876980507932, 19876980514064, 6132
19877772560620, 19877772563704, 3084
19878295318960, 19878295321772, 2812
19879148209568, 19879148218960, 9392
19879167700288, 19879167708408, 8120
19879646043932, 19879646047660, 3728
19880839209352, 19880839212252, 2900
19881731018176, 19881731021036, 2860
19882026327392, 19882026329920, 2528
19882116359056, 19882116368040, 8984
19882120091472, 19882120092828, 1356
19882846385888, 19882846388768, 2880
19883185568124, 19883185572804, 4680
19883353190968, 19883353193916, 2948
19883749538888, 19883749549088, 10200
19884614101416, 19884614107620, 6204
19885279112184, 19885279136528, 24344
19885565762980, 19885565768776, 5796
19886230643588, 19886230651636, 8048
19886256724880, 19886256731884, 7004
19887055369676, 19887055378236, 8560
19887517145608, 19887517148204, 2596
19888370251756, 19888370261208, 9452
19888390732984, 19888390736684, 3700
19888592592668, 19888592595388, 2720
19888612064084, 19888612067656, 3572
19863885926924, 19863885935808, 8884
19863902182884, 19863902196928, 14044
19867986173738, 19867986220108, 46370
19867986232864, 19867986245840, 12976
19867986257004, 19867986272232, 15228
19867986283516, 19867986294544, 11028
19867986305032, 19867986315668, 10636
19867986326360, 19867986336836, 10476
19867986346780, 19867986357112, 10332
19867986367900, 19867986376484, 8584
19869155371884, 19869155377552, 5668
19869271109220, 19869271114044, 4824
19869964816572, 19869964843492, 26920
19870071313056, 19870071319440, 6384
19870456237520, 19870456242464, 4944
19870555981168, 19870555986456, 5288
19871250504096, 19871250513212, 9116
19871840860320, 19871840861640, 1320
19872615031276, 19872615034092, 2816
19872950244596, 19872950255424, 10828
19873157735848, 19873157738556, 2708
19874151294260, 19874151300608, 6348
19875004847748, 19875004857472, 9724
19875094878460, 19875094886876, 8416
19875719517428, 19875719525344, 7916
19876814092632, 19876814100772, 8140
19877235913392, 19877235916624, 3232
19878149668796, 19878149676468, 7672
19878532768156, 19878532772020, 3864
19878764216208, 19878764219272, 3064
19878883937524, 19878883940012, 2488
19879406694560, 19879406697492, 2932
19879677959088, 19879677964548, 5460
19879843567740, 19879843573488, 5748
19880130228428, 19880130251804, 23376
19880149734040, 19880149741384, 7344
19880807279792, 19880807285568, 5776
19880847184276, 19880847190548, 6272
19880937249716, 19880937256632, 6916
19881842754996, 19881842759588, 4592
19882507733996, 19882507759544, 25548
19882824428908, 19882824433196, 4288
19883223486684, 19883223489908, 3224
19884121296764, 19884121300948, 4184
19884719850944, 19884719853676, 2732
19884740323936, 19884740331660, 7724
19884745786404, 19884745787664, 1260
19885141530556, 19885141538936, 8380
19885230141316, 19885230148180, 6864
19885249629072, 19885249636296, 7224
19885482057260, 19885482060896, 3636
19886475611676, 19886475614960, 3284
19887385451956, 19887385458060, 6104
19888275278984, 19888275281404, 2420
19888533441588, 19888533445488, 3900
