19986595329296, 19986595338196, 8900
19986653223904, 19986653233692, 9788
19988694740240, 19988694746004, 5764
19988694784052, 19988694786968, 2916
19988694814828, 19988694817688, 2860
19988694843888, 19988694846276, 2388
19988694873592, 19988694876080, 2488
19988694902404, 19988694904996, 2592
19988694928164, 19988694929716, 1552
19988694954508, 19988694957092, 2584
19988694983104, 19988694985504, 2400
19988695011412, 19988695013796, 2384
19988695039724, 19988695042188, 2464
19988695067880, 19988695070260, 2380
19988695096068, 19988695098548, 2480
19988695120860, 19988695122212, 1352
19988695145916, 19988695148248, 2332
19990688571988, 19990688576152, 4164
19990688590808, 19990688603100, 12292
19990688614340, 19990688624336, 9996
19990688634752, 19990688643624, 8872
19990688653752, 19990688662688, 8936
19990688672440, 19990688680636, 8196
19990688690808, 19990688699284, 8476
19990688709456, 19990688717632, 8176
19991562369032, 19991562375984, 6952
19991947434100, 19991947438668, 4568
19993044836780, 19993044839972, 3192
19993515099428, 19993515109188, 9760
19993916701376, 19993916706076, 4700
19994184048288, 19994184049772, 1484
19994501573852, 19994501581812, 7960
19994587504000, 19994587511928, 7928
19995297981624, 19995297989500, 7876
19995970246608, 19995970255060, 8452
19996340703912, 19996340710556, 6644
19997012859904, 19997012866760, 6856
19998011666240, 19998011674616, 8376
19998328643412, 19998328649456, 6044
19999327896324, 19999327903272, 6948
19999990566920, 19999990574548, 7628
20000460634244, 20000460643108, 8864
20001094926100, 20001094934080, 7980
20001565193372, 20001565200544, 7172
20001911581596, 20001911590188, 8592
20002772441148, 20002772448744, 7596
20003645885612, 20003645893908, 8296
20004280737388, 20004280746032, 8644
20005140810420, 20005140815884, 5464
20006001539968, 20006001546744, 6776
20006861267668, 20006861275336, 7668
20007256596960, 20007256600600, 3640
20007928826132, 20007928835044, 8912
20008638737676, 20008638745112, 7436
20009310952092, 20009310959720, 7628
20009681966288, 20009681973952, 7664
20010058804856, 20010058811324, 6468
20010919484156, 20010919492124, 7968
20011224567948, 20011224570648, 2700
19986587875888, 19986587888352, 12464
19986603396876, 19986603405504, 8628
19986645129672, 19986645138568, 8896
19990770325264, 19990770330038, 4774
19991568334960, 19991568336468, 1508
19992019273808, 19992019276916, 3108
19992365579224, 19992365590240, 11016
19992448241812, 19992448243332, 1520
19992911155424, 19992911158860, 3436
19993546022876, 19993546031000, 8124
19993926667056, 19993926674260, 7204
19994561454232, 19994561463660, 9428
19995339580228, 19995339588528, 8300
19995809649376, 19995809658060, 8684
19996808385672, 19996808394464, 8792
19997125323516, 19997125331684, 8168
19998270218056, 19998270221172, 3116
19998904854508, 19998904864564, 10056
19999275752384, 19999275760480, 8096
19999323704496, 19999323706044, 1548
19999958365884, 19999958374668, 8784
20000275289464, 20000275297800, 8336
20000301313644, 20000301314876, 1232
20000618281984, 20000618290188, 8204
20001290397700, 20001290405048, 7348
20001759794636, 20001759796560, 1924
20002432008624, 20002432017892, 9268
20002901549076, 20002901556896, 7820
20003762356616, 20003762365268, 8652
20004108688728, 20004108695916, 7188
20004426213568, 20004426221212, 7644
20005135891504, 20005135899068, 7564
20005482811500, 20005482818696, 7196
20006528053152, 20006528062124, 8972
20006898508368, 20006898516448, 8080
20007533326356, 20007533333404, 7048
20007903692788, 20007903700116, 7328
20008250600240, 20008250608756, 8516
20008567528096, 20008567536100, 8004
20009191263536, 20009191270724, 7188
20009508298032, 20009508305400, 7368
20009618832156, 20009618833492, 1336
20010242690184, 20010242697648, 7464
20010876795360, 20010876803184, 7824
19986611752892, 19986611764112, 11220
19986628419048, 19986628428120, 9072
19986669886548, 19986669895036, 8488
19986678254896, 19986678267032, 12136
19986694633808, 19986694642752, 8944
19990778303398, 19990778346672, 43274
19991692042548, 19991692046968, 4420
19992565520800, 19992565531996, 11196
19993533478452, 19993533487652, 9200
19994531826420, 19994531833572, 7152
19995154975832, 19995154984960, 9128
19995472525308, 19995472533500, 8192
19995777487176, 19995777495656, 8480
19996763865868, 19996763868836, 2968
19997636951576, 19997636960800, 9224
19998445809692, 19998445812748, 3056
19999117790028, 19999117799708, 9680
20000038963028, 20000038971204, 8176
20000385150004, 20000385159200, 9196
20000802131568, 20000802136492, 4924
20001800622772, 20001800631448, 8676
20002845814644, 20002845823148, 8504
20003192610424, 20003192618864, 8440
20003882004920, 20003882013056, 8136
20004614955048, 20004614959832, 4784
20005613322336, 20005613331324, 8988
20005930754068, 20005930761464, 7396
20006640456136, 20006640464332, 8196
20007110400484, 20007110408672, 8188
20008078415324, 20008078424072, 8748
20009038295112, 20009038296952, 1840
20009898193288, 20009898202360, 9072
20010943624124, 20010943632632, 8508
20011314031304, 20011314035428, 4124
19986661575880, 19986661583660, 7780
19990722439038, 19990722445418, 6380
19991706004284, 19991706010168, 5884
19992565887984, 19992565897520, 9536
19992723586632, 19992723588088, 1456
19993741102612, 19993741107092, 4480
19994698841820, 19994698846236, 4416
19994758683836, 19994758685400, 1564
19995618614644, 19995618624068, 9424
19995776193864, 19995776195180, 1316
19996636054480, 19996636062216, 7736
19997259629668, 19997259638388, 8720
19997500916628, 19997500925656, 9028
19997970969824, 19997970978380, 8556
19998830821400, 19998830827088, 5688
19999399464856, 19999399467840, 2984
19999704991216, 19999705000732, 9516
20000737307472, 20000737311796, 4324
20001610426860, 20001610436252, 9392
20002234033872, 20002234043096, 9224
20002604320548, 20002604328828, 8280
20003238848468, 20003238856104, 7636
20003708801964, 20003708810240, 8276
20004331879232, 20004331887772, 8540
20004814457592, 20004814460840, 3248
20005449097588, 20005449106704, 9116
20005919046432, 20005919054324, 7892
20006917431044, 20006917439424, 8380
20007962626264, 20007962634372, 8108
20008267627144, 20008267633924, 6780
20009312935240, 20009312943004, 7764
20009947575012, 20009947583204, 8192
20010417598324, 20010417606268, 7944
20011385082208, 20011385090272, 8064
20011762348796, 20011762352224, 3428
19986619934528, 19986619943188, 8660
19990722438178, 19990722443812, 5634
19991767861672, 19991767865784, 4112
19992401873156, 19992401883848, 10692
19993447546544, 19993447555808, 9264
19993916702660, 19993916706788, 4128
19994207993452, 19994207994964, 1512
19994578263252, 19994578271436, 8184
19995576528576, 19995576537028, 8452
19995953699640, 19995953708312, 8672
19996270559336, 19996270567440, 8104
19996616773348, 19996616781676, 8328
19997086670248, 19997086677388, 7140
19997222762012, 19997222763240, 1228
19997569014172, 19997569021164, 6992
19998536663604, 19998536671432, 7828
19998913790592, 19998913798752, 8160
19999959244072, 19999959252156, 8084
20000818814396, 20000818822252, 7856
20000863974544, 20000863975784, 1240
20001724294280, 20001724300900, 6620
20002100886936, 20002100894828, 7892
20003099138988, 20003099147276, 8288
20003470061968, 20003470069868, 7900
20004714709128, 20004714712144, 3016
20005031483460, 20005031492876, 9416
20005802048116, 20005802051008, 2892
20006675177252, 20006675186136, 8884
20007021279636, 20007021287796, 8160
20007880790216, 20007880797880, 7664
20008350622424, 20008350630576, 8152
20009348731368, 20009348739332, 7964
20010058874916, 20010058883660, 8744
20010429654472, 20010429662376, 7904
20010861899784, 20010861903668, 3884
20011179279056, 20011179283132, 4076
20011649223932, 20011649227016, 3084
19990722439232, 19990722446918, 7686
19991787812728, 19991787817532, 4804
19992459673276, 19992459684220, 10944
19992754260412, 19992754268760, 8348
19993306689924, 19993306698480, 8556
19993990524624, 19993990527892, 3268
19994760683500, 19994760686376, 2876
19995633501304, 19995633510608, 9304
19996601087132, 19996601095540, 8408
19997311001604, 19997311010812, 9208
19997982882932, 19997982891300, 8368
19998605710816, 19998605719332, 8516
19998923030632, 19998923038460, 7828
19998970541608, 19998970543016, 1408
19999593555736, 19999593563824, 8088
20000265359808, 20000265367264, 7456
20000641942616, 20000641950568, 7952
20001609800056, 20001609808744, 8688
20001927128528, 20001927135284, 6756
20002894243564, 20002894250876, 7312
20003566179948, 20003566186760, 6812
20003880672224, 20003880673524, 1300
20004814461208, 20004814473684, 12476
20005185282372, 20005185291976, 9604
20005808293596, 20005808302176, 8580
20006442647148, 20006442655488, 8340
20006759403808, 20006759412396, 8588
20007632019728, 20007632027780, 8052
20007949386588, 20007949393768, 7180
20008325980436, 20008325987376, 6940
20008696752612, 20008696760500, 7888
20009664474184, 20009664482076, 7892
20010861899428, 20010861902004, 2576
20011485539228, 20011485543648, 4420
19986636721356, 19986636730400, 9044
19986701997792, 19986702006912, 9120
19991819749732, 19991819752948, 3216
19991819769112, 19991819776452, 7340
19992289728112, 19992289738808, 10696
19992793436704, 19992793439316, 2612
19993699212808, 19993699217444, 4636
19994571986436, 19994571996644, 10208
19995041846100, 19995041854512, 8412
19995774213276, 19995774216348, 3072
19996647198328, 19996647207024, 8696
19996952652124, 19996952659112, 6988
19997322952680, 19997322961608, 8928
19997957577584, 19997957585500, 7916
19998830307652, 19998830313368, 5716
19999704273596, 19999704282436, 8840
20000173664368, 20000173667308, 2940
20000796704376, 20000796712872, 8496
20001101610856, 20001101618616, 7760
20001766831280, 20001766840024, 8744
20002639781808, 20002639789908, 8100
20003361918188, 20003361921128, 2940
20004360237572, 20004360246724, 9152
20004829989096, 20004829997016, 7920
20005207199248, 20005207206992, 7744
20005512217324, 20005512224476, 7152
20006480138168, 20006480147080, 8912
20007151453344, 20007151461444, 8100
20008149877392, 20008149886104, 8712
20008848742232, 20008848746112, 3880
20009318796196, 20009318805036, 8840
20009665536552, 20009665545224, 8672
20010336952856, 20010336961116, 8260
20010654393140, 20010654399796, 6656
20011325807824, 20011325815948, 8124
19986686404764, 19986686414044, 9280
19991819754880, 19991819758628, 3748
19991871608776, 19991871614284, 5508
19992495226368, 19992495237344, 10976
19992911162072, 19992911165044, 2972
19993583258364, 19993583267088, 8724
19993888105032, 19993888112764, 7732
19994855854932, 19994855863084, 8152
19995142228076, 19995142236312, 8236
19995513195112, 19995513202804, 7692
19996136392276, 19996136400120, 7844
19996869615000, 19996869618072, 3072
19997730228452, 19997730237956, 9504
19998100536304, 19998100543828, 7524
19998545561724, 19998545564084, 2360
19998892304124, 19998892313992, 9868
19999752893492, 19999752901876, 8384
20000625978572, 20000625986464, 7892
20001645429084, 20001645437336, 8252
20002280139996, 20002280148496, 8500
20002597073872, 20002597081272, 7400
20002902069500, 20002902076868, 7368
20002923015496, 20002923016840, 1344
20003239938288, 20003239945512, 7224
20003635260692, 20003635290520, 29828
20003940838144, 20003940845396, 7252
20004813672480, 20004813677676, 5196
20005687291980, 20005687300648, 8668
20006157203872, 20006157206740, 2868
20006780865216, 20006780874884, 9668
20007252595208, 20007252608760, 13552
20007875809344, 20007875818732, 9388
20008752969112, 20008752982540, 13428
20009626015068, 20009626024408, 9340
20009820526484, 20009820533360, 6876
20010760131816, 20010760145540, 13724
20011633204196, 20011633208828, 4632
