30693843519648, 30693843532532, 12884
30693859316312, 30693859324860, 8548
30693884377776, 30693884390924, 13148
30695918309948, 30695918315432, 5484
30695918369520, 30695918372440, 2920
30695918467788, 30695918470576, 2788
30695918548024, 30695918550660, 2636
30695918583584, 30695918586072, 2488
30695918607896, 30695918609740, 1844
30695918642880, 30695918645440, 2560
30695918677796, 30695918680652, 2856
30695918703244, 30695918704952, 1708
30695918806024, 30695918808516, 2492
30695918829712, 30695918831132, 1420
30697911612084, 30697911616784, 4700
30697911631860, 30697911643804, 11944
30697911654580, 30697911663880, 9300
30697911674476, 30697911683512, 9036
30698635459904, 30698635466148, 6244
30699359384420, 30699359389540, 5120
30699706317888, 30699706320916, 3028
30700207360676, 30700207370852, 10176
30700833010944, 30700833014644, 3700
30701160057448, 30701160062344, 4896
30701622745300, 30701622748284, 2984
30702242928608, 30702242936308, 7700
30702705549912, 30702705553600, 3688
30704285087028, 30704285094508, 7480
30705878336696, 30705878343228, 6532
30707471686132, 30707471690768, 4636
30709065134476, 30709065139256, 4780
30710658421920, 30710658428388, 6468
30712251798652, 30712251805840, 7188
30713845150608, 30713845157716, 7108
30715346764076, 30715346767104, 3028
30715795477080, 30715795480140, 3060
30716345817232, 30716345820240, 3008
30717761770108, 30717761774896, 4788
30719179653940, 30719179659016, 5076
30697975406484, 30697975409408, 2924
30698763066108, 30698763070416, 4308
30699463027296, 30699463031320, 4024
30700962751492, 30700962758472, 6980
30702320698232, 30702320701280, 3048
30703020651000, 30703020654120, 3120
30703369620880, 30703369623876, 2996
30703702667060, 30703702672056, 4996
30704031717464, 30704031720540, 3076
30705467544324, 30705467547304, 2980
30705926280956, 30705926284088, 3132
30706526412008, 30706526419296, 7288
30706784823660, 30706784834468, 10808
30707052994516, 30707053001636, 7120
30707322137836, 30707322144900, 7064
30707603298032, 30707603302832, 4800
30708046033956, 30708046038888, 4932
30708196717052, 30708196742116, 25064
30708680155220, 30708680162940, 7720
30709338237760, 30709338239556, 1796
30709757044168, 30709757051960, 7792
30710480916844, 30710480924608, 7764
30710833890852, 30710833895952, 5100
30711092219336, 30711092245924, 26588
30711623634756, 30711623639260, 4504
30711910871556, 30711910878024, 6468
30712515065956, 30712515069120, 3164
30712766252848, 30712766267000, 14152
30712987634280, 30712987652344, 18064
30713246916792, 30713246926988, 10196
30713908956552, 30713908963768, 7216
30714092587092, 30714092594688, 7596
30714941937160, 30714941942400, 5240
30715442220296, 30715442235688, 15392
30716928272108, 30716928276200, 4092
30717370865220, 30717370867956, 2736
30718348024020, 30718348030028, 6008
30693867711988, 30693867720256, 8268
30697997538844, 30697997542232, 3388
30698982450740, 30698982458036, 7296
30700053401168, 30700053406012, 4844
30701124161076, 30701124168668, 7592
30702195056968, 30702195063184, 6216
30703265928648, 30703265936216, 7568
30704336870752, 30704336878396, 7644
30705407809260, 30705407825444, 16184
30706478550376, 30706478557660, 7284
30707549474380, 30707549481868, 7488
30708620420504, 30708620427360, 6856
30709691246332, 30709691253380, 7048
30710762096204, 30710762103580, 7376
30711833006112, 30711833013392, 7280
30712903872664, 30712903887172, 14508
30713986733848, 30713986737820, 3972
30714230968852, 30714230979456, 10604
30715057602168, 30715057604992, 2824
30715241536664, 30715241544944, 8280
30716096686144, 30716096689368, 3224
30716319897328, 30716319903960, 6632
30716800533108, 30716800536104, 2996
30717402764052, 30717402767916, 3864
30717496485340, 30717496486924, 1584
30718349993860, 30718349997236, 3376
30718594197524, 30718594201312, 3788
30698487938576, 30698487941840, 3264
30698988407376, 30698988415536, 8160
30699476965828, 30699476969324, 3496
30700966623160, 30700966630652, 7492
30702270838324, 30702270841656, 3332
30702490165084, 30702490168080, 2996
30704013786536, 30704013792312, 5776
30705539320916, 30705539335636, 14720
30707064866096, 30707064873288, 7192
30708590421016, 30708590428788, 7772
30710116017984, 30710116025904, 7920
30711641557672, 30711641559860, 2188
30713139196016, 30713139199648, 3632
30713837179612, 30713837187460, 7848
30714088445000, 30714088448232, 3232
30714561128700, 30714561135956, 7256
30715141334240, 30715141341428, 7188
30715498345032, 30715498347804, 2772
30716198320836, 30716198324304, 3468
30716756656716, 30716756659740, 3024
30717105712020, 30717105714952, 2932
30717456599636, 30717456601412, 1776
30718180562108, 30718180566960, 4852
30718395851888, 30718395854856, 2968
30718654130648, 30718654135112, 4464
30697999351708, 30697999354804, 3096
30698994402352, 30698994407288, 4936
30699505013292, 30699505017484, 4192
30701098268516, 30701098275808, 7292
30702498962840, 30702498972368, 9528
30704017757436, 30704017761744, 4308
30704418555156, 30704418558436, 3280
30705180356052, 30705180359460, 3408
30705491461604, 30705491473764, 12160
30705874356980, 30705874364668, 7688
30706574260260, 30706574265468, 5208
30707657235816, 30707657242200, 6384
30708133773888, 30708133777076, 3188
30708739977224, 30708739984400, 7176
30709589526380, 30709589534560, 8180
30709834274324, 30709834287740, 13416
30710684337676, 30710684345068, 7392
30711535899256, 30711535905368, 6112
30712387354956, 30712387359740, 4784
30714692654348, 30714692662448, 8100
30716240185240, 30716240188784, 3544
30717295078968, 30717295084032, 5064
30717553685640, 30717553713128, 27488
30718604314196, 30718604324672, 10476
30693850939872, 30693850948704, 8832
30693901330464, 30693901339292, 8828
30693918594408, 30693918602392, 7984
30693926519068, 30693926527064, 7996
30698479950216, 30698479953776, 3560
30699054199692, 30699054206472, 6780
30700079224984, 30700079227736, 2752
30700472051276, 30700472054544, 3268
30701142102732, 30701142110216, 7484
30701401142932, 30701401153564, 10632
30702219015424, 30702219022624, 7200
30702482182688, 30702482187732, 5044
30703295845724, 30703295850660, 4936
30703624888704, 30703624896040, 7336
30704372684272, 30704372691680, 7408
30704767640744, 30704767645500, 4756
30705228197944, 30705228201452, 3508
30705591150024, 30705591153700, 3676
30706828699224, 30706828707748, 8524
30707076833060, 30707076839980, 6920
30708604478004, 30708604485692, 7688
30710132063136, 30710132070004, 6868
30711659509776, 30711659515060, 5284
30713187046288, 30713187063320, 17032
30714714608632, 30714714610636, 2004
30716250243420, 30716250246148, 2728
30717743805720, 30717743813256, 7536
30719269379476, 30719269387460, 7984
30693909946688, 30693909955704, 9016
30697979430792, 30697979434196, 3404
30699329530128, 30699329537636, 7508
30700747258724, 30700747263436, 4712
30702165175948, 30702165183336, 7388
30703583015348, 30703583021084, 5736
30705000881212, 30705000888640, 7428
30706418805556, 30706418812268, 6712
30707836745040, 30707836746808, 1768
30709254501904, 30709254509376, 7472
30710672356916, 30710672364712, 7796
30712090271216, 30712090278992, 7776
30713508211612, 30713508228612, 17000
30714926005228, 30714926012768, 7540
30716299957356, 30716299961148, 3792
30717537282968, 30717537293672, 10704
30717769715952, 30717769723636, 7684
30719297292800, 30719297300096, 7296
30693876133428, 30693876145644, 12216
30693892843292, 30693892851748, 8456
30697997545288, 30697997548560, 3272
30699371300044, 30699371306908, 6864
30700097167624, 30700097170492, 2868
30700247632132, 30700247641752, 9620
30700807087632, 30700807094732, 7100
30701337523152, 30701337526352, 3200
30702169160268, 30702169164892, 4624
30703020654332, 30703020656436, 2104
30703872244568, 30703872252812, 8244
30704444475484, 30704444478396, 2912
30704723680052, 30704723684944, 4892
30705575209924, 30705575226248, 16324
30706426706824, 30706426713716, 6892
30707278254660, 30707278261676, 7016
30708133783664, 30708133785268, 1604
30708775870112, 30708775873580, 3468
30708981295600, 30708981302780, 7180
30709493896916, 30709493904572, 7656
30709826837428, 30709826841112, 3684
30710217808120, 30710217815800, 7680
30710905671280, 30710905678488, 7208
30711169848200, 30711169857064, 8864
30711681438644, 30711681441900, 3256
30711988555704, 30711988563320, 7616
30712389342160, 30712389348764, 6604
30713071406960, 30713071422328, 15368
30713986734416, 30713986736812, 2396
30715045621152, 30715045627704, 6552
30716116629484, 30716116637260, 7776
30717187487168, 30717187492176, 5008
30718258309820, 30718258316672, 6852
