39065583237570, 39065583273288, 35718
39065609148316, 39065609156288, 7972
39065657032184, 39065657034332, 2148
39065780738076, 39065780747316, 9240
39065834518928, 39065834528056, 9128
39065851355372, 39065851363484, 8112
39065866529052, 39065866535876, 6824
39065883895020, 39065883902400, 7380
39066002295020, 39066002303724, 8704
39066036146148, 39066036157260, 11112
39066118534380, 39066118544884, 10504
39066134354104, 39066134362396, 8292
39066156594424, 39066156602476, 8052
39066267580516, 39066267592048, 11532
39066277516768, 39066277524592, 7824
39066279545876, 39066279552716, 6840
39066284513828, 39066284520516, 6688
39066354264408, 39066354272596, 8188
39066469043756, 39066469055368, 11612
39066478978548, 39066478987064, 8516
39066495814252, 39066495822132, 7880
39066511627436, 39066511635704, 8268
39066544598360, 39066544605968, 7608
39066549588560, 39066549595508, 6948
39066612710804, 39066612722036, 11232
39066646634524, 39066646637684, 3160
39066663435764, 39066663445920, 10156
39066688346656, 39066688354072, 7416
39066705188372, 39066705195840, 7468
39066715019356, 39066715027752, 8396
39066730836448, 39066730843532, 7084
39066747650664, 39066747658960, 8296
39066758363736, 39066758366864, 3128
39066782311024, 39066782322028, 11004
39066799129252, 39066799136896, 7644
39066806237356, 39066806244544, 7188
39066811208988, 39066811215788, 6800
39066816212340, 39066816219180, 6840
39066833028388, 39066833035496, 7108
39066850131456, 39066850138552, 7096
39066867508840, 39066867515764, 6924
39066872500524, 39066872507572, 7048
39066876359244, 39066876366396, 7152
39066884050532, 39066884057488, 6956
39066902022804, 39066902033772, 10968
39066917980020, 39066917991348, 11328
39066934805772, 39066934814032, 8260
39066950620548, 39066950627696, 7148
39066955596668, 39066955603656, 6988
39066972435768, 39066972443372, 7604
39066985809712, 39066985816716, 7004
39067002627068, 39067002634048, 6980
39067007603620, 39067007610552, 6932
39067027253112, 39067027260236, 7124
39067044091100, 39067044099232, 8132
39067053646596, 39067053653644, 7048
39067070455484, 39067070462616, 7132
39067086260392, 39067086268184, 7792
39067087567188, 39067087574064, 6876
39067104378672, 39067104385588, 6916
39067175313900, 39067175321304, 7404
39067191129360, 39067191137528, 8168
39067196122056, 39067196130080, 8024
39067259667696, 39067259675788, 8092
39067327738308, 39067327746692, 8384
39067337562436, 39067337570364, 7928
39067342538736, 39067342545616, 6880
39067414800932, 39067414809040, 8108
39067533209128, 39067533217716, 8588
39067604691372, 39067604699496, 8124
39067676922360, 39067676930668, 8308
39067686878236, 39067686885560, 7324
39067758331772, 39067758338996, 7224
39067763307216, 39067763314652, 7436
39067796302508, 39067796310636, 8128
39067923601364, 39067923613104, 11740
39067933557416, 39067933564652, 7236
39067966546924, 39067966555156, 8232
39068084914700, 39068084922412, 7712
39068156900344, 39068156907716, 7372
39068228525628, 39068228534024, 8396
39068639815756, 39068639826396, 10640
39068684532936, 39068684540396, 7460
39069066692808, 39069066703968, 11160
39069130370252, 39069130378276, 8024
39069140172036, 39069140179344, 7308
39069211824052, 39069211831356, 7304
39069254516372, 39069254528840, 12468
39069270360000, 39069270369004, 9004
39069292266008, 39069292268408, 2400
39069326196076, 39069326199264, 3188
39069421970636, 39069421982204, 11568
39069431927384, 39069431934688, 7304
39069448735940, 39069448743088, 7148
39069464546932, 39069464554776, 7844
39069474354824, 39069474362564, 7740
39069493788924, 39069493797120, 8196
39069505059460, 39069505066972, 7512
39069511744784, 39069511752096, 7312
39069527532912, 39069527540792, 7880
39069583578248, 39069583589392, 11144
39069588550932, 39069588558200, 7268
39069604357048, 39069604364292, 7244
39069631455800, 39069631463732, 7932
39069703107340, 39069703114508, 7168
39069794906276, 39069794913520, 7244
39069867158972, 39069867166040, 7068
39070222060228, 39070222071820, 11592
39070537238784, 39070537250604, 11820
39070568838536, 39070568846808, 8272
39070676939300, 39070676946740, 7440
39070786644796, 39070786656172, 11376
39070894717164, 39070894725868, 8704
39070905919900, 39070905926960, 7060
39070959713840, 39070959721632, 7792
39070971002260, 39070971010628, 8368
39070993244888, 39070993251804, 6916
39071047041528, 39071047049380, 7852
39071058272508, 39071058280600, 8092
39071069541280, 39071069549040, 7760
39071091785216, 39071091793524, 8308
39071163844736, 39071163852596, 7860
39071175112276, 39071175120228, 7952
39071229416424, 39071229424544, 8120
39071283214836, 39071283222680, 7844
39071415152048, 39071415163100, 11052
39071504079904, 39071504088384, 8480
39071515369396, 39071515377184, 7788
39071623507788, 39071623516340, 8552
39071694956668, 39071694964540, 7872
39071706161952, 39071706170000, 8048
39071728420308, 39071728427456, 7148
39071734383864, 39071734390688, 6824
39071756627708, 39071756635908, 8200
39071767897760, 39071767905568, 7808
39071821680032, 39071821688048, 8016
39071824169220, 39071824176036, 6816
39071878494432, 39071878501600, 7168
39071950173924, 39071950182304, 8380
39071961387036, 39071961394664, 7628
39072032868316, 39072032876636, 8320
39072048674736, 39072048682444, 7708
39072167527956, 39072167535568, 7612
39072238958368, 39072238966724, 8356
39072248768020, 39072248774988, 6968
39072260049896, 39072260057144, 7248
39072293122324, 39072293129252, 6928
39072365122676, 39072365130092, 7416
39072374935472, 39072374943032, 7560
39072379903724, 39072379910572, 6848
39072688070520, 39072688081548, 11028
39072744373268, 39072744381188, 7920
39072863254812, 39072863262580, 7768
39072969397616, 39072969409564, 11948
39072974379828, 39072974387276, 7448
39073144974900, 39073144985712, 10812
39073178773196, 39073178781628, 8432
39073204212940, 39073204221008, 8068
39073215447624, 39073215454484, 6860
39073226709480, 39073226717528, 8048
39073231702664, 39073231709760, 7096
39073270692476, 39073270703660, 11184
39073364453464, 39073364463716, 10252
39073525816664, 39073525825352, 8688
39073629820916, 39073629831384, 10468
39073663610268, 39073663618912, 8644
39073767493468, 39073767505000, 11532
39073799091460, 39073799099984, 8524
39073853457068, 39073853465404, 8336
39073900995204, 39073901003468, 8264
39073905984696, 39073905991844, 7148
39074026873000, 39074026884244, 11244
39074049303308, 39074049310872, 7564
39074059120432, 39074059127564, 7132
39074131148424, 39074131156036, 7612
39074202818652, 39074202825868, 7216
39074274247220, 39074274255396, 8176
39074405910380, 39074405921724, 11344
39074506727628, 39074506735640, 8012
39074516533512, 39074516540956, 7444
39074549477396, 39074549485696, 8300
39074663302204, 39074663313320, 11116
39074824625492, 39074824633728, 8236
39074826906208, 39074826913016, 6808
39074881256404, 39074881264332, 7928
39074892464392, 39074892472136, 7744
39074963903548, 39074963910752, 7204
39074996880940, 39074996889472, 8532
39075100261072, 39075100271020, 9948
39075132458680, 39075132467032, 8352
39075138164620, 39075138171552, 6932
39075143130608, 39075143138652, 8044
39075261404324, 39075261411776, 7452
39075271218396, 39075271226596, 8200
39075288059524, 39075288067776, 8252
39075295789296, 39075295796160, 6864
39075411520128, 39075411531212, 11084
39075495555936, 39075495564664, 8728
39075500530844, 39075500539168, 8324
39075533536524, 39075533544824, 8300
39075550357696, 39075550366316, 8620
39075567159080, 39075567169992, 10912
39075601071272, 39075601074732, 3460
39075617878104, 39075617887324, 9220
39075633685268, 39075633692732, 7464
39075634987144, 39075634994312, 7168
39075651798988, 39075651806548, 7560
39075661624512, 39075661633036, 8524
39075668905392, 39075668912660, 7268
39075688860636, 39075688871736, 11100
39075704659968, 39075704667248, 7280
39075715888388, 39075715896540, 8152
39075720876824, 39075720883860, 7036
39075754484960, 39075754492484, 7524
39075760688388, 39075760695600, 7212
39075765662492, 39075765669704, 7212
39075770662356, 39075770669244, 6888
39075787469492, 39075787476744, 7252
39075808571764, 39075808579068, 7304
39075813547376, 39075813554296, 6920
39075819282620, 39075819289484, 6864
39075838502220, 39075838504244, 2024
39075855860864, 39075855869112, 8248
39075856458236, 39075856465236, 7000
39075861431028, 39075861437796, 6768
39075979276724, 39075979285332, 8608
39075995081212, 39075995088888, 7676
39076004899212, 39076004906208, 6996
39076024070232, 39076024081364, 11132
39076143003044, 39076143011160, 8116
39076158812196, 39076158819304, 7108
39076170040376, 39076170047824, 7448
39076277615404, 39076277623376, 7972
39076349729584, 39076349738184, 8600
39076620582044, 39076620592484, 10440
39076654206808, 39076654215480, 8672
39076671042584, 39076671050556, 7972
39076680859872, 39076680867820, 7948
39076686419064, 39076686426104, 7040
39076703232452, 39076703240212, 7760
39076719040860, 39076719048864, 8004
39076741292648, 39076741300824, 8176
39076844074040, 39076844077340, 3300
39076897819588, 39076897828696, 9108
39076909040536, 39076909047496, 6960
39076962778416, 39076962785956, 7540
39076995746476, 39076995754156, 7680
39077011530620, 39077011537588, 6968
39077065322624, 39077065330116, 7492
39077075136648, 39077075143520, 6872
39077129498160, 39077129506104, 7944
39077145288860, 39077145295920, 7060
39077199082172, 39077199089288, 7116
39077214896132, 39077214904044, 7912
39077318921052, 39077318932020, 10968
39077480845984, 39077480854952, 8968
39077482987152, 39077482995220, 8068
39077494190328, 39077494197800, 7472
39077613130896, 39077613138756, 7860
39077720682528, 39077720690636, 8108
39077775066588, 39077775073992, 7404
39077790869164, 39077790876432, 7268
39077800681448, 39077800688568, 7120
39077811908812, 39077811916636, 7824
39077839696256, 39077839707572, 11316
39077925483156, 39077925486372, 3216
39077992719228, 39077992729956, 10728
39078008539372, 39078008547452, 8080
39078009270560, 39078009277628, 7068
39078097077392, 39078097087956, 10564
39078108292364, 39078108300412, 8048
39078218225424, 39078218232992, 7568
39078272004564, 39078272012040, 7476
39078305093072, 39078305101220, 8148
39078320905992, 39078320913224, 7232
39078392926976, 39078392935212, 8236
39078451414212, 39078451422672, 8460
39078468250816, 39078468258924, 8108
39078484081428, 39078484088520, 7092
39078500893164, 39078500901100, 7936
39078505863260, 39078505870048, 6788
39078523042608, 39078523050748, 8140
39078576831736, 39078576839232, 7496
39078585841264, 39078585848320, 7056
39078601801980, 39078601808996, 7016
39078655560704, 39078655568100, 7396
39078688555676, 39078688564056, 8380
39078803328684, 39078803339944, 11260
39078834912768, 39078834920300, 7532
39078845301184, 39078845309156, 7972
39078867549332, 39078867556548, 7216
39078883351868, 39078883359540, 7672
39078893108968, 39078893115852, 6884
39078915339864, 39078915346644, 6780
39079023955432, 39079023963736, 8304
39079057584968, 39079057593236, 8268
39079060708384, 39079060715160, 6776
39079077520120, 39079077528188, 8068
39079087885252, 39079087892896, 7644
39079103695912, 39079103702856, 6944
39079120501504, 39079120509188, 7684
39079174289388, 39079174297196, 7808
39079191114116, 39079191122184, 8068
39079262749256, 39079262756768, 7512
39079272561200, 39079272569332, 8132
39079289374260, 39079289382252, 7992
39079359754852, 39079359762704, 7852
39079375563216, 39079375571268, 8052
39079429352564, 39079429359940, 7376
39079445157676, 39079445164792, 7116
39079516819404, 39079516827252, 7848
39079561286376, 39079561294244, 7868
39079587611236, 39079587618400, 7164
39079609845252, 39079609852448, 7196
39079619380140, 39079619386956, 6816
39079641613804, 39079641621684, 7880
39079695398856, 39079695405804, 6948
39079717639732, 39079717646604, 6872
39079870788888, 39079870799812, 10924
39079959726488, 39079959735400, 8912
39080031203944, 39080031212064, 8120
39080041158108, 39080041166160, 8052
39080146160424, 39080146171356, 10932
39080177748580, 39080177757156, 8576
39080221394476, 39080221397584, 3108
39080238215960, 39080238226536, 10576
39081636537336, 39081636548032, 10696
39081850035444, 39081850043940, 8496
39081855406556, 39081855414780, 8224
39081927062928, 39081927071676, 8748
39081998537920, 39081998545512, 7592
39082009829292, 39082009836964, 7672
39082032070528, 39082032078216, 7688
39082045560664, 39082045572004, 11340
39082057539788, 39082057550300, 10512
39082098200228, 39082098207496, 7268
39082099421704, 39082099428852, 7148
39082110681748, 39082110689104, 7356
39082153292952, 39082153300196, 7244
39082164559472, 39082164566372, 6900
39082193430512, 39082193437688, 7176
39082207163968, 39082207170760, 6792
39082218433852, 39082218441052, 7200
39082228251068, 39082228259080, 8012
39083911062604, 39083911073108, 10504
39084180546916, 39084180555992, 9076
39084190347212, 39084190355692, 8480
39084207184412, 39084207192968, 8556
39084218471912, 39084218478952, 7040
39084601349220, 39084601360180, 10960
39084664133512, 39084664144496, 10984
39084764969636, 39084764972800, 3164
39084832205732, 39084832215316, 9584
39084842019484, 39084842026900, 7416
39084874990216, 39084874997616, 7400
39084928771440, 39084928778624, 7184
39084950536460, 39084950547516, 11056
39084962496108, 39084962503876, 7768
39084984741900, 39084984749412, 7512
39085056381124, 39085056389284, 8160
39085066180328, 39085066188912, 8584
39085295698864, 39085295710288, 11424
39085320553000, 39085320561336, 8336
39085326797128, 39085326805548, 8420
39085349029776, 39085349036828, 7052
39085453323272, 39085453334764, 11492
39085481258768, 39085481269736, 10968
39085563059712, 39085563068596, 8884
39085574822336, 39085574829680, 7344
39065585230464, 39065585272040, 41576
39065684968948, 39065684977292, 8344
39065925960708, 39065925969524, 8816
39065958958468, 39065958966880, 8412
39065963929068, 39065963937140, 8072
39065973763364, 39065973771196, 7832
39066118530300, 39066118541328, 11028
39066141084024, 39066141092904, 8880
39066146078216, 39066146085776, 7560
39066264150596, 39066264158116, 7520
39066273945176, 39066273952388, 7212
39066285144176, 39066285151232, 7056
39066318219280, 39066318226412, 7132
39066329438572, 39066329446108, 7536
39066334406536, 39066334413124, 6588
39066344210416, 39066344217056, 6640
39066462973664, 39066462981024, 7360
39066495952848, 39066495960028, 7180
39066505763992, 39066505770780, 6788
39066698500992, 39066698512144, 11152
39066868104696, 39066868115752, 11056
39066899693816, 39066899701220, 7404
39066971141132, 39066971149592, 8460
39067042784300, 39067042791296, 6996
39067114196688, 39067114204108, 7420
39067147729536, 39067147737428, 7892
39067181360324, 39067181367684, 7360
39067189320100, 39067189326816, 6716
39067206119292, 39067206126832, 7540
39067215934476, 39067215942220, 7744
39067231743580, 39067231750432, 6852
39067248554252, 39067248561808, 7556
39067253539396, 39067253547044, 7648
39067257159416, 39067257166136, 6720
39067273973716, 39067273980712, 6996
39067306944404, 39067306951400, 6996
39067311929492, 39067311935984, 6492
39067327727492, 39067327734652, 7160
39067378714296, 39067378721288, 6992
39067394523112, 39067394530808, 7696
39067399509856, 39067399516712, 6856
39067432477732, 39067432484640, 6908
39067437466484, 39067437472972, 6488
39067453276116, 39067453284028, 7912
39067463083744, 39067463091420, 7676
39067513519900, 39067513527112, 7212
39067529332284, 39067529339116, 6832
39067562446492, 39067562457716, 11224
39067579272932, 39067579280756, 7824
39067595084780, 39067595093140, 8360
39067600057908, 39067600065000, 7092
39067609878652, 39067609886480, 7828
39067643426456, 39067643434820, 8364
39067660276032, 39067660283496, 7464
39067676076372, 39067676083168, 6796
39067698127636, 39067698130884, 3248
39067714922196, 39067714931396, 9200
39067732032536, 39067732039372, 6836
39067748840296, 39067748847804, 7508
39067758655900, 39067758663716, 7816
39067765951216, 39067765958360, 7144
39067782758960, 39067782767180, 8220
39067787738080, 39067787745964, 7884
39067906625544, 39067906633172, 7628
39067960415096, 39067960423460, 8364
39067965388968, 39067965396540, 7572
39068067254624, 39068067266116, 11492
39068077214116, 39068077222580, 8464
39068093004832, 39068093011684, 6852
39068102826092, 39068102832896, 6804
39068206903972, 39068206914964, 10992
39068216840748, 39068216848764, 8016
39068335202316, 39068335209764, 7448
39068368696472, 39068368703836, 7364
39068476242144, 39068476250096, 7952
39068620042568, 39068620051116, 8548
39068635847332, 39068635855304, 7972
39068647057656, 39068647064832, 7176
39068661773312, 39068661784104, 10792
39068695686372, 39068695697272, 10900
39068865286648, 39068865296896, 10248
39068880193744, 39068880201664, 7920
39068951800892, 39068951808440, 7548
39069023259716, 39069023268176, 8460
39069138638028, 39069138648872, 10844
39069143613496, 39069143620628, 7132
39069176583764, 39069176591444, 7680
39069192369156, 39069192377388, 8232
39069203602832, 39069203610172, 7340
39069275051192, 39069275058260, 7068
39069308015056, 39069308022844, 7788
39069361525884, 39069361533444, 7560
39069378330580, 39069378337444, 6864
39069394108020, 39069394114796, 6776
39069509748748, 39069509760388, 11640
39069671445576, 39069671453140, 7564
39069682660180, 39069682667072, 6892
39069751179524, 39069751190636, 11112
39069765137716, 39069765148436, 10720
39069818887532, 39069818894804, 7272
39069940724372, 39069940736344, 11972
39071935910636, 39071935921304, 10668
39072159969700, 39072159978380, 8680
39072169799284, 39072169806140, 6856
39072174769948, 39072174778028, 8080
39072297005592, 39072297017456, 11864
39072406735624, 39072406745836, 10212
39072516466256, 39072516477804, 11548
39072678254084, 39072678262336, 8252
39072831719148, 39072831730612, 11464
39072846642196, 39072846650080, 7884
39072869640660, 39072869648832, 8172
39072977383632, 39072977394512, 10880
39073033243820, 39073033255028, 11208
39073109065848, 39073109077024, 11176
39073114040964, 39073114047968, 7004
39073123841520, 39073123848644, 7124
39073127008668, 39073127015128, 6460
39073131973292, 39073131979556, 6264
39073174895292, 39073174902092, 6800
39073179865816, 39073179873868, 8052
39073350487316, 39073350498768, 11452
39073384857760, 39073384865192, 7432
39073503236676, 39073503244880, 8204
39073509854252, 39073509860836, 6584
39073628737216, 39073628745792, 8576
39073781460676, 39073781472164, 11488
39073907164200, 39073907175056, 10856
39074218421472, 39074218431984, 10512
39074285981412, 39074285989104, 7692
39074291074484, 39074291082448, 7964
39074363229588, 39074363237588, 8000
39074373031632, 39074373038324, 6692
39074378011616, 39074378019176, 7560
39074389211304, 39074389218000, 6696
39074920691860, 39074920702604, 10744
39074975308772, 39074975317236, 8464
39075093547312, 39075093555796, 8484
39075664928340, 39075664939176, 10836
39076065427116, 39076065435476, 8360
39076076652904, 39076076660216, 7312
39076676448588, 39076676459152, 10564
39076844071496, 39076844081756, 10260
39077043581008, 39077043592356, 11348
39077144947948, 39077144956100, 8152
39077156163020, 39077156170856, 7836
39077161290092, 39077161296696, 6604
39077178089688, 39077178096224, 6536
39077182793228, 39077182799996, 6768
39077301571740, 39077301578836, 7096
39077311373892, 39077311380632, 6740
39077420683596, 39077420694596, 11000
39077441848688, 39077441855816, 7128
39077446832776, 39077446840584, 7808
39077518243788, 39077518252132, 8344
39077528049136, 39077528056156, 7020
39077561041436, 39077561048736, 7300
39077628810752, 39077628817984, 7232
39077636157676, 39077636164372, 6696
39077652959220, 39077652966032, 6812
39077670099280, 39077670110344, 11064
39077686914964, 39077686923292, 8328
39077704008004, 39077704015236, 7232
39077720826384, 39077720834420, 8036
39077828327536, 39077828336688, 9152
39077921492596, 39077921503412, 10816
39077953078736, 39077953086516, 7780
39078097083836, 39078097087412, 3576
39078266668820, 39078266679916, 11096
39078330509164, 39078330517056, 7892
39078449424460, 39078449432448, 7988
39078454409368, 39078454417308, 7940
39078625750400, 39078625760992, 10592
39078640661492, 39078640669340, 7848
39078656467788, 39078656475388, 7600
39078817301384, 39078817312712, 11328
39078918694624, 39078918703008, 8384
39078925032512, 39078925039220, 6708
39078941846256, 39078941854376, 8120
39078957652856, 39078957660712, 7856
39078958951112, 39078958957848, 6736
39078975758796, 39078975766552, 7756
39078985569372, 39078985577000, 7628
39079093669220, 39079093677052, 7832
39079211989400, 39079211996688, 7288
39079234211680, 39079234219284, 7604
39079287997756, 39079288005444, 7688
39079288170092, 39079288176500, 6408
39079342510976, 39079342518656, 7680
39079386982752, 39079386991012, 8260
39079420606476, 39079420613200, 6724
39079442848700, 39079442856480, 7780
39079452663300, 39079452671088, 7788
39079524127120, 39079524133896, 6776
39079633356508, 39079633367996, 11488
39079734208108, 39079734216868, 8760
39079756446536, 39079756454276, 7740
39079875229716, 39079875238252, 8536
39079929012780, 39079929021052, 8272
39079933991452, 39079933999256, 7804
39079949798000, 39079949805744, 7744
39079958391472, 39079958398792, 7320
39080030055568, 39080030063548, 7980
39080078307624, 39080078310820, 3196
39080095665428, 39080095674556, 9128
39080112208404, 39080112215364, 6960
39080129009636, 39080129016808, 7172
39080133978884, 39080133986716, 7832
39080178491708, 39080178499964, 8256
39080190043732, 39080190054524, 10792
39080230118768, 39080230126904, 8136
39080263075104, 39080263083568, 8464
39080268065548, 39080268072712, 7164
39080287756568, 39080287768472, 11904
39080403469684, 39080403480616, 10932
39080517194936, 39080517206348, 11412
39080550962972, 39080550970460, 7488
39080560914744, 39080560921704, 6960
39080704783640, 39080704792236, 8596
39080765772924, 39080765780636, 7712
39080805866436, 39080805874120, 7684
39080815682332, 39080815690432, 8100
39080826966136, 39080826973060, 6924
39080907692556, 39080907700160, 7604
39080912677216, 39080912684096, 6880
39080957129444, 39080957137228, 7784
39081028707612, 39081028714660, 7048
39081039974848, 39081039981720, 6872
39081049754632, 39081049761072, 6440
39081075855112, 39081075862128, 7016
39081087655308, 39081087662184, 6876
39081133198264, 39081133206376, 8112
39081138186200, 39081138192636, 6436
39081149449336, 39081149456892, 7556
39081220892708, 39081220899792, 7084
39081232171996, 39081232179524, 7528
39081353206676, 39081353218224, 11548
39081372948124, 39081372955792, 7668
39081405935196, 39081405942980, 7784
39081417218436, 39081417225884, 7448
39081422186396, 39081422192800, 6404
39081431992480, 39081431999944, 7464
39081476454304, 39081476461560, 7256
39081481440784, 39081481448824, 8040
39081486878352, 39081486886316, 7964
39081526996704, 39081527004004, 7300
39081636531672, 39081636542304, 10632
39081725477428, 39081725485720, 8292
39081736766060, 39081736773776, 7716
39081855672560, 39081855679984, 7424
39081911876704, 39081911888248, 11544
39081923085648, 39081923093640, 7992
39081932899592, 39081932906668, 7076
39082163285508, 39082163296948, 11440
39082252208728, 39082252217408, 8680
39082265026596, 39082265034576, 7980
39082305236664, 39082305243612, 6948
39082448535028, 39082448546108, 11080
39082729758364, 39082729767016, 8652
39082843598660, 39082843609424, 10764
39082877391852, 39082877400068, 8216
39082893198680, 39082893206392, 7712
39082964671680, 39082964679372, 7692
39082975961408, 39082975969420, 8012
39083008923164, 39083008930908, 7744
39083013910444, 39083013917176, 6732
39083085915012, 39083085922068, 7056
39083118867472, 39083118875064, 7592
39083123853304, 39083123861336, 8032
39083157465556, 39083157472596, 7040
39083328446044, 39083328457004, 10960
39083343358460, 39083343366556, 8096
39083353172776, 39083353180020, 7244
39083374327528, 39083374334568, 7040
39083379295736, 39083379302280, 6544
39083429597244, 39083429603968, 6724
39083533949552, 39083533961400, 11848
39083556490420, 39083556498292, 7872
39083590027296, 39083590035452, 8156
39083643804480, 39083643812396, 7916
39083709633852, 39083709641368, 7516
39083809354640, 39083809362856, 8216
39083925979924, 39083925988364, 8440
39084068699520, 39084068711316, 11796
39084079206184, 39084079213364, 7180
39084150886128, 39084150894260, 8132
39084179224524, 39084179231316, 6792
39084184397252, 39084184403908, 6656
39084324019972, 39084324031176, 11204
39084657224060, 39084657235276, 11216
39084745015868, 39084745027924, 12056
39084767542548, 39084767550540, 7992
39084870709008, 39084870719712, 10704
39084893235944, 39084893244256, 8312
39084909038052, 39084909046100, 8048
39084980469188, 39084980476356, 7168
39085038314536, 39085038325716, 11180
39085043289440, 39085043296680, 7240
39085050273876, 39085050280544, 6668
39085055236792, 39085055243380, 6588
39085102575856, 39085102584508, 8652
39085118371972, 39085118379128, 7156
39085129626332, 39085129633424, 7092
39085183375952, 39085183383032, 7080
39085194586480, 39085194593456, 6976
39085207914568, 39085207925592, 11024
39085261579184, 39085261586672, 7488
39085272787040, 39085272794232, 7192
39085391636388, 39085391644740, 8352
39085407390480, 39085407397948, 7468
39085440316972, 39085440324184, 7212
39085451529196, 39085451536224, 7028
39085569769900, 39085569777388, 7488
39085581620912, 39085581628256, 7344
39065585229376, 39065585268420, 39044
39065613143528, 39065613153440, 9912
39065714283120, 39065714294524, 11404
39065747211248, 39065747219336, 8088
39065763991648, 39065763999144, 7496
39065764771308, 39065764778172, 6864
39065781553912, 39065781560860, 6948
39065798690308, 39065798697048, 6740
39065815497660, 39065815504416, 6756
39065869796824, 39065869805408, 8584
39065923301792, 39065923309180, 7388
39065933109320, 39065933117236, 7916
39065973238248, 39065973246740, 8492
39065990046984, 39065990055144, 8160
39066001272804, 39066001280920, 8116
39066006261512, 39066006269556, 8044
39066077837436, 39066077844520, 7084
39066089040252, 39066089047308, 7056
39066143322968, 39066143331328, 8360
39066702497576, 39066702502516, 4940
39068510769320, 39068510783788, 14468
39068521991476, 39068521998928, 7452
39068562101452, 39068562109252, 7800
39068634078548, 39068634086580, 8032
39068795330156, 39068795339276, 9120
39068865292592, 39068865303200, 10608
39068882085052, 39068882092932, 7880
39068915017184, 39068915025160, 7976
39068920002372, 39068920010244, 7872
39068931223120, 39068931230160, 7040
39068981624768, 39068981632828, 8060
39068986983704, 39068986990584, 6880
39069003786688, 39069003794688, 8000
39069164569688, 39069164581160, 11472
39069175780316, 39069175788644, 8328
39069180769952, 39069180777348, 7396
39069299076008, 39069299084596, 8588
39069413971632, 39069413983048, 11416
39069535681628, 39069535693076, 11448
39069649411852, 39069649422616, 10764
39069763149524, 39069763160904, 11380
39069785376332, 39069785383896, 7564
39069818321224, 39069818328192, 6968
39069840562764, 39069840570796, 8032
39069851786252, 39069851794600, 8348
39069918807360, 39069918819344, 11984
39069923785900, 39069923793336, 7436
39069936739932, 39069936750884, 10952
39070002581808, 39070002593076, 11268
39070034516500, 39070034528596, 12096
39070050311804, 39070050319228, 7424
39070216075120, 39070216086300, 11180
39070238635844, 39070238644500, 8656
39070354917032, 39070354924896, 7864
39070366692988, 39070366701092, 8104
39070377971860, 39070377979576, 7716
39070410939832, 39070410947132, 7300
39070422222624, 39070422229880, 7256
39070531257120, 39070531268228, 11108
39070553795224, 39070553802948, 7724
39070576028176, 39070576035152, 6976
39070587306060, 39070587313960, 7900
39070620821108, 39070620829428, 8320
39070734770256, 39070734781684, 11428
39070922321644, 39070922332756, 11112
39070966785148, 39070966793496, 8348
39071038242348, 39071038250676, 8328
39071049511632, 39071049519516, 7884
39071121710072, 39071121718108, 8036
39071132927728, 39071132936032, 8304
39071142742972, 39071142751044, 8072
39071261072840, 39071261081160, 8320
39071272295524, 39071272303364, 7840
39071283575324, 39071283582304, 6980
39071325356808, 39071325363672, 6864
39071336600484, 39071336607100, 6616
39071379229724, 39071379236628, 6904
39071390469952, 39071390476724, 6772
39071424854060, 39071424861296, 7236
39071434662732, 39071434669568, 6836
39071445940804, 39071445947892, 7088
39071517581824, 39071517588936, 7112
39071527388040, 39071527395812, 7772
39071549623240, 39071549631248, 8008
39071582587888, 39071582594884, 6996
39071605401536, 39071605409172, 7636
39071616680776, 39071616688612, 7836
39071630637596, 39071630648556, 10960
39071652877420, 39071652885520, 8100
39071706647000, 39071706654880, 7880
39071778325368, 39071778333400, 8032
39071896020384, 39071896031556, 11172
39071929811708, 39071929819964, 8256
39071983601220, 39071983608432, 7212
39071994882392, 39071994890392, 8000
39072017118640, 39072017126316, 7676
39072149423284, 39072149434292, 11008
39072338902280, 39072338913508, 11228
39072408733820, 39072408745460, 11640
39072413708600, 39072413716580, 7980
39072485110404, 39072485118984, 8580
39072494915508, 39072494923516, 8008
39072527832880, 39072527840752, 7872
39072539051100, 39072539059152, 8052
39072584318256, 39072584329472, 11216
39072600271628, 39072600279184, 7556
39072612034500, 39072612041872, 7372
39072616230276, 39072616237724, 7448
39072638449588, 39072638456508, 6920
39072644080116, 39072644087432, 7316
39073154958052, 39073154968840, 10788
39073380418224, 39073380428988, 10764
39073396210188, 39073396218416, 8228
39073436338128, 39073436346416, 8288
39073441313876, 39073441321928, 8052
39073452595956, 39073452603304, 7348
39073462405280, 39073462412284, 7004
39073467371532, 39073467379268, 7736
39073483173992, 39073483181320, 7328
39073494456824, 39073494464656, 7832
39073527421464, 39073527429960, 8496
39073561026808, 39073561033976, 7168
39073566008608, 39073566015588, 6980
39073582801348, 39073582808244, 6896
39073616316328, 39073616323664, 7336
39073701661968, 39073701673276, 11308
39073706642244, 39073706649668, 7424
39073746728492, 39073746736860, 8368
39073749533440, 39073749540576, 7136
39073754501576, 39073754508416, 6840
39073757513948, 39073757521228, 7280
39073797635348, 39073797642812, 7464
39073809400540, 39073809411952, 11412
39073850075812, 39073850083432, 7620
39073855049232, 39073855057484, 8252
39074024878652, 39074024889976, 11324
39074056462652, 39074056471076, 8424
39074110801164, 39074110809556, 8392
39074122000060, 39074122008028, 7968
39074131806256, 39074131814072, 7816
39074164780092, 39074164788068, 7976
39074169752104, 39074169759064, 6960
39074226399688, 39074226410608, 10920
39074280152720, 39074280160492, 7772
39074290057456, 39074290065924, 8468
39074301332900, 39074301340204, 7304
39074334300124, 39074334308428, 8304
39075894383988, 39075894394740, 10752
39076311561080, 39076311570096, 9016
39076345081492, 39076345089528, 8036
39076680437792, 39076680448812, 11020
39076844068368, 39076844079180, 10812
39076906745128, 39076906752904, 7776
39076918011380, 39076918018852, 7472
39077031605892, 39077031617980, 12088
39077054027856, 39077054036188, 8332
39077063977192, 39077063985312, 8120
39077079785808, 39077079793124, 7316
39077151780872, 39077151789504, 8632
39077184732532, 39077184739828, 7296
39077256666408, 39077256673768, 7360
39077261648600, 39077261655552, 6952
39077294569888, 39077294576964, 7076
39077299546692, 39077299553508, 6816
39077315334612, 39077315342484, 7872
39077340864356, 39077340871592, 7236
39077357218608, 39077357225236, 6628
39077450041840, 39077450049668, 7828
39077582303796, 39077582315412, 11616
39077713981752, 39077713993436, 11684
39077723948600, 39077723955208, 6608
39077761876828, 39077761888700, 11872
39077795473152, 39077795480612, 7460
39077913514356, 39077913525540, 11184
39077924716328, 39077924724064, 7736
39078099069132, 39078099080880, 11748
39078114858652, 39078114866768, 8116
39078224763680, 39078224775000, 11320
39078256346348, 39078256354180, 7832
39078328085312, 39078328092816, 7504
39078337897032, 39078337905492, 8460
39078371448488, 39078371457148, 8660
39078405071148, 39078405079684, 8536
39078410038836, 39078410045512, 6676
39078416241216, 39078416247904, 6688
39078433046456, 39078433053404, 6948
39078436683220, 39078436691152, 7932
39078490457864, 39078490466612, 8748
39078506267524, 39078506275604, 8080
39078625126660, 39078625135192, 8532
39078681379692, 39078681387144, 7452
39078799604472, 39078799612576, 8104
39078808270700, 39078808277512, 6812
39078880443684, 39078880451648, 7964
39078934203508, 39078934211360, 7852
39078999517224, 39078999525088, 7864
39079021748504, 39079021756316, 7812
39079037550512, 39079037557268, 6756
39079048738368, 39079048745088, 6720
39079070971604, 39079070979196, 7592
39079104481652, 39079104488600, 6948
39079128579124, 39079128590692, 11568
39079145405588, 39079145414368, 8780
39079161223764, 39079161231280, 7516
39079183458888, 39079183467300, 8412
39079226327448, 39079226339564, 12116
39079259936056, 39079259944552, 8496
39079481576308, 39079481584500, 8192
39079498205060, 39079498213232, 8172
39079514003320, 39079514011360, 8040
39079530806992, 39079530813936, 6944
39079535581636, 39079535589736, 8100
39079567504912, 39079567511800, 6888
39079583286208, 39079583292800, 6592
39079623577728, 39079623585916, 8188
39079685483984, 39079685491200, 7216
39079701276820, 39079701283956, 7136
39079711159768, 39079711166364, 6596
39079726940704, 39079726948444, 7740
39079782998484, 39079783009484, 11000
39079876779608, 39079876790988, 11380
39080038061928, 39080038070428, 8500
39080060333336, 39080060340700, 7364
39080114614028, 39080114622332, 8304
39080169702204, 39080169710556, 8352
39080174694852, 39080174701512, 6660
39080228414860, 39080228422344, 7484
39080239614756, 39080239621640, 6884
39080311317780, 39080311325476, 7696
39080383233460, 39080383240680, 7220
39080399027764, 39080399035016, 7252
39080408830284, 39080408838248, 7964
39080462553404, 39080462561744, 8340
39080580778892, 39080580786352, 7460
39080591161064, 39080591168924, 7860
39080602427500, 39080602435624, 8124
39080607420844, 39080607428608, 7764
39080629647864, 39080629656064, 8200
39080644885632, 39080644893080, 7448
39080649857428, 39080649864328, 6900
39080661147984, 39080661155268, 7284
39080683380204, 39080683387992, 7788
39080692768696, 39080692775600, 6904
39080697739656, 39080697746396, 6740
39080698754564, 39080698761056, 6492
39081903889012, 39081903899552, 10540
39083082340352, 39083082350164, 9812
39083153945936, 39083153953480, 7544
39083185528816, 39083185536952, 8136
39083219120244, 39083219127980, 7736
39083230669400, 39083230676352, 6952
39083246433196, 39083246439960, 6764
39083318001704, 39083318008992, 7288
39083339996420, 39083340004748, 8328
39083351275556, 39083351282396, 6840
39083422880028, 39083422888380, 8352
39084465684004, 39084465695156, 11152
39084766019924, 39084766028988, 9064
39084771006124, 39084771013696, 7572
39084810844756, 39084810851668, 6912
39084815807872, 39084815814772, 6900
39084847961692, 39084847969944, 8252
39084858733168, 39084858741584, 8416
39084880951944, 39084880959036, 7092
39084988505256, 39084988512744, 7488
39085021442536, 39085021449372, 6836
39085140235556, 39085140243332, 7776
39085303689404, 39085303692720, 3316
39085447291116, 39085447300600, 9484
39085457097448, 39085457104820, 7372
39085626909640, 39085626921936, 12296
39085644814532, 39085644829216, 14684
39065782748024, 39065782759280, 11256
39065827803596, 39065827811696, 8100
39065830614972, 39065830621648, 6676
39065841872852, 39065841881004, 8152
39065896184428, 39065896191304, 6876
39065907470868, 39065907479044, 8176
39065924268492, 39065924276792, 8300
39065995912212, 39065995920596, 8384
39066007205672, 39066007213656, 7984
39066127977996, 39066127986044, 8048
39066722453076, 39066722463904, 10828
39067789899520, 39067789911088, 11568
39067821476024, 39067821484208, 8184
39067826466812, 39067826474980, 8168
39067860084744, 39067860091952, 7208
39067876432360, 39067876440256, 7896
39067948052888, 39067948060008, 7120
39067963853848, 39067963861620, 7772
39068017625492, 39068017632440, 6948
39068033421308, 39068033428324, 7016
39068202922836, 39068202934044, 11208
39068218715340, 39068218722876, 7536
39068218873584, 39068218880120, 6536
39068234657120, 39068234664888, 7768
39068306148892, 39068306156404, 7512
39068378222856, 39068378230324, 7468
39068389437932, 39068389444968, 7036
39068399244144, 39068399251052, 6908
39068470677740, 39068470684912, 7172
39068481878000, 39068481886356, 8356
39068498704052, 39068498711972, 7920
39068552468616, 39068552476732, 8116
39068585413392, 39068585421420, 8028
39068673745152, 39068673756428, 11276
39068713857872, 39068713865880, 8008
39068723673276, 39068723680596, 7320
39068739462780, 39068739469868, 7088
39068867287736, 39068867298184, 10448
39068974730628, 39068974739016, 8388
39068979717496, 39068979724680, 7184
39068989531900, 39068989540052, 8152
39068992967768, 39068992974404, 6636
39069144613756, 39069144624904, 11148
39069245407960, 39069245416484, 8524
39069299010584, 39069299018896, 8312
39069419959192, 39069419970164, 10972
39069585564212, 39069585575652, 11440
39069707275956, 39069707287520, 11564
39069717211604, 39069717219752, 8148
39069824993548, 39069825004924, 11376
39069856573400, 39069856580988, 7588
39069866967048, 39069866975260, 8212
39069889200712, 39069889207784, 7072
39069905000924, 39069905008560, 7636
39069942722424, 39069942733876, 11452
39069958532200, 39069958540024, 7824
39069960664656, 39069960671712, 7056
39069970452004, 39069970459232, 7228
39069975437628, 39069975444380, 6752
39070044764172, 39070044771948, 7776
39070056026116, 39070056033252, 7136
39070086371156, 39070086378140, 6984
39070097631140, 39070097639084, 7944
39070126285736, 39070126297160, 11424
39070197630576, 39070197638232, 7656
39070301805176, 39070301816476, 11300
39070313072092, 39070313079360, 7268
39070385238224, 39070385245768, 7544
39070395056252, 39070395063504, 7252
39070466487492, 39070466494944, 7452
39070499435764, 39070499443840, 8076
39070521662520, 39070521670132, 7612
39070532865476, 39070532873324, 7848
39071726421952, 39071726432552, 10600
39072026955996, 39072026964836, 8840
39072038235056, 39072038242984, 7928
39072048044604, 39072048053004, 8400
39072149416996, 39072149420368, 3372
39072193868940, 39072193879184, 10244
39072302977440, 39072302988936, 11496
39072432669908, 39072432680864, 10956
39072554377900, 39072554389808, 11908
39072668108840, 39072668119236, 10396
39072678043544, 39072678051848, 8304
39072700301752, 39072700308888, 7136
39072803785156, 39072803796304, 11148
39072875616356, 39072875627040, 10684
39072897853192, 39072897860596, 7404
39072969477664, 39072969485408, 7744
39072980690476, 39072980697996, 7520
39072990505616, 39072990513508, 7892
39072995499200, 39072995507196, 7996
39073019284416, 39073019295304, 10888
39073030493812, 39073030501884, 8072
39073031244644, 39073031251876, 7232
39073036213976, 39073036221360, 7384
39073108323720, 39073108331100, 7380
39073119533692, 39073119540796, 7104
39073237837188, 39073237845516, 8328
39073795437032, 39073795447664, 10632
39073885606984, 39073885615588, 8604
39073941096392, 39073941107428, 11036
39073969021328, 39073969032752, 11424
39074022683924, 39074022691508, 7584
39074322115504, 39074322126540, 11036
39074385770384, 39074385777812, 7428
39074418715708, 39074418722832, 7124
39074434515616, 39074434523520, 7904
39074537598984, 39074537610160, 11176
39074559991064, 39074559999064, 8000
39074631900496, 39074631907804, 7308
39074643092232, 39074643100292, 8060
39074665325428, 39074665332876, 7448
39074675113972, 39074675121256, 7284
39074691228548, 39074691235508, 6960
39074713454024, 39074713461228, 7204
39074746404628, 39074746411504, 6876
39074768612944, 39074768619720, 6776
39074778416944, 39074778424072, 7128
39074812014580, 39074812022616, 8036
39074820917140, 39074820924144, 7004
39074837714580, 39074837722444, 7864
39074869004236, 39074869012268, 8032
39074891230884, 39074891238896, 8012
39074994511996, 39074994523420, 11424
39075083269916, 39075083277584, 7668
39075253895808, 39075253907336, 11528
39075415642296, 39075415650924, 8628
39075430548048, 39075430555144, 7096
39075484284256, 39075484292076, 7820
39075500078332, 39075500086596, 8264
39075516890756, 39075516898188, 7432
39075635720272, 39075635728648, 8376
39075645652424, 39075645659588, 7164
39075776648476, 39075776660176, 11700
39075938431452, 39075938440104, 8652
39075954237708, 39075954245580, 7872
39076067994900, 39076068007000, 12100
39076072973968, 39076072981652, 7684
39076106506032, 39076106513220, 7188
39076177926572, 39076177935092, 8520
39076194735860, 39076194744100, 8240
39076210539444, 39076210547236, 7792
39076211609304, 39076211615820, 6516
39076327279444, 39076327291208, 11764
39076411759716, 39076411767184, 7468
39076427539192, 39076427546260, 7068
39076444331244, 39076444338448, 7204
39076448985040, 39076448991872, 6832
39076465781568, 39076465789580, 8012
39076482903648, 39076482910456, 6808
39076499698096, 39076499704704, 6608
39076502259716, 39076502266412, 6696
39076518059132, 39076518066056, 6924
39076534870188, 39076534877944, 7756
39076544659808, 39076544667624, 7816
39076550743300, 39076550750068, 6768
39076567544116, 39076567550788, 6672
39076583335012, 39076583342720, 7708
39076606108836, 39076606115728, 6892
39076639711456, 39076639718868, 7412
39076672673084, 39076672681216, 8132
39076909706928, 39076909714484, 7556
39077827720628, 39077827731564, 10936
39078076376904, 39078076385276, 8372
39078081359564, 39078081367924, 8360
39078098698572, 39078098706208, 7636
39078107037376, 39078107044456, 7080
39078112008216, 39078112015108, 6892
39079900720336, 39079900730956, 10620
39080287753144, 39080287764792, 11648
39080377105584, 39080377113176, 7592
39080487258216, 39080487269792, 11576
39080576079100, 39080576086764, 7664
39080609601896, 39080609609768, 7872
39080681009688, 39080681017728, 8040
39080799196456, 39080799204332, 7876
39080832139972, 39080832146888, 6916
39080950932568, 39080950940612, 8044
39080955904152, 39080955912096, 7944
39081063890104, 39081063901872, 11768
39081345564160, 39081345572444, 8284
39081368087152, 39081368095260, 8108
39081373059676, 39081373067800, 8124
39081491350072, 39081491358228, 8156
39081513565696, 39081513573888, 8192
39081524839884, 39081524847788, 7904
39081530789924, 39081530800948, 11024
39081649658552, 39081649666708, 8156
39081664593060, 39081664600528, 7468
39081697550792, 39081697558836, 8044
39081698375320, 39081698382152, 6832
39081706359008, 39081706367420, 8412
39081777974328, 39081777982868, 8540
39081789257000, 39081789265120, 8120
39081834283420, 39081834290700, 7280
39081845550300, 39081845557700, 7400
39081850013964, 39081850020844, 6880
39081883944752, 39081883956032, 11280
39081917873076, 39081917884564, 11488
39081940114152, 39081940121960, 7808
39081953769368, 39081953776740, 7372
39081987694692, 39081987706468, 11776
39081998922280, 39081998930808, 8528
39082169259972, 39082169271096, 11124
39082184172996, 39082184180388, 7392
39082217153456, 39082217161420, 7964
39082320626080, 39082320634080, 8000
39082440553284, 39082440564840, 11556
39082507226792, 39082507235036, 8244
39082518507576, 39082518515632, 8056
39082523477044, 39082523485064, 8020
39082524345836, 39082524352416, 6580
39082546574380, 39082546581980, 7600
39082576224564, 39082576231380, 6816
39082598998948, 39082599005772, 6824
39082602337116, 39082602344984, 7868
39082673686792, 39082673694396, 7604
39082683483676, 39082683490452, 6776
39082716453660, 39082716461580, 7920
39082721426088, 39082721433412, 7324
39082840267044, 39082840274756, 7712
39082856074032, 39082856081096, 7064
39082865882312, 39082865889372, 7060
39082898849116, 39082898856876, 7760
39082903836260, 39082903842924, 6664
39082907435776, 39082907443644, 7868
39082918696996, 39082918703772, 6776
39083033437276, 39083033445172, 7896
39083049245420, 39083049253072, 7652
39083158850764, 39083158862108, 11344
39083290530252, 39083290542452, 12200
39083456133436, 39083456145108, 11672
39083556897756, 39083556905992, 8236
39083568177960, 39083568186112, 8152
39083571855668, 39083571862532, 6864
39083589215508, 39083589222628, 7120
39083605788080, 39083605799788, 11708
39083622605368, 39083622612840, 7472
39083633886096, 39083633894364, 8268
39083639697264, 39083639704020, 6756
39083656500540, 39083656508800, 8260
39083661645416, 39083661652260, 6844
39083672905168, 39083672912336, 7168
39083713018864, 39083713026644, 7780
39083717511756, 39083717518824, 7068
39083757620924, 39083757628972, 8048
39083867172460, 39083867184132, 11672
39083872146184, 39083872154100, 7916
39083927027820, 39083927035264, 7444
39083959987788, 39083959995452, 7664
39083964978660, 39083964986704, 8044
39084012804544, 39084012812168, 7624
39084029597492, 39084029604328, 6836
39084046723220, 39084046730116, 6896
39084063520832, 39084063527532, 6700
39084117507100, 39084117515344, 8244
39084122478928, 39084122485852, 6924
39084155450640, 39084155457744, 7104
39084160418388, 39084160426312, 7924
39084171704060, 39084171710836, 6776
39084188385596, 39084188392460, 6864
39084193354712, 39084193361324, 6612
39084209672696, 39084209680420, 7724
39084281161120, 39084281168364, 7244
39084335399732, 39084335407844, 8112
39084395986268, 39084395993244, 6976
39084467366968, 39084467374316, 7348
39084517776984, 39084517785224, 8240
39084528984816, 39084528992776, 7960
39084583280220, 39084583287000, 6780
39084583386376, 39084583393064, 6688
39084594589208, 39084594596692, 7484
39085096184152, 39085096194948, 10796
39085261777328, 39085261788852, 11524
39085295519560, 39085295527636, 8076
39085349854304, 39085349862468, 8164
39085459307128, 39085459318516, 11388
39085525945716, 39085525954016, 8300
39085558867056, 39085558874548, 7492
39085575239992, 39085575248276, 8284
39085585060488, 39085585068036, 7548
