38866219732800, 38866219745288, 12488
38866227361784, 38866227370636, 8852
38866259417468, 38866259429928, 12460
38870425571192, 38870425577264, 6072
38872420705108, 38872420708376, 3268
38872426907160, 38872426912828, 5668
38872433096508, 38872433100340, 3832
38872439286092, 38872439289928, 3836
38872445471356, 38872445475012, 3656
38872451654332, 38872451658184, 3852
38872457840776, 38872457844404, 3628
38872464023136, 38872464026416, 3280
38872470210388, 38872470213852, 3464
38872476399712, 38872476403692, 3980
38872482611112, 38872482614104, 2992
38872608608496, 38872608617112, 8616
38872614800688, 38872614805084, 4396
38872620984280, 38872620987288, 3008
38872627168004, 38872627171096, 3092
38872633358680, 38872633363144, 4464
38872639550320, 38872639554700, 4380
38872645741368, 38872645744996, 3628
38872651931024, 38872651934804, 3780
38872658136080, 38872658139824, 3744
38872664321168, 38872664324708, 3540
38872670510528, 38872670513440, 2912
38872676697444, 38872676701480, 4036
38872682884880, 38872682888212, 3332
38872689071332, 38872689074744, 3412
38872695252296, 38872695255672, 3376
38872701429004, 38872701431828, 2824
38872707606160, 38872707609244, 3084
38872713788652, 38872713792428, 3776
38872719983004, 38872719986388, 3384
38872726163912, 38872726166804, 2892
38872732339320, 38872732342120, 2800
38872738524268, 38872738527108, 2840
38872744701772, 38872744705600, 3828
38872750883488, 38872750887476, 3988
38872757178456, 38872757181816, 3360
38872763364220, 38872763368628, 4408
38872769553320, 38872769556620, 3300
38872775744000, 38872775747392, 3392
38872781955688, 38872781960184, 4496
38872788151432, 38872788154880, 3448
38872794347852, 38872794351844, 3992
38872800537100, 38872800541628, 4528
38872806729660, 38872806733248, 3588
38872812919088, 38872812922640, 3552
38872819110636, 38872819115024, 4388
38872825304472, 38872825307864, 3392
38872832065620, 38872832069132, 3512
38872838261704, 38872838264712, 3008
38872844450204, 38872844453024, 2820
38872850637152, 38872850641036, 3884
38872856829868, 38872856832600, 2732
38872863015936, 38872863018840, 2904
38872869199680, 38872869202664, 2984
38872875385892, 38872875389436, 3544
38872881584608, 38872881588100, 3492
38873290588936, 38873290593652, 4716
38873312690652, 38873312698376, 7724
38873335321580, 38873335325096, 3516
38873357382904, 38873357386360, 3456
38873379434856, 38873379438924, 4068
38873500081836, 38873500084688, 2852
38873571655572, 38873571660740, 5168
38873643815008, 38873643821972, 6964
38873650020660, 38873650025700, 5040
38873681730360, 38873681735852, 5492
38873698959160, 38873698970948, 11788
38874415901068, 38874415904396, 3328
38874426646392, 38874426651388, 4996
38874437382344, 38874437386212, 3868
38874448128744, 38874448133020, 4276
38874458860340, 38874458863892, 3552
38875117328340, 38875117331976, 3636
38875145723132, 38875145728304, 5172
38875174110876, 38875174114900, 4024
38875202502500, 38875202506120, 3620
38875230888564, 38875230892600, 4036
38875259261564, 38875259265272, 3708
38875287630780, 38875287634776, 3996
38875350219236, 38875350222572, 3336
38875393534996, 38875393540864, 5868
38876367203884, 38876367206848, 2964
38876438799260, 38876438804356, 5096
38876510355416, 38876510358804, 3388
38876582476036, 38876582479936, 3900
38876654014808, 38876654019080, 4272
38876725568544, 38876725572096, 3552
38876797237960, 38876797241480, 3520
38876869361348, 38876869365352, 4004
38876940919148, 38876940923000, 3852
38877012450676, 38877012454628, 3952
38877084590372, 38877084594108, 3736
38877156158908, 38877156162704, 3796
38877227722672, 38877227726336, 3664
38877299241328, 38877299244816, 3488
38877851613484, 38877851616976, 3492
38877870247232, 38877870252112, 4880
38877888856784, 38877888860744, 3960
38877907494420, 38877907499508, 5088
38877926117280, 38877926121040, 3760
38877944747528, 38877944751984, 4456
38877963398756, 38877963403292, 4536
38877982030124, 38877982034020, 3896
38878000652612, 38878000656692, 4080
38878019272300, 38878019275340, 3040
38878037896296, 38878037900072, 3776
38878056512688, 38878056516284, 3596
38878075698712, 38878075702404, 3692
38878094317100, 38878094320492, 3392
38878112932444, 38878112935988, 3544
38878131563268, 38878131566852, 3584
38878248659068, 38878248661812, 2744
38878376355268, 38878376358168, 2900
38878518014300, 38878518017412, 3112
38878593844492, 38878593847484, 2992
38878721533968, 38878721536648, 2680
38878743732612, 38878743742088, 9476
38878805269640, 38878805284312, 14672
38878835205964, 38878835219132, 13168
38878919002040, 38878919017596, 15556
38879044702588, 38879044705432, 2844
38879050903088, 38879050907992, 4904
38879057091480, 38879057094612, 3132
38879162422032, 38879162425052, 3020
38879304087864, 38879304090896, 3032
38879399869712, 38879399872192, 2480
38879527553744, 38879527556248, 2504
38879599743052, 38879599748716, 5664
38879671330652, 38879671338776, 8124
38879727087400, 38879727095676, 8276
38879762998184, 38879763005468, 7284
38879798911860, 38879798919092, 7232
38879828844044, 38879828851772, 7728
38880393494904, 38880393498676, 3772
38880435441716, 38880435446440, 4724
38880477373212, 38880477376668, 3456
38880519299288, 38880519303052, 3764
38880561224636, 38880561228628, 3992
38880603706724, 38880603710864, 4140
38881470883008, 38881470885456, 2448
38881512810960, 38881512815880, 4920
38881554736620, 38881554740056, 3436
38881597210044, 38881597213124, 3080
38881639117104, 38881639121308, 4204
38881681059192, 38881681063624, 4432
38881722988116, 38881722992268, 4152
38881764908716, 38881764912772, 4056
38881806845816, 38881806849884, 4068
38881849347408, 38881849351588, 4180
38881989635832, 38881989638420, 2588
38882018049356, 38882018058520, 9164
38882109358192, 38882109366768, 8576
38882151327796, 38882151338760, 10964
38882396669924, 38882396672708, 2784
38882468232992, 38882468237096, 4104
38882539732928, 38882539736760, 3832
38882611841324, 38882611844892, 3568
38882683356168, 38882683364088, 7920
38882743784688, 38882743792144, 7456
38882815962008, 38882815972752, 10744
38884256951644, 38884256956124, 4480
38884267685840, 38884267689828, 3988
38884278432768, 38884278436368, 3600
38884289156268, 38884289159236, 2968
38884299883044, 38884299886736, 3692
38884311192000, 38884311195640, 3640
38884321915636, 38884321919504, 3868
38884332662472, 38884332665924, 3452
38884343385204, 38884343389784, 4580
38884354135740, 38884354140180, 4440
38884364869196, 38884364877208, 8012
38884413809900, 38884413817440, 7540
38884597369272, 38884597372896, 3624
38884668954320, 38884668959172, 4852
38884838739024, 38884838741944, 2920
38884867148064, 38884867156468, 8404
38884877897628, 38884877903396, 5768
38885004355410, 38885004359944, 4534
38885082156332, 38885082159224, 2892
38885185912104, 38885185919708, 7604
38885269717588, 38885269720964, 3376
38885329571012, 38885329578768, 7756
38885401395488, 38885401401664, 6176
38885445298360, 38885445305892, 7532
38885473228304, 38885473235280, 6976
38885642200916, 38885642204768, 3852
38885675770632, 38885675773004, 2372
38885693070728, 38885693078456, 7728
38885708661244, 38885708666960, 5716
38886083772992, 38886083776264, 3272
38886102408888, 38886102413564, 4676
38886121029908, 38886121033936, 4028
38886139663780, 38886139667824, 4044
38886158278052, 38886158281320, 3268
38886176892636, 38886176896248, 3612
38886195524456, 38886195528240, 3784
38886214154320, 38886214158340, 4020
38886232782352, 38886232785952, 3600
38886251415696, 38886251419416, 3720
38886270039372, 38886270042788, 3416
38886301259444, 38886301267340, 7896
38886351139076, 38886351145912, 6836
38886401029564, 38886401034112, 4548
38886450902292, 38886450909340, 7048
38886486824248, 38886486826824, 2576
38886658402204, 38886658405056, 2852
38886760101576, 38886760105196, 3620
38886784045484, 38886784049764, 4280
38886821951932, 38886821957448, 5516
38886869869296, 38886869873316, 4020
38886949659992, 38886949664172, 4180
38886963621732, 38886963628384, 6652
38886981594064, 38886981601600, 7536
38887017493788, 38887017500756, 6968
38887053409532, 38887053416048, 6516
38887089344984, 38887089380248, 35264
38887114861176, 38887114872312, 11136
38887646006752, 38887646009448, 2696
38887664647608, 38887664652464, 4856
38887683273900, 38887683278196, 4296
38887701922760, 38887701926264, 3504
38887720528512, 38887720531808, 3296
38887739123132, 38887739126040, 2908
38887757738696, 38887757742476, 3780
38887776365460, 38887776369404, 3944
38887794997532, 38887795001508, 3976
38887814211460, 38887814216044, 4584
38887832846804, 38887832850888, 4084
38887851477080, 38887851482300, 5220
38887870122264, 38887870125716, 3452
38887888754820, 38887888757748, 2928
38887907402868, 38887907406936, 4068
38887926034324, 38887926037792, 3468
38887947291870, 38887947302130, 10260
38887997162312, 38887997169768, 7456
38888047043668, 38888047051292, 7624
38888142815852, 38888142818512, 2660
38888252551116, 38888252553740, 2624
38888298452528, 38888298457196, 4668
38888380258640, 38888380261220, 2580
38888430134288, 38888430142144, 7856
38888456073080, 38888456075868, 2788
38888472039268, 38888472042068, 2800
38888521913496, 38888521920708, 7212
38888563816868, 38888563819500, 2632
38888605720280, 38888605724472, 4192
38888663575784, 38888663582688, 6904
38888693515332, 38888693517780, 2448
38888771261384, 38888771268556, 7172
38888805182112, 38888805189252, 7140
38888825140300, 38888825145144, 4844
38888936858924, 38888936865056, 6132
38888946835804, 38888946841448, 5644
38889088502528, 38889088508636, 6108
38889220186576, 38889220193536, 6960
38890295639516, 38890295643256, 3740
38890298140400, 38890298146484, 6084
38890300633700, 38890300637568, 3868
38890303122216, 38890303125908, 3692
38890305626916, 38890305630464, 3548
38890308114916, 38890308118732, 3816
38890310604872, 38890310609044, 4172
38890411362448, 38890411364672, 2224
38866212122356, 38866212131324, 8968
38866243270896, 38866243279260, 8364
38866382502880, 38866382511120, 8240
38870421541264, 38870421546130, 4866
38870433494816, 38870433501428, 6612
38870477388556, 38870477393892, 5336
38870569172224, 38870569175404, 3180
38870710833024, 38870710835988, 2964
38870729463280, 38870729469264, 5984
38870748080144, 38870748084704, 4560
38870866440316, 38870866445384, 5068
38870894842420, 38870894852028, 9608
38870966446240, 38870966450608, 4368
38871135771332, 38871135774144, 2812
38871277430368, 38871277432480, 2112
38871319413544, 38871319420016, 6472
38871443039232, 38871443044700, 5468
38871460261744, 38871460273768, 12024
38872384802304, 38872384805352, 3048
38872456356192, 38872456361216, 5024
38872527876008, 38872527880672, 4664
38872599864944, 38872599869528, 4584
38872671407364, 38872671411588, 4224
38872742883180, 38872742887092, 3912
38872814567936, 38872814572324, 4388
38872886669036, 38872886673060, 4024
38872958087040, 38872958091272, 4232
38873029563068, 38873029567464, 4396
38873101610224, 38873101614164, 3940
38873173078568, 38873173082360, 3792
38873262646296, 38873262653280, 6984
38873755480148, 38873755483180, 3032
38873757980872, 38873757986032, 5160
38873760467392, 38873760470980, 3588
38873861241804, 38873861246196, 4392
38873867470056, 38873867474628, 4572
38873873648508, 38873873653932, 5424
38873901123084, 38873901127424, 4340
38873974944336, 38873974946972, 2636
38874028816836, 38874028822668, 5832
38874096721484, 38874096724412, 2928
38874142604772, 38874142609272, 4500
38874224355408, 38874224357380, 1972
38874256276184, 38874256282004, 5820
38874340092568, 38874340097960, 5392
38874370039984, 38874370092000, 52016
38874447826356, 38874447829608, 3252
38874519358148, 38874519365532, 7384
38874530106932, 38874530114044, 7112
38874555569532, 38874555576224, 6692
38874639369208, 38874639375920, 6712
38874695243236, 38874695247580, 4344
38874699231796, 38874699236132, 4336
38874780971912, 38874780979028, 7116
38874842827356, 38874842834084, 6728
38874922640220, 38874922644388, 4168
38875309723464, 38875309726632, 3168
38875315931204, 38875315936572, 5368
38875322126576, 38875322130760, 4184
38875328875636, 38875328880232, 4596
38875335067320, 38875335070952, 3632
38875341248792, 38875341253216, 4424
38875347442324, 38875347445960, 3636
38875353642036, 38875353645780, 3744
38875359833064, 38875359836548, 3484
38875366012744, 38875366016376, 3632
38875471330588, 38875471333364, 2776
38875507251044, 38875507255680, 4636
38875529295044, 38875529306516, 11472
38875620979720, 38875620984440, 4720
38875692810936, 38875692813556, 2620
38875700792316, 38875700796532, 4216
38875734703772, 38875734710616, 6844
38875848434640, 38875848441856, 7216
38875998070980, 38875998073832, 2852
38876004273432, 38876004278216, 4784
38876010475800, 38876010478624, 2824
38876115795892, 38876115799096, 3204
38876257455072, 38876257457416, 2344
38876399125536, 38876399127868, 2332
38877151281172, 38877151283956, 2784
38877193202312, 38877193206908, 4596
38877235118920, 38877235122848, 3928
38877277009884, 38877277013736, 3852
38877318843864, 38877318850088, 6224
38877361290708, 38877361293988, 3280
38877403145648, 38877403149448, 3800
38877445000396, 38877445004324, 3928
38878402292148, 38878402295184, 3036
38878408489688, 38878408493880, 4192
38878414676396, 38878414680160, 3764
38878420867256, 38878420871304, 4048
38878427052164, 38878427055956, 3792
38878433235900, 38878433239460, 3560
38878439427312, 38878439431252, 3940
38878445615224, 38878445618552, 3328
38878451798316, 38878451801712, 3396
38878457984372, 38878457988080, 3708
38878464186880, 38878464190784, 3904
38878470367776, 38878470371576, 3800
38878476549700, 38878476552976, 3276
38878482734508, 38878482738460, 3952
38878488915916, 38878488919348, 3432
38878495094136, 38878495097952, 3816
38878501278872, 38878501282372, 3500
38878507462656, 38878507466076, 3420
38878513645864, 38878513648644, 2780
38878519831896, 38878519835468, 3572
38878526035772, 38878526038576, 2804
38878532222096, 38878532225920, 3824
38878538406428, 38878538409236, 2808
38878544593540, 38878544597400, 3860
38878597833496, 38878597836000, 2504
38878604027608, 38878604032188, 4580
38878641724508, 38878641738472, 13964
38878709566536, 38878709568372, 1836
38878715762536, 38878715771148, 8612
38878729508248, 38878729509608, 1360
38878735706056, 38878735711644, 5588
38878773343740, 38878773357148, 13408
38878817252480, 38878817269640, 17160
38878823467520, 38878823483432, 15912
38878861143320, 38878861156868, 13548
38878905038564, 38878905052448, 13884
38879531555032, 38879531558252, 3220
38879553650300, 38879553655072, 4772
38879576287320, 38879576290916, 3596
38879598352980, 38879598357344, 4364
38879620422384, 38879620427184, 4800
38879642492732, 38879642496060, 3328
38879664576492, 38879664581444, 4952
38879715109948, 38879715117492, 7544
38879772975624, 38879772978972, 3348
38879882741944, 38879882746444, 4500
38879885282592, 38879885289732, 7140
38879994452940, 38879994455528, 2588
38880016542820, 38880016549944, 7124
38880022378852, 38880022385848, 6996
38880056297712, 38880056304320, 6608
38880118178936, 38880118183190, 4254
38880223897592, 38880223900044, 2452
38880241131532, 38880241136000, 4468
38880258357264, 38880258361092, 3828
38880275562060, 38880275565936, 3876
38880391499220, 38880391501200, 1980
38880408738768, 38880408743292, 4524
38880425970820, 38880425974696, 3876
38880443191620, 38880443195436, 3816
38882119336516, 38882119339980, 3464
38882125542512, 38882125547844, 5332
38882131733120, 38882131737904, 4784
38882137924424, 38882137928608, 4184
38882144114832, 38882144118300, 3468
38882150303564, 38882150307888, 4324
38882156491828, 38882156495152, 3324
38882162682320, 38882162686396, 4076
38882168862208, 38882168865008, 2800
38882175042476, 38882175046384, 3908
38882181240980, 38882181244664, 3684
38882187420796, 38882187423624, 2828
38882193597728, 38882193600628, 2900
38882199769636, 38882199773356, 3720
38882205944856, 38882205947680, 2824
38882212120228, 38882212124512, 4284
38882218294068, 38882218298024, 3956
38882224479008, 38882224482304, 3296
38882230671180, 38882230674276, 3096
38882236857784, 38882236860788, 3004
38882243056676, 38882243060520, 3844
38882249234772, 38882249238028, 3256
38882255413108, 38882255416604, 3496
38882261587740, 38882261590472, 2732
38882267767784, 38882267770540, 2756
38882273949892, 38882273952596, 2704
38882280133344, 38882280136672, 3328
38882286312572, 38882286315264, 2692
38882292495608, 38882292499100, 3492
38882298680260, 38882298683552, 3292
38882304891760, 38882304894884, 3124
38882311635740, 38882311638752, 3012
38882317826472, 38882317830044, 3572
38882324013388, 38882324016588, 3200
38882330200684, 38882330204556, 3872
38882336389112, 38882336393196, 4084
38882342575892, 38882342579344, 3452
38882348780568, 38882348784668, 4100
38882354965980, 38882354970072, 4092
38882361154360, 38882361157884, 3524
38882367345668, 38882367349052, 3384
38882373533744, 38882373537056, 3312
38882379720408, 38882379724112, 3704
38882385908380, 38882385912128, 3748
38882416625180, 38882416633280, 8100
38882460516896, 38882460523972, 7076
38882590215904, 38882590218648, 2744
38882717900908, 38882717903928, 3020
38882724099516, 38882724104604, 5088
38882730286812, 38882730290104, 3292
38882835561988, 38882835564964, 2976
38882963261352, 38882963263168, 1816
38883031105628, 38883031113352, 7724
38883057129780, 38883057141628, 11848
38884357946472, 38884357949312, 2840
38884386345044, 38884386350028, 4984
38884414741024, 38884414745472, 4448
38884443110256, 38884443113716, 3460
38884471440096, 38884471443876, 3780
38884499798332, 38884499801748, 3416
38884528167264, 38884528170984, 3720
38884557083368, 38884557087800, 4432
38884585475964, 38884585480000, 4036
38884613869876, 38884613873836, 3960
38884642235376, 38884642239296, 3920
38884670598368, 38884670601964, 3596
38885106110236, 38885106113620, 3384
38885112317992, 38885112322928, 4936
38885118507568, 38885118510748, 3180
38885124694140, 38885124698016, 3876
38885130875504, 38885130879076, 3572
38885137058192, 38885137061356, 3164
38885143249024, 38885143252144, 3120
38885149435252, 38885149438024, 2772
38885155618664, 38885155622568, 3904
38885161803656, 38885161807380, 3724
38885168008804, 38885168011580, 2776
38885181916700, 38885181921336, 4636
38885225821028, 38885225825296, 4268
38885397417604, 38885397420328, 2724
38885403610704, 38885403615776, 5072
38885409804040, 38885409807836, 3796
38885415994064, 38885415997648, 3584
38885521110372, 38885521113216, 2844
38885538346904, 38885538351272, 4368
38885556116944, 38885556121052, 4108
38885576980760, 38885576988100, 7340
38885672784284, 38885672812568, 28284
38885760548328, 38885760552500, 4172
38885842359780, 38885842362436, 2656
38885884256364, 38885884260464, 4100
38885904194868, 38885904200816, 5948
38885975751556, 38885975764420, 12864
38886047866708, 38886047870948, 4240
38886359125284, 38886359128388, 3104
38886387516956, 38886387522656, 5700
38887111280232, 38887111282844, 2612
38887139632532, 38887139638140, 5608
38887167930756, 38887167934676, 3920
38887196250884, 38887196255284, 4400
38887224618424, 38887224622548, 4124
38887253017232, 38887253021404, 4172
38887281408416, 38887281412860, 4444
38887376721016, 38887376728832, 7816
38887412552260, 38887412559352, 7092
38887508328012, 38887508331036, 3024
38887630036848, 38887630039936, 3088
38887636240144, 38887636245352, 5208
38887642434852, 38887642439472, 4620
38887648624548, 38887648632108, 7560
38887749749064, 38887749751032, 1968
38887755949936, 38887755954728, 4792
38887861482600, 38887861485508, 2908
38887989179312, 38887989181584, 2272
38888035076336, 38888035080876, 4540
38888116880744, 38888116883448, 2704
38888218632628, 38888218635508, 2880
38888240707888, 38888240716496, 8608
38888244566524, 38888244567936, 1412
38888266657296, 38888266662908, 5612
38888274507524, 38888274511896, 4372
38888358303108, 38888358310828, 7720
38888482010820, 38888482013496, 2676
38888561820116, 38888561827792, 7676
38888709464380, 38888709466996, 2616
38888835117404, 38888835120496, 3092
38888956824852, 38888956827460, 2608
38889090501236, 38889090503848, 2612
38889232157860, 38889232160712, 2852
38889351887184, 38889351892808, 5624
38890373444564, 38890373447752, 3188
38890390704616, 38890390709752, 5136
38890407941696, 38890407946072, 4376
38890425189280, 38890425193340, 4060
38890442460724, 38890442464624, 3900
38890459747088, 38890459750748, 3660
38890476993120, 38890476997632, 4512
38890494260100, 38890494263896, 3796
38890511461640, 38890511465152, 3512
38890528632768, 38890528636212, 3444
38890546370504, 38890546373572, 3068
38890563557948, 38890563561272, 3324
38890580758824, 38890580762260, 3436
38890597991168, 38890597994588, 3420
38890615209976, 38890615213792, 3816
38890632412952, 38890632416276, 3324
38890649647228, 38890649650764, 3536
38890666869392, 38890666872660, 3268
38890684076244, 38890684079664, 3420
38890701281584, 38890701285280, 3696
38890718635968, 38890718639672, 3704
38890735849244, 38890735852688, 3444
38890753072528, 38890753076012, 3484
38866382651580, 38866382659332, 7752
38870413566844, 38870413571544, 4700
38870439483904, 38870439488068, 4164
38870489359752, 38870489364996, 5244
38870567202630, 38870567207936, 5306
38870738768832, 38870738771888, 3056
38870880374464, 38870880376812, 2348
38870922279052, 38870922286024, 6972
38871047975076, 38871047981984, 6908
38871460993936, 38871460997324, 3388
38871479606156, 38871479611012, 4856
38871498220916, 38871498225512, 4596
38871516825292, 38871516828692, 3400
38871535430456, 38871535434036, 3580
38871554024252, 38871554028056, 3804
38871572623524, 38871572626808, 3284
38871591802988, 38871591808044, 5056
38871610420668, 38871610425028, 4360
38871629053132, 38871629057288, 4156
38871647666500, 38871647670080, 3580
38871666275372, 38871666279160, 3788
38871686466324, 38871686471020, 4696
38871784222372, 38871784224128, 1756
38871802842572, 38871802848540, 5968
38871836096304, 38871836102288, 5984
38871919910128, 38871919912692, 2564
38871945346708, 38871945351404, 4696
38871970786272, 38871970790768, 4496
38871996227428, 38871996231652, 4224
38872021668504, 38872021673444, 4940
38872047115168, 38872047118848, 3680
38872077532908, 38872077537376, 4468
38872103547136, 38872103559496, 12360
38872113431644, 38872113437052, 5408
38872149357504, 38872149364596, 7092
38872408735596, 38872408738736, 3140
38872427358184, 38872427363212, 5028
38872445967904, 38872445971808, 3904
38872464565244, 38872464569016, 3772
38872483192032, 38872483195824, 3792
38872501788660, 38872501792108, 3448
38872520376540, 38872520380732, 4192
38872538985832, 38872538989136, 3304
38872557576344, 38872557583268, 6924
38872584314588, 38872584323044, 8456
38872628216012, 38872628223672, 7660
38872706039208, 38872706041800, 2592
38872815707864, 38872815710600, 2736
38872957375704, 38872957377812, 2108
38873099034060, 38873099036584, 2524
38873240696180, 38873240699216, 3036
38873257924952, 38873257929784, 4832
38873275146772, 38873275150812, 4040
38873292358032, 38873292362648, 4616
38873408315024, 38873408320504, 5480
38873414562492, 38873414567152, 4660
38873420737016, 38873420741400, 4384
38873526019304, 38873526021056, 1752
38873532221164, 38873532226232, 5068
38873637750204, 38873637752556, 2352
38873765447596, 38873765450368, 2772
38873771653104, 38873771657972, 4868
38873777840292, 38873777844280, 3988
38873813338232, 38873813343580, 5348
38873883191084, 38873883195784, 4700
38873954762300, 38873954770584, 8284
38873983119640, 38873983124984, 5344
38874076737236, 38874076794448, 57212
38874120605332, 38874120612160, 6828
38874164503932, 38874164511424, 7492
38874252293340, 38874252295176, 1836
38874258483824, 38874258488856, 5032
38874296181272, 38874296187488, 6216
38874352059060, 38874352061136, 2076
38874403931540, 38874403933048, 1508
38874427869576, 38874427873772, 4196
38874557564900, 38874557566484, 1584
38874563770640, 38874563775968, 5328
38874569967600, 38874569972244, 4644
38874603449616, 38874603456768, 7152
38874647350480, 38874647357252, 6772
38874691246676, 38874691253504, 6828
38874735145692, 38874735153220, 7528
38874778983260, 38874778988104, 4844
38874822878476, 38874822882876, 4400
38874874757896, 38874874760468, 2572
38874930618232, 38874930621220, 2988
38875046340348, 38875046342548, 2200
38875217928652, 38875217930932, 2280
38875289467480, 38875289472604, 5124
38875461350424, 38875461353164, 2740
38875489759600, 38875489768704, 9104
38875599025108, 38875599028368, 3260
38875617658272, 38875617663064, 4792
38875636276572, 38875636280268, 3696
38875676848440, 38875676853072, 4632
38875726723440, 38875726730256, 6816
38875745340012, 38875745352748, 12736
38875776609536, 38875776613996, 4460
38875826480832, 38875826486428, 5596
38875854429888, 38875854431472, 1584
38875956175036, 38875956177176, 2140
38875974805140, 38875974809840, 4700
38875993412568, 38875993415892, 3324
38876020024644, 38876020031488, 6844
38876026009716, 38876026016364, 6648
38876111809980, 38876111812756, 2776
38876185630364, 38876185637772, 7408
38876189627012, 38876189631192, 4180
38876303343528, 38876303350172, 6644
38876399124820, 38876399127556, 2736
38876417070836, 38876417077328, 6492
38876480933652, 38876480938000, 4348
38876530808240, 38876530814880, 6640
38877161242392, 38877161245860, 3468
38877167442916, 38877167447364, 4448
38877173628104, 38877173631936, 3832
38877179813896, 38877179817780, 3884
38877186000588, 38877186003576, 2988
38877192183924, 38877192187260, 3336
38877198372508, 38877198376184, 3676
38877204562080, 38877204565000, 2920
38877210743028, 38877210745908, 2880
38877216929212, 38877216932452, 3240
38877223130944, 38877223134848, 3904
38877229319952, 38877229323668, 3716
38877235508152, 38877235511272, 3120
38877241692204, 38877241695868, 3664
38877247883156, 38877247886648, 3492
38877254066824, 38877254069604, 2780
38878394313640, 38878394317036, 3396
38878411537824, 38878411542728, 4904
38878428764796, 38878428768772, 3976
38878445975768, 38878445979688, 3920
38878463198244, 38878463201948, 3704
38878480411040, 38878480415332, 4292
38878497605792, 38878497609560, 3768
38878514828796, 38878514832324, 3528
38878532053204, 38878532056760, 3556
38878549259220, 38878549262592, 3372
38878566479448, 38878566483248, 3800
38878584259836, 38878584264052, 4216
38878601480252, 38878601484008, 3756
38878618708052, 38878618714712, 6660
38878635933548, 38878635936988, 3440
38878653137564, 38878653140904, 3340
38878670353264, 38878670356824, 3560
38878687543964, 38878687548292, 4328
38878704764388, 38878704768960, 4572
38878721984804, 38878721988936, 4132
38878739207556, 38878739211892, 4336
38878756527284, 38878756530632, 3348
38878773752432, 38878773756492, 4060
38878790964828, 38878790968340, 3512
38878808177388, 38878808181036, 3648
38878825963748, 38878825967996, 4248
38878843186472, 38878843190196, 3724
38878860396888, 38878860400748, 3860
38878877623880, 38878877627464, 3584
38878894831864, 38878894834888, 3024
38878912047480, 38878912050820, 3340
38878929266944, 38878929270080, 3136
38878946454160, 38878946457420, 3260
38878963652688, 38878963656096, 3408
38878980851008, 38878980854976, 3968
38878998044808, 38878998048392, 3584
38879015274988, 38879015278920, 3932
38879032487216, 38879032491476, 4260
38879049717984, 38879049721800, 3816
38879067494728, 38879067498044, 3316
38879084717276, 38879084721608, 4332
38879101919912, 38879101923324, 3412
38879886698212, 38879886701936, 3724
38879892889228, 38879892894612, 5384
38879899069356, 38879899073036, 3680
38879905242768, 38879905245916, 3148
38879911417120, 38879911420032, 2912
38879917596988, 38879917599832, 2844
38879923781356, 38879923784136, 2780
38879929962664, 38879929965632, 2968
38879936154856, 38879936158700, 3844
38879942339584, 38879942342324, 2740
38879954732008, 38879954735332, 3324
38879960920892, 38879960924656, 3764
38879967106764, 38879967109652, 2888
38879973292552, 38879973295612, 3060
38879979475904, 38879979479208, 3304
38879985661348, 38879985664688, 3340
38879991845216, 38879991847860, 2644
38879998031916, 38879998035472, 3556
38880004215344, 38880004218628, 3284
38880010415508, 38880010419576, 4068
38880046323120, 38880046330912, 7792
38880090223220, 38880090231644, 8424
38880134115616, 38880134123272, 7656
38880215919076, 38880215921784, 2708
38880337627972, 38880337635136, 7164
38880343830508, 38880343836260, 5752
38880350018784, 38880350026084, 7300
38880350898436, 38880350905960, 7524
38880353586164, 38880353591764, 5600
38880397486316, 38880397508076, 21760
38880441381812, 38880441386272, 4460
38880447588948, 38880447600072, 11124
38880485280476, 38880485288480, 8004
38880529172560, 38880529179812, 7252
38880573068024, 38880573075176, 7152
38880616964240, 38880616971616, 7376
38880702767416, 38880702769964, 2548
38880830393940, 38880830396780, 2840
38880852466044, 38880852470488, 4444
38880974053024, 38880974055824, 2800
38881101749240, 38881101752220, 2980
38881211484852, 38881211487332, 2480
38881307267212, 38881307271640, 4428
38881480850168, 38881480852140, 1972
38881650444048, 38881650446864, 2816
38881678852308, 38881678861236, 8928
38881714298192, 38881714302500, 4308
38881742680616, 38881742691896, 11280
38881816058440, 38881816062804, 4364
38881845979496, 38881845986712, 7216
38881881894696, 38881881901724, 7028
38881977675924, 38881977681268, 5344
38882025558716, 38882025562940, 4224
38882354779368, 38882354782164, 2796
38882383158432, 38882383163316, 4884
38882411548896, 38882411552372, 3476
38882504418964, 38882504427248, 8284
38882564274796, 38882564277916, 3120
38882592202452, 38882592206036, 3584
38882670022016, 38882670024556, 2540
38882713914380, 38882713922400, 8020
38882767728572, 38882767736160, 7588
38882897445496, 38882897448804, 3308
38882903696260, 38882903701512, 5252
38882909886996, 38882909890548, 3552
38882916073608, 38882916080364, 6756
38882943302656, 38882943304020, 1364
38882949499028, 38882949504476, 5448
38883090962260, 38883090965128, 2868
38883119366816, 38883119376016, 9200
38883125570464, 38883125574476, 4012
38883162792780, 38883162799444, 6664
38883168998360, 38883169009980, 11620
38883230653650, 38883230656384, 2734
38883236887352, 38883236895000, 7648
38883250571684, 38883250573120, 1436
38883256764280, 38883256769412, 5132
38883315242432, 38883315249452, 7020
38883357150804, 38883357157296, 6492
38883428710884, 38883428716276, 5392
38883470635976, 38883470641660, 5684
38883557857668, 38883557865716, 8048
38883601747188, 38883601751724, 4536
38883607947160, 38883607957104, 9944
38883645628812, 38883645635096, 6284
38883651836220, 38883651846496, 10276
38883689549776, 38883689557548, 7772
38883733428200, 38883733434928, 6728
38883750639384, 38883750649276, 9892
38883777317540, 38883777323104, 5564
38884365929628, 38884365931860, 2232
38884383156572, 38884383162020, 5448
38884400391436, 38884400395396, 3960
38884417602856, 38884417607188, 4332
38884434834304, 38884434838184, 3880
38884452038292, 38884452041652, 3360
38884469223584, 38884469226840, 3256
38884486432360, 38884486435764, 3404
38884503639784, 38884503643660, 3876
38884520851096, 38884520854416, 3320
38884538068988, 38884538072536, 3548
38884555850404, 38884555854980, 4576
38884573059540, 38884573063472, 3932
38884590290528, 38884590294608, 4080
38884607532044, 38884607535856, 3812
38884624753932, 38884624757620, 3688
38884641980272, 38884641983688, 3416
38884659177088, 38884659181256, 4168
38884676401456, 38884676405136, 3680
38884693628264, 38884693631836, 3572
38884710850528, 38884710854780, 4252
38885142012172, 38885142014684, 2512
38885159232544, 38885159237212, 4668
38885176454084, 38885176457756, 3672
38885193657608, 38885193661352, 3744
38885210894020, 38885210897500, 3480
38885228126180, 38885228129816, 3636
38885245338880, 38885245342412, 3532
38885262569800, 38885262573176, 3376
38885279799128, 38885279802736, 3608
38885297014120, 38885297018048, 3928
38885314795408, 38885314798740, 3332
38885332014340, 38885332017708, 3368
38885349227876, 38885349231080, 3204
38885366460952, 38885366464436, 3484
38885383694808, 38885383698468, 3660
38885687775840, 38885687779796, 3956
38885716165928, 38885716170956, 5028
38885744533260, 38885744536816, 3556
38885942125216, 38885942127184, 1968
38885970486876, 38885970491828, 4952
38886097739144, 38886097742228, 3084
38886239398940, 38886239401944, 3004
38886335177468, 38886335184544, 7076
38886510760188, 38886510762724, 2536
38886553240268, 38886553248700, 8432
38886586585124, 38886586589932, 4808
38886662405764, 38886662408344, 2580
38886679626136, 38886679631280, 5144
38886718269848, 38886718273904, 4056
38886796037676, 38886796040168, 2492
38886815205124, 38886815209456, 4332
38886931696284, 38886931698116, 1832
38886950321384, 38886950325984, 4600
38886968939412, 38886968943496, 4084
38886999536196, 38886999543248, 7052
38887049439996, 38887049497024, 57028
38887099298776, 38887099305688, 6912
38887117928324, 38887117940792, 12468
38887187105512, 38887187107952, 2440
38887212567100, 38887212571932, 4832
38887238023988, 38887238027884, 3896
38887263469740, 38887263473940, 4200
38887288924756, 38887288929420, 4664
38887314953584, 38887314957240, 3656
38887340725880, 38887340730092, 4212
38887438524604, 38887438568392, 43788
38887508334796, 38887508340552, 5756
38887566187188, 38887566189924, 2736
38887675922012, 38887675925052, 3040
38887771695968, 38887771702968, 7000
38887803622468, 38887803624920, 2452
38887825722064, 38887825729520, 7456
38887828223524, 38887828229928, 6404
38887903391920, 38887903396424, 4504
38887943295188, 38887943299760, 4572
38887955265680, 38887955269932, 4252
38888017115052, 38888017122100, 7048
38888096933580, 38888096938860, 5280
38888130846120, 38888130853912, 7792
38888370270848, 38888370272832, 1984
38888395730152, 38888395735180, 5028
38888421187928, 38888421191796, 3868
38888446646648, 38888446650044, 3396
38888472098484, 38888472102552, 4068
38888497554176, 38888497558052, 3876
38888523008632, 38888523012520, 3888
38888549011256, 38888549014864, 3608
38888574458656, 38888574462132, 3476
38888599908688, 38888599912288, 3600
38888625332920, 38888625336520, 3600
38888650775872, 38888650779572, 3700
38888676241728, 38888676244964, 3236
38888701696708, 38888701701320, 4612
38888727250760, 38888727254800, 4040
38888752702884, 38888752706168, 3284
38888778158664, 38888778162332, 3668
38888804162756, 38888804166244, 3488
38888829614360, 38888829618088, 3728
38888855083864, 38888855087432, 3568
38888884980772, 38888884986224, 5452
38888920904848, 38888920911540, 6692
38888978769384, 38888978771260, 1876
38889004204380, 38889004209536, 5156
38889029666292, 38889029669880, 3588
38889064561464, 38889064568548, 7084
38889100477348, 38889100484732, 7384
38889136390748, 38889136397980, 7232
38889172305172, 38889172312480, 7308
38889208219716, 38889208227160, 7444
38889298010136, 38889298013568, 3432
38889316621604, 38889316626616, 5012
38889343897060, 38889343904504, 7444
38889433687248, 38889433688920, 1672
38889452280272, 38889452284972, 4700
38889569362360, 38889569365128, 2768
38889575567056, 38889575572428, 5372
38889681090024, 38889681092480, 2456
38889687292056, 38889687297556, 5500
38889693481400, 38889693488288, 6888
38889703035160, 38889703036680, 1520
38889709229552, 38889709234560, 5008
38889808808924, 38889808815250, 6326
38889830935760, 38889830942740, 6980
38889841681528, 38889841687572, 6044
38889847883076, 38889847889492, 6416
38889878632712, 38889878637528, 4816
38889922541664, 38889922598780, 57116
38889938486748, 38889938491028, 4280
38889950460556, 38889950464656, 4100
38890415339936, 38890415343148, 3212
38890421569960, 38890421575244, 5284
38890427762576, 38890427766984, 4408
38890433958512, 38890433962636, 4124
38890440171724, 38890440176076, 4352
38890446359336, 38890446363376, 4040
38890452570256, 38890452574012, 3756
38890458778852, 38890458782696, 3844
38890464960140, 38890464963692, 3552
38866402016784, 38866402024840, 8056
38868394608288, 38868394611760, 3472
38868394650652, 38868394654396, 3744
38868394682936, 38868394685484, 2548
38868394712740, 38868394715212, 2472
38868394743316, 38868394745780, 2464
38868394772752, 38868394775436, 2684
38868394802248, 38868394804904, 2656
38868394833140, 38868394835532, 2392
38868394862300, 38868394864604, 2304
38868394890772, 38868394893024, 2252
38870389673576, 38870389679296, 5720
38870389693152, 38870389705980, 12828
38870425530310, 38870425539904, 9594
38870461458364, 38870461512292, 53928
38870497359244, 38870497365932, 6688
38870589129580, 38870589131624, 2044
38870614585840, 38870614591000, 5160
38870640052260, 38870640055680, 3420
38870665479132, 38870665482960, 3828
38870690916040, 38870690920152, 4112
38870716313232, 38870716317048, 3816
38870741758236, 38870741766056, 7820
38870748746576, 38870748750940, 4364
38871063948360, 38871063951096, 2736
38871089967136, 38871089972224, 5088
38871115397672, 38871115401508, 3836
38871140844420, 38871140848400, 3980
38871166293112, 38871166296812, 3700
38871191745736, 38871191750660, 4924
38871217190148, 38871217194524, 4376
38871242649520, 38871242654200, 4680
38871268108892, 38871268113148, 4256
38871293571752, 38871293576272, 4520
38871319029720, 38871319033936, 4216
38871345044168, 38871345048620, 4452
38871370504620, 38871370508512, 3892
38871395946732, 38871395950732, 4000
38871421405604, 38871421408800, 3196
38871446828612, 38871446832636, 4024
38871472265404, 38871472268956, 3552
38871497723008, 38871497727036, 4028
38871523165640, 38871523169156, 3516
38871548589420, 38871548593108, 3688
38871574032340, 38871574036180, 3840
38871600054592, 38871600059320, 4728
38871625523088, 38871625527512, 4424
38871650982516, 38871650986216, 3700
38871676424232, 38871676428344, 4112
38871701867516, 38871701871084, 3568
38871727283796, 38871727288188, 4392
38871752703484, 38871752710872, 7388
38871754287700, 38871754289244, 1544
38871779731608, 38871779737504, 5896
38871790201616, 38871790203012, 1396
38871815658144, 38871815665348, 7204
38871826148484, 38871826205884, 57400
38871852210964, 38871852223096, 12132
38871894096868, 38871894107432, 10564
38871912705900, 38871912715392, 9492
38871935869760, 38871935874204, 4444
38871969788412, 38871969796204, 7792
38871987017760, 38871987028324, 10564
38872013669948, 38872013675464, 5516
38872030914596, 38872030925444, 10848
38872057574936, 38872057582184, 7248
38872171306384, 38872171308980, 2596
38872310969732, 38872310971632, 1900
38872400762416, 38872400764492, 2076
38872606273292, 38872606275612, 2320
38872648190240, 38872648195540, 5300
38872789771896, 38872789775112, 3216
38872792274272, 38872792283788, 9516
38872814368772, 38872814377076, 8304
38872873580100, 38872873584704, 4604
38872891552584, 38872891557912, 5328
38872935431216, 38872935435520, 4304
38872941633044, 38872941643452, 10408
38872979324872, 38872979332692, 7820
38873023227144, 38873023228768, 1624
38873040430276, 38873040436180, 5904
38873067118352, 38873067122780, 4428
38873140945008, 38873140947672, 2664
38873246681116, 38873246683960, 2844
38873288575460, 38873288580708, 5248
38873430262964, 38873430268036, 5072
38873447515284, 38873447520008, 4724
38873464708856, 38873464713104, 4248
38873481897076, 38873481903104, 6028
38873601835692, 38873601837904, 2212
38873619060396, 38873619065688, 5292
38873636290680, 38873636294644, 3964
38873653505188, 38873653509452, 4264
38873769436912, 38873769439592, 2680
38873897132212, 38873897134556, 2344
38874024831024, 38874024833848, 2824
38874031038900, 38874031044232, 5332
38874037225412, 38874037229244, 3832
38874043416416, 38874043423152, 6736
38874144546516, 38874144548820, 2304
38874150742428, 38874150747652, 5224
38874256275844, 38874256278460, 2616
38874273488184, 38874273492292, 4108
38874290708952, 38874290712336, 3384
38874307918252, 38874307921432, 3180
38874395955520, 38874395958444, 2924
38874471778312, 38874471786184, 7872
38874563552040, 38874563554544, 2504
38874581336980, 38874581341860, 4880
38874697229376, 38874697232344, 2968
38874703432440, 38874703437676, 5236
38874709620640, 38874709624720, 4080
38874814890388, 38874814893596, 3208
38874832680264, 38874832684736, 4472
38874849908440, 38874849911836, 3396
38874867113540, 38874867117560, 4020
38874910669628, 38874910677296, 7668
38874954568708, 38874954573996, 5288
38874998455484, 38874998462536, 7052
38875076274912, 38875076277872, 2960
38875098913604, 38875098922456, 8852
38875101416952, 38875101424412, 7460
38875166056520, 38875166063960, 7440
38875191994776, 38875192002020, 7244
38875205961500, 38875205968496, 6996
38875315707128, 38875315710928, 3800
38875457366128, 38875457368464, 2336
38875599025308, 38875599027712, 2404
38875740687768, 38875740689964, 2196
38875882352236, 38875882354696, 2460
38875924242692, 38875924248264, 5572
38876051951744, 38876051957232, 5488
38876095839932, 38876095844528, 4596
38876139735872, 38876139740140, 4268
38876183632416, 38876183636560, 4144
38876227528836, 38876227532820, 3984
38876271422844, 38876271426828, 3984
38876315319480, 38876315323556, 4076
38876365196704, 38876365199088, 2384
38876391136752, 38876391139812, 3060
38876425056392, 38876425063096, 6704
38876474942576, 38876474949596, 7020
38876516842592, 38876516849532, 6940
38876524823032, 38876524830088, 7056
38876574699192, 38876574707044, 7852
38876666494024, 38876666497008, 2984
38876788132144, 38876788135964, 3820
38876915828016, 38876915830224, 2208
38877043524968, 38877043528032, 3064
38877062155200, 38877062160544, 5344
38877081329068, 38877081333092, 4024
38877123339700, 38877123350164, 10464
38877173221052, 38877173248320, 27268
38877223101856, 38877223119440, 17584
38877272985060, 38877273003448, 18388
38877322858692, 38877322880456, 21764
38877398686644, 38877398689380, 2736
38877500437292, 38877500440564, 3272
38877572541600, 38877572546072, 4472
38877741862356, 38877741865268, 2912
38877843620748, 38877843623144, 2396
38877971317164, 38877971319172, 2008
38878099014688, 38878099017472, 2784
38878240677096, 38878240680020, 2924
38878259295992, 38878259300396, 4404
38878277906812, 38878277910200, 3388
38878320485576, 38878320502980, 17404
38878370371344, 38878370388940, 17596
38878420253880, 38878420267780, 13900
38878496075020, 38878496077644, 2624
38878605810296, 38878605813024, 2728
38878745425960, 38878745428512, 2552
38878849171340, 38878849174076, 2736
38878992825624, 38878992827600, 1976
38879034744548, 38879034753964, 9416
38879037245480, 38879037252340, 6860
38879080634948, 38879080643516, 8568
38879124519012, 38879124527188, 8176
38879246226180, 38879246228868, 2688
38879318323736, 38879318329268, 5532
38879439769440, 38879439777648, 8208
38879487706060, 38879487707780, 1720
38879513109688, 38879513115152, 5464
38879538558652, 38879538566444, 7792
38879547509260, 38879547516720, 7460
38879583426364, 38879583433792, 7428
38879608872772, 38879608884532, 11760
38879619332208, 38879619337688, 5480
38879644808392, 38879644818504, 10112
38879655252232, 38879655259648, 7416
38879691168392, 38879691175568, 7176
38880381522276, 38880381525592, 3316
38880453086244, 38880453091880, 5636
38880524647624, 38880524651700, 4076
38880596760788, 38880596764692, 3904
38880668261496, 38880668265568, 4072
38880739837712, 38880739841336, 3624
38880811322300, 38880811326640, 4340
38880883410140, 38880883413736, 3596
38880954859808, 38880954863108, 3300
38881026307992, 38881026312036, 4044
38881780142844, 38881780146456, 3612
38881797378892, 38881797383960, 5068
38881815173732, 38881815177672, 3940
38881832412344, 38881832416432, 4088
38881849627480, 38881849631364, 3884
38881866870148, 38881866874084, 3936
38881884110824, 38881884114564, 3740
38881901334592, 38881901338360, 3768
38881918565264, 38881918568272, 3008
38881935797328, 38881935801312, 3984
38881953011136, 38881953014844, 3708
38881970236948, 38881970240792, 3844
38881987453472, 38881987457680, 4208
38882004693012, 38882004697304, 4292
38882021934824, 38882021938080, 3256
38882039149776, 38882039153372, 3596
38882056384900, 38882056388592, 3692
38882074177856, 38882074181820, 3964
38882091418924, 38882091422584, 3660
38882108623220, 38882108626692, 3472
38882125853512, 38882125857140, 3628
38882143078000, 38882143081548, 3548
38882160309948, 38882160313464, 3516
38882177517876, 38882177521332, 3456
38882194702644, 38882194706352, 3708
38882211903300, 38882211907032, 3732
38882328830848, 38882328832800, 1952
38882346060980, 38882346066400, 5420
38882363297824, 38882363301812, 3988
38882380516284, 38882380520156, 3872
38882496426864, 38882496429860, 2996
38882502622536, 38882502627288, 4752
38882508804132, 38882508807832, 3700
38882548303768, 38882548311756, 7988
38882592206628, 38882592218252, 11624
38882636105288, 38882636112992, 7704
38882713919476, 38882713921584, 2108
38882739451068, 38882739455708, 4640
38882764915616, 38882764919268, 3652
38882790383612, 38882790387764, 4152
38882816398408, 38882816402716, 4308
38882851528060, 38882851534756, 6696
38882901410772, 38882901412940, 2168
38882926846124, 38882926851592, 5468
38882959271024, 38882959278284, 7260
38882984751964, 38882984764600, 12636
38882987273948, 38882987284396, 10448
38882995188220, 38882995194892, 6672
38883051054908, 38883051056860, 1952
38883092955584, 38883092958980, 3396
38883118422452, 38883118428356, 5904
38883143892420, 38883143895952, 3532
38883268533528, 38883268535100, 1572
38883294002744, 38883294007576, 4832
38883320020964, 38883320025904, 4940
38883345476468, 38883345481220, 4752
38883370940500, 38883370944960, 4460
38883396417124, 38883396421588, 4464
38883421861668, 38883421865544, 3876
38883447320020, 38883447323996, 3976
38883472792748, 38883472797116, 4368
38883498261112, 38883498265172, 4060
38883523713724, 38883523721624, 7900
38883533904000, 38883533911404, 7404
38883569818608, 38883569825688, 7080
38883625687208, 38883625688960, 1752
38883651157484, 38883651162908, 5424
38883677563076, 38883677570128, 7052
38883713475816, 38883713482908, 7092
38883775332664, 38883775334392, 1728
38883800787016, 38883800792064, 5048
38883826803484, 38883826808436, 4952
38883857134644, 38883857141872, 7228
38883950912976, 38883950915740, 2764
38884036709160, 38884036717044, 7884
38884072621280, 38884072628504, 7224
38884098078708, 38884098090996, 12288
38884108527536, 38884108533228, 5692
38884371907288, 38884371909364, 2076
38884397356780, 38884397362412, 5632
38884422821372, 38884422825472, 4100
38884448256224, 38884448259892, 3668
38884473673844, 38884473677924, 4080
38884499084692, 38884499088540, 3848
38884524535204, 38884524539056, 3852
38884549978688, 38884549982280, 3592
38884575991692, 38884575995856, 4164
38884601467248, 38884601470536, 3288
38884626917144, 38884626920496, 3352
38884652366616, 38884652370124, 3508
38884677819892, 38884677823988, 4096
38884703286368, 38884703290380, 4012
38884728846580, 38884728850168, 3588
38884754290756, 38884754293920, 3164
38884779704092, 38884779707408, 3316
38884805665964, 38884805669992, 4028
38884831100144, 38884831103484, 3340
38884856531872, 38884856535612, 3740
38884881990584, 38884881994640, 4056
38884907454076, 38884907457872, 3796
38884934513268, 38884934520476, 7208
38884970424972, 38884970431752, 6780
38885146003720, 38885146006472, 2752
38885171438296, 38885171443028, 4732
38885196879400, 38885196882776, 3376
38885222331756, 38885222335680, 3924
38885247774792, 38885247778236, 3444
38885273215896, 38885273219648, 3752
38885298666016, 38885298669364, 3348
38885324665336, 38885324668468, 3132
38885350125536, 38885350129260, 3724
38885375585600, 38885375589272, 3672
38885401024164, 38885401027696, 3532
38885426486768, 38885426490300, 3532
38885451910676, 38885451913928, 3252
38885477344096, 38885477347816, 3720
38885509144340, 38885509150928, 6588
38885545057080, 38885545063820, 6740
38885580971864, 38885580978020, 6156
38885958079264, 38885958081684, 2420
38885983513820, 38885983519008, 5188
38886008952624, 38886008955984, 3360
38886034357780, 38886034360788, 3008
38886060330348, 38886060334636, 4288
38886085778800, 38886085782776, 3976
38886111215200, 38886111218644, 3444
38886136674048, 38886136677168, 3120
38886162116812, 38886162120044, 3232
38886187556848, 38886187560412, 3564
38886212991032, 38886212995220, 4188
38886238442968, 38886238446288, 3320
38886263894804, 38886263898684, 3880
38886289343636, 38886289347272, 3636
38886315340468, 38886315343856, 3388
38886340771356, 38886340775232, 3876
38886366224172, 38886366227320, 3148
38886391656476, 38886391660104, 3628
38886417101584, 38886417105208, 3624
38886442525284, 38886442529196, 3912
38886467976248, 38886467979556, 3308
38886493407064, 38886493410968, 3904
38886518862012, 38886518865584, 3572
38886544307836, 38886544311732, 3896
38886570301960, 38886570305820, 3860
38886595732800, 38886595736576, 3776
38886621187024, 38886621191024, 4000
38886646622892, 38886646626536, 3644
38886672032720, 38886672036392, 3672
38886697475052, 38886697478388, 3336
38886722912236, 38886722916604, 4368
38886748486048, 38886748489368, 3320
38886773923440, 38886773927436, 3996
38886802007244, 38886802014560, 7316
38886837940936, 38886837951804, 10868
38886873835324, 38886873842196, 6872
38886909748892, 38886909755760, 6868
38886945663484, 38886945670932, 7448
38888037072828, 38888037076220, 3392
38888079523760, 38888079528532, 4772
38888121402184, 38888121406080, 3896
38888163273232, 38888163276428, 3196
38888205123640, 38888205127824, 4184
38888247026428, 38888247030952, 4524
38888288941416, 38888288944568, 3152
38888331394100, 38888331397848, 3748
38888373296260, 38888373300572, 4312
38888415212220, 38888415216952, 4732
38888457114308, 38888457118404, 4096
38888499017824, 38888499021672, 3848
38888837110340, 38888837114100, 3760
38888859203308, 38888859208460, 5152
38888881266764, 38888881270804, 4040
38888926889452, 38888926896704, 7252
38889002712188, 38889002714872, 2684
38889040618016, 38889040625044, 7028
38889130408720, 38889130411368, 2648
38889154349616, 38889154351780, 2164
38889230167376, 38889230174544, 7168
38889276063356, 38889276065108, 1752
38889359860156, 38889359863360, 3204
38889401767556, 38889401775112, 7556
38889423834588, 38889423840376, 5788
38889483571528, 38889483579416, 7888
38889533449984, 38889533452508, 2524
38889552626088, 38889552632408, 6320
38889571240844, 38889571247412, 6568
38889593303844, 38889593311040, 7196
38889681096996, 38889681099680, 2684
38889808807984, 38889808814050, 6066
38889815061948, 38889815067880, 5932
38889821250416, 38889821257260, 6844
38889926516864, 38889926521248, 4384
38890357482132, 38890357485416, 3284
38890379563516, 38890379568964, 5448
38890401662812, 38890401666680, 3868
38890423760808, 38890423764776, 3968
