39338841011344, 39338841020028, 8684
39343020651344, 39343020656564, 5220
39343020700944, 39343020708436, 7492
39343122384556, 39343122387356, 2800
39343127703552, 39343127709696, 6144
39343133031412, 39343133035300, 3888
39343138357868, 39343138365096, 7228
39343279096232, 39343279103080, 6848
39343305017548, 39343305027372, 9824
39343307342268, 39343307351452, 9184
39343312685608, 39343312693904, 8296
39343343370300, 39343343379104, 8804
39343357864780, 39343357873048, 8268
39343373785444, 39343373786840, 1396
39343376102044, 39343376108720, 6676
39343393621240, 39343393629456, 8216
39343398968272, 39343398973172, 4900
39343404296796, 39343404301288, 4492
39343409606640, 39343409613376, 6736
39343428943412, 39343428951084, 7672
39343521174272, 39343521182052, 7780
39343523516124, 39343523522772, 6648
39343627193504, 39343627195428, 1924
39343719472696, 39343719478504, 5808
39343811077164, 39343811082064, 4900
39343902670200, 39343902676676, 6476
39343947973452, 39343947981672, 8220
39344023297940, 39344023306856, 8916
39344025622532, 39344025628800, 6268
39344044949680, 39344044956988, 7308
39344090281352, 39344090289280, 7928
39344123688712, 39344123695736, 7024
39344191610608, 39344191618596, 7988
39344236068548, 39344236077528, 8980
39344238395736, 39344238402752, 7016
39344260196560, 39344260204060, 7500
39344290867960, 39344290874044, 6084
39344320955844, 39344320962124, 6280
39344461661000, 39344461666904, 5904
39344524049048, 39344524057816, 8768
39344526373324, 39344526380248, 6924
39344556466636, 39344556474208, 7572
39344579497676, 39344579505688, 8012
39344594820852, 39344594822168, 1316
39344597138768, 39344597144368, 5600
39344612517432, 39344612525680, 8248
39344645943980, 39344645952600, 8620
39344671848540, 39344671854000, 5460
39344674166404, 39344674172212, 5808
39344748815840, 39344748823568, 7728
39344774715940, 39344774722816, 6876
39344805393764, 39344805401120, 7356
39344824723384, 39344824731152, 7768
39344965447648, 39344965453568, 5920
39344991346748, 39344991354452, 7704
39345013152444, 39345013160796, 8352
39345069920692, 39345069926804, 6112
39345161571300, 39345161578576, 7276
39345236868664, 39345236875548, 6884
39345239189380, 39345239195100, 5720
39345272614280, 39345272622436, 8156
39345303316372, 39345303324420, 8048
39345371260768, 39345371268720, 7952
39345433661332, 39345433669556, 8224
39345525875756, 39345525882976, 7220
39345555976488, 39345555982040, 5552
39345647623064, 39345647630648, 7584
39345670760516, 39345670768360, 7844
39345733725064, 39345733732896, 7832
39345790510776, 39345790517904, 7128
39345882161360, 39345882166984, 5624
39345938916060, 39345938923864, 7804
39346014281040, 39346014287320, 6280
39346044948696, 39346044955424, 6728
39346050287504, 39346050292300, 4796
39346055616800, 39346055620976, 4176
39346060924008, 39346060932088, 8080
39346094343768, 39346094350816, 7048
39346099683932, 39346099688008, 4076
39346104996368, 39346105003544, 7176
39346128038676, 39346128045520, 6844
39346203383988, 39346203391992, 8004
39346277471732, 39346277478508, 6776
39346299274336, 39346299282172, 7836
39347240475536, 39347240478548, 3012
39347273877740, 39347273883476, 5736
39347307303100, 39347307307992, 4892
39347340713920, 39347340718736, 4816
39347374103776, 39347374108792, 5016
39347407513456, 39347407518176, 4720
39347440926264, 39347440930892, 4628
39347474893192, 39347474897984, 4792
39347508307188, 39347508311776, 4588
39347541708996, 39347541713620, 4624
39347575120608, 39347575125588, 4980
39347608535280, 39347608542400, 7120
39347627864536, 39347627871132, 6596
39347633188996, 39347633193396, 4400
39347638516320, 39347638521220, 4900
39347701581912, 39347701588652, 6740
39347731687872, 39347731693936, 6064
39347737009172, 39347737015124, 5952
39347739350100, 39347739355480, 5380
39347744672580, 39347744677640, 5060
39347818762400, 39347818768868, 6468
39347841796444, 39347841802736, 6292
39347847136240, 39347847141800, 5560
39347880541744, 39347880548236, 6492
39347885883396, 39347885888512, 5116
39347911794528, 39347911799736, 5208
39347986436352, 39347986443028, 6676
39348126658032, 39348126664532, 6500
39348128982332, 39348128988060, 5728
39348221181740, 39348221187872, 6132
39348226522104, 39348226530172, 8068
39348259930528, 39348259935504, 4976
39348282968588, 39348282975240, 6652
39348313066784, 39348313073400, 6616
39348332399172, 39348332405052, 5880
39348337721488, 39348337728916, 7428
39348411836768, 39348411842704, 5936
39348437738612, 39348437744884, 6272
39348578459752, 39348578464992, 5240
39348719209840, 39348719215896, 6056
39348764524880, 39348764533648, 8768
39348766868796, 39348766876192, 7396
39348800278100, 39348800285196, 7096
39348874362156, 39348874370748, 8592
39348879706712, 39348879713772, 7060
39349020580276, 39349020586184, 5908
39349160609428, 39349160616136, 6708
39349191864272, 39349191872812, 8540
39349194188132, 39349194195400, 7268
39349262153232, 39349262161376, 8144
39349263589476, 39349263590740, 1264
39349265906352, 39349265911504, 5152
39349326896636, 39349326905124, 8488
39349335417060, 39349335418124, 1064
39349337734624, 39349337741032, 6408
39349405689196, 39349405695860, 6664
39349481006344, 39349481014056, 7712
39349576886732, 39349576901336, 14604
39349582226172, 39349582231792, 5620
39349587557964, 39349587562228, 4264
39349592889880, 39349592896672, 6792
39349626297556, 39349626305392, 7836
39349744389004, 39349744391872, 2868
39349749712764, 39349749718580, 5816
39349755045696, 39349755049384, 3688
39349760375776, 39349760380240, 4464
39349765689820, 39349765694300, 4480
39349771014380, 39349771019076, 4696
39349776342372, 39349776347576, 5204
39349781652392, 39349781658664, 6272
39349855732420, 39349855740192, 7772
39349912465328, 39349912472784, 7456
39349938901440, 39349938907780, 6340
39349969585016, 39349969593024, 8008
39349991391792, 39349991399304, 7512
39349993713600, 39349993720696, 7096
39350016751604, 39350016759476, 7872
39350176116660, 39350176122964, 6304
39350316835340, 39350316842044, 6704
39350390938068, 39350390946160, 8092
39350550844420, 39350550850704, 6284
39350580935916, 39350580943380, 7464
39350643329948, 39350643338768, 8820
39350645654204, 39350645660504, 6300
39350652758428, 39350652764336, 5908
39350675775892, 39350675782408, 6516
39350751108756, 39350751115240, 6484
39350781790648, 39350781799292, 8644
39350784132716, 39350784139960, 7244
39350810041452, 39350810047484, 6032
39350829347188, 39350829355044, 7856
39350862775004, 39350862782360, 7356
39350930721172, 39350930729024, 7852
39350954314468, 39350954321796, 7328
39351045975024, 39351045981460, 6436
39351108365560, 39351108372440, 6880
39351131400420, 39351131408092, 7672
39351133722240, 39351133729820, 7580
39351163823708, 39351163831024, 7316
39351238471428, 39351238478572, 7144
39351300896220, 39351300903608, 7388
39351322700992, 39351322707952, 6960
39351396783256, 39351396790748, 7492
39351419801292, 39351419809648, 8356
39351422125304, 39351422133380, 8076
39351514346080, 39351514352868, 6788
39351536147632, 39351536155852, 8220
39351604103968, 39351604111668, 7700
39351634786460, 39351634794364, 7904
39351637107544, 39351637114496, 6952
39351711894636, 39351711901288, 6652
39351714216424, 39351714222828, 6404
39351737239848, 39351737247148, 7300
39351794017928, 39351794026360, 8432
39351861981704, 39351861988452, 6748
39351885003480, 39351885010832, 7352
39351915705056, 39351915713132, 8076
39352007936028, 39352007942300, 6272
39352033845360, 39352033851960, 6600
39352056877004, 39352056883432, 6428
39352087564948, 39352087572436, 7488
39352089887000, 39352089893784, 6784
39352123314080, 39352123321944, 7864
39352186281508, 39352186288288, 6780
39352219702896, 39352219709920, 7024
39352239036732, 39352239044384, 7652
39352264950680, 39352264956240, 5560
39352327350308, 39352327357560, 7252
39352349160560, 39352349168880, 8320
39352379271200, 39352379278756, 7556
39352384612408, 39352384617064, 4656
39352389924960, 39352389932316, 7356
39352400003672, 39352400004972, 1300
39352405318228, 39352405323332, 5104
39352458240032, 39352458246876, 6844
39352463561548, 39352463565488, 3940
39352468891380, 39352468897540, 6160
39352491935308, 39352491943352, 8044
39352525343292, 39352525349604, 6312
39352547141208, 39352547149104, 7896
39352621905140, 39352621912936, 7796
39352641218456, 39352641223764, 5308
39352643555176, 39352643562328, 7152
39352666570704, 39352666577792, 7088
39352736601128, 39352736607420, 6292
39352747176280, 39352747177800, 1520
39352770157852, 39352770164424, 6572
39352929519596, 39352929526208, 6612
39352951876236, 39352951884408, 8172
39353019829304, 39353019837528, 8224
39353053255968, 39353053261724, 5756
39353193906988, 39353193913220, 6232
39353285564324, 39353285571908, 7584
39353290909500, 39353290917208, 7708
39353293231824, 39353293238964, 7140
39353315042212, 39353315049772, 7560
39353389140244, 39353389147904, 7660
39353413599868, 39353413607420, 7552
39353435975116, 39353435987000, 11884
39353438299892, 39353438311688, 11796
39353529963736, 39353529975348, 11612
39353670272580, 39353670282928, 10348
39353692633512, 39353692643900, 10388
39353737953596, 39353737966104, 12508
39353743298892, 39353743309604, 10712
39353758710880, 39353758716284, 5404
39353804144928, 39353804152688, 7760
39355239207272, 39355239209592, 2320
39355284529748, 39355284536140, 6392
39355329849264, 39355329854180, 4916
39355375167436, 39355375172172, 4736
39355420466812, 39355420471676, 4864
39355466334920, 39355466339720, 4800
39355511650372, 39355511654972, 4600
39355556965392, 39355556970700, 5308
39355602268316, 39355602272960, 4644
39355647677692, 39355647682532, 4840
39355693557624, 39355693562404, 4780
39355738879392, 39355738884260, 4868
39355784203080, 39355784207908, 4828
39355829502500, 39355829507016, 4516
39355874820880, 39355874825504, 4624
39355920148288, 39355920152728, 4440
39355966028384, 39355966032988, 4604
39356011346624, 39356011351476, 4852
39356056648724, 39356056653272, 4548
39356101957248, 39356101961892, 4644
39356147285256, 39356147290100, 4844
39356193163760, 39356193167960, 4200
39356238462656, 39356238467492, 4836
39356283785848, 39356283790616, 4768
39356329115868, 39356329120268, 4400
39356374435292, 39356374440000, 4708
39356419736256, 39356419740756, 4500
39356465620444, 39356465625204, 4760
39356510952324, 39356510956868, 4544
39356556264396, 39356556268892, 4496
39356601557552, 39356601562276, 4724
39356646870624, 39356646875384, 4760
39356692752724, 39356692757552, 4828
39356738076628, 39356738081604, 4976
39356783380788, 39356783385332, 4544
39356828715348, 39356828720076, 4728
39356874036828, 39356874041544, 4716
39356919354256, 39356919358892, 4636
39356965230656, 39356965237352, 6696
39356987041436, 39356987047756, 6320
39357017139900, 39357017146036, 6136
39357019461504, 39357019467696, 6192
39357042480588, 39357042486400, 5812
39357047826552, 39357047830828, 4276
39357053156856, 39357053162204, 5348
39357083830652, 39357083836480, 5828
39357086150764, 39357086155524, 4760
39357116245652, 39357116251660, 6008
39357149672700, 39357149678724, 6024
39357155017208, 39357155022640, 5432
39357314935544, 39357314941984, 6440
39357406595972, 39357406602532, 6560
39357452490028, 39357452496416, 6388
39357514890780, 39357514897300, 6520
39357655174356, 39357655179320, 4964
39357795911880, 39357795916532, 4652
39357936625976, 39357936633632, 7656
39357993393196, 39357993401720, 8524
39357998738080, 39357998745740, 7660
39358032142060, 39358032150440, 8380
39358034482808, 39358034491180, 8372
39358039806672, 39358039814396, 7724
39358085144392, 39358085152716, 8324
39358159241656, 39358159249812, 8156
39358281854236, 39358281857856, 3620
39358315262612, 39358315270128, 7516
39358317584036, 39358317591444, 7408
39358392365024, 39358392371600, 6576
39358411030472, 39358411039052, 8580
39358416374216, 39358416382832, 8616
39358557069832, 39358557074540, 4708
39358697782312, 39358697788268, 5956
39358723685980, 39358723693716, 7736
39358791621488, 39358791630088, 8600
39358813425092, 39358813431608, 6516
39358844120840, 39358844128752, 7912
39358936354204, 39358936361400, 7196
39358962260376, 39358962267184, 6808
39359025002812, 39359025010212, 7400
39359055680616, 39359055687020, 6404
39359077486012, 39359077493056, 7044
39359169715924, 39359169723480, 7556
39359195607140, 39359195614356, 7216
39359217409108, 39359217416620, 7512
39359236740620, 39359236748472, 7852
39359270169520, 39359270177836, 8316
39359296073108, 39359296080764, 7656
39359370164268, 39359370172968, 8700
39359416055508, 39359416062808, 7300
39359575415644, 39359575420996, 5352
39359735417096, 39359735423512, 6416
39359792191604, 39359792200524, 8920
39359797517876, 39359797525140, 7264
39359870325976, 39359870332760, 6784
39359896227348, 39359896234064, 6716
39359988447188, 39359988454620, 7432
39360133369460, 39360133372540, 3080
39360135693716, 39360135699532, 5816
39360138004584, 39360138010500, 5916
39360157330864, 39360157337740, 6876
39360203221152, 39360203228128, 6976
39360208543940, 39360208549164, 5224
39360213871508, 39360213875924, 4416
39360219205392, 39360219210364, 4972
39360224516684, 39360224520876, 4192
39360229841088, 39360229847352, 6264
39360304607308, 39360304615700, 8392
39360330517796, 39360330524688, 6892
39360392946460, 39360392954816, 8356
39360426928784, 39360426937380, 8596
39360432256288, 39360432264480, 8192
39360477594320, 39360477598524, 4204
39360522909872, 39360522916600, 6728
39360590852688, 39360590859628, 6940
39360621543244, 39360621550400, 7156
39360626886972, 39360626894380, 7408
39360640154260, 39360640155460, 1200
39360645470180, 39360645477424, 7244
39360660107328, 39360660108432, 1104
39360665975324, 39360665982340, 7016
39360680059424, 39360680060484, 1060
39360685374032, 39360685380920, 6888
39360687695216, 39360687702976, 7760
39360721121408, 39360721128800, 7392
39360726462492, 39360726469736, 7244
39360866630808, 39360866638640, 7832
39360888433284, 39360888440760, 7476
39360911451252, 39360911458300, 7048
39360974432660, 39360974441012, 8352
39360976756984, 39360976762580, 5596
39360995311552, 39360995313548, 1996
39361040629384, 39361040637212, 7828
39361045973348, 39361045981740, 8392
39361071882108, 39361071889980, 7872
39361139852244, 39361139860532, 8288
39361145196260, 39361145203644, 7384
39361154929344, 39361154930424, 1080
39361181388944, 39361181395024, 6080
39361186707860, 39361186712100, 4240
39361192039252, 39361192046232, 6980
39361194359988, 39361194366236, 6248
39361262323908, 39361262329304, 5396
39361264641168, 39361264649124, 7956
39361269979516, 39361269984284, 4768
39361275314588, 39361275322076, 7488
39361350014168, 39361350022292, 8124
39361373048500, 39361373055792, 7292
39361436013732, 39361436020800, 7068
39361503958956, 39361503967316, 8360
39361509301160, 39361509305880, 4720
39361514632608, 39361514637060, 4452
39361519945908, 39361519950108, 4200
39361525275040, 39361525282424, 7384
39361582042876, 39361582050496, 7620
39361601357304, 39361601365104, 7800
39361606703156, 39361606709724, 6568
39361628606060, 39361628614108, 8048
39361662589080, 39361662597120, 8040
39361732033496, 39361732040484, 6988
39361765457996, 39361765463732, 5736
39361840179404, 39361840185952, 6548
39361842498148, 39361842505460, 7312
39361865529932, 39361865537232, 7300
39361940190616, 39361940197396, 6780
39361945530168, 39361945537792, 7624
39361978952664, 39361978960404, 7740
39361984277444, 39361984285148, 7704
39362046663236, 39362046669672, 6436
39362052007508, 39362052012180, 4672
39362057336420, 39362057341056, 4636
39362062644168, 39362062649760, 5592
39362076676156, 39362076677276, 1120
39362081989612, 39362081995208, 5596
39362101407528, 39362101414080, 6552
39362106745868, 39362106753136, 7268
39362164067116, 39362164075224, 8108
39362209396556, 39362209403112, 6556
39362284115528, 39362284123104, 7576
39362314217840, 39362314225440, 7600
39362340123052, 39362340130336, 7284
39362363137844, 39362363145876, 8032
39362523039144, 39362523045592, 6448
39362553745524, 39362553753720, 8196
39363082321424, 39363082325320, 3896
39363112456500, 39363112461784, 5284
39363142515852, 39363142519280, 3428
39363173142840, 39363173147556, 4716
39338857137668, 39338857145780, 8112
39343260070052, 39343260073424, 3372
39343260092384, 39343260101176, 8792
39343305393468, 39343305398332, 4864
39343350706636, 39343350711616, 4980
39343396017088, 39343396021788, 4700
39343441312628, 39343441317456, 4828
39343487169200, 39343487174124, 4924
39343532486028, 39343532490840, 4812
39343577773772, 39343577778680, 4908
39343623049672, 39343623059408, 9736
39343643159176, 39343643164056, 4880
39343688568532, 39343688580908, 12376
39343722536352, 39343722547712, 11360
39343767835180, 39343767860028, 24848
39343934396948, 39343934399996, 3048
39343965043488, 39343965049628, 6140
39343995134104, 39343995141804, 7700
39343997458436, 39343997466684, 8248
39344071540264, 39344071548196, 7932
39344097438892, 39344097446024, 7132
39344119232312, 39344119239880, 7568
39344193978068, 39344193985800, 7732
39344196300772, 39344196307336, 6564
39344230268744, 39344230276504, 7760
39344253293368, 39344253300924, 7556
39344310021064, 39344310028044, 6980
39344343419156, 39344343424284, 5128
39344366436576, 39344366442976, 6400
39344458610444, 39344458618312, 7868
39344460933364, 39344460940440, 7076
39344517695468, 39344517703420, 7952
39344585635684, 39344585643056, 7372
39344590829992, 39344590831504, 1512
39344658760276, 39344658768176, 7900
39344721701116, 39344721708296, 7180
39344755116092, 39344755122648, 6556
39344785214420, 39344785221784, 7364
39344859974580, 39344859981844, 7264
39344890065052, 39344890073372, 8320
39344892407964, 39344892413512, 5548
39344915433056, 39344915441052, 7996
39344948840608, 39344948848668, 8060
39344953963260, 39344953964380, 1120
39344956278612, 39344956284932, 6320
39345043379604, 39345043386472, 6868
39345062708820, 39345062716324, 7504
39345130650016, 39345130658280, 8264
39345161328384, 39345161336276, 7892
39345302052880, 39345302059324, 6444
39345393695560, 39345393703664, 8104
39345396020452, 39345396028016, 7564
39345470651680, 39345470657836, 6156
39345472988892, 39345472996096, 7204
39345506399084, 39345506405328, 6244
39345580485276, 39345580491116, 5840
39345582804696, 39345582811456, 6760
39345639545624, 39345639553880, 8256
39345669752036, 39345669758568, 6532
39345738258716, 39345738265660, 6944
39345768359060, 39345768366652, 7592
39345799052860, 39345799060676, 7816
39345822081672, 39345822089360, 7688
39345841384400, 39345841391648, 7248
39345847776760, 39345847778768, 2008
39345881173976, 39345881181724, 7748
39345902976344, 39345902982468, 6124
39345905296344, 39345905303384, 7040
39345910637204, 39345910644828, 7624
39346101180628, 39346101182804, 2176
39346192834580, 39346192841420, 6840
39346285026256, 39346285031424, 5168
39346376533512, 39346376538424, 4912
39346468633212, 39346468642544, 9332
39346491648420, 39346491656752, 8332
39346548400440, 39346548408476, 8036
39346574298740, 39346574305932, 7192
39346604382248, 39346604389024, 6776
39346679103100, 39346679109636, 6536
39346771270680, 39346771277052, 6372
39346911393628, 39346911400660, 7032
39347071252972, 39347071259424, 6452
39347073574984, 39347073580168, 5184
39347148290196, 39347148296760, 6564
39347211236940, 39347211243400, 6460
39347241905956, 39347241912292, 6336
39347267804920, 39347267810368, 5448
39347297902364, 39347297907528, 5164
39347372659908, 39347372666300, 6392
39347429401040, 39347429407276, 6236
39347475266360, 39347475271784, 5424
39347497072932, 39347497078976, 6044
39347559462628, 39347559469088, 6460
39347561800372, 39347561805632, 5260
39347567120648, 39347567124500, 3852
39347623874676, 39347623880392, 5716
39347626192132, 39347626195900, 3768
39347647976196, 39347647981200, 5004
39347650294388, 39347650299844, 5456
39347683817700, 39347683823864, 6164
39347689140500, 39347689145856, 5356
39347715610048, 39347715615300, 5252
39347737407584, 39347737413552, 5968
39347782722240, 39347782728868, 6628
39347802047048, 39347802053112, 6064
39347807383368, 39347807389200, 5832
39347809706360, 39347809710228, 3868
39347855015948, 39347855021128, 5180
39347857334696, 39347857339744, 5048
39347862653548, 39347862658564, 5016
39347907979640, 39347907986276, 6636
39347938072892, 39347938079360, 6468
39347972049756, 39347972055360, 5604
39347977390348, 39347977395300, 4952
39348136748772, 39348136754184, 5412
39348296617164, 39348296624080, 6916
39348301958456, 39348301966228, 7772
39348347271636, 39348347276568, 4932
39348392589948, 39348392596368, 6420
39348397929140, 39348397934116, 4976
39348403241012, 39348403248900, 7888
39348433333412, 39348433339436, 6024
39348438679068, 39348438687788, 8720
39348441000428, 39348441007348, 6920
39348449524652, 39348449525756, 1104
39348454838604, 39348454845924, 7320
39348517229100, 39348517234820, 5720
39348519566996, 39348519573648, 6652
39348541367348, 39348541375404, 8056
39348598112368, 39348598118624, 6256
39348603453604, 39348603461216, 7612
39348609146340, 39348609147352, 1012
39348614461084, 39348614468352, 7268
39348647879848, 39348647886720, 6872
39348667203848, 39348667211204, 7356
39348701182852, 39348701190504, 7652
39348731286812, 39348731293992, 7180
39348753093664, 39348753101248, 7584
39348758416372, 39348758423572, 7200
39348781454532, 39348781462660, 8128
39348786796868, 39348786802576, 5708
39348788718828, 39348788719876, 1048
39348794033348, 39348794038572, 5224
39348822215192, 39348822222848, 7656
39348884630360, 39348884637912, 7552
39348910527104, 39348910534492, 7388
39348912852604, 39348912858688, 6084
39348946293368, 39348946296168, 2800
39348951636992, 39348951643684, 6692
39348956969572, 39348956977760, 8188
39349267585928, 39349267588988, 3060
39349272910292, 39349272916392, 6100
39349278240204, 39349278244916, 4712
39349283569732, 39349283573308, 3576
39349288882692, 39349288886224, 3532
39349294211944, 39349294215952, 4008
39349299539328, 39349299543176, 3848
39349304846836, 39349304850264, 3428
39349310173976, 39349310178524, 4548
39349315505508, 39349315509556, 4048
39349320814148, 39349320817588, 3440
39349326140220, 39349326144704, 4484
39349331469392, 39349331473752, 4360
39349336779808, 39349336783792, 3984
39349342107732, 39349342112120, 4388
39349347441816, 39349347445976, 4160
39349352752836, 39349352756872, 4036
39349358082768, 39349358090292, 7524
39349379878688, 39349379887268, 8580
39349399196444, 39349399204540, 8096
39349462165052, 39349462170756, 5704
39349483959392, 39349483966784, 7392
39349507015192, 39349507043228, 28036
39349526973524, 39349526983976, 10452
39349576884396, 39349576888392, 3996
39349602789072, 39349602797476, 8404
39349624577920, 39349624586000, 8080
39349626918992, 39349626927912, 8920
39349632245692, 39349632251968, 6276
39349646679224, 39349646680768, 1544
39349672655056, 39349672662452, 7396
39349764803076, 39349764809664, 6588
39349790691836, 39349790699820, 7984
39349824099048, 39349824106836, 7788
39349847136388, 39349847144404, 8016
39349852477432, 39349852484472, 7040
39349927170964, 39349927179216, 8252
39349929494460, 39349929499528, 5068
39350021676000, 39350021681204, 5204
39350113283528, 39350113290832, 7304
39350146707304, 39350146713340, 6036
39350238913976, 39350238921904, 7928
39350258239708, 39350258247568, 7860
39350326170180, 39350326177952, 7772
39350359598384, 39350359604572, 6188
39350385494148, 39350385500996, 6848
39350526178956, 39350526184772, 5816
39350594110500, 39350594118008, 7508
39350594362056, 39350594363208, 1152
39350662304540, 39350662312072, 7532
39350736936812, 39350736944120, 7308
39350804875324, 39350804881212, 5888
39350878935532, 39350878942736, 7204
39350904838412, 39350904846596, 8184
39350926642700, 39350926648216, 5516
39350928961064, 39350928967808, 6744
39350960212804, 39350960221332, 8528
39351028169504, 39351028177404, 7900
39351188056440, 39351188061484, 5044
39351347364472, 39351347371964, 7492
39351349686876, 39351349694020, 7144
39351379778968, 39351379786092, 7124
39351437073920, 39351437081968, 8048
39351511812968, 39351511819240, 6272
39351574211880, 39351574220532, 8652
39351665985172, 39351665991296, 6124
39351692445028, 39351692452716, 7688
39351725863024, 39351725869796, 6772
39351756535904, 39351756543536, 7632
39351778337972, 39351778344068, 6096
39351804246192, 39351804252380, 6188
39351823567812, 39351823575468, 7656
39351897641328, 39351897649348, 8020
39351923544620, 39351923551192, 6572
39351925867020, 39351925872932, 5912
39351994367396, 39351994375068, 7672
39351996690524, 39351996697600, 7076
39352026789660, 39352026796792, 7132
39352094743268, 39352094750004, 6736
39352151480568, 39352151488504, 7936
39352173280272, 39352173288216, 7944
39352196869892, 39352196878232, 8340
39352227553880, 39352227561588, 7708
39352302311868, 39352302318596, 6728
39352304632676, 39352304639644, 6968
39352361386988, 39352361394340, 7352
39352389196368, 39352389203772, 7404
39352422612076, 39352422620656, 8580
39352427955880, 39352427963976, 8096
39352430277088, 39352430283880, 6792
39352505564544, 39352505571272, 6728
39352536257568, 39352536264804, 7236
39352598629344, 39352598637288, 7944
39352690851032, 39352690858272, 7240
39352696194804, 39352696203416, 8612
39352729584008, 39352729591956, 7948
39352797454384, 39352797462036, 7652
39352799054976, 39352799056124, 1148
39352832449840, 39352832456544, 6704
39352851776352, 39352851783696, 7344
39352882456256, 39352882463784, 7528
39352933125152, 39352933133588, 8436
39352989869608, 39352989877956, 8348
39352995208788, 39352995213040, 4252
39353000521684, 39353000527144, 5460
39353005850460, 39353005857792, 7332
39353035944604, 39353035949888, 5284
39353066633800, 39353066640540, 6740
39353134526032, 39353134533148, 7116
39353197453040, 39353197460700, 7660
39353272223952, 39353272231320, 7368
39353295247620, 39353295255080, 7460
39353325943836, 39353325950780, 6944
39353359353336, 39353359361296, 7960
39353361675292, 39353361682396, 7104
39353387575888, 39353387581644, 5756
39353462885016, 39353462890720, 5704
39353488778832, 39353488786456, 7624
39353551171932, 39353551180236, 8304
39353642938028, 39353642944832, 6804
39353648282344, 39353648290836, 8492
39353650605932, 39353650611520, 5588
39353725233320, 39353725240284, 6964
39353727551600, 39353727558272, 6672
39355249169524, 39355249172700, 3176
39355254497412, 39355254503812, 6400
39355259832960, 39355259836764, 3804
39355265161552, 39355265164856, 3304
39355270474372, 39355270478072, 3700
39355275802112, 39355275805512, 3400
39355281133336, 39355281137052, 3716
39355286440580, 39355286445032, 4452
39355291773128, 39355291776900, 3772
39355297103964, 39355297107612, 3648
39355302412864, 39355302417176, 4312
39355307739880, 39355307744280, 4400
39355313074508, 39355313079292, 4784
39355318386976, 39355318390412, 3436
39355323713924, 39355323717484, 3560
39355329039120, 39355329043816, 4696
39355334350148, 39355334354556, 4408
39355339679148, 39355339683540, 4392
39355345008852, 39355345013028, 4176
39355350320584, 39355350324392, 3808
39355355651120, 39355355655392, 4272
39355360979256, 39355360983768, 4512
39355366289700, 39355366294256, 4556
39355371624980, 39355371628456, 3476
39355376954340, 39355376958916, 4576
39355382261408, 39355382264844, 3436
39355387591032, 39355387594232, 3200
39355392920512, 39355392923736, 3224
39355398226604, 39355398229984, 3380
39355403554548, 39355403557928, 3380
39355408882016, 39355408885332, 3316
39355414190628, 39355414193780, 3152
39355419515900, 39355419520312, 4412
39355424842196, 39355424846500, 4304
39355430732376, 39355430737000, 4624
39355436043424, 39355436048040, 4616
39355441375280, 39355441379856, 4576
39355446699312, 39355446702840, 3528
39355452008156, 39355452011732, 3576
39355457338156, 39355457342708, 4552
39355462668992, 39355462672520, 3528
39355467976228, 39355467980684, 4456
39355473308148, 39355473311452, 3304
39355478636756, 39355478640112, 3356
39355483944292, 39355483947584, 3292
39355489273940, 39355489278228, 4288
39355494600536, 39355494603860, 3324
39355499912876, 39355499916196, 3320
39355505240760, 39355505244952, 4192
39355510570828, 39355510574220, 3392
39355515881300, 39355515885468, 4168
39355521210460, 39355521214712, 4252
39355526539888, 39355526544192, 4304
39355531847580, 39355531852164, 4584
39355537174656, 39355537178272, 3616
39355542500316, 39355542503964, 3648
39355547806000, 39355547809632, 3632
39355553138124, 39355553141840, 3716
39355558471572, 39355558476260, 4688
39355563782836, 39355563786412, 3576
39355569111632, 39355569115180, 3548
39355574441036, 39355574444680, 3644
39355579750272, 39355579754848, 4576
39355585077652, 39355585081224, 3572
39355590405580, 39355590409044, 3464
39355595715316, 39355595719976, 4660
39355601043996, 39355601047504, 3508
39355606371148, 39355606375724, 4576
39355611684900, 39355611689396, 4496
39355617015740, 39355617020580, 4840
39355622344236, 39355622348004, 3768
39355627652800, 39355627656560, 3760
39355632980456, 39355632985152, 4696
39355638418008, 39355638421696, 3688
39355643725200, 39355643728948, 3748
39355649053596, 39355649058088, 4492
39355654386804, 39355654390812, 4008
39355659694760, 39355659698248, 3488
39355665021288, 39355665024832, 3544
39355670351944, 39355670356392, 4448
39355676234652, 39355676239236, 4584
39355681546624, 39355681550384, 3760
39355686871796, 39355686875264, 3468
39355692203008, 39355692206416, 3408
39355697514488, 39355697518708, 4220
39355702845228, 39355702849544, 4316
39355708170712, 39355708174168, 3456
39355713483140, 39355713486612, 3472
39355718813832, 39355718817216, 3384
39355724144472, 39355724147936, 3464
39355729455748, 39355729461428, 5680
39355755365748, 39355755372508, 6760
39355812132732, 39355812139448, 6716
39355817455480, 39355817460768, 5288
39355847549708, 39355847555868, 6160
39355852890068, 39355852895628, 5560
39355874687508, 39355874693624, 6116
39355966878748, 39355966885068, 6320
39356107038360, 39356107047180, 8820
39356112373748, 39356112379364, 5616
39356114692400, 39356114696400, 4000
39356255398668, 39356255404616, 5948
39356323324312, 39356323331024, 6712
39356380067444, 39356380073880, 6436
39356385409976, 39356385414296, 4320
39356390746404, 39356390750024, 3620
39356396058960, 39356396063624, 4664
39356398394472, 39356398399260, 4788
39356403715932, 39356403720748, 4816
39356563587736, 39356563594484, 6748
39356565909084, 39356565914908, 5824
39356571254888, 39356571259948, 5060
39356601334880, 39356601341280, 6400
39356624359132, 39356624365804, 6672
39356643665388, 39356643671148, 5760
39356674915616, 39356674921644, 6028
39356731682252, 39356731688484, 6232
39356753462580, 39356753468044, 5464
39356776490520, 39356776495508, 4988
39356807171320, 39356807177392, 6072
39356967072696, 39356967079324, 6628
39356972391052, 39356972396312, 5260
39357017711452, 39357017716548, 5096
39357063020268, 39357063026752, 6484
39357125403224, 39357125409204, 5980
39357217592360, 39357217598320, 5960
39357262915760, 39357262921940, 6180
39357265236040, 39357265240712, 4672
39357295334820, 39357295340124, 5304
39357340638648, 39357340644480, 5832
39357371314516, 39357371319552, 5036
39357401399872, 39357401405388, 5516
39357423761612, 39357423767756, 6144
39357515405476, 39357515411556, 6080
39357517740372, 39357517748396, 8024
39357591801064, 39357591806140, 5076
39357594117672, 39357594125272, 7600
39357615922624, 39357615929748, 7124
39357708239772, 39357708246428, 6656
39357713584604, 39357713591556, 6952
39357775981616, 39357775987776, 6160
39357806653388, 39357806660508, 7120
39357829686604, 39357829693564, 6960
39357841235316, 39357841241792, 6476
39358001100216, 39358001105344, 5128
39358160400776, 39358160407336, 6560
39358281850540, 39358281853748, 3208
39358287178476, 39358287184964, 6488
39358292509740, 39358292514432, 4692
39358297838232, 39358297842344, 4112
39358303145828, 39358303149328, 3500
39358308468484, 39358308472756, 4272
39358313796956, 39358313800656, 3700
39358319101932, 39358319109220, 7288
39358325722100, 39358325723288, 1188
39358331035656, 39358331043092, 7436
39358364456432, 39358364464800, 8368
39358432950360, 39358432958852, 8492
39358497866440, 39358497873772, 7332
39358589472108, 39358589479300, 7192
39358615364708, 39358615372604, 7896
39358648753484, 39358648762088, 8604
39358654094824, 39358654099752, 4928
39358659425700, 39358659429844, 4144
39358664738668, 39358664746504, 7836
39358687119568, 39358687126356, 6788
39358692440816, 39358692447164, 6348
39358694759340, 39358694767036, 7696
39358757145836, 39358757153956, 8120
39358831221728, 39358831230072, 8344
39358864645928, 39358864652216, 6288
39358887664076, 39358887671500, 7424
39359028396020, 39359028402164, 6144
39359051403904, 39359051411328, 7424
39359079316692, 39359079323124, 6432
39359147257380, 39359147265188, 7808
39359193144340, 39359193152108, 7768
39359249914256, 39359249921640, 7384
39359252236848, 39359252243396, 6548
39359392410092, 39359392416804, 6712
39359426378336, 39359426385084, 6748
39359494322116, 39359494329816, 7700
39359569089752, 39359569096340, 6588
39359590886932, 39359590895340, 8408
39359731680984, 39359731687404, 6420
39359737024752, 39359737032896, 8144
39359799421820, 39359799429744, 7924
39359818743264, 39359818751176, 7912
39359841765976, 39359841773628, 7652
39359872467016, 39359872474916, 7900
39359947800984, 39359947808108, 7124
39359970820572, 39359970827128, 6556
39360001503456, 39360001509424, 5968
39360076228576, 39360076235964, 7388
39360109635256, 39360109642988, 7732
39360250329188, 39360250334636, 5448
39360390473360, 39360390479400, 6040
39360416935340, 39360416942628, 7288
39360557094056, 39360557099060, 5004
39360697780764, 39360697787284, 6520
39360719580024, 39360719587876, 7852
39360787498096, 39360787506716, 8620
39360792841576, 39360792849980, 8404
39360826274272, 39360826281180, 6908
39360852159892, 39360852165988, 6096
39360854481456, 39360854487580, 6124
39360899797796, 39360899803892, 6096
39360902116736, 39360902123508, 6772
39360936096268, 39360936102720, 6452
39360961995380, 39360962002652, 7272
39360977180148, 39360977187768, 7620
39360996502080, 39360996509288, 7208
39361001846088, 39361001850944, 4856
39361007160040, 39361007166000, 5960
39361019250980, 39361019252152, 1172
39361024566824, 39361024573928, 7104
39361062795924, 39361062802536, 6612
39361068136672, 39361068143200, 6528
39361208864924, 39361208872880, 7956
39361230650276, 39361230658304, 8028
39361290983132, 39361290990508, 7376
39361348251564, 39361348258756, 7192
39361416755720, 39361416763552, 7832
39361450162144, 39361450169988, 7844
39361455506932, 39361455512388, 5456
39361529568980, 39361529576940, 7960
39361591974576, 39361591981884, 7308
39361732789296, 39361732795460, 6164
39361758689676, 39361758696724, 7048
39361764029060, 39361764035900, 6840
39361865200328, 39361865202268, 1940
39361870524652, 39361870530720, 6068
39361875857216, 39361875861000, 3784
39361881187160, 39361881191792, 4632
39361886492460, 39361886496028, 3568
39361891818208, 39361891822896, 4688
39361897147484, 39361897151708, 4224
39361902459840, 39361902468408, 8568
39361924856720, 39361924863724, 7004
39361930199732, 39361930206080, 6348
39361960874120, 39361960882768, 8648
39361966217948, 39361966225072, 7124
39361989250916, 39361989257684, 6768
39362011048072, 39362011054780, 6708
39362085106644, 39362085114420, 7776
39362130436324, 39362130444248, 7924
39362193404568, 39362193412556, 7988
39362195724388, 39362195732160, 7772
39362201069260, 39362201073824, 4564
39362206400428, 39362206404600, 4172
39362211710188, 39362211717336, 7148
39362216342444, 39362216343584, 1140
39362320110240, 39362320113284, 3044
39362353513744, 39362353520228, 6484
39362428151968, 39362428159848, 7880
39362458838896, 39362458847132, 8236
39362464180744, 39362464186604, 5860
39362475726160, 39362475727292, 1132
39362481042956, 39362481049832, 6876
39362483363876, 39362483369052, 5176
39362505161812, 39362505168888, 7076
39362535262708, 39362535268604, 5896
39362554579308, 39362554586380, 7072
39362559927504, 39362559932532, 5028
39362565237228, 39362565243640, 6412
39362575487692, 39362575488780, 1088
39362580799336, 39362580804100, 4764
39362595445920, 39362595456608, 10688
39362693219312, 39362693222444, 3132
39362761151732, 39362761157240, 5508
39362829069328, 39362829077440, 8112
39362885806080, 39362885814716, 8636
39362891145816, 39362891152508, 6692
39362925114932, 39362925123032, 8100
39362966557952, 39362966559140, 1188
39362999967164, 39362999971608, 4444
39363021777664, 39363021780928, 3264
39363094260944, 39363094263880, 2936
39340948066680, 39340948072216, 5536
39340948111436, 39340948114372, 2936
39340948142652, 39340948145276, 2624
39340948172324, 39340948174628, 2304
39340948203076, 39340948205544, 2468
39340948231192, 39340948233492, 2300
39340948260328, 39340948262700, 2372
39340948289028, 39340948291356, 2328
39340948317740, 39340948320096, 2356
39340948346144, 39340948348548, 2404
39340948375320, 39340948377708, 2388
39340948404908, 39340948407792, 2884
39340948434924, 39340948437528, 2604
39340948463968, 39340948466580, 2612
39340948493064, 39340948495700, 2636
39340948521956, 39340948524316, 2360
39340948551416, 39340948553908, 2492
39340948582352, 39340948584900, 2548
39342942890960, 39342942896488, 5528
39342942915600, 39342942928560, 12960
39342942939976, 39342942948944, 8968
39342942959656, 39342942967652, 7996
39342942978564, 39342942987004, 8440
39342942997668, 39342943006552, 8884
39342943017272, 39342943025456, 8184
39342943036044, 39342943044108, 8064
39342943054864, 39342943063396, 8532
39342943074108, 39342943082564, 8456
39342943093320, 39342943101908, 8588
39342962782576, 39342962791964, 9388
39342982734584, 39342982742676, 8092
39343002685784, 39343002693916, 8132
39343022623104, 39343022628336, 5232
39343042590664, 39343042599076, 8412
39343062526284, 39343062531604, 5320
39343070506140, 39343070511048, 4908
39343092458320, 39343092462712, 4392
39343154787344, 39343154798236, 10892
39343229412140, 39343229425508, 13368
39343234760388, 39343234769528, 9140
39343242099008, 39343242105708, 6700
39343247423016, 39343247434476, 11460
39343266754604, 39343266781944, 27340
39343272120692, 39343272126636, 5944
39343334507620, 39343334515140, 7520
39343341859808, 39343341861868, 2060
39343347177924, 39343347185808, 7884
39343403949704, 39343403957592, 7888
39343479250292, 39343479258856, 8564
39343509940212, 39343509948544, 8332
39343540038680, 39343540044512, 5832
39343614751100, 39343614758992, 7892
39343738879156, 39343738881972, 2816
39343744202376, 39343744208896, 6520
39343749530696, 39343749534412, 3716
39343754856652, 39343754860464, 3812
39343760166232, 39343760169584, 3352
39343765493028, 39343765497664, 4636
39343770820616, 39343770824964, 4348
39343776130196, 39343776137536, 7340
39343935370364, 39343935377888, 7524
39343966613056, 39343966621740, 8684
39343988418932, 39343988427112, 8180
39344128534504, 39344128539284, 4780
39344367365056, 39344367367980, 2924
39344393238404, 39344393246892, 8488
39344468522704, 39344468529240, 6536
39344608635312, 39344608641832, 6520
39344630429744, 39344630437400, 7656
39344660515404, 39344660522012, 6608
39344717815080, 39344717823268, 8188
39344740851768, 39344740859936, 8168
39344743174332, 39344743180300, 5968
39344811088276, 39344811095456, 7180
39344844499072, 39344844506716, 7644
39344936111924, 39344936118876, 6952
39344967338424, 39344967346676, 8252
39344997425264, 39344997432196, 6932
39345020445732, 39345020454100, 8368
39345053862500, 39345053869084, 6584
39345116232172, 39345116239164, 6992
39345142123432, 39345142131540, 8108
39345163917604, 39345163925532, 7928
39345177432660, 39345177434872, 2212
39345208067336, 39345208075464, 8128
39345275989808, 39345275996904, 7096
39345297788024, 39345297793956, 5932
39345327872936, 39345327881312, 8376
39345330194732, 39345330202624, 7892
39345363607568, 39345363615136, 7568
39345420347748, 39345420354408, 6660
39345451016444, 39345451023760, 7316
39345610286600, 39345610293044, 6444
39345612624988, 39345612632244, 7256
39345643302036, 39345643310092, 8056
39345669289648, 39345669296984, 7336
39345761472940, 39345761480448, 7508
39345794880520, 39345794887568, 7048
39345862800092, 39345862808580, 8488
39345868141632, 39345868147740, 6108
39345898236036, 39345898241912, 5876
39345966730452, 39345966738424, 7972
39345969050416, 39345969058408, 7992
39345994952472, 39345994960492, 8020
39346154214892, 39346154221816, 6924
39346176008628, 39346176017376, 8748
39346178332636, 39346178340412, 7776
39346183675396, 39346183683308, 7912
39346210127432, 39346210135312, 7880
39346240797972, 39346240806396, 8424
39346308739968, 39346308748232, 8264
39346449238356, 39346449246084, 7728
39346451561332, 39346451567056, 5724
39346481628364, 39346481634628, 6264
39346483948208, 39346483955660, 7452
39346503258776, 39346503265108, 6332
39346594841216, 39346594847832, 6616
39346616624472, 39346616633276, 8804
39346647291436, 39346647300460, 9024
39346670314324, 39346670322024, 7700
39346672638552, 39346672643728, 5176
39346735552212, 39346735558920, 6708
39346761437620, 39346761444068, 6448
39346818156372, 39346818162056, 5684
39346880504484, 39346880511200, 6716
39346955785040, 39346955791696, 6656
39346981677692, 39346981683256, 5564
39347011761472, 39347011767456, 5984
39347042424364, 39347042430460, 6096
39347065444056, 39347065450196, 6140
39347087229788, 39347087236256, 6468
39347132502928, 39347132509260, 6332
39347189224928, 39347189230812, 5884
39347235072016, 39347235078092, 6076
39347326683552, 39347326689052, 5500
39347418276880, 39347418283424, 6544
39347437580012, 39347437586084, 6072
39347439899960, 39347439904880, 4920
39347466367444, 39347466373452, 6008
39347496455752, 39347496461000, 5248
39347588060128, 39347588066536, 6408
39347593381848, 39347593387232, 5384
39347753350744, 39347753357452, 6708
39347758671728, 39347758676960, 5232
39347792085684, 39347792092316, 6632
39347822168528, 39347822174944, 6416
39347913797224, 39347913803360, 6136
39347919136668, 39347919141888, 5220
39347982069952, 39347982076384, 6432
39347987408744, 39347987414580, 5836
39347992739444, 39347992745644, 6200
39347995060448, 39347995065672, 5224
39348020966024, 39348020972708, 6684
39348077716416, 39348077723512, 7096
39348083061760, 39348083065872, 4112
39348085378640, 39348085382980, 4340
39348090716348, 39348090721460, 5112
39348112515128, 39348112520176, 5048
39348138428224, 39348138437392, 9168
39348157729652, 39348157735052, 5400
39348179522972, 39348179528936, 5964
39348210189376, 39348210195492, 6116
39348215507892, 39348215513524, 5632
39348290259696, 39348290265184, 5488
39348312057300, 39348312063660, 6360
39348374438796, 39348374445204, 6408
39348397459144, 39348397464916, 5772
39348399797140, 39348399804216, 7076
39348475080608, 39348475087440, 6832
39348480421784, 39348480429576, 7792
39348510525604, 39348510532724, 7120
39348554548088, 39348554554780, 6692
39348559889396, 39348559897276, 7880
39348562212256, 39348562219220, 6964
39348569239328, 39348569240532, 1204
39348574556760, 39348574561624, 4864
39348612870520, 39348612878348, 7828
39348638777880, 39348638784820, 6940
39348707281624, 39348707289536, 7912
39348737959908, 39348737966088, 6180
39348805883000, 39348805890680, 7680
39348965746436, 39348965752960, 6524
39348999167916, 39348999174976, 7060
39349158357984, 39349158364220, 6236
39349221297372, 39349221304872, 7500
39349251394220, 39349251401004, 6784
39349273186184, 39349273192936, 6752
39349347253828, 39349347260780, 6952
39349377371036, 39349377378172, 7136
39349410767504, 39349410775352, 7848
39349413089956, 39349413095476, 5520
39349444336708, 39349444344056, 7348
39351254795076, 39351254798176, 3100
39351300088068, 39351300094476, 6408
39351345375800, 39351345380560, 4760
39351390673452, 39351390678032, 4580
39351436509608, 39351436514704, 5096
39351481772116, 39351481777336, 5220
39351527059560, 39351527064432, 4872
39351572348824, 39351572353916, 5092
39351617616944, 39351617621576, 4632
39351663031072, 39351663035712, 4640
39351708911448, 39351708916052, 4604
39351754211880, 39351754216436, 4556
39351799542900, 39351799547400, 4500
39351844819708, 39351844824204, 4496
39351890129720, 39351890134784, 5064
39351935998396, 39351936002964, 4568
39351981301864, 39351981306392, 4528
39352026593552, 39352026598356, 4804
39352071891276, 39352071896036, 4760
39352117197280, 39352117201848, 4568
39352162492812, 39352162497292, 4480
39352208353968, 39352208358384, 4416
39352253656760, 39352253661488, 4728
39352298963204, 39352298967752, 4548
39352344278856, 39352344283468, 4612
39352389564456, 39352389569156, 4700
39352435416216, 39352435420772, 4556
39352480716584, 39352480721424, 4840
39352526024860, 39352526029332, 4472
39352571301448, 39352571306156, 4708
39352616604372, 39352616609008, 4636
39352661915156, 39352661919760, 4604
39352707778088, 39352707782436, 4348
39352753001488, 39352753006196, 4708
39352798270972, 39352798275832, 4860
39352843580176, 39352843584752, 4576
39352888873868, 39352888878424, 4556
39352934729980, 39352934733992, 4012
39352980017808, 39352980022788, 4980
39353025324924, 39353025329448, 4524
39353070620276, 39353070624348, 4072
39353115869112, 39353115873528, 4416
39353161127808, 39353161132488, 4680
39353206979816, 39353206984596, 4780
39353252289016, 39353252293808, 4792
39353297585388, 39353297589820, 4432
39353342888132, 39353342892860, 4728
39353388197180, 39353388201708, 4528
39353434043760, 39353434048748, 4988
39353479317916, 39353479322720, 4804
39353524614948, 39353524619352, 4404
39353569915800, 39353569920404, 4604
39353615221020, 39353615225688, 4668
39353660625400, 39353660632536, 7136
39353729107656, 39353729115792, 8136
39353791482908, 39353791489700, 6792
39355861664176, 39355861667052, 2876
39355895060724, 39355895066888, 6164
39355929024548, 39355929029872, 5324
39355962428120, 39355962432940, 4820
39355995824184, 39355995829180, 4996
39356029210248, 39356029215168, 4920
39356062615084, 39356062619868, 4784
39356096008676, 39356096013028, 4352
39356129409368, 39356129414368, 5000
39356162800652, 39356162805372, 4720
39356196748056, 39356196752848, 4792
39356230143972, 39356230148868, 4896
39356263546032, 39356263550836, 4804
39356296952308, 39356296956948, 4640
39356330334568, 39356330339232, 4664
39356363733708, 39356363738680, 4972
39356397144592, 39356397149592, 5000
39356431096236, 39356431101108, 4872
39356464499884, 39356464504988, 5104
39356497884360, 39356497888916, 4556
39356531277552, 39356531282488, 4936
39356564674360, 39356564678652, 4292
39356598074152, 39356598079220, 5068
39356631450312, 39356631455080, 4768
39356664844976, 39356664850016, 5040
39356698810876, 39356698815644, 4768
39356732214912, 39356732221584, 6672
39356737537416, 39356737544160, 6744
39356742864516, 39356742870020, 5504
39356776281000, 39356776288072, 7072
39356850354916, 39356850360216, 5300
39356883759908, 39356883765908, 6000
39356906774172, 39356906780512, 6340
39356912113928, 39356912118676, 4748
39356917440080, 39356917445060, 4980
39356951404420, 39356951410472, 6052
39357013782244, 39357013788740, 6496
39357019123180, 39357019128580, 5400
39357024432416, 39357024438752, 6336
39357092361248, 39357092368508, 7260
39357167120288, 39357167126888, 6600
39357186995548, 39357187001416, 5868
39357192313276, 39357192317764, 4488
39357197644612, 39357197650176, 5564
39357260016076, 39357260022720, 6644
39357265358864, 39357265365216, 6352
39357291261500, 39357291266904, 5404
39357296596920, 39357296603188, 6268
39357329988568, 39357329993924, 5356
39357392372564, 39357392378236, 5672
39357426349504, 39357426356356, 6852
39357494270700, 39357494277132, 6432
39357524939740, 39357524945264, 5524
39357592853876, 39357592860104, 6228
39357667698396, 39357667705336, 6940
39357673595612, 39357673604376, 8764
39357832894160, 39357832900096, 5936
39357900808760, 39357900815716, 6956
39357906130996, 39357906138488, 7492
39357981421592, 39357981429288, 7696
39358043792460, 39358043800260, 7800
39358073878824, 39358073887368, 8544
39358079239772, 39358079248672, 8900
39358102281588, 39358102290048, 8460
39358104606456, 39358104612416, 5960
39358166984512, 39358166992296, 7784
39358172890860, 39358172897688, 6828
39358175210240, 39358175216360, 6120
39358334383032, 39358334389304, 6272
39358365056212, 39358365064940, 8728
39358390955840, 39358390964684, 8844
39358393277636, 39358393284068, 6432
39358416307520, 39358416314656, 7136
39358438666396, 39358438674580, 8184
39358513402988, 39358513408592, 5604
39358521254808, 39358521256264, 1456
39358543009972, 39358543016124, 6152
39358558198232, 39358558205988, 7756
39358632232508, 39358632240156, 7648
39358700707920, 39358700714696, 6776
39358723729904, 39358723737772, 7868
39358757116684, 39358757123588, 6904
39358759435352, 39358759441420, 6068
39358919257844, 39358919264156, 6312
39358921580820, 39358921589296, 8476
39358954975876, 39358954984332, 8456
39358960210844, 39358960212260, 1416
39358962529228, 39358962535500, 6272
39359054138004, 39359054145612, 7608
39359080032592, 39359080040184, 7592
39359220709488, 39359220715764, 6276
39359312321444, 39359312327952, 6508
39359374696132, 39359374704928, 8796
39359397733116, 39359397741052, 7936
39359424186900, 39359424194776, 7876
39359564319008, 39359564324932, 5924
39359590569260, 39359590578304, 9044
39359595908500, 39359595916712, 8212
39359602683132, 39359602684484, 1352
39359607996516, 39359608004620, 8104
39359610317976, 39359610324228, 6252
39359666623188, 39359666630620, 7432
39359678441280, 39359678442536, 1256
39359680755760, 39359680760972, 5212
39359743677396, 39359743685308, 7912
39359902959572, 39359902965804, 6232
39359908298964, 39359908307532, 8568
39359954159724, 39359954167888, 8164
39360028205900, 39360028213456, 7556
39360033524996, 39360033531968, 6972
39360090213256, 39360090219944, 6688
39360135507436, 39360135514944, 7508
39360295324092, 39360295331680, 7588
39360303903180, 39360303911112, 7932
39360309239912, 39360309245072, 5160
39360314551852, 39360314559096, 7244
39360320914348, 39360320915396, 1048
39360326229192, 39360326237004, 7812
39360328550752, 39360328558696, 7944
39360350346852, 39360350355368, 8516
39360369667424, 39360369674712, 7288
39360439234664, 39360439241700, 7036
39360469890356, 39360469896920, 6564
39360472212832, 39360472218860, 6028
39360546264488, 39360546270016, 5528
39360548600564, 39360548607492, 6928
39360553921656, 39360553927596, 5940
39360573241752, 39360573249452, 7700
39360595036176, 39360595043348, 7172
39360600378976, 39360600383800, 4824
39360605687016, 39360605690984, 3968
39360611013296, 39360611020480, 7184
39360612222240, 39360612223388, 1148
39360614536036, 39360614540916, 4880
39360681809096, 39360681816488, 7392
39360730155856, 39360730162840, 6984
39360760810324, 39360760818264, 7940
39360814740308, 39360814746820, 6512
39360889435896, 39360889443072, 7176
39361030089636, 39361030095772, 6136
39361104804280, 39361104811664, 7384
39361138221368, 39361138228224, 6856
39361376412324, 39361376416064, 3740
39361409801536, 39361409811436, 9900
39361415702928, 39361415710368, 7440
39361418024848, 39361418032348, 7500
39361418304180, 39361418305400, 1220
39361423618004, 39361423624000, 5996
39361498124672, 39361498132244, 7572
39361500444412, 39361500451484, 7072
39361522239724, 39361522247420, 7696
39361555627468, 39361555632812, 5344
39361557948536, 39361557956748, 8212
39361625982636, 39361625990500, 7864
39361628304876, 39361628310848, 5972
39361647653028, 39361647660168, 7140
39361652997148, 39361653004968, 7820
39361657672956, 39361657674032, 1076
39361663561368, 39361663568156, 6788
39361686596996, 39361686604068, 7072
39361691937116, 39361691943620, 6504
39361694254480, 39361694260556, 6076
39361750993080, 39361751000748, 7668
39361910851204, 39361910857788, 6584
39361978776036, 39361978783480, 7444
39361981114008, 39361981121856, 7848
39362140387936, 39362140394164, 6228
39362174359320, 39362174366520, 7200
39362200254496, 39362200261704, 7208
39362359523372, 39362359530320, 6948
39362391336632, 39362391344936, 8304
39362417788336, 39362417794144, 5808
39362423129804, 39362423135040, 5236
39362428457412, 39362428465536, 8124
39362435821412, 39362435822536, 1124
39362441134568, 39362441141236, 6668
39362581260444, 39362581265616, 5172
39362721812040, 39362721818536, 6496
39362752490944, 39362752497604, 6660
39362892601528, 39362892608208, 6680
39362938457120, 39362938465036, 7916
39362957779432, 39362957786596, 7164
39362983690140, 39362983694492, 4352
39363051619024, 39363051622792, 3768
39363094266604, 39363094275296, 8692
39338881768204, 39338881777800, 9596
39338898430812, 39338898439580, 8768
39338914946436, 39338914955336, 8900
39338931463628, 39338931471700, 8072
39338947949348, 39338947957332, 7984
39342955359780, 39342955363984, 4204
39343046566964, 39343046572800, 5836
39343252086120, 39343252089184, 3064
39343254407732, 39343254414452, 6720
39343256719220, 39343256723248, 4028
39343259029368, 39343259037968, 8600
39343418319068, 39343418324944, 5876
39343578118644, 39343578125752, 7108
39343601124448, 39343601131776, 7328
39343603459752, 39343603467280, 7528
39343763358256, 39343763364888, 6632
39345279202696, 39345279205652, 2956
39345284524980, 39345284530820, 5840
39345289852392, 39345289857028, 4636
39345295184404, 39345295188028, 3624
39345300493216, 39345300498504, 5288
39345305817620, 39345305822048, 4428
39345311145164, 39345311149252, 4088
39345316457612, 39345316462156, 4544
39345321784736, 39345321788768, 4032
39345327108588, 39345327112172, 3584
39345332417484, 39345332422024, 4540
39345337747060, 39345337751940, 4880
39345343073084, 39345343076656, 3572
39345348379904, 39345348383420, 3516
39345353705148, 39345353708656, 3508
39345359036948, 39345359040384, 3436
39345364346812, 39345364351132, 4320
39345369674408, 39345369678432, 4024
39345375002568, 39345375007124, 4556
39345380311872, 39345380316536, 4664
39345385636500, 39345385641332, 4832
39345390966492, 39345390970224, 3732
39345396273948, 39345396278444, 4496
39345401603768, 39345401607496, 3728
39345406930148, 39345406934704, 4556
39345412238676, 39345412242988, 4312
39345417568404, 39345417572452, 4048
39345422894756, 39345422898940, 4184
39345428203228, 39345428207904, 4676
39345433529808, 39345433533824, 4016
39345438861000, 39345438865688, 4688
39345444172088, 39345444175844, 3756
39345450054672, 39345450058632, 3960
39345455384828, 39345455389384, 4556
39345460695776, 39345460700256, 4480
39345466023460, 39345466027136, 3676
39345471350148, 39345471354860, 4712
39345476661008, 39345476665136, 4128
39345481988104, 39345481991380, 3276
39345487313276, 39345487317440, 4164
39345492624028, 39345492627456, 3428
39345497948356, 39345497952644, 4288
39345503276456, 39345503280544, 4088
39345508584088, 39345508588524, 4436
39345513912580, 39345513917112, 4532
39345519246368, 39345519250096, 3728
39345524552996, 39345524556932, 3936
39345529877180, 39345529881676, 4496
39345535204596, 39345535208592, 3996
39345540512628, 39345540517060, 4432
39345545840948, 39345545844568, 3620
39345551166340, 39345551170652, 4312
39345556480520, 39345556484568, 4048
39345561804144, 39345561808636, 4492
39345567132256, 39345567136004, 3748
39345572440500, 39345572444208, 3708
39345577773360, 39345577776956, 3596
39345583100356, 39345583104404, 4048
39345588409560, 39345588413700, 4140
39345593735672, 39345593739512, 3840
39345599061216, 39345599064684, 3468
39345604367308, 39345604371856, 4548
39345609692136, 39345609695504, 3368
39345615019896, 39345615024240, 4344
39345620326540, 39345620331168, 4628
39345625652484, 39345625656604, 4120
39345630975736, 39345630980052, 4316
39345636286784, 39345636290268, 3484
39345641617344, 39345641622056, 4712
39345646943960, 39345646948484, 4524
39345652253760, 39345652258336, 4576
39345657675260, 39345657679492, 4232
39345663004512, 39345663009340, 4828
39345668331768, 39345668335832, 4064
39345673640240, 39345673645232, 4992
39345678964584, 39345678968096, 3512
39345684291888, 39345684296220, 4332
39345689598312, 39345689601660, 3348
39345694923656, 39345694928080, 4424
39345700811016, 39345700814796, 3780
39345706137996, 39345706141488, 3492
39345711446668, 39345711450264, 3596
39345716775960, 39345716779584, 3624
39345722103184, 39345722106636, 3452
39345727412844, 39345727416296, 3452
39345732735464, 39345732738916, 3452
39345738062876, 39345738067444, 4568
39345743373472, 39345743378128, 4656
39345748701080, 39345748705824, 4744
39345754030888, 39345754035180, 4292
39345759344424, 39345759349088, 4664
39345764671632, 39345764675908, 4276
39345769998356, 39345770002520, 4164
39345775305820, 39345775309324, 3504
39345780629684, 39345780633892, 4208
39345785958220, 39345785962640, 4420
39345791268836, 39345791272800, 3964
39345796598576, 39345796603028, 4452
39345801925468, 39345801929228, 3760
39345807233976, 39345807238324, 4348
39345812564008, 39345812570276, 6268
39345874938472, 39345874945820, 7348
39345942648800, 39345942656272, 7472
39346105169180, 39346105171976, 2796
39346126948280, 39346126956560, 8280
39346194864592, 39346194874128, 9536
39346225533532, 39346225541768, 8236
39346230877180, 39346230883716, 6536
39346287600232, 39346287606120, 5888
39346292940060, 39346292944408, 4348
39346298249228, 39346298253556, 4328
39346303574840, 39346303579472, 4632
39346308902064, 39346308909432, 7368
39346383504140, 39346383511824, 7684
39346458064280, 39346458072696, 8416
39346479858324, 39346479866932, 8608
39346639112816, 39346639118688, 5872
39346713716592, 39346713723480, 6888
39346733013644, 39346733021328, 7684
39346763090940, 39346763097060, 6120
39346784883972, 39346784890588, 6616
39346787203936, 39346787211916, 7980
39346878797860, 39346878804136, 6276
39346904690452, 39346904696836, 6384
39346950543396, 39346950549884, 6488
39347090620956, 39347090626732, 5776
39347120694804, 39347120700268, 5464
39347146581244, 39347146588260, 7016
39347306418752, 39347306425196, 6444
39347308740060, 39347308745756, 5696
39347371102544, 39347371108936, 6392
39347394131472, 39347394136596, 5124
39347396448396, 39347396453124, 4728
39347556303312, 39347556310120, 6808
39347586971928, 39347586978320, 6392
39347612868992, 39347612875784, 6792
39347658267632, 39347658272904, 5272
39347704128220, 39347704134884, 6664
39347778868264, 39347778874272, 6008
39347841256568, 39347841262328, 5760
39347981940448, 39347981946868, 6420
39348001263676, 39348001269640, 5964
39348006601936, 39348006606992, 5056
39348051903140, 39348051909408, 6268
39348125967624, 39348125973964, 6340
39348131309208, 39348131314272, 5064
39348136636208, 39348136640440, 4232
39348141945100, 39348141951520, 6420
39348175355236, 39348175361264, 6028
39348177675120, 39348177682348, 7228
39348183015860, 39348183023544, 7684
39348209467984, 39348209473888, 5904
39348266206212, 39348266212764, 6552
39348357825368, 39348357830428, 5060
39348449988200, 39348449993180, 4980
39348541597148, 39348541602228, 5080
39348633222460, 39348633228652, 6192
39348638541332, 39348638549820, 8488
39348730726068, 39348730733020, 6952
39348736069344, 39348736076408, 7064
39348827679036, 39348827685648, 6612
39348849475872, 39348849484076, 8204
39348854816752, 39348854823996, 7244
39348929547496, 39348929554588, 7092
39348992509864, 39348992517876, 8012
39349121953192, 39349121956828, 3636
39349190429500, 39349190436588, 7088
39349247168308, 39349247177920, 9612
39349292476192, 39349292483352, 7160
39349367213752, 39349367222088, 8336
39349507920796, 39349507925108, 4312
39349647924452, 39349647930668, 6216
39349708877348, 39349708884848, 7500
39349771221820, 39349771230624, 8804
39349773542184, 39349773549076, 6892
39349841462668, 39349841470236, 7568
39349843785128, 39349843792360, 7232
39349984366680, 39349984373564, 6884
39350010264116, 39350010271352, 7236
39350078149156, 39350078157504, 8348
39350080474600, 39350080480368, 5768
39350137196672, 39350137203060, 6388
39350139530292, 39350139537156, 6864
39350161301028, 39350161308568, 7540
39350184325228, 39350184333160, 7932
39350197305740, 39350197307056, 1316
39350199620092, 39350199625360, 5268
39350346472072, 39350346477996, 5924
39350408848760, 39350408856928, 8168
39350440074872, 39350440082916, 8044
39350470150968, 39350470157876, 6908
39350544199376, 39350544207260, 7884
39350577602888, 39350577610548, 7660
39350608254196, 39350608262468, 8272
39350620298272, 39350620299520, 1248
39350653683720, 39350653690368, 6648
39350675474416, 39350675482128, 7712
39350732778052, 39350732784508, 6456
39350766184800, 39350766192156, 7356
39350796267904, 39350796276108, 8204
39350819274512, 39350819281284, 6772
39350876018136, 39350876025428, 7292
39350878340112, 39350878347660, 7548
39351018998132, 39351019004784, 6652
39351044906072, 39351044912472, 6400
39351185013228, 39351185019480, 6252
39351253471240, 39351253479804, 8564
39351279367084, 39351279373984, 6900
39351312779308, 39351312785180, 5872
39351380688220, 39351380694596, 6376
39351521335360, 39351521340492, 5132
39351661549556, 39351661556404, 6848
39351692209208, 39351692217528, 8320
39351783828296, 39351783834820, 6524
39351786147892, 39351786155396, 7504
39351877744828, 39351877752056, 7228
39352018408644, 39352018415020, 6376
39352037721120, 39352037729116, 7996
39352059517636, 39352059524364, 6728
39352200162012, 39352200168192, 6180
39352359434468, 39352359439544, 5076
39352617498548, 39352617501520, 2972
39352622821284, 39352622827852, 6568
39352628150876, 39352628155280, 4404
39352633477272, 39352633481172, 3900
39352638788528, 39352638792456, 3928
39352644115968, 39352644120516, 4548
39352649443520, 39352649447864, 4344
39352654753004, 39352654761428, 8424
39352659387036, 39352659388412, 1376
39352664700388, 39352664707984, 7596
39352691155708, 39352691162584, 6876
39352753469572, 39352753477360, 7788
39352817617704, 39352817623996, 6292
39352843509060, 39352843517032, 7972
39352915598968, 39352915605228, 6260
39352942042404, 39352942049536, 7132
39352947381660, 39352947387880, 6220
39353022106996, 39353022114460, 7464
39353027448332, 39353027457080, 8748
39353029768588, 39353029776308, 7720
39353049101840, 39353049107356, 5516
39353154213884, 39353154215828, 1944
39353159536584, 39353159542564, 5980
39353164862448, 39353164867016, 4568
39353170188172, 39353170192048, 3876
39353175494372, 39353175499024, 4652
39353181375320, 39353181378952, 3632
39353186704248, 39353186708212, 3964
39353192010456, 39353192017404, 6948
39353248741088, 39353248749632, 8544
39353388849652, 39353388854584, 4932
39353529463188, 39353529469084, 5896
39353580684000, 39353580692828, 8828
39353586023452, 39353586031392, 7940
39353609037228, 39353609045080, 7852
39353671540248, 39353671546880, 6632
39353812147528, 39353812153796, 6268
39353886086572, 39353886092908, 6336
39354026683468, 39354026689692, 6224
39354056752152, 39354056757704, 5552
39354130769852, 39354130777948, 8096
39354152547156, 39354152556240, 9084
39354178994548, 39354179002240, 7692
39354270577756, 39354270584468, 6712
39354289887532, 39354289895524, 7992
39354319974708, 39354319981372, 6664
39354411559396, 39354411565344, 5948
39354438000060, 39354438006740, 6680
39354529570624, 39354529577364, 6740
39354559650056, 39354559657012, 6956
39354590307924, 39354590314400, 6476
39354652675808, 39354652682148, 6340
39354727932368, 39354727938888, 6520
39354747237204, 39354747242532, 5328
39354749553668, 39354749557688, 4020
39354780208180, 39354780212924, 4744
39354836927312, 39354836934204, 6892
39354858707660, 39354858714408, 6748
39354999310816, 39354999316872, 6056
39355090872048, 39355090878160, 6112
39355153226792, 39355153233132, 6340
39355175004448, 39355175010060, 5612
39355232278708, 39355232285004, 6296
39355323881684, 39355323888156, 6472
39355353961408, 39355353967556, 6148
39355429250168, 39355429256372, 6204
39355503278140, 39355503284272, 6132
39355526278480, 39355526284984, 6504
39355556356900, 39355556362292, 5392
39355631066196, 39355631072172, 5976
39355791012828, 39355791019324, 6496
39355865058948, 39355865065568, 6620
39355867378488, 39355867383856, 5368
39355872716184, 39355872720436, 4252
39355878043564, 39355878048456, 4892
39355883355236, 39355883359304, 4068
39355888680928, 39355888685960, 5032
39355914581324, 39355914587336, 6012
39355919917716, 39355919921916, 4200
39355994526268, 39355994532224, 5956
39355999865408, 39355999871484, 6076
39356002186000, 39356002191080, 5080
39356007518120, 39356007523356, 5236
39356099130960, 39356099136172, 5212
39356191294392, 39356191300276, 5884
39356266029036, 39356266035216, 6180
39356271370288, 39356271374224, 3936
39356276697900, 39356276702704, 4804
39356279016364, 39356279020288, 3924
39356284331396, 39356284337116, 5720
39356425049640, 39356425055916, 6276
39356444371360, 39356444377540, 6180
39356449695900, 39356449701308, 5408
39356455030160, 39356455035460, 5300
39356480929788, 39356480936252, 6464
39356511601176, 39356511605984, 4808
39356516933100, 39356516938288, 5188
39356519251192, 39356519255796, 4604
39356575994360, 39356576000376, 6016
39356601860904, 39356601869196, 8292
39356607198912, 39356607203664, 4752
39356612524928, 39356612530164, 5236
39356687126900, 39356687133804, 6904
39356717224812, 39356717230548, 5736
39356808842824, 39356808848964, 6140
39356871240924, 39356871246568, 5644
39356876556952, 39356876561212, 4260
39356881884616, 39356881888132, 3516
39356887211216, 39356887216892, 5676
39356917291916, 39356917298540, 6624
39356948522300, 39356948528796, 6496
39357088626440, 39357088631692, 5252
39357229311032, 39357229317088, 6056
39357234650408, 39357234656176, 5768
39357308698068, 39357308704956, 6888
39357331703856, 39357331710668, 6812
39357334023396, 39357334028916, 5520
39357353345688, 39357353351848, 6160
39357358683052, 39357358688204, 5152
39357403991320, 39357403997068, 5748
39357406314288, 39357406320024, 5736
39357481590952, 39357481597368, 6416
39357511681448, 39357511687548, 6100
39357671623924, 39357671630056, 6132
39357745669984, 39357745676060, 6076
39357775782580, 39357775790756, 8176
39357821097872, 39357821103300, 5428
39357866382800, 39357866389760, 6960
39357892278200, 39357892286108, 7908
39357894600908, 39357894607572, 6664
39357940455264, 39357940462336, 7072
39357966359104, 39357966364692, 5588
39357971698664, 39357971703444, 4780
39357977025672, 39357977032900, 7228
39358000031332, 39358000039156, 7824
39358019352604, 39358019361072, 8468
39358110977932, 39358110984644, 6712
39358116316904, 39358116325060, 8156
39358161620660, 39358161627160, 6500
39358281846464, 39358281849464, 3000
39358327140452, 39358327145668, 5216
39358372444424, 39358372449620, 5196
39358417736316, 39358417744552, 8236
39358427479880, 39358427481104, 1224
39358472758556, 39358472764976, 6420
39358603066912, 39358603068872, 1960
39358648354580, 39358648360388, 5808
39358694207536, 39358694211940, 4404
39358739480244, 39358739484832, 4588
39358784772672, 39358784780404, 7732
39358804074024, 39358804081584, 7560
39358860822392, 39358860829244, 6852
39358923748584, 39358923757364, 8780
39358945540828, 39358945547960, 7132
39359002286280, 39359002294644, 8364
39359161536820, 39359161543380, 6560
39359224479120, 39359224486892, 7772
39359292382972, 39359292391496, 8524
39359337694060, 39359337702932, 8872
39359429856172, 39359429861128, 4956
39359521473596, 39359521481364, 7768
39359526793576, 39359526798100, 4524
39359532120984, 39359532126576, 5592
39359555149312, 39359555157520, 8208
39359611877088, 39359611885060, 7972
39359631295100, 39359631301904, 6804
39359636636196, 39359636644348, 8152
39359711252744, 39359711260552, 7808
39359716593024, 39359716600056, 7032
39359738389768, 39359738397944, 8176
39359878521236, 39359878526984, 5748
39359935830988, 39359935839312, 8324
39359941155324, 39359941163372, 8048
39359941818776, 39359941820000, 1224
39359947135300, 39359947142648, 7348
39359968928144, 39359968936340, 8196
39360002333388, 39360002340028, 6640
39360064678848, 39360064686232, 7384
39360070013764, 39360070018372, 4608
39360075320900, 39360075328540, 7640
39360101206392, 39360101212740, 6348
39360122993108, 39360123000472, 7364
39360135428600, 39360135436104, 7504
39360203915816, 39360203922912, 7096
39360266291288, 39360266298908, 7620
39360268614060, 39360268621324, 7264
39360325361920, 39360325368012, 6092
39360349712772, 39360349720040, 7268
39360355053496, 39360355061076, 7580
39360360820308, 39360360821484, 1176
39360366133528, 39360366141296, 7768
39360380772108, 39360380773252, 1144
39360386085020, 39360386090544, 5524
39360439980948, 39360439988396, 7448
39360461775080, 39360461781892, 6812
39360467115484, 39360467119632, 4148
39360472421708, 39360472428720, 7012
39360534828456, 39360534836384, 7928
39360557852296, 39360557860092, 7796
39360614606392, 39360614613156, 6764
39360640503384, 39360640511376, 7992
39360702557760, 39360702564872, 7112
39360707879616, 39360707884344, 4728
39360707992128, 39360707993220, 1092
39360733853824, 39360733860544, 6720
39360753168440, 39360753175036, 6596
39360809917732, 39360809923720, 5988
39360812237516, 39360812245108, 7592
39360886255560, 39360886263744, 8184
39360954740732, 39360954745204, 4472
39361022644684, 39361022653016, 8332
39361044002312, 39361044009980, 7668
39361046324180, 39361046331696, 7516
39361076998676, 39361077005700, 7024
39361098797016, 39361098803564, 6548
39361104139332, 39361104143636, 4304
39361109467432, 39361109475340, 7908
39361154787548, 39361154792548, 5000
39361200645284, 39361200652848, 7564
39361221295912, 39361221304052, 8140
39361226626076, 39361226633256, 7180
39361228753376, 39361228754500, 1124
39361274053908, 39361274060620, 6712
39361299948552, 39361299956124, 7572
39361306573960, 39361306575504, 1544
39361352393032, 39361352400080, 7048
39361512253796, 39361512259572, 5776
39361535267728, 39361535275508, 7780
39361565955796, 39361565962556, 6760
39361611256408, 39361611262912, 6504
39361617834436, 39361617836576, 2140
39361623242056, 39361623249288, 7232
39361669107588, 39361669115292, 7704
39361737024600, 39361737032776, 8176
39361758817852, 39361758825296, 7444
39361778135684, 39361778141824, 6140
39361846006476, 39361846013768, 7292
39361879409964, 39361879416840, 6876
39361905293424, 39361905301280, 7856
39361907615544, 39361907622388, 6844
39361964917052, 39361964926008, 8956
39361990804336, 39361990810036, 5700
39362010123800, 39362010130788, 6988
39362084846748, 39362084853520, 6772
39362110737560, 39362110745112, 7552
39362251378180, 39362251384112, 5932
39362319270716, 39362319279092, 8376
39362378203504, 39362378210512, 7008
39362383524568, 39362383531060, 6492
39362402838320, 39362402845748, 7428
39362448697264, 39362448705748, 8484
39362473743380, 39362473759104, 15724
39362519064372, 39362519082188, 17816
39362524418436, 39362524433164, 14728
39362529761372, 39362529777780, 16408
39362551552932, 39362551564204, 11272
39362695208868, 39362695212192, 3324
39362721076232, 39362721084572, 8340
39362723417232, 39362723424828, 7596
39362749300520, 39362749308448, 7928
39362771098228, 39362771103852, 5624
39362773420612, 39362773426508, 5896
39362933197736, 39362933202820, 5084
