146138628009948, 146138628018404, 8456
146143544349884, 146143544352828, 2944
146143544371420, 146143544377248, 5828
146143795713272, 146143795716548, 3276
146144061081368, 146144061084608, 3240
146144229865388, 146144229875560, 10172
146144512065856, 146144512069144, 3288
146144767472536, 146144767479780, 7244
146145539515156, 146145539518084, 2928
146145910622628, 146145910627468, 4840
146146353668936, 146146353672748, 3812
146146730640844, 146146730647916, 7072
146147127649628, 146147127653260, 3632
146147219452460, 146147219460300, 7840
146147550730700, 146147550735216, 4516
146147798044780, 146147798049348, 4568
146148137239228, 146148137243800, 4572
146148370664920, 146148370670320, 5400
146148815592696, 146148815596624, 3928
146149049054384, 146149049057356, 2972
146149316388312, 146149316391068, 2756
146149641709508, 146149641714716, 5208
146149753427920, 146149753435188, 7268
146149952874812, 146149952882708, 7896
146150028636664, 146150028640148, 3484
146151331538036, 146151331541864, 3828
146151391026204, 146151391035232, 9028
146151475257000, 146151475265716, 8716
146151808413104, 146151808418308, 5204
146152253422508, 146152253426428, 3920
146152963608020, 146152963610836, 2816
146153024218476, 146153024229696, 11220
146153334700060, 146153334703040, 2980
146153614091264, 146153614096588, 5324
146153819576452, 146153819579372, 2920
146154058939312, 146154058944580, 5268
146154110822760, 146154110827672, 4912
146154930883664, 146154930890932, 7268
146155487594952, 146155487601840, 6888
146155721076988, 146155721079944, 2956
146156086083640, 146156086086756, 3116
146156766445432, 146156766450276, 4844
146157015834736, 146157015842328, 7592
146158107188428, 146158107192272, 3844
146158214982548, 146158214985364, 2816
146158655918236, 146158655919952, 1716
146159030976580, 146159030984144, 7564
146159639528976, 146159639532100, 3124
146159851132160, 146159851139844, 7684
146160347806224, 146160347814116, 7892
146160844731288, 146160844735080, 3792
146161048130720, 146161048134304, 3584
146161205736216, 146161205739236, 3020
146161660666984, 146161660674356, 7372
146161902088880, 146161902091316, 2436
146162203348152, 146162203353244, 5092
146162520564180, 146162520567100, 2920
146162680192236, 146162680195148, 2912
146163133088932, 146163133095692, 6760
146163330648528, 146163330651324, 2796
146138611474720, 146138611483156, 8436
146143542387808, 146143542391352, 3544
146143542408080, 146143542415428, 7348
146144194731388, 146144194735000, 3612
146145096546960, 146145096554816, 7856
146146361484072, 146146361488184, 4112
146146810451780, 146146810455024, 3244
146147702370276, 146147702372852, 2576
146147768214708, 146147768222200, 7492
146149122863948, 146149122867452, 3504
146149298529424, 146149298532316, 2892
146149974789484, 146149974792396, 2912
146150086505172, 146150086508528, 3356
146150270075832, 146150270079100, 3268
146150784852136, 146150784855736, 3600
146151052245728, 146151052248740, 3012
146151543279016, 146151543288240, 9224
146151650813040, 146151650817016, 3976
146152257389612, 146152257392392, 2780
146152656334060, 146152656336692, 2632
146152923792512, 146152923795288, 2776
146153843502880, 146153843521024, 18144
146153933356108, 146153933364072, 7964
146154649561448, 146154649566768, 5320
146154960814204, 146154960821028, 6824
146155651120456, 146155651127128, 6672
146156662668432, 146156662672072, 3640
146156904602044, 146156904608264, 6220
146157345048388, 146157345051592, 3204
146157494684104, 146157494687020, 2916
146158438440924, 146158438444836, 3912
146158659868300, 146158659875740, 7440
146159665455356, 146159665457780, 2424
146159773194844, 146159773196604, 1760
146159893001888, 146159893009824, 7936
146161151904464, 146161151907796, 3332
146161227577156, 146161227587208, 10052
146161311078844, 146161311087432, 8588
146161668623644, 146161668627248, 3604
146161824282212, 146161824290368, 8156
146161922016396, 146161922020044, 3648
146162390893632, 146162390900804, 7172
146162562462076, 146162562469620, 7544
146162701631104, 146162701635548, 4444
146162821875608, 146162821883464, 7856
146163346564896, 146163346567964, 3068
146163625920876, 146163625928784, 7908
146138595071040, 146138595078292, 7252
146142650502848, 146142650506136, 3288
146143368764728, 146143368772424, 7696
146143855571412, 146143855574008, 2596
146144845165452, 146144845168224, 2772
146145032735876, 146145032740948, 5072
146145717063820, 146145717066868, 3048
146145892669816, 146145892672152, 2336
146146233792432, 146146233799400, 6968
146146936122580, 146146936125692, 3112
146146980028256, 146146980035424, 7168
146147434969080, 146147434976300, 7220
146148067391084, 146148067396000, 4916
146148344739372, 146148344746148, 6776
146148636104244, 146148636108916, 4672
146149154777856, 146149154784808, 6952
146149773315152, 146149773322272, 7120
146149837140244, 146149837145516, 5272
146150822751108, 146150822754248, 3140
146150930505680, 146150930508692, 3012
146151541548996, 146151541559220, 10224
146153953235860, 146153953239676, 3816
146154443833584, 146154443839472, 5888
146154935748216, 146154935754176, 5960
146155842691244, 146155842699368, 8124
146156688609280, 146156688612448, 3168
146156896148252, 146156896151432, 3180
146157363014988, 146157363017996, 3008
146157482729272, 146157482732028, 2756
146157588584436, 146157588595272, 10836
146158266817668, 146158266820800, 3132
146158685813420, 146158685819884, 6464
146158941195284, 146158941201656, 6372
146159493872832, 146159493875744, 2912
146159920841016, 146159920848128, 7112
146160028553176, 146160028560728, 7552
146161155851700, 146161155855776, 4076
146161491066264, 146161491068180, 1916
146162311055316, 146162311063496, 8180
146162578413464, 146162578416896, 3432
146163131116324, 146163131124464, 8140
146138603170584, 146138603179496, 8912
146138636182276, 146138636191044, 8768
146142698373836, 146142698377032, 3196
146143384796852, 146143384802592, 5740
146144817352208, 146144817355428, 3220
146144893050492, 146144893057968, 7476
146145110518712, 146145110521580, 2868
146145393879960, 146145393882420, 2460
146145517572256, 146145517575432, 3176
146146191926576, 146146191933460, 6884
146146904196948, 146146904203640, 6692
146147616501596, 146147616509160, 7564
146148328774352, 146148328810748, 36396
146149126841320, 146149126844792, 3472
146149823172372, 146149823179924, 7552
146151499120196, 146151499123008, 2812
146151559472600, 146151559478248, 5648
146151650824432, 146151650831224, 6792
146152149628136, 146152149632792, 4656
146152470772748, 146152470779824, 7076
146153500300428, 146153500303428, 3000
146154202601680, 146154202603640, 1960
146154362224788, 146154362227948, 3160
146154561745456, 146154561751396, 5940
146154980738152, 146154980741664, 3512
146155078510688, 146155078516132, 5444
146155479565836, 146155479573080, 7244
146155810756120, 146155810762728, 6608
146156215836480, 146156215843592, 7112
146156397354364, 146156397359068, 4704
146156543070188, 146156543076880, 6692
146156924046748, 146156924050240, 3492
146157095659084, 146157095662408, 3324
146158103296972, 146158103299828, 2856
146158262824560, 146158262827456, 2896
146158322172840, 146158322182228, 9388
146158739672784, 146158739680788, 8004
146159013035456, 146159013042640, 7184
146159471987196, 146159471994044, 6848
146159725315564, 146159725320448, 4884
146160082436592, 146160082439956, 3364
146160204156932, 146160204164132, 7200
146160437601144, 146160437608212, 7068
146160936380180, 146160936387252, 7072
146161481109040, 146161481112792, 3752
146162358954392, 146162358961208, 6816
146163374494680, 146163374497980, 3300
146163592012012, 146163592019684, 7672
