30817722263896, 30817722272260, 8364
30821763105364, 30821763108616, 3252
30822602566716, 30822602572152, 5436
30822660391552, 30822660394576, 3024
30822803926924, 30822803929284, 2360
30823087755484, 30823087766388, 10904
30824088188984, 30824088192172, 3188
30824949508748, 30824949519116, 10368
30825238063568, 30825238071856, 8288
30825601826348, 30825601829364, 3016
30826307735824, 30826307738620, 2796
30826352197472, 30826352208144, 10672
30827009816536, 30827009819412, 2876
30827509523252, 30827509532296, 9044
30828369940624, 30828369950792, 10168
30829205307932, 30829205311132, 3200
30829580469452, 30829580478316, 8864
30829608745116, 30829608753244, 8128
30829949167232, 30829949169824, 2592
30830954331516, 30830954336928, 5412
30831933391316, 30831933394380, 3064
30832109294672, 30832109302868, 8196
30832506850540, 30832506858576, 8036
30832686994628, 30832687003656, 9028
30832982449408, 30832982453648, 4240
30833433015700, 30833433018436, 2736
30833514760500, 30833514762888, 2388
30833807611128, 30833807620756, 9628
30834458002188, 30834458005924, 3736
30834501875460, 30834501884784, 9324
30835363491404, 30835363500980, 9576
30835937753536, 30835937756716, 3180
30836118043452, 30836118053196, 9744
30836508037304, 30836508041196, 3892
30837166230496, 30837166233456, 2960
30837692648472, 30837692651316, 2844
30838566076780, 30838566080456, 3676
30838841374800, 30838841377580, 2780
30839120467820, 30839120470864, 3044
30840061682908, 30840061685812, 2904
30840175374864, 30840175380004, 5140
30841035720496, 30841035728544, 8048
30841485608864, 30841485612204, 3340
30842069848804, 30842069851624, 2820
30842628963092, 30842628968032, 4940
30817620885968, 30817620894452, 8484
30817637836596, 30817637849992, 13396
30817654381760, 30817654390724, 8964
30817671422140, 30817671435812, 13672
30817688619624, 30817688627696, 8072
30817713642436, 30817713651116, 8680
30822142050324, 30822142053388, 3064
30822815899248, 30822815902352, 3104
30823677136496, 30823677147224, 10728
30824437193664, 30824437196988, 3324
30824536886560, 30824536889932, 3372
30825094298480, 30825094307508, 9028
30825426337952, 30825426352532, 14580
30825985090808, 30825985118008, 27200
30826845770276, 30826845781528, 11252
30827037608456, 30827037613812, 5356
30827998886816, 30827998889796, 2980
30828497306264, 30828497313656, 7392
30828672952864, 30828672959972, 7108
30829533251592, 30829533262300, 10708
30829925327052, 30829925329728, 2676
30830300629988, 30830300638524, 8536
30831008056572, 30831008060032, 3460
30831300814036, 30831300821640, 7604
30831328549028, 30831328557144, 8116
30831498634880, 30831498643160, 8280
30831923520940, 30831923522952, 2012
30832216738992, 30832216747076, 8084
30832244476712, 30832244483120, 6408
30832426161836, 30832426170172, 8336
30833288690036, 30833288698988, 8952
30833572281112, 30833572291320, 10208
30834465971884, 30834465975100, 3216
30834856876828, 30834856879492, 2664
30835265662324, 30835265664704, 2380
30835656560104, 30835656562864, 2760
30836516791896, 30836516802220, 10324
30836603769312, 30836603772620, 3308
30837001785104, 30837001794452, 9348
30837184187236, 30837184196536, 9300
30837740488804, 30837740492412, 3608
30838049498360, 30838049509048, 10688
30838065476480, 30838065478504, 2024
30838247206440, 30838247216200, 9760
30838316749260, 30838316750592, 1332
30838727588000, 30838727590984, 2984
30839590538992, 30839590549452, 10460
30839874012420, 30839874021236, 8816
30839972535840, 30839972543244, 7404
30840470531536, 30840470534384, 2848
30840969162044, 30840969169568, 7524
30841708923556, 30841708926412, 2856
30841752738940, 30841752748248, 9308
30841964190120, 30841964193492, 3372
30842826571960, 30842826576304, 4344
30842870419212, 30842870423840, 4628
30822133987444, 30822133990568, 3124
30822638451124, 30822638458536, 7412
30823014178740, 30823014206540, 27800
30823386278864, 30823386281892, 3028
30823695020008, 30823695026856, 6848
30824102125732, 30824102131816, 6084
30824536893964, 30824536896772, 2808
30824580783392, 30824580792756, 9364
30825185844468, 30825185854292, 9824
30825361253928, 30825361260164, 6236
30825944837668, 30825944840604, 2936
30826323685632, 30826323688232, 2600
30826699204592, 30826699213304, 8712
30827008382824, 30827008391864, 9040
30827492310476, 30827492313380, 2904
30827672376808, 30827672387404, 10596
30828026783208, 30828026788652, 5444
30828310480760, 30828310487604, 6844
30828349763520, 30828349764820, 1300
30828644937080, 30828644940040, 2960
30829005898636, 30829005901284, 2648
30829075723600, 30829075728868, 5268
30829360329560, 30829360356868, 27308
30830032865060, 30830032868688, 3628
30830343815812, 30830343823624, 7812
30830623192436, 30830623195352, 2916
30831119825240, 30831119828132, 2892
30831716029028, 30831716032372, 3344
30832102851592, 30832102856588, 4996
30832600330472, 30832600339224, 8752
30832743023268, 30832743026320, 3052
30833293415092, 30833293419980, 4888
30833473627612, 30833473637680, 10068
30833502797536, 30833502799736, 2200
30833878387292, 30833878394756, 7464
30834053308736, 30834053317216, 8480
30834659404708, 30834659415236, 10528
30835217167728, 30835217178364, 10636
30835816128908, 30835816131776, 2868
30836039378200, 30836039381536, 3336
30836332616552, 30836332625464, 8912
30836376464576, 30836376472360, 7784
30837017500832, 30837017509968, 9136
30837920656128, 30837920665400, 9272
30838841382968, 30838841387212, 4244
30839547220260, 30839547223180, 2920
30839858009292, 30839858019176, 9884
30839901814576, 30839901822168, 7592
30840289037376, 30840289040384, 3008
30840670055704, 30840670059696, 3992
30840745691192, 30840745692928, 1736
30840789526424, 30840789536420, 9996
30841690679620, 30841690690328, 10708
30842544469284, 30842544472880, 3596
30817603743440, 30817603751964, 8524
30821735226928, 30821735229772, 2844
30822656461924, 30822656469344, 7420
30823214463648, 30823214493860, 30212
30823579681488, 30823579683280, 1792
30824271667060, 30824271669868, 2808
30824664524732, 30824664527528, 2796
30824843984748, 30824843988740, 3992
30825341695636, 30825341706536, 10900
30825369973828, 30825369982096, 8268
30825514067644, 30825514087336, 19692
30825881101912, 30825881109816, 7904
30826437351272, 30826437354532, 3260
30826618957776, 30826618967704, 9928
30827009832992, 30827009837256, 4264
30827219114200, 30827219117132, 2932
30827595135864, 30827595143152, 7288
30827776863848, 30827776872252, 8404
30827819344496, 30827819345848, 1352
30827847591512, 30827847596828, 5316
30828203027272, 30828203037400, 10128
30828760491096, 30828760499476, 8380
30829151490736, 30829151494176, 3440
30829889352496, 30829889355756, 3260
30829947163544, 30829947166872, 3328
30830170855684, 30830170869008, 13324
30830463754276, 30830463763432, 9156
30831325409656, 30831325417580, 7924
30832120798312, 30832120801036, 2724
30833094043508, 30833094046372, 2864
30833219644656, 30833219647520, 2864
30833717599344, 30833717609468, 10124
30834176818760, 30834176832208, 13448
30834675791892, 30834675801200, 9308
30834956561820, 30834956565056, 3236
30835597258032, 30835597268044, 10012
30836252671528, 30836252674812, 3284
30836743353700, 30836743356736, 3036
30837792347628, 30837792351436, 3808
30838085962256, 30838085970580, 8324
30838566081316, 30838566083724, 2408
30838940996200, 30838940999808, 3608
30839383695240, 30839383698476, 3236
30839881528552, 30839881538276, 9724
30840669948744, 30840669951176, 2432
30840850036256, 30840850046724, 10468
30841710364860, 30841710375588, 10728
30842086887976, 30842086896012, 8036
30817595852744, 30817595865076, 12332
30817629358344, 30817629366880, 8536
30822121994180, 30822122005072, 10892
30822678313892, 30822678320384, 6492
30822957502664, 30822957505620, 2956
30823139142740, 30823139152144, 9404
30823426149960, 30823426152592, 2632
30823817030416, 30823817033524, 3108
30824469078404, 30824469085960, 7556
30824693013488, 30824693022628, 9140
30825333174136, 30825333183460, 9324
30825837243912, 30825837250400, 6488
30826110387196, 30826110390352, 3156
30826190062192, 30826190065164, 2972
30826587842108, 30826587850032, 7924
30826866129884, 30826866132944, 3060
30827227075272, 30827227078620, 3348
30827370770044, 30827370773080, 3036
30828070606108, 30828070614348, 8240
30828545257788, 30828545273872, 16084
30828904241372, 30828904245428, 4056
30829216243752, 30829216253412, 9660
30829614122896, 30829614131400, 8504
30830515497788, 30830515507888, 10100
30830822605776, 30830822608876, 3100
30831198759780, 30831198768452, 8672
30831378756224, 30831378764684, 8460
30832240208304, 30832240217428, 9124
30832523982476, 30832523992112, 9636
30833181767620, 30833181770760, 3140
30834083196772, 30834083204944, 8172
30834414169644, 30834414172664, 3020
30834697739596, 30834697748460, 8864
30835006913056, 30835006922956, 9900
30835712385964, 30835712389076, 3112
30835941811412, 30835941817180, 5768
30836603764568, 30836603768208, 3640
30837465362748, 30837465372168, 9420
30838075454556, 30838075457560, 3004
30838450523028, 30838450530816, 7788
30839415596520, 30839415600440, 3920
30839708425400, 30839708435024, 9624
30839888450552, 30839888459320, 8768
30840750290756, 30840750300204, 9448
30840958290820, 30840958300816, 9996
30840986016164, 30840986024120, 7956
30841209465000, 30841209472804, 7804
30841585312040, 30841585315560, 3520
30841964195016, 30841964197248, 2232
30842556428052, 30842556430804, 2752
30842932246496, 30842932250996, 4500
30817612023908, 30817612035940, 12032
30817646342748, 30817646351120, 8372
30817663057000, 30817663069656, 12656
30817679914664, 30817679923296, 8632
30817739316004, 30817739324308, 8304
30821816976204, 30821816979360, 3156
30822680315812, 30822680320992, 5180
30823462035400, 30823462038500, 3100
30823637397492, 30823637405448, 7956
30823665132616, 30823665140756, 8140
30823944734136, 30823944737232, 3096
30824806547176, 30824806556148, 8972
30824915775076, 30824915777020, 1944
30825944834920, 30825944838336, 3416
30826355584636, 30826355587668, 3032
30827436484752, 30827436487724, 2972
30828092553608, 30828092556416, 2808
30828136980836, 30828136990820, 9984
30829171412788, 30829171416484, 3696
30829927230704, 30829927233932, 3228
30830208465164, 30830208468092, 2928
30830491851604, 30830491861296, 9692
30830519556832, 30830519564112, 7280
30831161881684, 30831161890248, 8564
30831173563020, 30831173564548, 1528
30831457081888, 30831457090216, 8328
30831979244056, 30831979251776, 7720
30832620046860, 30832620056236, 9376
30833291426144, 30833291428816, 2672
30834412176052, 30834412183840, 7788
30835271851448, 30835271878560, 27112
30835447273736, 30835447280520, 6784
30835969628824, 30835969632104, 3280
30836280177352, 30836280186572, 9220
30836781255232, 30836781262284, 7052
30837005085444, 30837005111088, 25644
30837802306744, 30837802310496, 3752
30838063522124, 30838063524880, 2756
30838149234356, 30838149240604, 6248
30838372672504, 30838372680184, 7680
30838400365304, 30838400374548, 9244
30839122450252, 30839122458156, 7904
30839256070172, 30839256073080, 2908
30839438319928, 30839438329156, 9228
30839517390528, 30839517393352, 2824
30840418763868, 30840418773364, 9496
30840681897328, 30840681900484, 3156
30841385881540, 30841385884432, 2892
30842257335624, 30842257339924, 4300
30842500602436, 30842500605944, 3508
30842809260532, 30842809264092, 3560
30817705306796, 30817705315676, 8880
30819739126608, 30819739131628, 5020
30819739187108, 30819739189952, 2844
30819739222040, 30819739224716, 2676
30819739258376, 30819739260788, 2412
30819739296504, 30819739298884, 2380
30819739321648, 30819739323396, 1748
30819739396872, 30819739399552, 2680
30819739442492, 30819739445172, 2680
30819739506880, 30819739509528, 2648
30819739543540, 30819739546248, 2708
30819739649024, 30819739651384, 2360
30819739687376, 30819739690116, 2740
30819739726260, 30819739729492, 3232
30819739764208, 30819739766676, 2468
30819739809756, 30819739812104, 2348
30819739833984, 30819739836508, 2524
30819739884696, 30819739887212, 2516
30819739919804, 30819739922612, 2808
30819739955320, 30819739957728, 2408
30821733288564, 30821733296292, 7728
30821733312780, 30821733325648, 12868
30821733336620, 30821733345580, 8960
30821733356868, 30821733365848, 8980
30821733376152, 30821733385012, 8860
30821733395440, 30821733404412, 8972
30821733414336, 30821733423144, 8808
30821733433140, 30821733441712, 8572
30821733451592, 30821733460252, 8660
30821733470532, 30821733479548, 9016
30821733489808, 30821733498608, 8800
30821733509352, 30821733517512, 8160
30822574647636, 30822574652864, 5228
30822885696956, 30822885703864, 6908
30823916726808, 30823916729792, 2984
30824295586668, 30824295589332, 2664
30825197150384, 30825197160836, 10452
30826130237672, 30826130240852, 3180
30826866133420, 30826866136712, 3292
30827768243804, 30827768252424, 8620
30828409680900, 30828409690424, 9524
30828778559684, 30828778562736, 3052
30829051798868, 30829051806804, 7936
30829719835968, 30829719842604, 6636
30830029422216, 30830029435012, 12796
30830720905508, 30830720917380, 11872
30831716034572, 30831716038504, 3932
30831895507404, 30831895515332, 7928
30832872656688, 30832872659416, 2728
30833432532788, 30833432543552, 10764
30833614218264, 30833614225328, 7064
30833658050960, 30833658059076, 8116
30833968165316, 30833968173616, 8300
30834077103172, 30834077105896, 2724
30834408224212, 30834408232680, 8468
30834783475584, 30834783487988, 12404
30834966524764, 30834966529812, 5048
30835146666692, 30835146674920, 8228
30835543945204, 30835543955316, 10112
30836504078976, 30836504081992, 3016
30836887052520, 30836887055208, 2688
30837066497584, 30837066506212, 8628
30837341654936, 30837341657852, 2916
30837840592608, 30837840602596, 9988
30838445292132, 30838445300752, 8620
30839357771140, 30839357774116, 2976
30839915196268, 30839915205416, 9148
30840199291440, 30840199296316, 4876
30840757925280, 30840757934452, 9172
30841068651736, 30841068659592, 7856
30841585307276, 30841585310408, 3132
30841870469548, 30841870476904, 7356
30842257338476, 30842257342528, 4052
30842899318948, 30842899323940, 4992
30817696999248, 30817697007908, 8660
30817730776632, 30817730785564, 8932
30817747265316, 30817747273248, 7932
30821822881356, 30821822884516, 3160
30822770055892, 30822770063044, 7152
30823268098492, 30823268109248, 10756
30823666483560, 30823666491976, 8416
30823710340132, 30823710348292, 8160
30824084313724, 30824084316892, 3168
30824449133560, 30824449141960, 8400
30824893858900, 30824893861928, 3028
30825177325004, 30825177335388, 10384
30825601821512, 30825601824592, 3080
30826503753076, 30826503763348, 10272
30827458401300, 30827458404684, 3384
30827681913552, 30827681923560, 10008
30828092530424, 30828092533400, 2976
30829195348164, 30829195351116, 2952
30830056704936, 30830056714860, 9924
30830822634328, 30830822636864, 2536
30830966195800, 30830966197544, 1744
30831523646264, 30831523655456, 9192
30831889527628, 30831889535504, 7876
30832447560492, 30832447588284, 27792
30833099994960, 30833100002456, 7496
30833705861832, 30833705888312, 26480
30834450039760, 30834450043072, 3312
30835351194396, 30835351204152, 9756
30835395023724, 30835395032300, 8576
30835706423224, 30835706430424, 7200
30836906884108, 30836906888108, 4000
30837200312972, 30837200322452, 9480
30837441347964, 30837441350976, 3012
30837469036684, 30837469045668, 8984
30837852149480, 30837852152096, 2616
30838516190484, 30838516198200, 7716
30838940986660, 30838940989424, 2764
30839297949052, 30839297950968, 1916
30839840353128, 30839840356004, 2876
30840289030196, 30840289033776, 3580
30840763664892, 30840763667188, 2296
30841139098160, 30841139107312, 9152
30841697139308, 30841697148952, 9644
30841981326172, 30841981333824, 7652
30842492163740, 30842492167624, 3884
