40516897299828, 40516897314756, 14928
40517214465044, 40517214468532, 3488
40518172180540, 40518172183480, 2940
40519129841792, 40519129844296, 2504
40520087565916, 40520087569124, 3208
40521045226032, 40521045228684, 2652
40522002947248, 40522002950328, 3080
40522960609468, 40522960612536, 3068
40523918329660, 40523918332800, 3140
40524876046988, 40524876050124, 3136
40525833709208, 40525833711596, 2388
40526791434276, 40526791437456, 3180
40527749095044, 40527749098376, 3332
40528706814344, 40528706817548, 3204
40529664473608, 40529664476404, 2796
40530622196176, 40530622199416, 3240
40531579854312, 40531579857100, 2788
40532537578792, 40532537581868, 3076
40533495238796, 40533495241676, 2880
40534452958672, 40534452961792, 3120
40535410619744, 40535410622600, 2856
40517046860592, 40517046874672, 14080
40517234427376, 40517234430728, 3352
40518202109952, 40518202112984, 3032
40519169746636, 40519169749248, 2612
40520137443928, 40520137447184, 3256
40521105080480, 40521105083092, 2612
40522072778616, 40522072781916, 3300
40523040414040, 40523040416376, 2336
40524008113760, 40524008117144, 3384
40524975750456, 40524975753732, 3276
40525943447156, 40525943449856, 2700
40526911144400, 40526911147740, 3340
40527878779400, 40527878782788, 3388
40528846478948, 40528846482328, 3380
40529814116020, 40529814119348, 3328
40530781813636, 40530781816956, 3320
40531749452040, 40531749455000, 2960
40532717148584, 40532717151340, 2756
40533684785176, 40533684788168, 2992
40534652482448, 40534652485804, 3356
40535620120072, 40535620123008, 2936
40515301102870, 40515301140960, 38090
40516705756804, 40516705791316, 34512
40518112324412, 40518112327364, 2952
40519518916224, 40519518919128, 2904
40520925569952, 40520925573116, 3164
40522332165060, 40522332168312, 3252
40523738756864, 40523738759520, 2656
40525145345476, 40525145348036, 2560
40526551999280, 40526552002100, 2820
40527958591716, 40527958594928, 3212
40529365185688, 40529365188436, 2748
40530771837720, 40530771840880, 3160
40532178430948, 40532178434248, 3300
40533585022568, 40533585025204, 2636
40534991617448, 40534991620772, 3324
40536398270408, 40536398280292, 9884
40515301103930, 40515301143400, 39470
40516763594912, 40516763604588, 9676
40518228048024, 40518228051212, 3188
40519692505080, 40519692508204, 3124
40521156958428, 40521156960948, 2520
40522621474200, 40522621477296, 3096
40524085928708, 40524085931884, 3176
40525550381812, 40525550384932, 3120
40527014836696, 40527014839068, 2372
40528479353068, 40528479356248, 3180
40529943807180, 40529943810392, 3212
40531408263204, 40531408266376, 3172
40532872776120, 40532872779272, 3152
40534337232076, 40534337235212, 3136
40535801689236, 40535801693848, 4612
