40511213622368, 40511213631216, 8848
40511220792664, 40511220800560, 7896
40511228599360, 40511228608024, 8664
40516897295548, 40516897299636, 4088
40516897320092, 40516897328016, 7924
40517214459664, 40517214464852, 5188
40518172174620, 40518172180348, 5728
40519129836320, 40519129841596, 5276
40520087561268, 40520087565720, 4452
40521045221912, 40521045225836, 3924
40522002941416, 40522002947056, 5640
40522960604888, 40522960609272, 4384
40523918325112, 40523918329468, 4356
40524876041132, 40524876046796, 5664
40525833703496, 40525833709012, 5516
40526791429776, 40526791434084, 4308
40527749090452, 40527749094848, 4396
40528706809632, 40528706814148, 4516
40529664469308, 40529664473412, 4104
40530622191652, 40530622195984, 4332
40531579848924, 40531579854120, 5196
40532537574340, 40532537578600, 4260
40533495234452, 40533495238604, 4152
40534452950988, 40534452958480, 7492
40535410615260, 40535410619544, 4284
40517046856896, 40517046860252, 3356
40517046879676, 40517046886996, 7320
40517234422488, 40517234427180, 4692
40518202104280, 40518202109772, 5492
40519169740868, 40519169746444, 5576
40520137437608, 40520137443664, 6056
40521105074176, 40521105080284, 6108
40522072772672, 40522072778420, 5748
40523040408492, 40523040413856, 5364
40524008107408, 40524008113508, 6100
40524975744468, 40524975750260, 5792
40525943441240, 40525943446964, 5724
40526911138316, 40526911144204, 5888
40527878772984, 40527878779148, 6164
40528846472288, 40528846478752, 6464
40529814109704, 40529814115812, 6108
40530781807516, 40530781813444, 5928
40531749445836, 40531749451852, 6016
40532717142440, 40532717148388, 5948
40533684779180, 40533684784984, 5804
40534652475884, 40534652482264, 6380
40535620113756, 40535620119892, 6136
40515301097316, 40515301102544, 5228
40516705749296, 40516705756470, 7174
40518112318572, 40518112324220, 5648
40519518909948, 40519518916032, 6084
40520925563556, 40520925569760, 6204
40522332158828, 40522332164864, 6036
40523738750612, 40523738756668, 6056
40525145338608, 40525145345284, 6676
40526551993752, 40526551999080, 5328
40527958585004, 40527958591520, 6516
40529365179332, 40529365185500, 6168
40530771830936, 40530771837508, 6572
40532178424572, 40532178430752, 6180
40533585015912, 40533585022380, 6468
40534991610876, 40534991617256, 6380
40536398263120, 40536398270220, 7100
40515301097696, 40515301103616, 5920
40516763589224, 40516763594716, 5492
40518228041792, 40518228047840, 6048
40519692498740, 40519692504888, 6148
40521156952116, 40521156958236, 6120
40522621467720, 40522621474004, 6284
40524085922316, 40524085928424, 6108
40525550375724, 40525550381624, 5900
40527014831212, 40527014836500, 5288
40528479347220, 40528479352876, 5656
40529943801012, 40529943806988, 5976
40531408257044, 40531408263008, 5964
40532872770512, 40532872775920, 5408
40534337226208, 40534337231888, 5680
40535801682788, 40535801689032, 6244
