17527703013096, 17527703025772, 12676
17531783245044, 17531783250092, 5048
17532411722432, 17532411728472, 6040
17533133935528, 17533133939432, 3904
17533856225140, 17533856229096, 3956
17534578509184, 17534578513244, 4060
17535300716680, 17535300723340, 6660
17536023009460, 17536023013568, 4108
17536745291704, 17536745295732, 4028
17537467506564, 17537467510488, 3924
17538189793644, 17538189798188, 4544
17538912078716, 17538912082600, 3884
17539634290760, 17539634294876, 4116
17540356575056, 17540356579256, 4200
17541078791524, 17541078796240, 4716
17541801077208, 17541801081460, 4252
17542523362212, 17542523366200, 3988
17543245570272, 17543245587672, 17400
17543967855992, 17543967861844, 5852
17544690144440, 17544690150184, 5744
17545412358484, 17545412363916, 5432
17546134642548, 17546134647812, 5264
17546856928492, 17546856934484, 5992
17547579140420, 17547579146108, 5688
17548301425564, 17548301431244, 5680
17549023637488, 17549023642800, 5312
17549745924704, 17549745930100, 5396
17550468211480, 17550468216672, 5192
17551190423184, 17551190428988, 5804
17551912711604, 17551912717412, 5808
17531783239738, 17531783245232, 5494
17532816761496, 17532816767604, 6108
17533944015560, 17533944019928, 4368
17535071267424, 17535071271460, 4036
17536198591912, 17536198596088, 4176
17537325866752, 17537325874438, 7686
17538453168220, 17538453172232, 4012
17539580419092, 17539580424176, 5084
17540707742060, 17540707747332, 5272
17541834994664, 17541835000164, 5500
17542962316808, 17542962322016, 5208
17544089569784, 17544089574000, 4216
17545216820580, 17545216826040, 5460
17546344149052, 17546344153680, 4628
17547471397608, 17547471403144, 5536
17548598722728, 17548598727112, 4384
17549725972968, 17549725978428, 5460
17550853295624, 17550853301332, 5708
17551980553832, 17551980559756, 5924
17527656228872, 17527656236824, 7952
17527663480668, 17527663489708, 9040
17527671579380, 17527671587676, 8296
17527687685500, 17527687699244, 13744
17532451630664, 17532451633912, 3248
17532832727344, 17532832731800, 4456
17533975934620, 17533975940624, 6004
17535119152156, 17535119156256, 4100
17536262437100, 17536262442592, 5492
17537405655996, 17537405660168, 4172
17538548940172, 17538548944204, 4032
17539692156532, 17539692161088, 4556
17540835436464, 17540835441888, 5424
17541978657600, 17541978662024, 4424
17543121865964, 17543121871448, 5484
17544265148436, 17544265154412, 5976
17545408367112, 17545408372812, 5700
17546551653408, 17546551658828, 5420
17547694869152, 17547694873612, 4460
17548838156080, 17548838160088, 4008
17549981369868, 17549981374192, 4324
17551124585136, 17551124589252, 4116
17552267864892, 17552267870156, 5264
17532443648880, 17532443652172, 3292
17532874626040, 17532874630372, 4332
17534059740248, 17534059744540, 4292
17535244849912, 17535244855236, 5324
17536430042764, 17536430048936, 6172
17537615153160, 17537615158984, 5824
17538800342376, 17538800346480, 4104
17539985455052, 17539985460564, 5512
17541170571080, 17541170575384, 4304
17542355756188, 17542355762292, 6104
17543540871024, 17543540877152, 6128
17544726054956, 17544726060056, 5100
17545911176948, 17545911181780, 4832
17547096290364, 17547096294764, 4400
17548281479624, 17548281484788, 5164
17549466589584, 17549466594872, 5288
17550651779924, 17550651784240, 4316
17551836890236, 17551836895964, 5728
17531719393218, 17531719431960, 38742
17532904551656, 17532904557388, 5732
17534119597428, 17534119602148, 4720
17535334641200, 17535334645456, 4256
17536549757652, 17536549762440, 4788
17537764799144, 17537764803204, 4060
17538979915100, 17538979919492, 4392
17540194961364, 17540194966256, 4892
17541410004828, 17541410008860, 4032
17542625119580, 17542625123940, 4360
17543840160128, 17543840166312, 6184
17545055205260, 17545055211036, 5776
17546270320560, 17546270326392, 5832
17547485363452, 17547485369892, 6440
17548700477888, 17548700484256, 6368
17549915522508, 17549915528416, 5908
17551130564248, 17551130570504, 6256
17552345680888, 17552345687764, 6876
17529695911724, 17529695917092, 5368
17529695955676, 17529695958772, 3096
17529695986896, 17529695989452, 2556
17529696016440, 17529696019052, 2612
17529696045628, 17529696047876, 2248
17529696074308, 17529696076704, 2396
17529696102316, 17529696104552, 2236
17531689511304, 17531689517380, 6076
17532397779912, 17532397811988, 32076
17533105999628, 17533106005684, 6056
17533814319960, 17533814325520, 5560
17534522654084, 17534522663472, 9388
17535230883900, 17535230889800, 5900
17535939222824, 17535939232112, 9288
17536647520200, 17536647522036, 1836
17537355769120, 17537355774768, 5648
17538064086600, 17538064092132, 5532
17538772406308, 17538772411744, 5436
17539480654412, 17539480659844, 5432
17540188970036, 17540188975616, 5580
17540897289772, 17540897297316, 7544
17541605535292, 17541605540588, 5296
17542313857316, 17542313863788, 6472
17543022100804, 17543022106308, 5504
17543730421340, 17543730426952, 5612
17544438738284, 17544438743276, 4992
17545146984508, 17545146991760, 7252
17545855306180, 17545855311912, 5732
17546563623492, 17546563628996, 5504
17547271871064, 17547271876220, 5156
17547980190492, 17547980196108, 5616
17548688507740, 17548688513840, 6100
17549396756528, 17549396762300, 5772
17550105070844, 17550105075924, 5080
17550813392252, 17550813398908, 6656
17551521639684, 17551521645080, 5396
17552229960604, 17552229966764, 6160
17527695906864, 17527695915176, 8312
17531725369932, 17531725374764, 4832
17533205762532, 17533205768428, 5896
17534722166216, 17534722171972, 5756
17536238494092, 17536238499648, 5556
17537754821248, 17537754826660, 5412
17539271149744, 17539271155248, 5504
17540787556136, 17540787560312, 4176
17542303879940, 17542303885504, 5564
17543820206200, 17543820211648, 5448
17545336535128, 17545336540672, 5544
17546852937420, 17546852943844, 6424
17548369265716, 17548369271472, 5756
17549885593192, 17549885599480, 6288
17551401927372, 17551401931848, 4476
17552918346664, 17552918353878, 7214
17527679596272, 17527679609908, 13636
