19782062491852, 19782062500868, 9016
19782095028944, 19782095037104, 8160
19782103241216, 19782103250244, 9028
19782118581568, 19782118590024, 8456
19786819773316, 19786819776708, 3392
19786873644404, 19786873648324, 3920
19787464243024, 19787464246260, 3236
19788814970312, 19788814974128, 3816
19789194063576, 19789194066124, 2548
19789297831348, 19789297835000, 3652
19789511880508, 19789511889792, 9284
19790261460892, 19790261464088, 3196
19791289028476, 19791289031896, 3420
19791775871592, 19791775875016, 3424
19792200780812, 19792200783440, 2628
19792388337204, 19792388340132, 2928
19792444210664, 19792444218048, 7384
19792765456732, 19792765460328, 3596
19793138875760, 19793138884884, 9124
19793934606992, 19793934618216, 11224
19794263815620, 19794263818516, 2896
19795270509020, 19795270518988, 9968
19796031543580, 19796031546660, 3080
19796258291748, 19796258300904, 9156
19796889547360, 19796889552648, 5288
19797001242436, 19797001245468, 3032
19797376363204, 19797376366372, 3168
19797565907840, 19797565910516, 2676
19797803270976, 19797803278376, 7400
19798032768532, 19798032772416, 3884
19798703135548, 19798703143004, 7456
19798956532580, 19798956536272, 3692
19799187436552, 19799187444476, 7924
19799200289760, 19799200298180, 8420
19799670841852, 19799670845356, 3504
19799984019168, 19799984021700, 2532
19800073557704, 19800073566240, 8536
19800189538140, 19800189540792, 2652
19801376724500, 19801376727540, 3040
19801603500276, 19801603506320, 6044
19801830388988, 19801830398088, 9100
19802559834988, 19802559838064, 3076
19802749382944, 19802749385760, 2816
19802963548908, 19802963558052, 9144
19803143510676, 19803143518092, 7416
19803383886204, 19803383891172, 4968
19803645260832, 19803645264184, 3352
19805031902728, 19805031905436, 2708
19805331184168, 19805331186816, 2648
19805760161524, 19805760163792, 2268
19805901752168, 19805901753752, 1584
19806298810136, 19806298812676, 2540
19806414538268, 19806414541224, 2956
19782030185348, 19782030194140, 8792
19782046484852, 19782046497212, 12360
19782086803060, 19782086811928, 8868
19786815787444, 19786815790724, 3280
19786913547208, 19786913552828, 5620
19787494178376, 19787494181060, 2684
19788249822588, 19788249833892, 11304
19788810974796, 19788810977716, 2920
19788914731472, 19788914734940, 3468
19789566114580, 19789566122400, 7820
19789754738960, 19789754742120, 3160
19790353241712, 19790353244244, 2532
19790604652212, 19790604656888, 4676
19791009681136, 19791009684536, 3400
19791265077712, 19791265081108, 3396
19791504515132, 19791504519920, 4788
19791761898884, 19791761905800, 6916
19792504075124, 19792504078428, 3304
19792911096372, 19792911099356, 2984
19794116160336, 19794116163008, 2672
19795604633788, 19795604636512, 2724
19796611029600, 19796611040188, 10588
19796927410728, 19796927417360, 6632
19798032748272, 19798032751352, 3080
19798814862644, 19798814865308, 2664
19800191532480, 19800191536224, 3744
19800516755948, 19800516758936, 2988
19800758200396, 19800758203096, 2700
19801410139716, 19801410147104, 7388
19801609297048, 19801609305584, 8536
19802302449668, 19802302454264, 4596
19802615709680, 19802615712596, 2916
19803268116504, 19803268124012, 7508
19803505589020, 19803505593696, 4676
19804465249124, 19804465252100, 2976
19805434934344, 19805434937224, 2880
19806086839596, 19806086850008, 10412
19806099708800, 19806099712820, 4020
19806729798684, 19806729801620, 2936
19806956619328, 19806956624208, 4880
19781982776152, 19781982787728, 11576
19781989819004, 19781989828200, 9196
19781997791204, 19781997803504, 12300
19782014041952, 19782014050684, 8732
19786199265418, 19786199270444, 5026
19786969415284, 19786969420944, 5660
19787569990092, 19787569993088, 2996
19788221513564, 19788221523800, 10236
19788453836916, 19788453841116, 4200
19788852885792, 19788852888832, 3040
19789859127732, 19789859138044, 10312
19790684456228, 19790684461004, 4776
19791335985952, 19791335995540, 9588
19791600283412, 19791600290620, 7208
19792342444384, 19792342449016, 4632
19792573908272, 19792573911244, 2972
19792952996992, 19792952999592, 2600
19793834833636, 19793834836480, 2844
19793946567328, 19793946570108, 2780
19794371556604, 19794371559160, 2556
19795133759108, 19795133761868, 2760
19795433061084, 19795433063848, 2764
19795648528524, 19795648531092, 2568
19796943399864, 19796943407396, 7532
19797222714260, 19797222720224, 5964
19798778952912, 19798778956232, 3320
19799092213724, 19799092216484, 2760
19799471307488, 19799471310532, 3044
19799844603660, 19799844612468, 8808
19800694332692, 19800694335008, 2316
19801081412368, 19801081418452, 6084
19801455172588, 19801455199020, 26432
19801458514644, 19801458515980, 1336
19801638361172, 19801638369424, 8252
19801651750612, 19801651758804, 8192
19802236596892, 19802236602288, 5396
19802266530760, 19802266535672, 4912
19802745392980, 19802745397544, 4564
19802938928564, 19802938930024, 1460
19803745017344, 19803745019984, 2640
19804052220192, 19804052223132, 2940
19804381435600, 19804381438732, 3132
19805131675224, 19805131678120, 2896
19806298814276, 19806298816884, 2608
19806951005852, 19806951011132, 5280
19786167341332, 19786167345684, 4352
19787005327412, 19787005333064, 5652
19787568002912, 19787568005612, 2700
19787797452612, 19787797456056, 3444
19787905118728, 19787905120300, 1572
19788104744644, 19788104752648, 8004
19788218371588, 19788218372748, 1160
19788804983412, 19788804988836, 5424
19789204044560, 19789204047016, 2456
19789397584920, 19789397588660, 3740
19789655678256, 19789655681744, 3488
19789962194052, 19789962197060, 3008
19790145732236, 19790145736480, 4244
19790361225340, 19790361228980, 3640
19790714380384, 19790714386112, 5728
19790750295052, 19790750300404, 5352
19790798186384, 19790798193676, 7292
19791035629804, 19791035634552, 4748
19791289022540, 19791289025908, 3368
19791482559172, 19791482563200, 4028
19791576351068, 19791576354124, 3056
19792582514580, 19792582523944, 9364
19794433416432, 19794433419896, 3464
19794844274092, 19794844284288, 10196
19795034004840, 19795034007624, 2784
19795313327760, 19795313330516, 2756
19795608626612, 19795608633288, 6676
19795802087116, 19795802095328, 8212
19796131317752, 19796131321484, 3732
19796330947568, 19796330957056, 9488
19796761608948, 19796761615856, 6908
19797418263000, 19797418266296, 3296
19797697601844, 19797697604796, 2952
19797809272736, 19797809275368, 2632
19798282130292, 19798282133536, 3244
19798395868632, 19798395873364, 4732
19798569452596, 19798569455164, 2568
19798685175092, 19798685177892, 2800
19799670846184, 19799670857336, 11152
19799968062972, 19799968065616, 2644
19799992002816, 19799992010656, 7840
19800816045688, 19800816049192, 3504
19801386693404, 19801386695184, 1780
19802316418268, 19802316421340, 3072
19802769336348, 19802769340624, 4276
19803745016908, 19803745019512, 2604
19804155972308, 19804155974888, 2580
19804453266740, 19804453269664, 2924
19804826515512, 19804826525408, 9896
19805131667928, 19805131671384, 3456
19805520731908, 19805520734108, 2200
19805855859900, 19805855862092, 2192
19806069843576, 19806069851620, 8044
19806306796620, 19806306804544, 7924
19806751739688, 19806751742936, 3248
19806982650132, 19806982655560, 5428
19807222616472, 19807222623412, 6940
19782022186696, 19782022195292, 8596
19786195273692, 19786195278444, 4752
19787021289464, 19787021295156, 5692
19787695697132, 19787695700452, 3320
19788982416856, 19788982426592, 9736
19789281857200, 19789281862368, 5168
19790870009664, 19790870015676, 6012
19792256650688, 19792256653708, 3020
19792468146348, 19792468148968, 2620
19792877178448, 19792877180824, 2376
19793307702552, 19793307708208, 5656
19793507308936, 19793507317976, 9040
19794203963924, 19794203968772, 4848
19794457357500, 19794457361124, 3624
19794671270292, 19794671280748, 10456
19794897363488, 19794897371244, 7756
19795327833980, 19795327842200, 8220
19795460971040, 19795460976056, 5016
19796091402124, 19796091406132, 4008
19796231073616, 19796231076076, 2460
19797095016048, 19797095021584, 5536
19797809263144, 19797809266624, 3480
19798320038928, 19798320041972, 3044
19798930590832, 19798930593792, 2960
19799672842308, 19799672845176, 2868
19800201504140, 19800201507676, 3536
19800722276712, 19800722279748, 3036
19801332820416, 19801332825924, 5508
19801916852496, 19801916879496, 27000
19802006354040, 19802006362184, 8144
19802340357536, 19802340360620, 3084
19803691144096, 19803691156496, 12400
19804768526212, 19804768530056, 3844
19805550659924, 19805550662520, 2596
19806436486992, 19806436489072, 2080
19782038238616, 19782038248312, 9696
19782054573648, 19782054586968, 13320
19782111430864, 19782111440016, 9152
19786105488704, 19786105536092, 47388
19786105550700, 19786105564324, 13624
19786105575836, 19786105584512, 8676
19786105594624, 19786105605040, 10416
19786105615912, 19786105625512, 9600
19786105635812, 19786105645452, 9640
19787144997512, 19787145003212, 5700
19787386434768, 19787386441508, 6740
19787779504564, 19787779508332, 3768
19787792335156, 19787792344492, 9336
19788165671628, 19788165680544, 8916
19788409920324, 19788409926548, 6224
19788667316204, 19788667320276, 4072
19788897962956, 19788897971172, 8216
19789652944540, 19789652955684, 11144
19789948211232, 19789948215820, 4588
19790271435296, 19790271439880, 4584
19791185271884, 19791185275836, 3952
19791660146316, 19791660151080, 4764
19792591862440, 19792591866256, 3816
19793064740976, 19793064743944, 2968
19793154189268, 19793154198984, 9716
19793380782000, 19793380790828, 8828
19793858771084, 19793858773520, 2436
19793880717800, 19793880724220, 6420
19794185992860, 19794185999000, 6140
19794473324780, 19794473328940, 4160
19794846587580, 19794846595052, 7472
19794859419624, 19794859427092, 7468
19796089404288, 19796089410564, 6276
19796463286020, 19796463312232, 26212
19796694102604, 19796694112544, 9940
19797374358544, 19797374362828, 4284
19797633750748, 19797633755384, 4636
19797864558216, 19797864583948, 25732
19798078616656, 19798078623900, 7244
19798782938140, 19798782944184, 6044
19799010412244, 19799010417016, 4772
19799218013616, 19799218039288, 25672
19799487270648, 19799487274608, 3960
19799912196772, 19799912199536, 2764
19800183540632, 19800183546968, 6336
19800730253164, 19800730256672, 3508
19802016847404, 19802016853076, 5672
19803303262540, 19803303271208, 8668
19804245760088, 19804245763036, 2948
19804657069228, 19804657078704, 9476
19804734619160, 19804734622060, 2900
19804752434364, 19804752443192, 8828
19805309234476, 19805309239024, 4548
19805528709968, 19805528715460, 5492
19805940080296, 19805940104848, 24552
19806801626960, 19806801630272, 3312
19807084946740, 19807084953184, 6444
19782078922692, 19782078931444, 8752
19784111563388, 19784111568880, 5492
19784111606208, 19784111609468, 3260
19784111636484, 19784111639044, 2560
19784111665788, 19784111668308, 2520
19784111694840, 19784111697336, 2496
19784111719420, 19784111720964, 1544
19784111744976, 19784111747344, 2368
19784111772500, 19784111774956, 2456
19784111800920, 19784111803492, 2572
19784111829652, 19784111832040, 2388
19784111857832, 19784111860184, 2352
19784111885944, 19784111888340, 2396
19784111914652, 19784111916996, 2344
19784111942964, 19784111945568, 2604
19784111971372, 19784111974044, 2672
19784111999520, 19784112001872, 2352
19784112027832, 19784112030248, 2416
19784112055612, 19784112057976, 2364
19786105544236, 19786105550188, 5952
19786105562940, 19786105576688, 13748
19786105587288, 19786105597620, 10332
19786105608004, 19786105618328, 10324
19786105628576, 19786105638040, 9464
19786105648464, 19786105658280, 9816
19786809817878, 19786809824958, 7080
19787400393768, 19787400398136, 4368
19787811761132, 19787811769032, 7900
19788695248392, 19788695252656, 4264
19789497346716, 19789497349196, 2480
19789990095636, 19789990101524, 5888
19790498899920, 19790498902864, 2944
19791097469196, 19791097474748, 5552
19791714017612, 19791714020912, 3300
19792563920876, 19792563923396, 2520
19793060739364, 19793060742052, 2688
19793073582740, 19793073592460, 9720
19794437400820, 19794437405184, 4364
19795192919784, 19795192928952, 9168
19795826029312, 19795826035120, 5808
19796581341928, 19796581368392, 26464
19796671430732, 19796671438896, 8164
19797214733668, 19797214739920, 6252
19798302084080, 19798302086660, 2580
19799632924000, 19799632929028, 5028
19800738228492, 19800738232096, 3604
19800985642136, 19800985643784, 1648
19801992043460, 19801992052020, 8560
19802916982356, 19802916985088, 2732
19803844710168, 19803844712772, 2604
19804257730100, 19804257732820, 2720
19804445286488, 19804445289500, 3012
19804740591464, 19804740594640, 3176
19804921029888, 19804921039816, 9928
19805231418900, 19805231422172, 3272
19806751733608, 19806751752860, 19252
19782006058180, 19782006071456, 13276
19782070807356, 19782070816340, 8984
19786775894852, 19786775900592, 5740
19787278685128, 19787278689276, 4148
19787679734060, 19787679736712, 2652
19787783492264, 19787783495352, 3088
19787964022928, 19787964033792, 10864
19788852879664, 19788852881064, 1400
19789504922924, 19789504932348, 9424
19790333283956, 19790333286588, 2632
19791181277024, 19791181282008, 4984
19792561925412, 19792561928048, 2636
19793213980360, 19793213991452, 11092
19793421671652, 19793421680896, 9244
19794317682288, 19794317688620, 6332
19794525291748, 19794525305608, 13860
19795176602564, 19795176627280, 24716
19795490923624, 19795490925596, 1972
19795895866176, 19795895870296, 4120
19796547295336, 19796547321572, 26236
19797294548320, 19797294552424, 4104
19798032744320, 19798032748408, 4088
19798693151848, 19798693157952, 6104
19799640903768, 19799640910920, 7152
19800389058856, 19800389061352, 2496
19801364740464, 19801364743404, 2940
19801572482496, 19801572493072, 10576
19801803436072, 19801803445748, 9676
19802529899488, 19802529905508, 6020
19802757366032, 19802757374724, 8692
19803086592196, 19803086595104, 2908
19803099429936, 19803099440344, 10408
19803279906128, 19803279914640, 8512
19803297753280, 19803297760464, 7184
19803772956204, 19803772973308, 17104
19803882615340, 19803882625488, 10148
19804461247516, 19804461250172, 2656
19805131693980, 19805131712960, 18980
19805825930696, 19805825937164, 6468
19806052604328, 19806052613236, 8908
19806410543720, 19806410546452, 2732
19806840487036, 19806840491092, 4056
