145980339639176, 145980339650744, 11568
145981291327788, 145981291338428, 10640
145982249008720, 145982249020076, 11356
145983206729860, 145983206734096, 4236
145984164473256, 145984164477288, 4032
145985122075368, 145985122079488, 4120
145986079800644, 145986079805104, 4460
145987037542840, 145987037547040, 4200
145987995242412, 145987995246544, 4132
145988952851252, 145988952855292, 4040
145989910568488, 145989910572792, 4304
145990868260632, 145990868264572, 3940
145991825944588, 145991825948804, 4216
145992783640460, 145992783644700, 4240
145993741324932, 145993741329676, 4744
145994699075240, 145994699079760, 4520
145995656713204, 145995656717592, 4388
145996614404868, 145996614409160, 4292
145997572089188, 145997572093252, 4064
145998529809936, 145998529814020, 4084
145999487485452, 145999487541996, 56544
146000445135148, 146000445139352, 4204
145981337184088, 145981337198216, 14128
145982268955744, 145982268967224, 11480
145983236634608, 145983236638372, 3764
145984204395840, 145984204399796, 3956
145985172023472, 145985172027336, 3864
145986139647900, 145986139651980, 4080
145987107369004, 145987107372892, 3888
145988075061436, 145988075065428, 3992
145989042724952, 145989042728704, 3752
145990010396272, 145990010400304, 4032
145990977990452, 145990977994592, 4140
145991945650068, 145991945654020, 3952
145992913292924, 145992913296656, 3732
145993881010764, 145993881014588, 3824
145994848740352, 145994848744080, 3728
145995816309988, 145995816314068, 4080
145996783974480, 145996783978396, 3916
145997751651324, 145997751654944, 3620
145998719311284, 145998719315324, 4040
145999686993348, 145999686997264, 3916
146000654657028, 146000654661228, 4200
145981921874440, 145981921887984, 13544
145983146941296, 145983146945264, 3968
145984553442492, 145984553446572, 4080
145985960107452, 145985960111736, 4284
145987366685032, 145987366689260, 4228
145988773294140, 145988773298188, 4048
145990179993812, 145990179998296, 4484
145991586500984, 145991586505072, 4088
145992993109192, 145992993113116, 3924
145994399797220, 145994399801348, 4128
145995806342116, 145995806346588, 4472
145997213090268, 145997213094328, 4060
145998619567348, 145998619571412, 4064
146000026203068, 146000026207220, 4152
146001432776588, 146001432780828, 4240
145981915813364, 145981915823680, 10316
145983262667792, 145983262671972, 4180
145984727071852, 145984727075992, 4140
145986191500928, 145986191505368, 4440
145987655973484, 145987655977716, 4232
145989120437204, 145989120441788, 4584
145990584915900, 145990584920152, 4252
145992049416516, 145992049421100, 4584
145993513923816, 145993513928416, 4600
145994978337484, 145994978341716, 4232
145996442825596, 145996442830048, 4452
145997907296448, 145997907300832, 4384
145999371793808, 145999371798348, 4540
146000836218044, 146000836229924, 11880
