29153317546876, 29153317550816, 3940
29153317593376, 29153317596552, 3176
29153317642508, 29153317645396, 2888
29153317678292, 29153317681144, 2852
29155311762416, 29155311769084, 6668
29155333726012, 29155333731228, 5216
29155355633376, 29155355638988, 5612
29155377536408, 29155377560340, 23932
29155401658968, 29155401662076, 3108
29155443386876, 29155443392392, 5516
29155465313428, 29155465319552, 6124
29155487257812, 29155487262908, 5096
29155509210996, 29155509213024, 2028
29155531107476, 29155531112076, 4600
29155553020388, 29155553027936, 7548
29155575057572, 29155575063184, 5612
29155596898004, 29155596904288, 6284
29155618836080, 29155618841272, 5192
29155640777140, 29155640784052, 6912
29155662766656, 29155662771912, 5256
29155684715876, 29155684723236, 7360
29155706586472, 29155706591852, 5380
29155728539860, 29155728547528, 7668
29155750619064, 29155750623512, 4448
29155772401704, 29155772407340, 5636
29155794421964, 29155794426960, 4996
29155816271004, 29155816277656, 6652
29155838249356, 29155838254088, 4732
29155860179140, 29155860186424, 7284
29155882208660, 29155882213072, 4412
29155904039248, 29155904046412, 7164
29155926062776, 29155926067440, 4664
29155947864680, 29155947871436, 6756
29155969771392, 29155969776100, 4708
29155991747664, 29155991754912, 7248
29156013818516, 29156013822968, 4452
29156035667204, 29156035674112, 6908
29156057548140, 29156057553260, 5120
29156079460920, 29156079474036, 13116
29156107372708, 29156107375876, 3168
29156145293764, 29156145299456, 5692
29156167202804, 29156167209876, 7072
29156189159520, 29156189164196, 4676
29156211066564, 29156211073892, 7328
29156233152012, 29156233156584, 4572
29156255037148, 29156255043836, 6688
29156276997616, 29156277001940, 4324
29156298857616, 29156298864360, 6744
29156320767376, 29156320771692, 4316
29156342719468, 29156342726652, 7184
29156414533388, 29156414536744, 3356
29156423672456, 29156423677932, 5476
29156532198300, 29156532200580, 2280
29156541429328, 29156541434732, 5404
29156550582372, 29156550586280, 3908
29156584202224, 29156584207892, 5668
29156605981308, 29156605988428, 7120
29156627929604, 29156627934208, 4604
29156649889544, 29156649896612, 7068
29156671821188, 29156671825848, 4660
29156693680876, 29156693687988, 7112
29156715676332, 29156715680892, 4560
29156737677696, 29156737684740, 7044
29156759538964, 29156759544120, 5156
29156781412932, 29156781418576, 5644
29156803384992, 29156803389572, 4580
29156825337788, 29156825344840, 7052
29158055746152, 29158055749412, 3260
29158064913064, 29158064919492, 6428
29158074127756, 29158074132008, 4252
29158083359140, 29158083364592, 5452
29158092554072, 29158092557404, 3332
29158102359756, 29158102365184, 5428
29158111517296, 29158111521548, 4252
29158120710932, 29158120716376, 5444
29158130063024, 29158130066384, 3360
29158139451220, 29158139455684, 4464
29158148617172, 29158148621436, 4264
29158157872852, 29158157877752, 4900
29158166993064, 29158166996996, 3932
29158176263916, 29158176269244, 5328
29158185467920, 29158185471636, 3716
29158194639516, 29158194643104, 3588
29158203959620, 29158203963764, 4144
29158213132388, 29158213136128, 3740
29158222426784, 29158222431272, 4488
29158231600288, 29158231604112, 3824
29158240913608, 29158240919068, 5460
29158250108624, 29158250113496, 4872
29158259403956, 29158259410212, 6256
29158268614720, 29158268619500, 4780
29158278002068, 29158278007384, 5316
29158287134776, 29158287137968, 3192
29158296371636, 29158296377232, 5596
29158305705740, 29158305709228, 3488
29158314874952, 29158314880376, 5424
29158324129408, 29158324134272, 4864
29158333312456, 29158333315732, 3276
29158342554560, 29158342559812, 5252
29158352257952, 29158352261868, 3916
29158361667996, 29158361673700, 5704
29158370834644, 29158370838884, 4240
29160049890352, 29160049892384, 2032
29160059087004, 29160059092456, 5452
29160068257696, 29160068261244, 3548
29160077426944, 29160077431768, 4824
29160086581056, 29160086584816, 3760
29160096376844, 29160096381692, 4848
29160105513048, 29160105516228, 3180
29160114841484, 29160114845944, 4460
29160124049644, 29160124053300, 3656
29160133236988, 29160133242428, 5440
29160142384580, 29160142388396, 3816
29160151610312, 29160151614684, 4372
29160160761472, 29160160765436, 3964
29160170093916, 29160170099140, 5224
29160179269320, 29160179273144, 3824
29160188397336, 29160188400716, 3380
29160197652224, 29160197657268, 5044
29160206785692, 29160206789568, 3876
29160216039732, 29160216044752, 5020
29160225191960, 29160225195352, 3392
29160234447232, 29160234452232, 5000
29160243686720, 29160243691376, 4656
29160253003416, 29160253008560, 5144
29160262218312, 29160262222060, 3748
29160271532692, 29160271537748, 5056
29160280660776, 29160280664448, 3672
29160289786240, 29160289789956, 3716
29160298989640, 29160298994576, 4936
29160308195576, 29160308198504, 2928
29160317430328, 29160317435904, 5576
29160326615384, 29160326618812, 3428
29160335785380, 29160335790780, 5400
29160345516876, 29160345520972, 4096
29160354842088, 29160354847168, 5080
29160364040416, 29160364044508, 4092
29160373305448, 29160373309828, 4380
29160382461412, 29160382465212, 3800
29160391723732, 29160391728632, 4900
29160400922172, 29160400926016, 3844
29160410141032, 29160410146812, 5780
29160419335608, 29160419338980, 3372
29160428471036, 29160428474676, 3640
29160437721968, 29160437725832, 3864
29160446969592, 29160446973112, 3520
29160456251020, 29160456255852, 4832
29160465464872, 29160465468632, 3760
29160474718436, 29160474724160, 5724
29160483849612, 29160483880896, 31284
29160493109292, 29160493113552, 4260
29160532557000, 29160532564784, 7784
29160554506220, 29160554511248, 5028
29160576414632, 29160576421652, 7020
29161577690196, 29161577694708, 4512
29161592107648, 29161592112924, 5276
29161605941032, 29161605945888, 4856
29161619808364, 29161619813836, 5472
29161633579648, 29161633583552, 3904
29161647358960, 29161647363696, 4736
29161760956088, 29161760963868, 7780
29161782956800, 29161782962100, 5300
29161804828652, 29161804835204, 6552
29161826791552, 29161826796160, 4608
29161848775752, 29161848782676, 6924
29161870674572, 29161870679708, 5136
29161892639724, 29161892646172, 6448
29161914574696, 29161914579292, 4596
29161936417904, 29161936423508, 5604
29161958382716, 29161958387404, 4688
29161980264168, 29161980270156, 5988
29162002221272, 29162002226340, 5068
29162024150464, 29162024156672, 6208
29162046078440, 29162046084156, 5716
29162068029716, 29162068035852, 6136
29162089976508, 29162089981136, 4628
29162111974928, 29162111981320, 6392
29162133945924, 29162133950492, 4568
29162155750820, 29162155756216, 5396
29162177783512, 29162177788044, 4532
29162199644488, 29162199651180, 6692
29162221596400, 29162221601560, 5160
29162243532796, 29162243538640, 5844
29162265541072, 29162265545872, 4800
29162287470856, 29162287477284, 6428
29162309399784, 29162309404756, 4972
29162331290184, 29162331297056, 6872
29162353170672, 29162353175100, 4428
29162375181596, 29162375187876, 6280
29162397175712, 29162397180392, 4680
29162418987020, 29162418992404, 5384
29162441030280, 29162441034932, 4652
29164038305520, 29164038308728, 3208
29164047478456, 29164047483532, 5076
29164056701924, 29164056705560, 3636
29164065888456, 29164065893844, 5388
29164075084700, 29164075088440, 3740
29164084875292, 29164084881028, 5736
29164093981976, 29164093985932, 3956
29164103214388, 29164103219896, 5508
29164112373296, 29164112377204, 3908
29164121638456, 29164121642924, 4468
29164130757336, 29164130761088, 3752
29164140014928, 29164140019112, 4184
29164149260276, 29164149264036, 3760
29164158481780, 29164158487884, 6104
29164167758528, 29164167762216, 3688
29164176993228, 29164176996808, 3580
29164186257668, 29164186262740, 5072
29164195564604, 29164195569168, 4564
29164204912016, 29164204917268, 5252
29164214161340, 29164214165332, 3992
29164223458968, 29164223463932, 4964
29164232652352, 29164232655584, 3232
29164241932724, 29164241937456, 4732
29164251165088, 29164251168904, 3816
29164260434708, 29164260439304, 4596
29164269562788, 29164269566188, 3400
29164278715976, 29164278722412, 6436
29164287943084, 29164287947324, 4240
29164297144872, 29164297148888, 4016
29164306392184, 29164306397452, 5268
29164315556268, 29164315560128, 3860
29164324891608, 29164324896364, 4756
29164334634616, 29164334638412, 3796
29164343973424, 29164343978680, 5256
29164353159748, 29164353163512, 3764
29164362409188, 29164362413920, 4732
29164371575592, 29164371579556, 3964
29164380819008, 29164380824012, 5004
29164390003968, 29164390007800, 3832
29164399252820, 29164399257892, 5072
29164408558132, 29164408561568, 3436
29164417697516, 29164417701240, 3724
29164426927512, 29164426932316, 4804
29164436147644, 29164436151208, 3564
29164445418884, 29164445423932, 5048
29164454680824, 29164454684880, 4056
29164734324188, 29164734326376, 2188
29164743484436, 29164743488724, 4288
29164752631956, 29164752635760, 3804
29164761870564, 29164761873904, 3340
29164771033908, 29164771037380, 3472
29164780350476, 29164780356636, 6160
29164789589564, 29164789593732, 4168
29164798861848, 29164798868008, 6160
29164832029868, 29164832037532, 7664
29164853979592, 29164853983964, 4372
29164875867744, 29164875874224, 6480
29165883088684, 29165883091704, 3020
29165896882776, 29165896888492, 5716
29165910819492, 29165910825552, 6060
29165924817940, 29165924823800, 5860
29165938580552, 29165938583984, 3432
29165952436160, 29165952441616, 5456
29166060414056, 29166060421556, 7500
29166255867304, 29166255874556, 7252
29166451265412, 29166451272056, 6644
29168026689920, 29168026693420, 3500
29168124514568, 29168124519260, 4692
29168221613904, 29168221617888, 3984
29168319188520, 29168319193524, 5004
29168417224908, 29168417230024, 5116
29168514556444, 29168514561936, 5492
29168612659848, 29168612664636, 4788
29168710290520, 29168710295604, 5084
29168808072492, 29168808078316, 5824
29168906136976, 29168906142940, 5964
29169003934928, 29169003941012, 6084
29169102203184, 29169102208056, 4872
29169199661804, 29169199666380, 4576
29169297439800, 29169297444396, 4596
29169395706716, 29169395712416, 5700
29169493215212, 29169493220628, 5416
29169591356684, 29169591362436, 5752
29169688700156, 29169688706508, 6352
29169786700340, 29169786705660, 5320
29169885358440, 29169885363900, 5460
29169983374584, 29169983379904, 5320
29170081359836, 29170081364492, 4656
29170178665600, 29170178669868, 4268
29170275957856, 29170275962480, 4624
29170374288676, 29170374294648, 5972
29170471707208, 29170471712580, 5372
29170569801324, 29170569806636, 5312
29170667714676, 29170667719768, 5092
29170764719068, 29170764724512, 5444
29170862554144, 29170862558776, 4632
29170960372076, 29170960376820, 4744
29171058078680, 29171058083840, 5160
29171179513348, 29171179519508, 6160
29171325201156, 29171325207496, 6340
29171347081156, 29171347087376, 6220
29171369284076, 29171369288404, 4328
29171390975968, 29171390982968, 7000
29171412928756, 29171412933364, 4608
29171434921896, 29171434928812, 6916
29171456727492, 29171456732568, 5076
29171478646460, 29171478653016, 6556
29171500655376, 29171500660160, 4784
29171522590544, 29171522597420, 6876
29171544546068, 29171544550768, 4700
29171566457984, 29171566464976, 6992
29171588369976, 29171588374828, 4852
29171610354812, 29171610361772, 6960
29171632266536, 29171632271184, 4648
29171654150964, 29171654157432, 6468
29171676169324, 29171676174280, 4956
29171698083884, 29171698090456, 6572
29171720055132, 29171720059784, 4652
29171741897168, 29171741903640, 6472
29171763926352, 29171763931320, 4968
29171785818984, 29171785825220, 6236
29171807787212, 29171807792504, 5292
29171829707372, 29171829713868, 6496
29171851682908, 29171851687452, 4544
29171873529792, 29171873535868, 6076
29171895423276, 29171895449516, 26240
29171917464396, 29171917470428, 6032
29171939374904, 29171939379736, 4832
29171961270308, 29171961276720, 6412
29171983163324, 29171983168116, 4792
29172005156404, 29172005163276, 6872
29172027089044, 29172027093104, 4060
29172048980660, 29172048987472, 6812
29172070929292, 29172070934004, 4712
29172092915588, 29172092922256, 6668
29172114849548, 29172114854124, 4576
29172136798264, 29172136805156, 6892
29172158657956, 29172158662676, 4720
29172180614056, 29172180620740, 6684
29172202530804, 29172202535292, 4488
29172224494812, 29172224502384, 7572
29172246434116, 29172246438608, 4492
29172268334356, 29172268339936, 5580
29172290554732, 29172290559152, 4420
29172312282040, 29172312288952, 6912
29172334153176, 29172334158032, 4856
29172356066772, 29172356073880, 7108
29172378008524, 29172378013208, 4684
29172399960504, 29172399967228, 6724
29172421897176, 29172421901588, 4412
29172443837536, 29172443844424, 6888
29172711087236, 29172711090584, 3348
29172720266340, 29172720270936, 4596
29172729482268, 29172729485892, 3624
29172738874128, 29172738878852, 4724
29172748036100, 29172748039272, 3172
29172757282592, 29172757287364, 4772
29172766460420, 29172766464272, 3852
29172775727808, 29172775732588, 4780
29172816789596, 29172816805120, 15524
29172838736372, 29172838754260, 17888
29172860646036, 29172860661076, 15040
29172882568468, 29172882584428, 15960
29174013253800, 29174013256724, 2924
29174026965224, 29174026970736, 5512
29174040776396, 29174040782056, 5660
29174054568020, 29174054573332, 5312
29174068886432, 29174068890308, 3876
29174082762664, 29174082767968, 5304
29174096578852, 29174096583728, 4876
29174268537676, 29174268544956, 7280
29175287649692, 29175287653752, 4060
29175296779964, 29175296784688, 4724
29175306439372, 29175306444392, 5020
29175315735432, 29175315740628, 5196
29175324858968, 29175324862136, 3168
29175334145592, 29175334150868, 5276
29175343310148, 29175343313848, 3700
29175352538760, 29175352543896, 5136
29175361703588, 29175361707156, 3568
29175371000236, 29175371006312, 6076
29175380233900, 29175380237804, 3904
29175389471148, 29175389476816, 5668
29175398672360, 29175398675984, 3624
29175407885044, 29175407890320, 5276
29175417058552, 29175417062216, 3664
29175426246632, 29175426250524, 3892
29175435586404, 29175435592644, 6240
29175444826072, 29175444830160, 4088
29175454167832, 29175454172964, 5132
29175463410036, 29175463413136, 3100
29175472603392, 29175472609040, 5648
29175481763592, 29175481767004, 3412
29155367693772, 29155367697044, 3272
29155367711984, 29155367718516, 6532
29155399540564, 29155399548784, 8220
29155421464320, 29155421469332, 5012
29155477265168, 29155477268044, 2876
29155585011556, 29155585013924, 2368
29155594124048, 29155594129836, 5788
29155603867176, 29155603871192, 4016
29155714667256, 29155714669296, 2040
29155723870544, 29155723875676, 5132
29155732995508, 29155732999264, 3756
29155840342612, 29155840344564, 1952
29155849519588, 29155849524584, 4996
29155859284332, 29155859287972, 3640
29155967816408, 29155967818516, 2108
29155977003908, 29155977009176, 5268
29155986230376, 29155986233920, 3544
29156059564596, 29156059566796, 2200
29156068716312, 29156068722124, 5812
29156101424616, 29156101430344, 5728
29156123359832, 29156123366716, 6884
29156195152708, 29156195155652, 2944
29156204379020, 29156204384616, 5596
29156312826232, 29156312828508, 2276
29156321975540, 29156321980244, 4704
29156331113320, 29156331117272, 3952
29156364739644, 29156364746036, 6392
29156386555768, 29156386562740, 6972
29156408571168, 29156408578236, 7068
29156430503472, 29156430508456, 4984
29156452462928, 29156452469900, 6972
29156474367976, 29156474374104, 6128
29156496364092, 29156496371088, 6996
29156518246328, 29156518251428, 5100
29156540124508, 29156540126164, 1656
29156562142052, 29156562147000, 4948
29156641910620, 29156641913760, 3140
29156651100844, 29156651106188, 5344
29156757552564, 29156757555212, 2648
29156766676000, 29156766681168, 5168
29156775856184, 29156775859944, 3760
29156815335020, 29156815337532, 2512
29156847399880, 29156847407060, 7180
29156869152472, 29156869167820, 15348
29156891172032, 29156891176660, 4628
29156984888080, 29156984890972, 2892
29157082164504, 29157082170656, 6152
29157204275812, 29157204280496, 4684
29157349818024, 29157349825152, 7128
29158051776472, 29158051779204, 2732
29158065495508, 29158065500812, 5304
29158079361872, 29158079367080, 5208
29158093164564, 29158093170048, 5484
29158243159836, 29158243164644, 4808
29158438608916, 29158438613928, 5012
29160045950260, 29160045953760, 3500
29160143649592, 29160143654156, 4564
29160241169156, 29160241173352, 4196
29160338501968, 29160338506516, 4548
29160436608268, 29160436612832, 4564
29160534188736, 29160534193580, 4844
29160632712052, 29160632717724, 5672
29160730083520, 29160730089000, 5480
29160827492136, 29160827497208, 5072
29160925592844, 29160925597604, 4760
29161023425088, 29161023430356, 5268
29161121304500, 29161121310140, 5640
29161218772368, 29161218777876, 5508
29161316268992, 29161316273504, 4512
29161414338304, 29161414343688, 5384
29161511717204, 29161511723112, 5908
29161609558708, 29161609563616, 4908
29161707129412, 29161707134988, 5576
29161804599224, 29161804604296, 5072
29161903096220, 29161903101688, 5468
29162000458320, 29162000463552, 5232
29162098478152, 29162098482776, 4624
29162195776328, 29162195781288, 4960
29162293409216, 29162293414088, 4872
29162391598200, 29162391603816, 5616
29162488974608, 29162488979360, 4752
29162586869668, 29162586876064, 6396
29162684352772, 29162684357724, 4952
29162781750260, 29162781755052, 4792
29162879635168, 29162879640024, 4856
29162977280604, 29162977286000, 5396
29163074981260, 29163074985956, 4696
29163173176528, 29163173182232, 5704
29163318441932, 29163318449400, 7468
29163340419104, 29163340425700, 6596
29163362321340, 29163362326332, 4992
29163384324936, 29163384331216, 6280
29163406287692, 29163406292172, 4480
29163428147840, 29163428153904, 6064
29163450044808, 29163450051292, 6484
29163472076748, 29163472081148, 4400
29163494065184, 29163494070180, 4996
29163515883824, 29163515889464, 5640
29163537808112, 29163537814612, 6500
29163559831504, 29163559835888, 4384
29163581701732, 29163581706504, 4772
29163603551200, 29163603556948, 5748
29163625569580, 29163625574916, 5336
29163647515136, 29163647521732, 6596
29163669512328, 29163669518444, 6116
29163691390072, 29163691396160, 6088
29163713283676, 29163713288256, 4580
29163735221180, 29163735225912, 4732
29163757180528, 29163757186696, 6168
29163779081852, 29163779086492, 4640
29163801075544, 29163801080216, 4672
29163822950832, 29163822957228, 6396
29163844908364, 29163844914156, 5792
29163866856284, 29163866863328, 7044
29163888772464, 29163888777372, 4908
29164028321556, 29164028324628, 3072
29164106116776, 29164106121792, 5016
29164301518896, 29164301524156, 5260
29164496929864, 29164496936512, 6648
29164692426168, 29164692432912, 6744
29166030574064, 29166030577016, 2952
29166039724252, 29166039729236, 4984
29166048965252, 29166048969008, 3756
29166058167612, 29166058173476, 5864
29166067310372, 29166067314160, 3788
29166076506240, 29166076512000, 5760
29166086178072, 29166086181948, 3876
29166095498352, 29166095503432, 5080
29166104737448, 29166104741504, 4056
29166113987940, 29166113993256, 5316
29166123124000, 29166123127416, 3416
29166132370272, 29166132375496, 5224
29166141531024, 29166141534404, 3380
29166150743796, 29166150749404, 5608
29166159968124, 29166159972204, 4080
29166169104468, 29166169108092, 3624
29166178339092, 29166178343904, 4812
29166187613412, 29166187618144, 4732
29166196885304, 29166196890916, 5612
29166206177276, 29166206181708, 4432
29166215494176, 29166215499000, 4824
29166224666676, 29166224669944, 3268
29166233996900, 29166234001528, 4628
29166243143396, 29166243147168, 3772
29166252456668, 29166252461340, 4672
29166261583684, 29166261587672, 3988
29166270804768, 29166270810568, 5800
29166279979040, 29166279983124, 4084
29166289147680, 29166289151612, 3932
29166298436080, 29166298441788, 5708
29166307582340, 29166307586232, 3892
29166316846724, 29166316852240, 5516
29166326560684, 29166326564820, 4136
29166335800452, 29166335805352, 4900
29166344931360, 29166344934736, 3376
29168022722840, 29168022725028, 2188
29168031832728, 29168031837744, 5016
29168040969044, 29168040972580, 3536
29168050162300, 29168050167068, 4768
29168059329700, 29168059333532, 3832
29168068539868, 29168068545600, 5732
29168078197712, 29168078201652, 3940
29168087486684, 29168087493288, 6604
29168096616984, 29168096621112, 4128
29168105785308, 29168105790704, 5396
29168115008436, 29168115012260, 3824
29168124230540, 29168124236696, 6156
29168133389992, 29168133393856, 3864
29168142541660, 29168142544680, 3020
29168151705912, 29168151710384, 4472
29168160970292, 29168160973440, 3148
29168170266824, 29168170271476, 4652
29168179442604, 29168179446328, 3724
29168188702056, 29168188707644, 5588
29168197884696, 29168197888356, 3660
29168207153712, 29168207159428, 5716
29168216306728, 29168216310820, 4092
29168225567604, 29168225572592, 4988
29168234768016, 29168234771948, 3932
29168243923744, 29168243929064, 5320
29168253222584, 29168253225828, 3244
29168262380216, 29168262383856, 3640
29168271601508, 29168271606316, 4808
29168280783676, 29168280787512, 3836
29168290019568, 29168290025096, 5528
29168299193064, 29168299197096, 4032
29168308456056, 29168308461480, 5424
29168317617276, 29168317620836, 3560
29168327457332, 29168327462584, 5252
29168336687436, 29168336691056, 3620
29168345872648, 29168345877388, 4740
29168355043500, 29168355046860, 3360
29168364251920, 29168364257188, 5268
29168373483220, 29168373487412, 4192
29168382744796, 29168382749632, 4836
29168391967880, 29168391971760, 3880
29168401193676, 29168401197408, 3732
29168410467512, 29168410472580, 5068
29168419582104, 29168419586264, 4160
29168428794096, 29168428798504, 4408
29168437956480, 29168437960408, 3928
29168447225480, 29168447230640, 5160
29168456342268, 29168456346000, 3732
29170016969068, 29170016971004, 1936
29170026100712, 29170026105984, 5272
29170035268720, 29170035273064, 4344
29170044494432, 29170044499540, 5108
29170053646180, 29170053649808, 3628
29170062839956, 29170062845520, 5564
29170072489480, 29170072493524, 4044
29170081724276, 29170081729992, 5716
29170090880040, 29170090883988, 3948
29170100186612, 29170100192228, 5616
29170109326640, 29170109330316, 3676
29170118470044, 29170118475952, 5908
29170127671548, 29170127675388, 3840
29170136870116, 29170136875220, 5104
29170146038828, 29170146042948, 4120
29170155224756, 29170155227912, 3156
29170164444288, 29170164449320, 5032
29170173617224, 29170173621256, 4032
29170182849504, 29170182855252, 5748
29170191997084, 29170192001412, 4328
29170201216788, 29170201221772, 4984
29170210351736, 29170210355456, 3720
29170219590232, 29170219594488, 4256
29170228791476, 29170228795244, 3768
29170238148748, 29170238155204, 6456
29170247339444, 29170247342796, 3352
29170256479692, 29170256483320, 3628
29170265721044, 29170265725708, 4664
29170274912944, 29170274916496, 3552
29170284200720, 29170284205632, 4912
29170293408520, 29170293412864, 4344
29170302697724, 29170302701876, 4152
29170311924460, 29170311927592, 3132
29170321757344, 29170321762780, 5436
29170330980280, 29170330984276, 3996
29170340265784, 29170340270712, 4928
29170349483744, 29170349486988, 3244
29170358734588, 29170358739728, 5140
29170367911712, 29170367915608, 3896
29170377193796, 29170377199348, 5552
29170386369980, 29170386373692, 3712
29170395516964, 29170395521716, 4752
29170404904648, 29170404909664, 5016
29170414077552, 29170414080704, 3152
29170423371188, 29170423376000, 4812
29172011198352, 29172011200244, 1892
29172020348500, 29172020353640, 5140
29172029518156, 29172029522160, 4004
29172038831508, 29172038837176, 5668
29172048035196, 29172048038840, 3644
29172057248392, 29172057252952, 4560
29172066913440, 29172066917264, 3824
29172076097000, 29172076102252, 5252
29172085297144, 29172085301068, 3924
29172094476132, 29172094480864, 4732
29172103672180, 29172103676152, 3972
29172112945956, 29172112951792, 5836
29172122067972, 29172122072088, 4116
29172131275768, 29172131281420, 5652
29172140461728, 29172140465676, 3948
29172149669380, 29172149672996, 3616
29172159194756, 29172159199428, 4672
29172168389152, 29172168393108, 3956
29172177659788, 29172177664508, 4720
29172186815000, 29172186818864, 3864
29172196178528, 29172196183348, 4820
29172205383324, 29172205387024, 3700
29172214664240, 29172214669024, 4784
29172223803832, 29172223807060, 3228
29172233055172, 29172233059668, 4496
29172242210040, 29172242213156, 3116
29172251506908, 29172251512956, 6048
29172260736424, 29172260740256, 3832
29172269974068, 29172269977632, 3564
29172279264040, 29172279268356, 4316
29172288417992, 29172288421752, 3760
29172298166420, 29172298171460, 5040
29172307381496, 29172307385568, 4072
29172317187492, 29172317192720, 5228
29172326348540, 29172326351820, 3280
29172335556348, 29172335561796, 5448
29172344713728, 29172344716956, 3228
29172354040208, 29172354045044, 4836
29172363184924, 29172363188964, 4040
29172372396956, 29172372401936, 4980
29172381551960, 29172381555836, 3876
29172390831152, 29172390835028, 3876
29172400106020, 29172400110676, 4656
29172409315168, 29172409319000, 3832
29172418543268, 29172418547672, 4404
29172427687824, 29172427691544, 3720
29172465792260, 29172465799016, 6756
29172487848976, 29172487855332, 6356
29172768874660, 29172768878484, 3824
29172782641452, 29172782646224, 4772
29174005287404, 29174005290608, 3204
29174014446520, 29174014451688, 5168
29174023610308, 29174023613892, 3584
29174032848936, 29174032854752, 5816
29174042063368, 29174042067212, 3844
29174051344208, 29174051349656, 5448
29174061059280, 29174061062980, 3700
29174070345164, 29174070349592, 4428
29174079514920, 29174079519036, 4116
29174088706096, 29174088710672, 4576
29174097903196, 29174097906820, 3624
29174107136032, 29174107141244, 5212
29174116306204, 29174116310152, 3948
29174125641752, 29174125647260, 5508
29174134804004, 29174134807948, 3944
29174144039396, 29174144043228, 3832
29174153356784, 29174153361388, 4604
29174162531856, 29174162535564, 3708
29174171970148, 29174171974880, 4732
29174181098860, 29174181103008, 4148
29174190503264, 29174190508692, 5428
29174199708764, 29174199712548, 3784
29174208980956, 29174208985384, 4428
29174218211012, 29174218214252, 3240
29174227480668, 29174227485876, 5208
29174236792880, 29174236796932, 4052
29174246051272, 29174246056212, 4940
29174255307776, 29174255310980, 3204
29174264572532, 29174264576524, 3992
29174273822532, 29174273827220, 4688
29174282979224, 29174282983212, 3988
29174292336380, 29174292340656, 4276
29174301544592, 29174301547808, 3216
29174311583368, 29174311588376, 5008
29174320721112, 29174320724220, 3108
29174352343960, 29174352352148, 8188
29174374210864, 29174374217592, 6728
29174396172560, 29174396179316, 6756
29174418176532, 29174418183992, 7460
29174440045164, 29174440051916, 6752
29174462012200, 29174462018524, 6324
29175999510504, 29175999513752, 3248
29176013270700, 29176013276108, 5408
29176027079320, 29176027085980, 6660
29176040870116, 29176040876564, 6448
29176055241372, 29176055244552, 3180
29176068995752, 29176069001308, 5556
29155349726484, 29155349729960, 3476
29155457362244, 29155457367432, 5188
29155602935944, 29155602942216, 6272
29155748454796, 29155748460928, 6132
29155894136636, 29155894141188, 4552
29156039606204, 29156039611360, 5156
29156185237368, 29156185242228, 4860
29156330772324, 29156330778788, 6464
29156476294556, 29156476300612, 6056
29156621950212, 29156621956828, 6616
29156767447268, 29156767454360, 7092
29156913057504, 29156913066084, 8580
29156935001932, 29156935008712, 6780
29156956921240, 29156956928260, 7020
29156978936272, 29156978943700, 7428
29157000895440, 29157000902824, 7384
29157022796140, 29157022802940, 6800
29157044734060, 29157044738580, 4520
29157066595200, 29157066602272, 7072
29157088633896, 29157088638656, 4760
29157110459252, 29157110464252, 5000
29157132475744, 29157132480620, 4876
29157154365368, 29157154372400, 7032
29157176329852, 29157176334480, 4628
29157198276540, 29157198283080, 6540
29157220154400, 29157220158884, 4484
29157242108896, 29157242115448, 6552
29157264072820, 29157264077900, 5080
29157285988920, 29157285996028, 7108
29157307932000, 29157307937168, 5168
29157330004112, 29157330010928, 6816
29157351885116, 29157351890448, 5332
29157373790888, 29157373796052, 5164
29157395716780, 29157395724052, 7272
29157417645236, 29157417649784, 4548
29157439514172, 29157439518908, 4736
29157583180724, 29157583183564, 2840
29157681036308, 29157681041452, 5144
29157786625000, 29157786630232, 5232
29157932086104, 29157932093248, 7144
29158077710088, 29158077717228, 7140
29158223267836, 29158223272088, 4252
29158368879588, 29158368884480, 4892
29158514443476, 29158514449288, 5812
29158536331096, 29158536354772, 23676
29158558314612, 29158558320040, 5428
29158580253104, 29158580258320, 5216
29158602129716, 29158602135516, 5800
29158624098260, 29158624104500, 6240
29160037976472, 29160037979456, 2984
29160051725972, 29160051731460, 5488
29160065637012, 29160065641720, 4708
29160079399252, 29160079404556, 5304
29160093745448, 29160093749728, 4280
29160107593416, 29160107598936, 5520
29160121475864, 29160121480448, 4584
29160135198784, 29160135202860, 4076
29160197492768, 29160197498024, 5256
29160392981704, 29160392986568, 4864
29162032174468, 29162032177816, 3348
29162041365780, 29162041370856, 5076
29162050520180, 29162050524216, 4036
29162059802984, 29162059808028, 5044
29162068991796, 29162068995780, 3984
29162078283868, 29162078288580, 4712
29162087971320, 29162087976460, 5140
29162097307868, 29162097313524, 5656
29162106546732, 29162106550824, 4092
29162115764612, 29162115769172, 4560
29162124987112, 29162124990524, 3412
29162134283884, 29162134289356, 5472
29162143519864, 29162143523800, 3936
29162152777456, 29162152782828, 5372
29162161923608, 29162161927432, 3824
29162171145964, 29162171149776, 3812
29162180377760, 29162180382572, 4812
29162189504716, 29162189508548, 3832
29162198865788, 29162198871248, 5460
29162208027388, 29162208031900, 4512
29162217335524, 29162217341016, 5492
29162226487688, 29162226491712, 4024
29162235773544, 29162235778608, 5064
29162244989088, 29162244993052, 3964
29162254201224, 29162254206500, 5276
29162263313832, 29162263317416, 3584
29162272588116, 29162272593792, 5676
29162281748924, 29162281753080, 4156
29162290889016, 29162290892896, 3880
29162300171288, 29162300175912, 4624
29162309409488, 29162309413644, 4156
29162318813044, 29162318817752, 4708
29162327982876, 29162327986436, 3560
29162337717496, 29162337721816, 4320
29162346886828, 29162346891528, 4700
29162356130924, 29162356136012, 5088
29162365307300, 29162365311312, 4012
29162374706436, 29162374711232, 4796
29162383829868, 29162383833496, 3628
29162393097764, 29162393103668, 5904
29162402245948, 29162402249956, 4008
29162411382672, 29162411386116, 3444
29162420652216, 29162420657148, 4932
29162429874160, 29162429877556, 3396
29162462940432, 29162462946028, 5596
29162484855708, 29162484862524, 6816
29162507009388, 29162507013548, 4160
29162528695800, 29162528702944, 7144
29162550636732, 29162550641824, 5092
29162572574144, 29162572579172, 5028
29162594504048, 29162594510480, 6432
29162616531548, 29162616536128, 4580
29162638395644, 29162638400608, 4964
29162660289304, 29162660295648, 6344
29162682252924, 29162682259680, 6756
29162704180604, 29162704187348, 6744
29162726227884, 29162726232396, 4512
29162748022544, 29162748028896, 6352
29162769981992, 29162769988672, 6680
29162791920880, 29162791927668, 6788
29162813951124, 29162813957900, 6776
29162835807148, 29162835812236, 5088
29162857764016, 29162857770464, 6448
29162879810088, 29162879814996, 4908
29162901652180, 29162901656800, 4620
29162923604196, 29162923610520, 6324
29162945497292, 29162945501904, 4612
29162967459200, 29162967465492, 6292
29162989343352, 29162989349656, 6304
29163011393684, 29163011398076, 4392
29163033271672, 29163033276412, 4740
29163055138492, 29163055144360, 5868
29163077093996, 29163077098564, 4568
29163099052300, 29163099058488, 6188
29163121047316, 29163121051852, 4536
29163142973880, 29163142979776, 5896
29163164830744, 29163164836928, 6184
29163186854600, 29163186859676, 5076
29163208771608, 29163208776724, 5116
29163230737744, 29163230744320, 6576
29163252687796, 29163252692556, 4760
29163274594928, 29163274599580, 4652
29163296580900, 29163296585904, 5004
29163595736896, 29163595739996, 3100
29163693492188, 29163693497240, 5052
29163791293960, 29163791299544, 5584
29163889237076, 29163889243200, 6124
29163986784600, 29163986789512, 4912
29164084836184, 29164084841400, 5216
29164191902964, 29164191907552, 4588
29164337441180, 29164337445496, 4316
29164483013824, 29164483018244, 4420
29164628593604, 29164628598972, 5368
29164774269716, 29164774276604, 6888
29166022562108, 29166022565012, 2904
29166023454536, 29166023460640, 6104
29166024338896, 29166024342024, 3128
29166025238916, 29166025242244, 3328
29166026120472, 29166026122788, 2316
29166027030412, 29166027033524, 3112
29166027911608, 29166027913932, 2324
29166028809508, 29166028812480, 2972
29166029690608, 29166029692956, 2348
29166030652952, 29166030656036, 3084
29166031534076, 29166031536404, 2328
29166032427192, 29166032430036, 2844
29166033326944, 29166033330368, 3424
29166034208276, 29166034210628, 2352
29166035125236, 29166035128332, 3096
29166036006272, 29166036009648, 3376
29166036926104, 29166036929220, 3116
29166037807152, 29166037809468, 2316
29166038705340, 29166038708668, 3328
29166039586636, 29166039588956, 2320
29166040478684, 29166040482264, 3580
29166041365672, 29166041368376, 2704
29166042246484, 29166042248780, 2296
29166043268596, 29166043274360, 5764
29166044152736, 29166044155236, 2500
29166045127836, 29166045131124, 3288
29166046009308, 29166046011652, 2344
29166046952256, 29166046955300, 3044
29166047833524, 29166047835864, 2340
29166048773484, 29166048776440, 2956
29166049654508, 29166049657800, 3292
29166050548096, 29166050551320, 3224
29166051445756, 29166051448208, 2452
29166052326120, 29166052328456, 2336
29166053241740, 29166053244592, 2852
29166054122472, 29166054124772, 2300
29166055046660, 29166055050984, 4324
29166055928940, 29166055931752, 2812
29166056829152, 29166056832116, 2964
29166057710200, 29166057712516, 2316
29166058610344, 29166058613928, 3584
29166059491800, 29166059494176, 2376
29166060384124, 29166060386928, 2804
29166061272120, 29166061275748, 3628
29166062153696, 29166062155984, 2288
29166063090780, 29166063097136, 6356
29166063975320, 29166063977672, 2352
29166064923104, 29166064927040, 3936
29166065805212, 29166065807492, 2280
29166066774372, 29166066777476, 3104
29166067655520, 29166067658772, 3252
29166068564368, 29166068567680, 3312
29166069445836, 29166069448208, 2372
29166070338788, 29166070342084, 3296
29166082432868, 29166082437532, 4664
29166104297760, 29166104302580, 4820
29166126171720, 29166126178224, 6504
29166148165552, 29166148171980, 6428
29166170096180, 29166170102688, 6508
29166192068672, 29166192073420, 4748
29166214011096, 29166214016216, 5120
29166235906636, 29166235913852, 7216
29166257816700, 29166257823452, 6752
29166279867544, 29166279874088, 6544
29166301717224, 29166301722392, 5168
29166323660396, 29166323665056, 4660
29166345630252, 29166345636244, 5992
29166367634004, 29166367639964, 5960
29166389560016, 29166389564676, 4660
29166411521028, 29166411527532, 6504
29166433348264, 29166433354464, 6200
29166455255836, 29166455262600, 6764
29166477226576, 29166477233236, 6660
29166499161580, 29166499167940, 6360
29168016776092, 29168016779496, 3404
29168030490760, 29168030495680, 4920
29168044296804, 29168044302224, 5420
29168058116076, 29168058122476, 6400
29168072488452, 29168072492776, 4324
29168086264320, 29168086268544, 4224
29168100091548, 29168100096508, 4960
29168113900908, 29168113904552, 3644
29168210141684, 29168210147176, 5492
29168232125264, 29168232131968, 6704
29168254151684, 29168254156036, 4352
29168276024432, 29168276032312, 7880
29168297879176, 29168297884192, 5016
29168319831388, 29168319838440, 7052
29168341779156, 29168341784664, 5508
29168363713692, 29168363721140, 7448
29168385624296, 29168385629720, 5424
29168407710732, 29168407717272, 6540
29168429517044, 29168429522196, 5152
29168451511908, 29168451518436, 6528
29168473417312, 29168473421664, 4352
29168495329876, 29168495336104, 6228
29168517239176, 29168517243752, 4576
29168539193236, 29168539199288, 6052
29168561139796, 29168561144076, 4280
29168583060964, 29168583067872, 6908
29168605053168, 29168605057916, 4748
29168626989344, 29168626995768, 6424
29168648857700, 29168648862404, 4704
29168670852364, 29168670858748, 6384
29168692845636, 29168692850324, 4688
29168714817044, 29168714823272, 6228
29168736634268, 29168736639932, 5664
29168758625556, 29168758632144, 6588
29168780538872, 29168780543456, 4584
29168802469708, 29168802476260, 6552
29168824375620, 29168824379984, 4364
29168846431232, 29168846437328, 6096
29168868291716, 29168868296940, 5224
29168890187436, 29168890193792, 6356
29168912179268, 29168912184292, 5024
29168934083456, 29168934090056, 6600
29168956008516, 29168956013256, 4740
29168977947964, 29168977954064, 6100
29168999839632, 29168999844148, 4516
29169021838796, 29169021845204, 6408
29169043787024, 29169043791564, 4540
29169065709176, 29169065715576, 6400
29169087701740, 29169087706284, 4544
29169109527152, 29169109533484, 6332
29169131490024, 29169131511276, 21252
29169153427252, 29169153432404, 5152
29169175361044, 29169175368200, 7156
29169197361968, 29169197367644, 5676
29169219256064, 29169219263116, 7052
29169241169128, 29169241174348, 5220
29169263107940, 29169263114572, 6632
29169285046044, 29169285050864, 4820
29169307056684, 29169307063448, 6764
29169328960172, 29169328964792, 4620
29169350960720, 29169350967308, 6588
29169372806616, 29169372811880, 5264
29169394766316, 29169394772740, 6424
29169416673872, 29169416678960, 5088
29169438663300, 29169438669772, 6472
29169460575172, 29169460580020, 4848
29169482498296, 29169482505292, 6996
29169504438548, 29169504443136, 4588
29169526343584, 29169526349648, 6064
29169548397260, 29169548401784, 4524
29169570261436, 29169570267440, 6004
29169592260752, 29169592265044, 4292
29169614197100, 29169614203076, 5976
29169636116164, 29169636120660, 4496
29169658067968, 29169658073972, 6004
29169679922536, 29169679927652, 5116
29169701864824, 29169701868988, 4164
29169723847052, 29169723853372, 6320
29169745736104, 29169745741076, 4972
29169767630908, 29169767637172, 6264
29169789593964, 29169789599076, 5112
29169811583644, 29169811589916, 6272
29169833506480, 29169833511120, 4640
29169855376188, 29169855382472, 6284
29169877382920, 29169877387408, 4488
29169899248596, 29169899255204, 6608
29169921206824, 29169921211444, 4620
29169943132416, 29169943138680, 6264
29169965010396, 29169965015216, 4820
29169986998884, 29169987005104, 6220
29170008983428, 29170008985452, 2024
29170030807356, 29170030813884, 6528
29170052834424, 29170052839092, 4668
29170074720820, 29170074727960, 7140
29170096639532, 29170096644720, 5188
29170118562856, 29170118583224, 20368
29170140519736, 29170140538948, 19212
29170162498300, 29170162512432, 14132
29170184416324, 29170184430156, 13832
29170206336496, 29170206393520, 57024
29170228310908, 29170228325928, 15020
29170250304104, 29170250317868, 13764
29170272132688, 29170272147456, 14768
29170294150648, 29170294160796, 10148
29170316010272, 29170316025356, 15084
29170337915088, 29170337930676, 15588
29172005112752, 29172005115976, 3224
29172018860132, 29172018865756, 5624
29172032664372, 29172032669764, 5392
29172046505020, 29172046511428, 6408
29172060350260, 29172060354708, 4448
29172074714004, 29172074719300, 5296
29172088539768, 29172088544708, 4940
29172102310872, 29172102314560, 3688
29172116097564, 29172116101988, 4424
29172129995536, 29172130000112, 4576
29172314255796, 29172314262156, 6360
29172509638204, 29172509654864, 16660
29172531577996, 29172531584804, 6808
29172553514716, 29172553521988, 7272
29172575500348, 29172575506796, 6448
29172597485088, 29172597491700, 6612
29172619333528, 29172619340012, 6484
29172641283436, 29172641290100, 6664
29172663350488, 29172663356404, 5916
29172685168780, 29172685175640, 6860
29172707101824, 29172707107968, 6144
29172729021328, 29172729028536, 7208
29172751036040, 29172751042860, 6820
29172772931896, 29172772933772, 1876
29172794831628, 29172794847056, 15428
29173997321660, 29173997324504, 2844
29173998208008, 29173998213632, 5624
29173999091724, 29173999094888, 3164
29174000006744, 29174000010316, 3572
29174000888452, 29174000890768, 2316
29174001792320, 29174001796012, 3692
29174002674172, 29174002676544, 2372
29174003592264, 29174003595188, 2924
29174004473264, 29174004475568, 2304
29174005370828, 29174005374428, 3600
29174006252544, 29174006254832, 2288
29174007132632, 29174007134920, 2288
29174008034052, 29174008036976, 2924
29174008914852, 29174008917160, 2308
29174009832084, 29174009834964, 2880
29174010712876, 29174010715176, 2300
29174011613004, 29174011615964, 2960
29174012493924, 29174012496252, 2328
29174013398104, 29174013401080, 2976
29174014279032, 29174014281324, 2292
29174015159204, 29174015162328, 3124
29174016059428, 29174016062256, 2828
29174016940188, 29174016942536, 2348
29174017922124, 29174017928444, 6320
29174018806708, 29174018809448, 2740
29174019725404, 29174019728636, 3232
29174020606724, 29174020609052, 2328
29174021508352, 29174021511272, 2920
29174022389404, 29174022391740, 2336
29174023283744, 29174023286548, 2804
29174024172072, 29174024175596, 3524
29174025053456, 29174025055816, 2360
29174025965416, 29174025968236, 2820
29174026846144, 29174026848444, 2300
29174027752604, 29174027756696, 4092
29174028634648, 29174028637092, 2444
29174029535968, 29174029538824, 2856
29174030416740, 29174030419092, 2352
29174031325028, 29174031327800, 2772
29174032205656, 29174032207944, 2288
29174033085760, 29174033088920, 3160
29174033987696, 29174033990512, 2816
29174034868352, 29174034870656, 2304
29174035775392, 29174035778376, 2984
29174036656300, 29174036658640, 2340
29174037625964, 29174037630804, 4840
29174038509040, 29174038511540, 2500
29174039419784, 29174039422780, 2996
29174040300848, 29174040303168, 2320
29174041196004, 29174041199508, 3504
29174042082164, 29174042085444, 3280
29174042963364, 29174042966540, 3176
29174045160604, 29174045165524, 4920
29174067111956, 29174067119424, 7468
29174089055628, 29174089062320, 6692
29174110967880, 29174110974168, 6288
29174132934720, 29174132941748, 7028
29174154853948, 29174154860992, 7044
29174176762104, 29174176769052, 6948
29174198759676, 29174198766424, 6748
29174220647760, 29174220654140, 6380
29174242660312, 29174242666900, 6588
29174264524640, 29174264531352, 6712
29174286468044, 29174286475092, 7048
29174308395248, 29174308401480, 6232
29174330358632, 29174330364184, 5552
29175381337408, 29175381340488, 3080
29175382223996, 29175382228396, 4400
29175383106436, 29175383108792, 2356
29175384004936, 29175384007916, 2980
29175384886084, 29175384888368, 2284
29175385783888, 29175385786768, 2880
29175386664872, 29175386667164, 2292
29175387572348, 29175387576004, 3656
29175388454156, 29175388456572, 2416
29175389408656, 29175389411524, 2868
29175390289628, 29175390292800, 3172
29175391170664, 29175391172984, 2320
29175392067964, 29175392070820, 2856
29175392948724, 29175392951020, 2296
29175393915712, 29175393918540, 2828
29175394796420, 29175394798740, 2320
29175395709688, 29175395712576, 2888
29175396590480, 29175396592800, 2320
29175397499280, 29175397502092, 2812
29175398380016, 29175398382340, 2324
29175399272280, 29175399275616, 3336
29175400176684, 29175400179296, 2612
29175401057376, 29175401059684, 2308
29175402021700, 29175402028428, 6728
29175402906836, 29175402909332, 2496
29175403815756, 29175403818852, 3096
29175404696884, 29175404699176, 2292
29175405608444, 29175405613480, 5036
29175406491752, 29175406494936, 3184
29175407392288, 29175407395232, 2944
29175408273324, 29175408276872, 3548
29175409165552, 29175409168244, 2692
29175410052440, 29175410055200, 2760
29175410933092, 29175410935384, 2292
29175411833688, 29175411836460, 2772
29175412714436, 29175412716748, 2312
29175413622408, 29175413625196, 2788
29151325877976, 29151325885404, 7428
29155553036476, 29155553040316, 3840
29155553055152, 29155553060976, 5824
29155702669088, 29155702673376, 4288
29155898014984, 29155898022336, 7352
29156093427292, 29156093435000, 7708
29156288915900, 29156288922884, 6984
29156484393780, 29156484398312, 4532
29156679760612, 29156679765852, 5240
29156875252180, 29156875259016, 6836
29157070685560, 29157070692696, 7136
29157266013124, 29157266022848, 9724
29157461782732, 29157461789632, 6900
29157483460448, 29157483465328, 4880
29157505470692, 29157505477332, 6640
29157527306540, 29157527313100, 6560
29157549236932, 29157549243308, 6376
29157571175440, 29157571180096, 4656
29157593125212, 29157593131716, 6504
29157615034060, 29157615038648, 4588
29157637026256, 29157637030868, 4612
29157658862388, 29157658868304, 5916
29157680861052, 29157680867604, 6552
29157702759260, 29157702765108, 5848
29157724686544, 29157724692616, 6072
29157746625352, 29157746630292, 4940
29157768564088, 29157768569912, 5824
29157790546516, 29157790551536, 5020
29157812479184, 29157812483388, 4204
29157834494504, 29157834499192, 4688
29157856372832, 29157856378180, 5348
29157878309548, 29157878311864, 2316
29157900253512, 29157900260432, 6920
29157922124092, 29157922129080, 4988
29157944079872, 29157944085112, 5240
29157966035588, 29157966040380, 4792
29157987878096, 29157987883036, 4940
29158009857632, 29158009864276, 6644
29158031837824, 29158031842604, 4780
29158053734728, 29158053741960, 7232
29158075739904, 29158075744484, 4580
29158097594604, 29158097601928, 7324
29158119581524, 29158119586308, 4784
29158141447268, 29158141454412, 7144
29158163382532, 29158163387808, 5276
29158185335576, 29158185342576, 7000
29158207260948, 29158207266308, 5360
29158229225368, 29158229232644, 7276
29158251108416, 29158251113236, 4820
29158273071512, 29158273077176, 5664
29158294984948, 29158294989768, 4820
29158317053948, 29158317060944, 6996
29158338917316, 29158338922288, 4972
29158360830000, 29158360837004, 7004
29158382810600, 29158382815224, 4624
29158404748384, 29158404755024, 6640
29158426623872, 29158426631116, 7244
29158448589748, 29158448594208, 4460
29158470627220, 29158470631668, 4448
29158492452076, 29158492456844, 4768
29158679950744, 29158679954276, 3532
29158680845304, 29158680851656, 6352
29158689962728, 29158689969492, 6764
29158711852004, 29158711857432, 5428
29158733759020, 29158733766340, 7320
29158755916608, 29158755921160, 4552
29158777633188, 29158777737860, 104672
29158799659660, 29158799663908, 4248
29158821575128, 29158821579704, 4576
29158843437528, 29158843444028, 6500
29158865414080, 29158865420696, 6616
29158887361088, 29158887365936, 4848
29158909293732, 29158909299596, 5864
29158931183724, 29158931190112, 6388
29158953227308, 29158953232024, 4716
29158975102984, 29158975110004, 7020
29158997061084, 29158997067976, 6892
29159018980204, 29159018984524, 4320
29159040990208, 29159040994808, 4600
29159062794296, 29159062799420, 5124
29159084853820, 29159084861228, 7408
29159106787308, 29159106791912, 4604
29159128624168, 29159128631540, 7372
29159150556936, 29159150563884, 6948
29159172515500, 29159172522292, 6792
29159194510128, 29159194517012, 6884
29159216374316, 29159216381336, 7020
29159238333588, 29159238340052, 6464
29159260340980, 29159260345432, 4452
29159282211976, 29159282218508, 6532
29159304164768, 29159304171576, 6808
29159326073392, 29159326080880, 7488
29159348064992, 29159348069864, 4872
29159369980120, 29159369986328, 6208
29159391990720, 29159391995244, 4524
29159413860584, 29159413867360, 6776
29159435807408, 29159435813796, 6388
29159457690420, 29159457697028, 6608
29159479682232, 29159479687328, 5096
29159501531256, 29159501538292, 7036
29159523520804, 29159523525688, 4884
29159545496848, 29159545501872, 5024
29159567413656, 29159567420000, 6344
29159589292956, 29159589299356, 6400
29159611289260, 29159611294240, 4980
29159633131464, 29159633138832, 7368
29159655132252, 29159655137028, 4776
29159677080272, 29159677086352, 6080
29159699028000, 29159699032940, 4940
29159721003276, 29159721007676, 4400
29159742891696, 29159742896840, 5144
29159764805024, 29159764809732, 4708
29159786723420, 29159786730108, 6688
29159808693052, 29159808700312, 7260
29159830615976, 29159830623104, 7128
29159852526072, 29159852532560, 6488
29159874473584, 29159874479740, 6156
29159896466524, 29159896471392, 4868
29159918290620, 29159918297520, 6900
29159940241408, 29159940248168, 6760
29159962198036, 29159962202972, 4936
29159984139336, 29159984144412, 5076
29160006077424, 29160006084720, 7296
29160028027812, 29160028035076, 7264
29160049955184, 29160049959916, 4732
29160071834204, 29160071840844, 6640
29160093764968, 29160093770272, 5304
29160115763548, 29160115770720, 7172
29160137624936, 29160137630348, 5412
29160159625440, 29160159631732, 6292
29160181514896, 29160181519764, 4868
29160203565192, 29160203572204, 7012
29160225504540, 29160225509248, 4708
29160247337816, 29160247345064, 7248
29160269341928, 29160269347384, 5456
29160291219360, 29160291226652, 7292
29160313113392, 29160313118128, 4736
29160335098656, 29160335106172, 7516
29160357017976, 29160357022976, 5000
29160378981032, 29160378987820, 6788
29160400857948, 29160400862948, 5000
29160422900776, 29160422907676, 6900
29160444770744, 29160444775664, 4920
29160466707912, 29160466714424, 6512
29160488631004, 29160488635764, 4760
29160510565216, 29160510572160, 6944
29160684170592, 29160684173560, 2968
29160685063540, 29160685069284, 5744
29160685947380, 29160685950348, 2968
29160686900320, 29160686903484, 3164
29160687781776, 29160687784084, 2308
29160708119048, 29160708124140, 5092
29160730003092, 29160730008192, 5100
29160751928780, 29160751933108, 4328
29160773854500, 29160773859784, 5284
29160795777596, 29160795785244, 7648
29160817700272, 29160817705060, 4788
29160839769524, 29160839773632, 4108
29160861587136, 29160861594144, 7008
29160883491968, 29160883498684, 6716
29160905469244, 29160905474060, 4816
29160927325460, 29160927331604, 6144
29160949360048, 29160949367208, 7160
29160971268708, 29160971275664, 6956
29160993323664, 29160993331144, 7480
29161015190988, 29161015195668, 4680
29161037040456, 29161037047520, 7064
29161059026888, 29161059031436, 4548
29161080898768, 29161080905448, 6680
29161102874180, 29161102881024, 6844
29161124926128, 29161124932952, 6824
29161146811968, 29161146816800, 4832
29161168682948, 29161168689408, 6460
29161190662772, 29161190664472, 1700
29161212585168, 29161212592032, 6864
29161234491280, 29161234496400, 5120
29161256461752, 29161256468648, 6896
29161278325152, 29161278332116, 6964
29161300385168, 29161300391852, 6684
29161322239108, 29161322243592, 4484
29161344171220, 29161344178824, 7604
29161366139296, 29161366143964, 4668
29161388062384, 29161388067780, 5396
29161410048012, 29161410052764, 4752
29161431887276, 29161431894120, 6844
29161453875912, 29161453882792, 6880
29161475807480, 29161475814256, 6776
29161497765588, 29161497769800, 4212
29161519660508, 29161519665572, 5064
29161541627916, 29161541632804, 4888
29161563619332, 29161563626300, 6968
29161585535144, 29161585539668, 4524
29161607440612, 29161607446324, 5712
29161629350868, 29161629356480, 5612
29161651311036, 29161651318148, 7112
29161673198512, 29161673205664, 7152
29161695163188, 29161695170564, 7376
29161717074516, 29161717081416, 6900
29161739064532, 29161739070036, 5504
29161792925480, 29161792928636, 3156
29161956343532, 29161956351000, 7468
29162151767972, 29162151775140, 7168
29162347224532, 29162347231636, 7104
29162542633064, 29162542639732, 6668
29162738134336, 29162738141028, 6692
29162933555856, 29162933560488, 4632
29163128970972, 29163128977036, 6064
29163324477332, 29163324483960, 6628
29163519845892, 29163519852524, 6632
29163715306684, 29163715311540, 4856
29163910799568, 29163910807656, 8088
29163932778992, 29163932783840, 4848
29163954569608, 29163954576844, 7236
29163976538132, 29163976544212, 6080
29163998557112, 29163998561764, 4652
29164020335040, 29164020339876, 4836
29164042270184, 29164042277444, 7260
29164064221832, 29164064229096, 7264
29164086165452, 29164086170060, 4608
29164108095432, 29164108102332, 6900
29164130025512, 29164130030908, 5396
29164152007248, 29164152014464, 7216
29164173908332, 29164173913672, 5340
29164195835440, 29164195841484, 6044
29164217770900, 29164217776344, 5444
29164239822004, 29164239829480, 7476
29164261751952, 29164261756836, 4884
29164283577904, 29164283584592, 6688
29164305533552, 29164305538116, 4564
29164327478612, 29164327485156, 6544
29164349488724, 29164349493336, 4612
29164371329576, 29164371335692, 6116
29164393270352, 29164393275968, 5616
29164415179380, 29164415186436, 7056
29164437124932, 29164437129512, 4580
29164459172544, 29164459179212, 6668
29164481057792, 29164481064200, 6408
29164502954168, 29164502959432, 5264
29164525003240, 29164525010032, 6792
29164546922984, 29164546928020, 5036
29164568755540, 29164568760468, 4928
29164590970460, 29164590974980, 4520
29164612648236, 29164612655056, 6820
29164634621232, 29164634626432, 5200
29164656561928, 29164656566804, 4876
29164678475588, 29164678481788, 6200
29164700393232, 29164700397592, 4360
29164722342504, 29164722349376, 6872
29164744357556, 29164744362376, 4820
29164766278812, 29164766284864, 6052
29164788091860, 29164788098288, 6428
29164810099548, 29164810101452, 1904
29165011536896, 29165011540196, 3300
29165109811600, 29165109817940, 6340
29165210937796, 29165210945460, 7664
29165356532132, 29165356536828, 4696
29165502112880, 29165502117932, 5052
29165647697664, 29165647702896, 5232
29165793305960, 29165793312960, 7000
29165938764872, 29165938771372, 6500
29166084325368, 29166084332280, 6912
29166229908380, 29166229914796, 6416
29166375529968, 29166375536392, 6424
29166521135840, 29166521141592, 5752
29166543050780, 29166543056816, 6036
29166564929400, 29166564978360, 48960
29166586890512, 29166586896700, 6188
29166608833704, 29166608839652, 5948
29166630854012, 29166630859220, 5208
29166652720020, 29166652726880, 6860
29166674646352, 29166674651096, 4744
29166696618056, 29166696625108, 7052
29166718500064, 29166718504180, 4116
29166740478796, 29166740483172, 4376
29166762375608, 29166762381552, 5944
29166784393684, 29166784398920, 5236
29166806347884, 29166806352872, 4988
29166828167588, 29166828173732, 6144
29166850219772, 29166850225840, 6068
29166872133616, 29166872140372, 6756
29166894029160, 29166894033880, 4720
29166915995632, 29166916002088, 6456
29166937907152, 29166937913428, 6276
29166959797944, 29166959804280, 6336
29166981825168, 29166981829780, 4612
29167003711820, 29167003717836, 6016
29167025731184, 29167025737820, 6636
29167047595688, 29167047600168, 4480
29167069496632, 29167069502752, 6120
29167091488008, 29167091492456, 4448
29167113377416, 29167113382076, 4660
29167135389992, 29167135395128, 5136
29167157243268, 29167157249204, 5936
29167179312632, 29167179317236, 4604
29167201101688, 29167201108156, 6468
29167223107436, 29167223113884, 6448
29167245015072, 29167245021972, 6900
29167266967948, 29167266974536, 6588
29167288876856, 29167288883068, 6212
29167310887164, 29167310891724, 4560
29167332741960, 29167332747288, 5328
29167354665440, 29167354671088, 5648
29167376683628, 29167376689704, 6076
29167398601216, 29167398606124, 4908
29167420602184, 29167420606652, 4468
29167442521100, 29167442525508, 4408
29167464399356, 29167464405372, 6016
29167486353056, 29167486357512, 4456
29167508248536, 29167508255240, 6704
29167530242948, 29167530248892, 5944
29167552228888, 29167552233464, 4576
29167574036424, 29167574042492, 6068
29167596046032, 29167596050788, 4756
29167617883864, 29167617888284, 4420
29167639821356, 29167639827324, 5968
29167661823036, 29167661829456, 6420
29167683780092, 29167683786288, 6196
29167705716148, 29167705722608, 6460
29167727616156, 29167727622412, 6256
29167749619064, 29167749625504, 6440
29167771607052, 29167771613524, 6472
29167793436420, 29167793442672, 6252
29167815352976, 29167815359164, 6188
29167837341544, 29167837347232, 5688
29167859244792, 29167859249644, 4852
29167881229872, 29167881236116, 6244
29167903098712, 29167903103624, 4912
29167924953568, 29167924959400, 5832
29167946923380, 29167946930212, 6832
29167968976776, 29167968982780, 6004
29167990763064, 29167990769328, 6264
29168012816248, 29168012822296, 6048
29168034698464, 29168034703072, 4608
29168056572932, 29168056578288, 5356
29168078532100, 29168078536772, 4672
29168100428640, 29168100435528, 6888
29168122413304, 29168122418260, 4956
29168144387652, 29168144394284, 6632
29168166247916, 29168166253320, 5404
29168188227188, 29168188233824, 6636
29170000983564, 29170000986600, 3036
29170014726948, 29170014731496, 4548
29170028620912, 29170028626240, 5328
29170042442376, 29170042447816, 5440
29170056234532, 29170056238548, 4016
29170070648144, 29170070656232, 8088
29170084458652, 29170084464480, 5828
29170098200364, 29170098204476, 4112
29170112065768, 29170112070940, 5172
29170125898476, 29170125903720, 5244
29170164524108, 29170164539396, 15288
29170359908824, 29170359920488, 11664
29170381856080, 29170381872392, 16312
29170403795896, 29170403810684, 14788
29170425704404, 29170425719448, 15044
29170447605612, 29170447620796, 15184
29170469658876, 29170469673864, 14988
29170491558500, 29170491573904, 15404
29170513436508, 29170513452116, 15608
29170535381608, 29170535395972, 14364
29170557320968, 29170557334004, 13036
29170579316060, 29170579332100, 16040
29170601279904, 29170601293256, 13352
29170623219968, 29170623229904, 9936
29170645062032, 29170645078456, 16424
29170667012788, 29170667028200, 15412
29170688976124, 29170688991016, 14892
29170710889400, 29170710930640, 41240
29170732820876, 29170732835732, 14856
29170754782216, 29170754796792, 14576
29170776717128, 29170776733800, 16672
29170798648592, 29170798662896, 14304
29170820593104, 29170820610440, 17336
29170842539892, 29170842554600, 14708
29170864449804, 29170864463200, 13396
29170886401448, 29170886416768, 15320
29170908344292, 29170908359780, 15488
29170930299876, 29170930309148, 9272
29170952260100, 29170952275656, 15556
29170974158912, 29170974172728, 13816
29170996080228, 29170996096252, 16024
29171017981920, 29171017995928, 14008
29171039974664, 29171039988288, 13624
29171061867072, 29171061890692, 23620
29171083846968, 29171083860904, 13936
29171105785456, 29171105801240, 15784
29171127725092, 29171127740504, 15412
29171149641144, 29171149654688, 13544
29171171635132, 29171171641440, 6308
29171193554300, 29171193561132, 6832
29171215432184, 29171215438752, 6568
29171237482104, 29171237488848, 6744
29171259321324, 29171259327484, 6160
29171281244424, 29171281251336, 6912
29171303287332, 29171303293444, 6112
29171997229516, 29171997232584, 3068
29172094861048, 29172094866032, 4984
29172192159488, 29172192164872, 5384
29172289572140, 29172289576980, 4840
29172388256432, 29172388260664, 4232
29172486188204, 29172486193124, 4920
29172584477976, 29172584482572, 4596
29172682294660, 29172682300064, 5404
29172779424396, 29172779428764, 4368
29172877379564, 29172877384784, 5220
29172974773232, 29172974778360, 5128
29173073369084, 29173073374680, 5596
29173171048912, 29173171054124, 5212
29173268581148, 29173268586464, 5316
29173366717356, 29173366722788, 5432
29173508844052, 29173508850456, 6404
29173654379752, 29173654386264, 6512
29173800015072, 29173800021284, 6212
29173945474548, 29173945481332, 6784
29174091021060, 29174091028236, 7176
29174236689988, 29174236697160, 7172
29174382179508, 29174382234240, 54732
29174527796184, 29174527802372, 6188
29174673394048, 29174673400316, 6268
29174818939308, 29174818945816, 6508
29174964561152, 29174964568028, 6876
29175110172032, 29175110178668, 6636
29175255674056, 29175255681156, 7100
29151302942248, 29151302950464, 8216
29151310300884, 29151310309032, 8148
29151318381476, 29151318389912, 8436
