38674783007744, 38674783042936, 35192
38674842843436, 38674842851456, 8020
38674912673316, 38674912681408, 8092
38674982508272, 38674982516684, 8412
38675132157412, 38675132166372, 8960
38675194002992, 38675194011760, 8768
38675305681192, 38675305690392, 9200
38675341603940, 38675341615272, 11332
38675387493460, 38675387504852, 11392
38675531147552, 38675531158904, 11352
38675541120792, 38675541128496, 7704
38675738648064, 38675738658960, 10896
38675850386604, 38675850394896, 8292
38675964111784, 38675964119972, 8188
38676075845516, 38676075853416, 7900
38676099787024, 38676099794568, 7544
38676209533528, 38676209541808, 8280
38676269386928, 38676269389052, 2124
38676289342104, 38676289349684, 7580
38676387106544, 38676387117540, 10996
38676462926856, 38676462938156, 11300
38676616562348, 38676616571832, 9484
38676748266030, 38676748329572, 63542
38676879931100, 38676879941840, 10740
38677011619788, 38677011622876, 3088
38677510375576, 38677510386248, 10672
38677741823668, 38677741835148, 11480
38677789706904, 38677789717928, 11024
38677857546916, 38677857555140, 8224
38677969280008, 38677969288420, 8412
38678112959756, 38678112999248, 39492
38678314470948, 38678314481820, 10872
38678456129856, 38678456132916, 3060
38678611758436, 38678611769832, 11396
38678723489340, 38678723500528, 11188
38678839211572, 38678839221540, 9968
38678942964964, 38678942973468, 8504
38678962910592, 38678962918884, 8292
38679032749244, 38679032760284, 11040
38679172424124, 38679172432780, 8656
38679226230012, 38679226241172, 11160
38679369885204, 38679369893432, 8228
38679497583248, 38679497594820, 11572
38679513545772, 38679513553144, 7372
38679585393364, 38679585397090, 3726
38679705086996, 38679705095644, 8648
38679816821288, 38679816829544, 8256
38680014416100, 38680014427436, 11336
38680156023416, 38680156026500, 3084
38680297678428, 38680297681496, 3068
38680882287876, 38680882298268, 10392
38682685934440, 38682685945084, 10644
38682877484436, 38682877495780, 11344
38682923382296, 38682923393028, 10732
38683015159248, 38683015170596, 11348
38683073021724, 38683073033148, 11424
38683112926132, 38683112937328, 11196
38683198660572, 38683198671700, 11128
38683222609224, 38683222620480, 11256
38683308449320, 38683308460072, 10752
38683414149376, 38683414160532, 11156
38683619655872, 38683619666832, 10960
38683751340680, 38683751352004, 11324
38683823185420, 38683823196588, 11168
38683879042288, 38683879053656, 11368
38683980827350, 38683980878360, 51010
38684872668860, 38684872672244, 3384
38686105687156, 38686105690144, 2988
38686464825276, 38686464835904, 10628
38686620451884, 38686620462780, 10896
38686732205696, 38686732263548, 57852
38686932933568, 38686932945560, 11992
38687005541288, 38687005553184, 11896
38687063416636, 38687063427584, 10948
38687115284244, 38687115296216, 11972
38687133230768, 38687133238460, 7692
38687163172508, 38687163183964, 11456
38687203012272, 38687203023740, 11468
38687226954536, 38687226966224, 11688
38687272846632, 38687272858200, 11568
38687354650224, 38687354653248, 3024
38687464383044, 38687464395120, 12076
38687524249136, 38687524260772, 11636
38687677875928, 38687677887144, 11216
38688849102368, 38688849113228, 10860
38689088527220, 38689088530544, 3324
38689369800300, 38689369810828, 10528
38689497486504, 38689497497060, 10556
38689593257500, 38689593265884, 8384
38689704990520, 38689704998768, 8248
38689746902460, 38689746913708, 11248
38689802766792, 38689802777876, 11084
38689932453964, 38689932465412, 11448
38689964374648, 38689964385812, 11164
38690036217408, 38690036228756, 11348
38690096071456, 38690096074516, 3060
38690126007732, 38690126019124, 11392
38690155929596, 38690155940568, 10972
38690858246480, 38690858256748, 10268
38692189020680, 38692189031180, 10500
38692568118812, 38692568129800, 10988
38692695815296, 38692695826616, 11320
38693306304336, 38693306314848, 10512
38693519795120, 38693519805176, 10056
38693543735092, 38693543743692, 8600
38693591624984, 38693591636064, 11080
38693663448992, 38693663456888, 7896
38693727298948, 38693727306668, 7720
38693817082336, 38693817090416, 8080
38693916847000, 38693916854784, 7784
38693988675000, 38693988683752, 8752
38694106396992, 38694106408044, 11052
38694130339596, 38694130347328, 7732
38694222132612, 38694222143772, 11160
38694283985544, 38694283996592, 11048
38694345834504, 38694345845868, 11364
38694437609444, 38694437617484, 8040
38694525412764, 38694525423992, 11228
38694591245948, 38694591257300, 11352
38694778802388, 38694778814420, 12032
38694864591620, 38694864600876, 9256
38672778634228, 38672778644748, 10520
38672778671008, 38672778677412, 6404
38672778700180, 38672778707324, 7144
38672778729872, 38672778736720, 6848
38672778759028, 38672778766208, 7180
38672778783156, 38672778789432, 6276
38672778809984, 38672778816740, 6756
38672778839760, 38672778846508, 6748
38672778868792, 38672778875580, 6788
38674773086388, 38674773100564, 14176
38674773117552, 38674773125088, 7536
38674832886644, 38674832921796, 35152
38674892752284, 38674892780904, 28620
38674962553660, 38674962562712, 9052
38676887915672, 38676887925524, 9852
38677638066928, 38677638070348, 3420
38678274563744, 38678274567004, 3260
38678404252044, 38678404263260, 11216
38678474084344, 38678474087416, 3072
38678883103080, 38678883113496, 10416
38679447732776, 38679447780064, 47288
38679589371264, 38679589374440, 3176
38679731038260, 38679731049096, 10836
38680088188576, 38680088191880, 3304
38680150036424, 38680150047508, 11084
38680219864200, 38680219867204, 3004
38680289706972, 38680289718008, 11036
38680359537424, 38680359548464, 11040
38680441412028, 38680441422932, 10904
38680581004268, 38680581015048, 10780
38680722674532, 38680722677520, 2988
38680864335988, 38680864339032, 3044
38681005998220, 38681006001252, 3032
38682837584724, 38682837595640, 10916
38683104946772, 38683104949936, 3164
38683493961496, 38683493964912, 3416
38683535879164, 38683535914072, 34908
38683633620556, 38683633632056, 11500
38683906972752, 38683906983760, 11008
38683984790744, 38683984801708, 10964
38684064602388, 38684064613440, 11052
38684146406052, 38684146417000, 10948
38684250210852, 38684250221916, 11064
38684308075608, 38684308086540, 10932
38684439720876, 38684439739204, 18328
38684469662224, 38684469715460, 53236
38684541465660, 38684541468952, 3292
38684613320556, 38684613325784, 5228
38684629257912, 38684629269132, 11220
38684846744028, 38684846754348, 10320
38685618835800, 38685618845956, 10156
38686075763936, 38686075774500, 10564
38686247419144, 38686247430016, 10872
38686389082220, 38686389085340, 3120
38686530692704, 38686530698010, 5306
38686863874832, 38686863885356, 10524
38687117282592, 38687117292384, 9792
38687476359792, 38687476370940, 11148
38687540210300, 38687540220896, 10596
38687689856552, 38687689867724, 11172
38687815604428, 38687815615492, 11064
38687959210680, 38687959221828, 11148
38688025111456, 38688025121168, 9712
38688186664572, 38688186675472, 10900
38688314379230, 38688314416864, 37634
38688348290140, 38688348300924, 10784
38688426119250, 38688426124504, 5254
38688533859270, 38688533898028, 38758
38688599681592, 38688599692908, 11316
38688731375416, 38688731386524, 11108
38688863053196, 38688863063572, 10376
38688994756564, 38688994767892, 11328
38689066578220, 38689066581484, 3264
38689499491800, 38689499495168, 3368
38689569320652, 38689569331932, 11280
38689748888220, 38689748899128, 10908
38689856634560, 38689856643520, 8960
38689916489220, 38689916491520, 2300
38690044196336, 38690044205452, 9116
38690157911200, 38690157919800, 8600
38690369407872, 38690369417792, 9920
38690391399120, 38690391406732, 7612
38690415307424, 38690415318448, 11024
38690485140444, 38690485143768, 3324
38690505094128, 38690505104796, 10668
38690554974004, 38690554984856, 10852
38690624808772, 38690624820008, 11236
38690694638496, 38690694641572, 3076
38690764469684, 38690764473024, 3340
38690834308776, 38690834312020, 3244
38690944038740, 38690944049992, 11252
38691057771756, 38691057782764, 11008
38692701809100, 38692701819320, 10220
38693068932440, 38693068935732, 3292
38693599602580, 38693599613360, 10780
38693928822952, 38693928833388, 10436
38693992676532, 38693992687712, 11180
38694022604856, 38694022615464, 10608
38694094433756, 38694094444780, 11024
38694166260044, 38694166270464, 10420
38694238084544, 38694238092128, 7584
38694303925416, 38694303933764, 8348
38694485493064, 38694485500784, 7720
38694533390208, 38694533397956, 7748
38694615187140, 38694615195416, 8276
38694669059128, 38694669066472, 7344
38694704971992, 38694704979676, 7684
38694740906704, 38694740918730, 12026
38694884543724, 38694884552172, 8448
38674787000230, 38674787039476, 39246
38674844836136, 38674844844424, 8288
38674916663608, 38674916671464, 7856
38674988493400, 38674988500700, 7300
38675060318636, 38675060321044, 2408
38675186047896, 38675186102900, 55004
38675293708396, 38675293717180, 8784
38675481341032, 38675481352512, 11480
38675622930856, 38675622934028, 3172
38675764618010, 38675764623256, 5246
38675906255028, 38675906258316, 3288
38676047917744, 38676047921056, 3312
38676189585396, 38676189588496, 3100
38676879942876, 38676879953848, 10972
38677107400924, 38677107404072, 3148
38677582208140, 38677582219044, 10904
38678372327324, 38678372338196, 10872
38678508005876, 38678508017044, 11168
38678579847884, 38678579902984, 55100
38678643693484, 38678643707996, 14512
38678769375884, 38678769387048, 11164
38678875123336, 38678875132168, 8832
38678903056232, 38678903067828, 11596
38678938978860, 38678938990196, 11336
38679010799544, 38679010811128, 11584
38679082634044, 38679082642468, 8424
38679150468168, 38679150477140, 8972
38679172415508, 38679172423144, 7636
38679242191400, 38679242194604, 3204
38679312024892, 38679312033296, 8404
38679381865564, 38679381873560, 7996
38679451690720, 38679451699776, 9056
38679462696504, 38679462704720, 8216
38679521533888, 38679521545264, 11376
38679591366340, 38679591369564, 3224
38679701122864, 38679701182656, 59792
38679729050250, 38679729063256, 13006
38679808842804, 38679808845908, 3104
38679872688580, 38679872698180, 9600
38680016347524, 38680016356324, 8800
38680106134576, 38680106145964, 11388
38680243807392, 38680243818844, 11452
38680267772250, 38680267826752, 54502
38680339585172, 38680339596504, 11332
38680429393704, 38680429452816, 59112
38680499198976, 38680499210460, 11484
38680519153348, 38680519161844, 8496
38680569035160, 38680569043300, 8140
38680590977772, 38680590985400, 7628
38680638865624, 38680638873480, 7856
38680662808524, 38680662816336, 7812
38680708700936, 38680708712040, 11104
38680734643356, 38680734654544, 11188
38680778533076, 38680778544324, 11248
38680806478348, 38680806489228, 10880
38680848377780, 38680848388820, 11040
38680878307020, 38680878318400, 11380
38680926192632, 38680926204348, 11716
38681151659630, 38681151676584, 16954
38681163779048, 38681163786752, 7704
38681349118372, 38681349129448, 11076
38681406986324, 38681406997836, 11512
38681476819092, 38681476830396, 11304
38681546646616, 38681546650084, 3468
38681616480092, 38681616491420, 11328
38681770110404, 38681770118952, 8548
38681839980784, 38681840032040, 51256
38681895821860, 38681895833208, 11348
38681993608296, 38681993644616, 36320
38682045471460, 38682045482260, 10800
38682147221212, 38682147232604, 11392
38682207084116, 38682207095400, 11284
38682300862296, 38682300873708, 11412
38682368698732, 38682368710164, 11432
38682454495364, 38682454506984, 11620
38682530314448, 38682530325932, 11484
38682608128460, 38682608140032, 11572
38682865504900, 38682865515584, 10684
38683033111560, 38683033119716, 8156
38683092967160, 38683092969404, 2244
38683220605248, 38683220613492, 8244
38683348299292, 38683348309820, 10528
38683359291512, 38683359298992, 7480
38683499936108, 38683499946744, 10636
38683685495260, 38683685506740, 11480
38683801219344, 38683801229664, 10320
38683851123644, 38683851181804, 58160
38683922931916, 38683922943400, 11484
38683966846070, 38683966881968, 35898
38684038657976, 38684038665728, 7752
38684110504056, 38684110507610, 3554
38684182334230, 38684182393412, 59182
38684329965168, 38684329974668, 9500
38684385835880, 38684385847228, 11348
38684473626508, 38684473637884, 11376
38684517549196, 38684517598288, 49092
38684631253024, 38684631264472, 11448
38684701086600, 38684701098104, 11504
38684756954924, 38684756966208, 11284
38684792869256, 38684792880188, 10932
38684828786720, 38684828798628, 11908
38684898615472, 38684898618672, 3200
38684954482080, 38684954494064, 11984
38685622824268, 38685622835364, 11096
38686259311268, 38686259322156, 10888
38686406958548, 38686406969884, 11336
38686444880040, 38686444891180, 11140
38686504734132, 38686504737332, 3200
38686564592316, 38686564603560, 11244
38686634424048, 38686634427004, 2956
38686684374232, 38686684385480, 11248
38686748153812, 38686748165408, 11596
38686903776160, 38686903786032, 9872
38687159165164, 38687159174564, 9400
38687284813896, 38687284824384, 10488
38687410529690, 38687410548430, 18740
38687422625756, 38687422633316, 7560
38687522253244, 38687522264644, 11400
38687546195448, 38687546206928, 11480
38687701822036, 38687701833632, 11596
38688851083616, 38688851094516, 10900
38689417676224, 38689417686832, 10608
38689503473292, 38689503484924, 11632
38689677060660, 38689677070612, 9952
38689736912476, 38689736920116, 7640
38689796771092, 38689796773520, 2428
38690014254712, 38690014263324, 8612
38690062139884, 38690062148388, 8504
38690215776316, 38690215784812, 8496
38690373398124, 38690373406448, 8324
38690449221256, 38690449232468, 11212
38690610832720, 38690610842476, 9756
38690700623128, 38690700634284, 11156
38690772452616, 38690772463044, 10428
38690884185464, 38690884197284, 11820
38690934082276, 38690934093404, 11128
38691005896324, 38691005899528, 3204
38691073731432, 38691073739592, 8160
38691169524664, 38691169585576, 60912
38691281178648, 38691281187444, 8796
38691406902216, 38691406965164, 62948
38691630363520, 38691630375056, 11536
38691772024508, 38691772035608, 11100
38692841468032, 38692841479228, 11196
38693603592692, 38693603603404, 10712
38693697376056, 38693697379248, 3192
38693767210696, 38693767214072, 3376
38693837044192, 38693837047316, 3124
38693906877904, 38693906881160, 3256
38694313917556, 38694313928664, 11108
38694381739424, 38694381749108, 9684
38694453569820, 38694453577772, 7952
38694746873708, 38694746882476, 8768
38674784993210, 38674785031784, 38574
38674904692220, 38674904701456, 9236
38675567061440, 38675567076928, 15488
38675670812840, 38675670824824, 11984
38675702747032, 38675702758720, 11688
38675730678724, 38675730689772, 11048
38675790533844, 38675790536940, 3096
38675848393376, 38675848404928, 11552
38676002020340, 38676002032084, 11744
38676155657616, 38676155660844, 3228
38676873968150, 38676874027860, 59710
38677646046572, 38677646049876, 3304
38677825625076, 38677825635628, 10552
38677885500270, 38677885504604, 4334
38677945333812, 38677945336120, 2308
38678384302528, 38678384313380, 10852
38678613747860, 38678613756588, 8728
38678683599256, 38678683603044, 3788
38678867143668, 38678867146540, 2872
38678893088224, 38678893091360, 3136
38678962920636, 38678962932216, 11580
38679022773876, 38679022777064, 3188
38679387855384, 38679387865972, 10588
38679459680988, 38679459692516, 11528
38679621289164, 38679621297108, 7944
38679671175616, 38679671186988, 11372
38679782928010, 38679782962920, 34910
38679811438336, 38679811447416, 9080
38679944521900, 38679944533624, 11724
38679980434272, 38679980442320, 8048
38680016349428, 38680016356912, 7484
38680088176740, 38680088179220, 2480
38680160004804, 38680160006988, 2184
38680231835056, 38680231837264, 2208
38680303664116, 38680303666516, 2400
38680375491148, 38680375493276, 2128
38680447321164, 38680447323248, 2084
38680854363072, 38680854372168, 9096
38682223037268, 38682223048176, 10908
38682745791432, 38682745802936, 11504
38682857535264, 38682857546300, 11036
38682913402352, 38682913405484, 3132
38682973259668, 38682973262728, 3060
38684333964484, 38684333975348, 10864
38684475620132, 38684475631836, 11704
38684649207128, 38684649215504, 8376
38684780889548, 38684780901012, 11464
38684828778636, 38684828790000, 11364
38684900611128, 38684900622732, 11604
38684912583260, 38684912594532, 11272
38684972439756, 38684972451388, 11632
38685044273196, 38685044276628, 3432
38685626813220, 38685626824172, 10952
38686275276392, 38686275287804, 11412
38686335164290, 38686335214808, 50518
38686514703420, 38686514714700, 11280
38686626435728, 38686626444716, 8988
38686732208750, 38686732265508, 56758
38686760207688, 38686760215892, 8204
38686893803464, 38686893814728, 11264
38687055414000, 38687055423436, 9436
38687246898292, 38687246907376, 9084
38687358632376, 38687358640808, 8432
38687502291912, 38687502303536, 11624
38687552184980, 38687552195860, 10880
38687622084132, 38687622095304, 11172
38687691843324, 38687691854868, 11544
38687702847236, 38687702854796, 7560
38687761737372, 38687761748872, 11500
38687821541356, 38687821544592, 3236
38687881471792, 38687881474828, 3036
38688819175304, 38688819178828, 3524
38690227758272, 38690227769660, 11388
38690443246600, 38690443257664, 11064
38690596869012, 38690596880240, 11228
38690750501264, 38690750509052, 7788
38690904141624, 38690904149584, 7960
38690940049444, 38690940058040, 8596
38690973973244, 38690973981196, 7952
38691043825936, 38691043839290, 13354
38691101665316, 38691101673848, 8532
38691113641912, 38691113649996, 8084
38691149554508, 38691149565696, 11188
38691173495400, 38691173506784, 11384
38691221332372, 38691221343620, 11248
38691309137050, 38691309190732, 53682
38691452771640, 38691452783304, 11664
38691628374964, 38691628394056, 19092
38691760039920, 38691760051116, 11196
38692833486828, 38692833498044, 11216
38693607582632, 38693607586176, 3544
38693747261876, 38693747264936, 3060
38694758854388, 38694758857928, 3540
