147624607331248, 147624607334376, 3128
147624758913188, 147624758919568, 6380
147624922473272, 147624922478364, 5092
147625086024176, 147625086029016, 4840
147625249559732, 147625249564532, 4800
147625413111272, 147625413115932, 4660
147625576610008, 147625576614440, 4432
147625740082484, 147625740088780, 6296
147625767955664, 147625767960404, 4740
147625795987932, 147625795992472, 4540
147625823838724, 147625823843648, 4924
147625851735852, 147625851741076, 5224
147625879702004, 147625879707272, 5268
147625907592652, 147625907597176, 4524
147625935482128, 147625935487032, 4904
147625963389696, 147625963394204, 4508
147625991467552, 147625991472160, 4608
147626019233960, 147626019238824, 4864
147626047175812, 147626047181304, 5492
147626075139000, 147626075143800, 4800
147626103059628, 147626103064420, 4792
147626130901896, 147626130906640, 4744
147626158863748, 147626158868736, 4988
147626186769760, 147626186774788, 5028
147626214713560, 147626214718732, 5172
147626242671040, 147626242676160, 5120
147626270554944, 147626270559928, 4984
147626298465836, 147626298470472, 4636
147626326347804, 147626326352412, 4608
147626354318840, 147626354324316, 5476
147626382217040, 147626382222348, 5308
147626410094224, 147626410099032, 4808
147626438030912, 147626438036032, 5120
147626465930432, 147626465935092, 4660
147626493908184, 147626493912860, 4676
147626521947740, 147626521952320, 4580
147626549730104, 147626549735528, 5424
147626577613156, 147626577617796, 4640
147626605537528, 147626605542220, 4692
147626633519636, 147626633524124, 4488
147626661341560, 147626661345712, 4152
147626689296844, 147626689301236, 4392
147626717324764, 147626717329560, 4796
147626745161168, 147626745165604, 4436
147626773062672, 147626773067768, 5096
147626801016980, 147626801021292, 4312
147626828862240, 147626828867628, 5388
147626856839296, 147626856844080, 4784
147628141060536, 147628141063628, 3092
147628263481296, 147628263486504, 5208
147628386091872, 147628386097736, 5864
147628508553468, 147628508558668, 5200
147628631128136, 147628631133580, 5444
147628753666668, 147628753671408, 4740
147628876653656, 147628876659164, 5508
147628998797512, 147628998802876, 5364
147629121494340, 147629121499896, 5556
147629243843976, 147629243849564, 5588
147629366590956, 147629366596144, 5188
147629489703152, 147629489708444, 5292
147629612190808, 147629612196044, 5236
147629735520280, 147629735525380, 5100
147629858195204, 147629858200220, 5016
147629981086948, 147629981093304, 6356
147630103598024, 147630103602872, 4848
147630226334724, 147630226339168, 4444
147630348582228, 147630348587516, 5288
147630471700704, 147630471706564, 5860
147630594199624, 147630594204484, 4860
147630717370116, 147630717375136, 5020
147630839833624, 147630839838884, 5260
147630963505756, 147630963511432, 5676
147631085835112, 147631085839628, 4516
147631208497888, 147631208502272, 4384
147631330325380, 147631330329752, 4372
147631453622972, 147631453627748, 4776
147631576590576, 147631576596152, 5576
147631699439992, 147631699444892, 4900
147631822174244, 147631822180640, 6396
147631954008712, 147631954013200, 4488
147632117559588, 147632117564484, 4896
147632281043896, 147632281048352, 4456
147632444656740, 147632444661144, 4404
147632608290464, 147632608296268, 5804
147632635989396, 147632635994164, 4768
147632663949080, 147632663954000, 4920
147632691884384, 147632691888868, 4484
147632719772368, 147632719777508, 5140
147632747713012, 147632747718568, 5556
147632775624216, 147632775629240, 5024
147632803536516, 147632803541212, 4696
147632831435252, 147632831439952, 4700
147632859416412, 147632859420896, 4484
147632887394172, 147632887398784, 4612
147632915145568, 147632915150952, 5384
147632943165096, 147632943169728, 4632
147632971052844, 147632971057924, 5080
147632999178368, 147632999182972, 4604
147633026908740, 147633026913248, 4508
147633054731936, 147633054736012, 4076
147633082627160, 147633082631060, 3900
147633110618060, 147633110623180, 5120
147633138573044, 147633138577796, 4752
147633166446996, 147633166451644, 4648
147633194489352, 147633194493656, 4304
147633222262368, 147633222267180, 4812
147633250209480, 147633250213764, 4284
147633278110252, 147633278114956, 4704
147633306044292, 147633306049176, 4884
147633334014476, 147633334019068, 4592
147633361906608, 147633361911504, 4896
147633389802576, 147633389807356, 4780
147633417777480, 147633417782356, 4876
147633445696720, 147633445701712, 4992
147633473619628, 147633473624076, 4448
147633501456024, 147633501461440, 5416
147633529455436, 147633529460136, 4700
147633557455372, 147633557459568, 4196
147633585271668, 147633585276656, 4988
147633613211904, 147633613216340, 4436
147633641250888, 147633641255392, 4504
147633669028328, 147633669033140, 4812
147633696950052, 147633696954680, 4628
147633724852192, 147633724856620, 4428
147633752822492, 147633752826640, 4148
147633780631312, 147633780635956, 4644
147633808613020, 147633808617424, 4404
147633836539688, 147633836544668, 4980
147633864563880, 147633864568440, 4560
147633892328672, 147633892333740, 5068
147633920325468, 147633920329976, 4508
147633948170176, 147633948174888, 4712
147633976070564, 147633976074672, 4108
147634004112460, 147634004116948, 4488
147634031938900, 147634031943620, 4720
147634059905936, 147634059910880, 4944
147634087829108, 147634087833544, 4436
147634115724892, 147634115728928, 4036
147634143622920, 147634143627872, 4952
147634171504560, 147634171509412, 4852
147634199465372, 147634199470148, 4776
147634227351564, 147634227355732, 4168
147634255263324, 147634255268180, 4856
147634283165964, 147634283179716, 13752
147634311142588, 147634311147328, 4740
147634339014312, 147634339019192, 4880
147634366995952, 147634367001352, 5400
147634394843384, 147634394848076, 4692
147634422802468, 147634422807480, 5012
147634450720556, 147634450725452, 4896
147634478649068, 147634478653628, 4560
147634506514908, 147634506519512, 4604
147634534494236, 147634534498856, 4620
147634562356468, 147634562361812, 5344
147634590296884, 147634590301432, 4548
147634618185104, 147634618189492, 4388
147634646140288, 147634646145040, 4752
147634674066192, 147634674070824, 4632
147634701975016, 147634701979568, 4552
147634729879180, 147634729883912, 4732
147634757857068, 147634757861784, 4716
147634785705080, 147634785709800, 4720
147634813669172, 147634813673620, 4448
147634841570224, 147634841575844, 5620
147634869542816, 147634869547628, 4812
147634897550252, 147634897554872, 4620
147634925328516, 147634925333008, 4492
147634953302440, 147634953307112, 4672
147634981172112, 147634981176772, 4660
147635009074120, 147635009079164, 5044
147635037014044, 147635037018924, 4880
147635064937336, 147635064942044, 4708
147635092883752, 147635092888652, 4900
147635120760780, 147635120765980, 5200
147635148696856, 147635148702288, 5432
147635176558344, 147635176562780, 4436
147635204576072, 147635204580952, 4880
147635232446244, 147635232450520, 4276
147635260381620, 147635260386344, 4724
147635288281844, 147635288286468, 4624
147635316193112, 147635316197828, 4716
147635344138680, 147635344143256, 4576
147635372124904, 147635372129812, 4908
147635399991668, 147635399996312, 4644
147635427916252, 147635427921092, 4840
147635455789744, 147635455794104, 4360
147635483668416, 147635483673372, 4956
147635511668980, 147635511673632, 4652
147635539546580, 147635539551456, 4876
147635567410056, 147635567415296, 5240
147635595392496, 147635595397016, 4520
147635623317940, 147635623322964, 5024
147635651186488, 147635651191176, 4688
147635679098208, 147635679102496, 4288
147635707133328, 147635707138144, 4816
147635734988740, 147635734993684, 4944
147635762891748, 147635762896644, 4896
147635790900196, 147635790904816, 4620
147635818698212, 147635818703288, 5076
147635846675348, 147635846680068, 4720
147635874594964, 147635874599376, 4412
147635902507696, 147635902512412, 4716
147635930477608, 147635930482528, 4920
147635958324908, 147635958329564, 4656
147635986256248, 147635986260940, 4692
147636014181588, 147636014186520, 4932
147636042156804, 147636042160828, 4024
147636070057068, 147636070061780, 4712
147636097898840, 147636097903768, 4928
147636125856628, 147636125861208, 4580
147636153843040, 147636153847628, 4588
147636181683768, 147636181688732, 4964
147636209581996, 147636209587068, 5072
147636237529744, 147636237535296, 5552
147636265489864, 147636265494672, 4808
147636293360864, 147636293365880, 5016
147636321275968, 147636321281072, 5104
147636349296604, 147636349301332, 4728
147636377141040, 147636377145668, 4628
147636405045504, 147636405050424, 4920
147636432954224, 147636432959228, 5004
147636460876636, 147636460881388, 4752
147636488786448, 147636488791328, 4880
147636516664876, 147636516669584, 4708
147636544577680, 147636544582068, 4388
147636572602192, 147636572606684, 4492
147636600460624, 147636600465600, 4976
147636628382524, 147636628387396, 4872
147636656281328, 147636656285764, 4436
147636684147512, 147636684152224, 4712
147636712118076, 147636712123040, 4964
147636740059404, 147636740064448, 5044
147636768121532, 147636768126148, 4616
147636795849984, 147636795854728, 4744
147636823816224, 147636823820700, 4476
147636851755856, 147636851760872, 5016
147636879668548, 147636879673132, 4584
147636907602048, 147636907606560, 4512
147636935429264, 147636935433984, 4720
147636963402168, 147636963406632, 4464
147636991289348, 147636991294380, 5032
147637019243636, 147637019247864, 4228
147637047171076, 147637047176612, 5536
147637075034288, 147637075038724, 4436
147637103025716, 147637103030248, 4532
147637130956480, 147637130961220, 4740
147637158796072, 147637158800664, 4592
147637186691488, 147637186696136, 4648
147637214811868, 147637214816588, 4720
147637242561192, 147637242565736, 4544
147637270598368, 147637270603352, 4984
147637298429460, 147637298433936, 4476
147637326365520, 147637326370416, 4896
147637354283724, 147637354287916, 4192
147637382217708, 147637382222456, 4748
147637410101744, 147637410106464, 4720
147637438008656, 147637438013228, 4572
147637465952464, 147637465957612, 5148
147637493858040, 147637493862996, 4956
147637521789288, 147637521794320, 5032
147637549679000, 147637549683508, 4508
147637577611596, 147637577616876, 5280
147637605520024, 147637605524428, 4404
147637633527724, 147637633532452, 4728
147637661354972, 147637661359812, 4840
147637689281376, 147637689285776, 4400
147637717183264, 147637717187896, 4632
147637745076020, 147637745081016, 4996
147637773090200, 147637773094832, 4632
147637800986048, 147637800990832, 4784
147637828891236, 147637828896268, 5032
147637856775248, 147637856780448, 5200
147637884681512, 147637884686260, 4748
147637912621828, 147637912626344, 4516
147637940568412, 147637940573040, 4628
147637968506172, 147637968510852, 4680
147637996364924, 147637996369564, 4640
147638024375328, 147638024380112, 4784
147638052194760, 147638052199520, 4760
147638080249988, 147638080254468, 4480
147638108018880, 147638108023508, 4628
147638135973172, 147638135987032, 13860
147638163928252, 147638163932724, 4472
147638191907540, 147638191912268, 4728
147638219740064, 147638219744820, 4756
147638247683324, 147638247688524, 5200
147638275557216, 147638275562128, 4912
147638303526620, 147638303531608, 4988
147638331417256, 147638331422360, 5104
147638359688764, 147638359693536, 4772
147638387234660, 147638387239728, 5068
147638415257268, 147638415261752, 4484
147638443112640, 147638443117516, 4876
147638471067936, 147638471072188, 4252
147638498974260, 147638498978932, 4672
147638526800244, 147638526805064, 4820
147638554800528, 147638554804776, 4248
147638582680228, 147638582685032, 4804
147638610583556, 147638610588200, 4644
147638638561140, 147638638565728, 4588
147638666418380, 147638666422940, 4560
147638694363608, 147638694368612, 5004
147638722329676, 147638722334272, 4596
147638750181024, 147638750186060, 5036
147638778099764, 147638778104380, 4616
147638806121972, 147638806126476, 4504
147638833936924, 147638833942112, 5188
147638861888560, 147638861893264, 4704
147638889856256, 147638889861492, 5236
147638917688864, 147638917693096, 4232
147638945656752, 147638945661148, 4396
147638973565052, 147638973569564, 4512
147639001506984, 147639001511492, 4508
147639029337064, 147639029341536, 4472
147639057270576, 147639057275620, 5044
147639085343140, 147639085348024, 4884
147639113185180, 147639113189572, 4392
147639141035472, 147639141040340, 4868
147639169037864, 147639169042952, 5088
147639196951340, 147639196956012, 4672
147639224848700, 147639224853468, 4768
147639252801776, 147639252806716, 4940
147639280723464, 147639280727960, 4496
147639308564768, 147639308569244, 4476
147639336448208, 147639336452564, 4356
147639364426636, 147639364431372, 4736
147639392283172, 147639392288056, 4884
147639420207832, 147639420212952, 5120
147639448196796, 147639448201468, 4672
147640106258984, 147640106262064, 3080
147640228549368, 147640228554996, 5628
147640351457016, 147640351461896, 4880
147640474267352, 147640474272268, 4916
147640597413788, 147640597418916, 5128
147640719906552, 147640719911852, 5300
147640842710372, 147640842715016, 4644
147640964936320, 147640964941040, 4720
147641087617416, 147641087622560, 5144
147641210591600, 147641210596948, 5348
147641333181308, 147641333186064, 4756
147641456124488, 147641456129848, 5360
147641578601524, 147641578606360, 4836
147641701574140, 147641701579080, 4940
147641824078016, 147641824083200, 5184
147641946858028, 147641946863612, 5584
147642092428696, 147642092435228, 6532
147642256032160, 147642256036616, 4456
147642419573936, 147642419578656, 4720
147642582996952, 147642583001312, 4360
147642746522864, 147642746527584, 4720
147642910059420, 147642910065216, 5796
147642938009352, 147642938014020, 4668
147642965991056, 147642965996092, 5036
147642993802148, 147642993851840, 49692
147643021834016, 147643021838404, 4388
147643049730052, 147643049734600, 4548
147643077583948, 147643077588608, 4660
147643105483616, 147643105488928, 5312
147643133462444, 147643133467088, 4644
147643161530708, 147643161535180, 4472
147643189352632, 147643189357092, 4460
147643217198988, 147643217203784, 4796
147643245107420, 147643245112312, 4892
147643272975424, 147643272979964, 4540
147643301008804, 147643301014340, 5536
147643328845184, 147643328849664, 4480
147643356824124, 147643356829008, 4884
147643384824992, 147643384829044, 4052
147643412647588, 147643412652708, 5120
147643440586600, 147643440590804, 4204
147643468477508, 147643468482384, 4876
147643496384388, 147643496389552, 5164
147643524279480, 147643524284128, 4648
147643552260588, 147643552265316, 4728
147643580122420, 147643580126992, 4572
147643608199724, 147643608204036, 4312
147643635987280, 147643635992200, 4920
147643663904412, 147643663909076, 4664
147643691803752, 147643691808344, 4592
147643719827008, 147643719831596, 4588
147643747680724, 147643747685824, 5100
147643775618416, 147643775622748, 4332
147643803481040, 147643803486060, 5020
147643831350848, 147643831355520, 4672
147643859490176, 147643859494684, 4508
147643887209108, 147643887214072, 4964
147643915203116, 147643915207804, 4688
147643943095736, 147643943100620, 4884
147643971028900, 147643971033392, 4492
147643998958592, 147643998963224, 4632
147644026906944, 147644026911132, 4188
147644054812596, 147644054817312, 4716
147644082732556, 147644082737004, 4448
147644110575360, 147644110580172, 4812
147644138536272, 147644138541064, 4792
147644166476896, 147644166481436, 4540
147644194363348, 147644194368380, 5032
147644222287180, 147644222291760, 4580
147644250181396, 147644250186652, 5256
147644278132204, 147644278136528, 4324
147644306055068, 147644306059848, 4780
147644333975724, 147644333980596, 4872
147644361917156, 147644361921620, 4464
147644389881816, 147644389886560, 4744
147644417661788, 147644417667364, 5576
147644445690056, 147644445695112, 5056
147644473489016, 147644473493720, 4704
147644501515928, 147644501520368, 4440
147644529342744, 147644529346908, 4164
147644557300064, 147644557305032, 4968
147625804016996, 147625804019860, 2864
147625927018104, 147625927024148, 6044
147626067120540, 147626067127380, 6840
147626230674768, 147626230680544, 5776
147626394194740, 147626394199944, 5204
147626557775508, 147626557782236, 6728
147626721170152, 147626721174716, 4564
147626884753928, 147626884759740, 5812
147626912693312, 147626912697852, 4540
147626940565584, 147626940569856, 4272
147626968498792, 147626968505528, 6736
147626996430808, 147626996437168, 6360
147627024340368, 147627024345764, 5396
147627052262708, 147627052267644, 4936
147627080195364, 147627080200636, 5272
147627108069560, 147627108074352, 4792
147627136083448, 147627136090376, 6928
147627163926292, 147627163932288, 5996
147627191857312, 147627191862384, 5072
147627219823996, 147627219830352, 6356
147627247710744, 147627247717796, 7052
147627275611936, 147627275616952, 5016
147627303480856, 147627303485216, 4360
147627331416428, 147627331423340, 6912
147627359386452, 147627359392700, 6248
147627387300192, 147627387304796, 4604
147627415237716, 147627415242252, 4536
147627443044952, 147627443049440, 4488
147627471078920, 147627471085612, 6692
147627498916028, 147627498920808, 4780
147627526918744, 147627526925412, 6668
147627554847336, 147627554852392, 5056
147627582673016, 147627582678036, 5020
147627610631540, 147627610637364, 5824
147627638555432, 147627638560584, 5152
147627666509564, 147627666515552, 5988
147627694368124, 147627694374396, 6272
147627722364312, 147627722370460, 6148
147627750222848, 147627750229176, 6328
147627778171248, 147627778176848, 5600
147627806070072, 147627806076748, 6676
147627833941752, 147627833945988, 4236
147627861879932, 147627861884380, 4448
147627889811648, 147627889817588, 5940
147627917862408, 147627917867320, 4912
147627945665352, 147627945671276, 5924
147627973644392, 147627973650932, 6540
147628001486816, 147628001491420, 4604
147628029451620, 147628029458232, 6612
147628057315820, 147628057322128, 6308
147628085209692, 147628085216008, 6316
147628113245024, 147628113249564, 4540
147628141131692, 147628141136644, 4952
147628168957928, 147628168962144, 4216
147628196998404, 147628197003148, 4744
147628224970928, 147628224975856, 4928
147628252751756, 147628252756032, 4276
147628280687920, 147628280693112, 5192
147628308581392, 147628308586652, 5260
147628336510368, 147628336515180, 4812
147628364450044, 147628364455124, 5080
147628392387800, 147628392392084, 4284
147628420258884, 147628420263924, 5040
147628448198816, 147628448203996, 5180
147628476135552, 147628476141272, 5720
147628503952816, 147628503957060, 4244
147628531998924, 147628532003524, 4600
147628559911100, 147628559915616, 4516
147628587752300, 147628587757800, 5500
147628615668064, 147628615672972, 4908
147628643605940, 147628643610648, 4708
147628671527368, 147628671533028, 5660
147628699546464, 147628699550996, 4532
147628727354520, 147628727359804, 5284
147628755279968, 147628755285300, 5332
147628783181284, 147628783186744, 5460
147628811101220, 147628811106332, 5112
147628839091800, 147628839096696, 4896
147628866962552, 147628866968200, 5648
147628894948628, 147628894953356, 4728
147628922788624, 147628922793416, 4792
147628950694096, 147628950699488, 5392
147628978641752, 147628978646508, 4756
147629006534792, 147629006539796, 5004
147629034593188, 147629034597900, 4712
147629062507692, 147629062512000, 4308
147629090302140, 147629090306660, 4520
147629118187428, 147629118193564, 6136
147629146179332, 147629146184024, 4692
147629174102160, 147629174106964, 4804
147629201979060, 147629201985796, 6736
147629229916896, 147629229921496, 4600
147629257796180, 147629257801236, 5056
147629285762048, 147629285766628, 4580
147629313638764, 147629313644008, 5244
147629341600748, 147629341605304, 4556
147629369584448, 147629369590740, 6292
147629397404900, 147629397409772, 4872
147629425285592, 147629425290392, 4800
147629453320652, 147629453325556, 4904
147629481174536, 147629481179416, 4880
147629509116596, 147629509120896, 4300
147629537014416, 147629537019384, 4968
147629565043992, 147629565048616, 4624
147629592803448, 147629592809896, 6448
147629620796780, 147629620801524, 4744
147629648775140, 147629648779728, 4588
147629676585940, 147629676590504, 4564
147629704521612, 147629704526892, 5280
147629732464692, 147629732470320, 5628
147629760352040, 147629760357108, 5068
147629788286676, 147629788291228, 4552
147629816243952, 147629816248664, 4712
147629844082484, 147629844087208, 4724
147629872044500, 147629872049548, 5048
147629900036496, 147629900041224, 4728
147629927900068, 147629927904680, 4612
147629955834152, 147629955838668, 4516
147629983734876, 147629983739124, 4248
147630011642032, 147630011646636, 4604
147630039866292, 147630039870780, 4488
147630067448820, 147630067454148, 5328
147630095502244, 147630095506980, 4736
147630123499992, 147630123504324, 4332
147630151250416, 147630151255184, 4768
147630179129160, 147630179134052, 4892
147630207117876, 147630207122584, 4708
147630234985408, 147630234989984, 4576
147630262958092, 147630262963108, 5016
147630290870436, 147630290875480, 5044
147630318827968, 147630318832976, 5008
147630346767908, 147630346774180, 6272
147630374601824, 147630374606580, 4756
147630402527108, 147630402533544, 6436
147630430429416, 147630430433944, 4528
147630458421524, 147630458426104, 4580
147630486248764, 147630486255028, 6264
147630514122112, 147630514126928, 4816
147630542126912, 147630542133536, 6624
147630569994180, 147630569998632, 4452
147630597961464, 147630597968444, 6980
147630625845728, 147630625852124, 6396
147630653735016, 147630653739784, 4768
147630681711196, 147630681715572, 4376
147630709645488, 147630709650040, 4552
147630737479508, 147630737483976, 4468
147630765428228, 147630765432876, 4648
147630793353996, 147630793358376, 4380
147630821324348, 147630821328560, 4212
147630849244972, 147630849259648, 14676
147630877153732, 147630877167676, 13944
147630904982484, 147630904999612, 17128
147630932899716, 147630932914936, 15220
147630960862864, 147630960876848, 13984
147630988819288, 147630988833412, 14124
147631016704020, 147631016719660, 15640
147631044630312, 147631044640784, 10472
147631072546820, 147631072561076, 14256
147631100480040, 147631100494488, 14448
147631128465648, 147631128481708, 16060
147631156309052, 147631156322268, 13216
147631184219700, 147631184235000, 15300
147631212220288, 147631212236064, 15776
147631240042776, 147631240058164, 15388
147631267993176, 147631268009616, 16440
147631295896372, 147631295912544, 16172
147631323863804, 147631323878316, 14512
147631351703936, 147631351748996, 45060
147631379666912, 147631379680416, 13504
147631407576472, 147631407591220, 14748
147631435465592, 147631435481360, 15768
147631463387316, 147631463401052, 13736
147631491304880, 147631491319020, 14140
147631519241708, 147631519257384, 15676
147631547112196, 147631547125800, 13604
147631575058500, 147631575074172, 15672
147631602979444, 147631602994416, 14972
147631630894136, 147631630945960, 51824
147631658793248, 147631658808704, 15456
147631686746268, 147631686761340, 15072
147631714663696, 147631714678052, 14356
147631742591896, 147631742607952, 16056
147631770511476, 147631770524860, 13384
147631798435396, 147631798448996, 13600
147631826329200, 147631826344228, 15028
147631854436696, 147631854449844, 13148
147631882186832, 147631882201412, 14580
147631910129588, 147631910143864, 14276
147631938051916, 147631938065752, 13836
147631965946044, 147631965953380, 7336
147631993810800, 147631993817512, 6712
147632021807116, 147632021813852, 6736
147632049679488, 147632049686272, 6784
147632077664412, 147632077670900, 6488
147632105519012, 147632105533968, 14956
147632133598184, 147632133604960, 6776
147632161366236, 147632161430664, 64428
147632189323108, 147632189329820, 6712
147632217216676, 147632217223848, 7172
147632245159148, 147632245165984, 6836
147632273094996, 147632273101364, 6368
147632300991480, 147632300998284, 6804
147632329000216, 147632329006080, 5864
147632356896144, 147632356901900, 5756
147632384723952, 147632384730848, 6896
147632412725748, 147632412731924, 6176
147632440625588, 147632440631732, 6144
147632468447408, 147632468453792, 6384
147632496356136, 147632496363092, 6956
147632524427936, 147632524435144, 7208
147632552353384, 147632552359932, 6548
147632580149996, 147632580156668, 6672
147634119676020, 147634119679096, 3076
147634242325080, 147634242330248, 5168
147634365076712, 147634365081908, 5196
147634487587772, 147634487593764, 5992
147634610684272, 147634610690196, 5924
147634733037856, 147634733043296, 5440
147634856006232, 147634856012452, 6220
147634978370784, 147634978376036, 5252
147635100917948, 147635100922232, 4284
147635223787040, 147635223791904, 4864
147635346029492, 147635346035048, 5556
147635469211688, 147635469217180, 5492
147635591276320, 147635591281484, 5164
147635714290220, 147635714295180, 4960
147635836535776, 147635836541132, 5356
147635959541528, 147635959546624, 5096
147636082109052, 147636082114612, 5560
147636204908712, 147636204913620, 4908
147636327022976, 147636327028004, 5028
147636450255780, 147636450261024, 5244
147636572669032, 147636572674584, 5552
147636695436964, 147636695441612, 4648
147636818215084, 147636818220776, 5692
147636941089216, 147636941095408, 6192
147637063516616, 147637063522264, 5648
147637186579768, 147637186585336, 5568
147637308779004, 147637308783820, 4816
147637431841000, 147637431846008, 5008
147637553944900, 147637553949812, 4912
147637676664416, 147637676668828, 4412
147637798903980, 147637798908896, 4916
147637921964160, 147637921970192, 6032
147638044036400, 147638044041936, 5536
147638167445832, 147638167451040, 5208
147638290024520, 147638290029108, 4588
147638413487348, 147638413491484, 4136
147638536140592, 147638536145580, 4988
147638659194160, 147638659199780, 5620
147638821935260, 147638821941940, 6680
147638985502860, 147638985509228, 6368
147639149042768, 147639149049464, 6696
147639312621912, 147639312628716, 6804
147639476114284, 147639476121640, 7356
147639504001012, 147639504006540, 5528
147639531943408, 147639531949732, 6324
147639559821812, 147639559828224, 6412
147639587716760, 147639587723300, 6540
147639615716104, 147639615722888, 6784
147639643731868, 147639643738020, 6152
147639671579824, 147639671586200, 6376
147639699450000, 147639699456704, 6704
147639727337528, 147639727343872, 6344
147639755295804, 147639755302836, 7032
147639783229544, 147639783235756, 6212
147639811115868, 147639811122840, 6972
147639839083244, 147639839089464, 6220
147639866988672, 147639866994988, 6316
147639894859900, 147639894866956, 7056
147639922834636, 147639922841372, 6736
147639950790284, 147639950797080, 6796
147639978619000, 147639978625756, 6756
147640006553968, 147640006560256, 6288
147640034524620, 147640034530780, 6160
147640062347720, 147640062354228, 6508
147640090370432, 147640090376432, 6000
147640118194048, 147640118200988, 6940
147640146131184, 147640146138188, 7004
147640174065056, 147640174072156, 7100
147640201961144, 147640201967748, 6604
147640229886412, 147640229893468, 7056
147640257880204, 147640257886744, 6540
147640285677740, 147640285684540, 6800
147640313623420, 147640313636156, 12736
147640341557284, 147640341564076, 6792
147640369577000, 147640369584284, 7284
147640397437516, 147640397444200, 6684
147640425370684, 147640425376988, 6304
147640453245556, 147640453252528, 6972
147640481127740, 147640481134356, 6616
147640509201780, 147640509208528, 6748
147640536991736, 147640536997900, 6164
147640564914252, 147640564920908, 6656
147640592947964, 147640592954676, 6712
147640620717884, 147640620759656, 41772
147640648663048, 147640648670296, 7248
147640676557148, 147640676569684, 12536
147640704462040, 147640704468712, 6672
147640732408032, 147640732413856, 5824
147640760310364, 147640760316836, 6472
147640788202600, 147640788209632, 7032
147640816235580, 147640816242512, 6932
147640844029964, 147640844036872, 6908
147640871995480, 147640872002616, 7136
147640899965068, 147640899971672, 6604
147640927861360, 147640927867728, 6368
147640955798448, 147640955804856, 6408
147640983676400, 147640983682140, 5740
147641011648080, 147641011654744, 6664
147641039534900, 147641039541212, 6312
147641067435252, 147641067442152, 6900
147641095348564, 147641095354888, 6324
147641123358024, 147641123363540, 5516
147641151249644, 147641151256360, 6716
147641179117912, 147641179125328, 7416
147641207024376, 147641207031188, 6812
147641234987560, 147641234993744, 6184
147641262881612, 147641262887900, 6288
147641290836904, 147641290843396, 6492
147641318685664, 147641318692960, 7296
147641346594544, 147641346601500, 6956
147641374526128, 147641374532896, 6768
147641402550892, 147641402557420, 6528
147641430370568, 147641430376508, 5940
147641458323796, 147641458330524, 6728
147641486258884, 147641486265960, 7076
147641514160192, 147641514166852, 6660
147641542089436, 147641542095900, 6464
147641569973684, 147641570035368, 61684
147641597862176, 147641597868860, 6684
147641625794724, 147641625801668, 6944
147641653764004, 147641653770900, 6896
147641681625996, 147641681632756, 6760
147641709584288, 147641709591328, 7040
147641737523720, 147641737530528, 6808
147641765414108, 147641765421192, 7084
147641793334544, 147641793341200, 6656
147641821258016, 147641821264872, 6856
147641849218776, 147641849224828, 6052
147641877094020, 147641877100760, 6740
147641905056092, 147641905062420, 6328
147641932982712, 147641932989136, 6424
147641960797824, 147641960804900, 7076
147641988775276, 147641988782352, 7076
147642016706308, 147642016713508, 7200
147642044600968, 147642044607880, 6912
147642072479984, 147642072486368, 6384
147642100536016, 147642100542400, 6384
147642128352312, 147642128359336, 7024
147642156275672, 147642156281948, 6276
147642184157088, 147642184163756, 6668
147642212149408, 147642212156384, 6976
147642240035852, 147642240041604, 5752
147642267980604, 147642267987220, 6616
147642296104832, 147642296112448, 7616
147642323786576, 147642323793624, 7048
147642351732176, 147642351739008, 6832
147642379684420, 147642379690468, 6048
147642407508348, 147642407515140, 6792
147642435473484, 147642435480312, 6828
147642463452816, 147642463458652, 5836
147642491299508, 147642491306016, 6508
147642519230728, 147642519237880, 7152
147642547140984, 147642547147164, 6180
147642575096144, 147642575102556, 6412
147642602946592, 147642602953844, 7252
147642630860732, 147642630867712, 6980
147642658868624, 147642658875724, 7100
147642686669848, 147642686676656, 6808
147642714678360, 147642714684284, 5924
147642742637320, 147642742643972, 6652
147642770510200, 147642770517312, 7112
147642798372156, 147642798378292, 6136
147642826363136, 147642826370340, 7204
147642854260776, 147642854267196, 6420
147642882112404, 147642882118808, 6404
147644092688088, 147644092691004, 2916
147644214836092, 147644214841308, 5216
147644337797452, 147644337802100, 4648
147644460185900, 147644460191056, 5156
147644583025676, 147644583031176, 5500
147644705615220, 147644705620524, 5304
147644828337640, 147644828343328, 5688
147644951261056, 147644951267592, 6536
147645073520140, 147645073526052, 5912
147645196619508, 147645196625152, 5644
147645318782168, 147645318787528, 5360
147620610065904, 147620610074340, 8436
