32441162617684, 32441162620468, 2784
32442020213856, 32442020218708, 4852
32442537439636, 32442537442912, 3276
32442955327544, 32442955332640, 5096
32443890615300, 32443890622804, 7504
32444283452500, 32444283456208, 3708
32444825862348, 32444825867292, 4944
32445761168492, 32445761172884, 4392
32446696505908, 32446696510676, 4768
32447631710600, 32447631718292, 7692
32448852162712, 32448852167544, 4832
32449288918204, 32449288921208, 3004
32449773502408, 32449773505132, 2724
32450499470828, 32450499473556, 2728
32451107601712, 32451107606872, 5160
32452110687828, 32452110691788, 3960
32452750256112, 32452750263536, 7424
32453500624384, 32453500627264, 2880
32454864636748, 32454864644740, 7992
32456242668464, 32456242676204, 7740
32457620653092, 32457620660892, 7800
32458561898384, 32458561902196, 3812
32458998633112, 32458998634772, 1660
32460103502384, 32460103505416, 3032
32461188244756, 32461188248004, 3248
32461664883536, 32461664886460, 2924
32462594163072, 32462594166920, 3848
32437033519620, 32437033527368, 7748
32439092451600, 32439092457504, 5904
32439092537496, 32439092540116, 2620
32439092567584, 32439092570176, 2592
32439092602092, 32439092605336, 3244
32439092627840, 32439092630520, 2680
32439092693024, 32439092695680, 2656
32439092722664, 32439092725684, 3020
32439092755412, 32439092757740, 2328
32439092781432, 32439092783076, 1644
32439092893952, 32439092896576, 2624
32439092946364, 32439092948932, 2568
32439093000188, 32439093003016, 2828
32441084986488, 32441084991484, 4996
32441085007704, 32441085019880, 12176
32441085031024, 32441085039936, 8912
32441085050216, 32441085058552, 8336
32441085068540, 32441085076500, 7960
32441938420556, 32441938425320, 4764
32442616376824, 32442616392420, 15596
32443944447592, 32443944450512, 2920
32444583973740, 32444583980936, 7196
32445304528300, 32445304536196, 7896
32446359422424, 32446359430072, 7648
32447414351112, 32447414357764, 6652
32448469265032, 32448469272420, 7388
32449524213432, 32449524220644, 7212
32450579119692, 32450579126728, 7036
32452126636328, 32452126639688, 3360
32452458043876, 32452458049804, 5928
32453271288144, 32453271291748, 3604
32453684108204, 32453684112060, 3856
32454023125936, 32454023128772, 2836
32454794921480, 32454794928872, 7392
32455403168068, 32455403175332, 7264
32456041244672, 32456041252556, 7884
32456834978616, 32456834985908, 7292
32457287620276, 32457287627644, 7368
32458025469356, 32458025472440, 3084
32458187058156, 32458187060972, 2816
32458930857176, 32458930864360, 7184
32459008573020, 32459008580556, 7536
32460105417520, 32460105421012, 3492
32460442407372, 32460442410608, 3236
32461764578200, 32461764581260, 3060
32461981962980, 32461981966260, 3280
32437016764236, 32437016772588, 8352
32437050294616, 32437050303016, 8400
32437092470896, 32437092479292, 8396
32442030051848, 32442030055052, 3204
32442030071124, 32442030077784, 6660
32442590446100, 32442590449076, 2976
32442963382900, 32442963390248, 7348
32443902561548, 32443902569676, 8128
32444068096612, 32444068104240, 7628
32444841828956, 32444841835980, 7024
32445559749720, 32445559757564, 7844
32447051482748, 32447051489908, 7160
32448543049464, 32448543051144, 1680
32448947902076, 32448947905312, 3236
32449554114600, 32449554118084, 3484
32449815372756, 32449815375340, 2584
32450214235360, 32450214242444, 7084
32450477448144, 32450477456396, 8252
32450613002176, 32450613005372, 3196
32451055741824, 32451055749656, 7832
32451416708352, 32451416716188, 7836
32451518456148, 32451518463216, 7068
32451949214304, 32451949221428, 7124
32452355920896, 32452355927616, 6720
32453275264696, 32453275268220, 3524
32453789906392, 32453789909384, 2992
32454798838140, 32454798845388, 7248
32455853801976, 32455853808804, 6828
32456908781564, 32456908788616, 7052
32457963655668, 32457963662856, 7188
32459018555004, 32459018561964, 6960
32460105410516, 32460105414292, 3776
32460750968328, 32460750974624, 6296
32461569141168, 32461569149468, 8300
32437041731216, 32437041742588, 11372
32437075709344, 32437075717816, 8472
32441150662772, 32441150666028, 3256
32442139772480, 32442139777772, 5292
32442995201248, 32442995204740, 3492
32443645349760, 32443645357236, 7476
32444498835924, 32444498842860, 6936
32445352337808, 32445352344884, 7076
32446205918444, 32446205925152, 6708
32447059382776, 32447059389388, 6612
32447913004208, 32447913010740, 6532
32448594883620, 32448594887416, 3796
32449502364968, 32449502369216, 4248
32450254129076, 32450254132772, 3696
32451526472176, 32451526479740, 7564
32452302070048, 32452302072980, 2932
32453018030580, 32453018038212, 7632
32453382956188, 32453382959720, 3532
32454164724956, 32454164728440, 3484
32454509712876, 32454509720372, 7496
32454868713660, 32454868720896, 7236
32455431010968, 32455431017108, 6140
32456001392652, 32456001398820, 6168
32456400181400, 32456400188116, 6716
32456735229012, 32456735235516, 6504
32457098142496, 32457098145580, 3084
32457492997208, 32457493005204, 7996
32457931762048, 32457931769080, 7032
32458478113144, 32458478116044, 2900
32458984667628, 32458984674320, 6692
32459463266760, 32459463273440, 6680
32459698636616, 32459698643048, 6432
32460476293124, 32460476299656, 6532
32460994806520, 32460994813416, 6896
32461772547732, 32461772551576, 3844
32441352103432, 32441352107596, 4164
32442331120868, 32442331128436, 7568
32442660150836, 32442660154384, 3548
32443577567616, 32443577574860, 7244
32443952524804, 32443952528300, 3496
32444823969296, 32444823976408, 7112
32445380281780, 32445380288876, 7096
32445783090016, 32445783093280, 3264
32446070278228, 32446070279928, 1700
32446720362828, 32446720367372, 4544
32446812086432, 32446812088132, 1700
32447316719872, 32447316726572, 6700
32447659729908, 32447659734572, 4664
32448243948096, 32448243952848, 4752
32448598879500, 32448598885684, 6184
32449526194824, 32449526198680, 3856
32450170883392, 32450170889540, 6148
32450816756724, 32450816763236, 6512
32451462413700, 32451462419064, 5364
32452180495944, 32452180502612, 6668
32453034004596, 32453034011164, 6568
32453887528956, 32453887533308, 4352
32454740993204, 32454740999348, 6144
32455594531660, 32455594536364, 4704
32456448075304, 32456448083004, 7700
32457301574084, 32457301582488, 8404
32458053394740, 32458053398052, 3312
32459343642008, 32459343649648, 7640
32460472394260, 32460472397232, 2972
32460647896196, 32460647903916, 7720
32461260032372, 32461260035596, 3224
32461952035576, 32461952043736, 8160
32462273060536, 32462273074352, 13816
32437009077936, 32437009090848, 12912
32437024777244, 32437024786952, 9708
32437058608636, 32437058622288, 13652
32441156651864, 32441156655268, 3404
32442388960020, 32442388967032, 7012
32443693206160, 32443693213528, 7368
32444155820756, 32444155823644, 2888
32444997353992, 32444997360288, 6296
32445679383576, 32445679390792, 7216
32446301563088, 32446301568744, 5656
32447210941420, 32447210995840, 54420
32447605811640, 32447605816700, 5060
32448742461064, 32448742468152, 7088
32450274016196, 32450274022644, 6448
32451805604772, 32451805612316, 7544
32453257334636, 32453257337680, 3044
32454178657720, 32454178666104, 8384
32455113925496, 32455113933328, 7832
32456049218488, 32456049224868, 6380
32456984466192, 32456984474260, 8068
32457919881296, 32457919889000, 7704
32458855060272, 32458855067428, 7156
32459790341840, 32459790349864, 8024
32460725567072, 32460725568748, 1676
32461156353976, 32461156357032, 3056
32437066958188, 32437066965424, 7236
32437084305524, 32437084313372, 7848
32441166599504, 32441166602672, 3168
32442442808532, 32442442813000, 4468
32443800907188, 32443800911796, 4608
32445158951284, 32445158958160, 6876
32445818981408, 32445818984752, 3344
32446516931096, 32446516938968, 7872
32447378437696, 32447378444724, 7028
32447875074892, 32447875080012, 5120
32448951875084, 32448951876996, 1912
32450525368408, 32450525373188, 4780
32452098739528, 32452098747252, 7724
32453295208980, 32453295212544, 3564
32453672155888, 32453672163840, 7952
32454234497496, 32454234505004, 7508
32455173740144, 32455173746672, 6528
32455245631760, 32455245638148, 6388
32456113039544, 32456113046092, 6548
32456818976380, 32456818984452, 8072
32458392394592, 32458392401720, 7128
32459965851704, 32459965859340, 7636
32461130462148, 32461130465388, 3240
32461539270584, 32461539278616, 8032
32437100436908, 32437100444616, 7708
32441152687936, 32441152691252, 3316
32442462819240, 32442462826380, 7140
32443840782476, 32443840790768, 8292
32445218743324, 32445218750392, 7068
32446596687508, 32446596694756, 7248
32447974757332, 32447974763648, 6316
32449352708800, 32449352713184, 4384
32450730665756, 32450730683144, 17388
32452108786280, 32452108788188, 1908
32453313152612, 32453313156144, 3532
32454665248344, 32454665255596, 7252
32456023335324, 32456023342840, 7516
32457381345496, 32457381353112, 7616
32458739389444, 32458739396716, 7272
32460097438376, 32460097445384, 7008
32461455493092, 32461455500888, 7796
