41128812649404, 41128812663740, 14336
41129183565268, 41129183574460, 9192
41129529908080, 41129529916300, 8220
41130240321036, 41130240330112, 9076
41130749975520, 41130749985868, 10348
41131126686752, 41131126696120, 9368
41131497642204, 41131497649956, 7752
41132208041576, 41132208050844, 9268
41132678035536, 41132678043168, 7632
41133387828316, 41133387836148, 7832
41133718822012, 41133718825344, 3332
41134035733128, 41134035743436, 10308
41134412467696, 41134412477260, 9564
41134882426456, 41134882434868, 8412
41135742990576, 41135742999712, 9136
41136615977604, 41136615985576, 7972
41136633781956, 41136633789004, 7048
41137507539696, 41137507548084, 8388
41138179776388, 41138179785496, 9108
41138648954164, 41138648966080, 11916
41139026256452, 41139026265928, 9476
41139039996520, 41139040004216, 7696
41139410892232, 41139410900336, 8104
41139757285148, 41139757293568, 8420
41140630295388, 41140630304228, 8840
41140670055480, 41140670062564, 7084
41141016275004, 41141016283504, 8500
41141333186120, 41141333194156, 8036
41141803160040, 41141803168548, 8508
41142426901696, 41142426909440, 7744
41142896780352, 41142896788844, 8492
41143606577260, 41143606585028, 7768
41144175604644, 41144175615592, 10948
41144798824832, 41144798834168, 9336
41146545586548, 41146545595504, 8956
41147169551708, 41147169560552, 8844
41147486538884, 41147486547112, 8228
41147832784040, 41147832792184, 8144
41148456554672, 41148456563532, 8860
41148833284648, 41148833293148, 8500
41128812652676, 41128812663984, 11308
41130612305204, 41130612308408, 3204
41131485543056, 41131485554108, 11052
41132483655008, 41132483663792, 8784
41132860183008, 41132860191272, 8264
41133206945356, 41133206954072, 8716
41133577298344, 41133577307200, 8856
41134047165012, 41134047174356, 9344
41135191281440, 41135191292668, 11228
41135825237280, 41135825245400, 8120
41136870125804, 41136870134996, 9192
41137339961024, 41137339969496, 8472
41137974558928, 41137974568172, 9244
41138212881080, 41138212889452, 8372
41138529790256, 41138529797624, 7368
41139164153852, 41139164162488, 8636
41139633645912, 41139633653456, 7544
41140268154948, 41140268162888, 7940
41140743893968, 41140743905712, 11744
41141715517840, 41141715529724, 11884
41142349555176, 41142349563812, 8636
41142753047000, 41142753059136, 12136
41143626012024, 41143626020468, 8444
41143972840004, 41143972848424, 8420
41145018494284, 41145018503096, 8812
41145323420936, 41145323429176, 8240
41145694332432, 41145694341288, 8856
41146662168204, 41146662177112, 8908
41147371718420, 41147371725812, 7392
41148339623320, 41148339631292, 7972
41148645166076, 41148645174688, 8612
41127615509376, 41127615527044, 17668
41128619104140, 41128619113688, 9548
41129479485528, 41129479494548, 9020
41130524967472, 41130524976896, 9424
41130829895188, 41130829903756, 8568
41131798277448, 41131798286152, 8704
41133545276176, 41133545285172, 8996
41134888977972, 41134888987156, 9184
41135530431224, 41135530443628, 12404
41135900872680, 41135900880984, 8304
41136524703804, 41136524712376, 8572
41137196772804, 41137196781760, 8956
41138242327788, 41138242336812, 9024
41138648946904, 41138648958388, 11484
41139320989508, 41139320997936, 8428
41142762584648, 41142762594148, 9500
41143761299456, 41143761307500, 8044
41144066875500, 41144066883020, 7520
41145442699440, 41145442706792, 7352
41146440892280, 41146440899788, 7508
41147112234224, 41147112242544, 8320
41147475604636, 41147475611748, 7112
41148147684752, 41148147692116, 7364
41148617226092, 41148617235092, 9000
41127615529656, 41127615568864, 39208
41128680953904, 41128680963168, 9264
41129314658236, 41129314666812, 8576
41129691850108, 41129691859636, 9528
41130654196004, 41130654205640, 9636
41131532067524, 41131532079884, 12360
41131976996300, 41131977008232, 11932
41132610807828, 41132610816936, 9108
41133578532760, 41133578542176, 9416
41134201944944, 41134201952772, 7828
41134835642744, 41134835651432, 8688
41135206310900, 41135206319624, 8724
41136302578876, 41136302590476, 11600
41136607437792, 41136607446432, 8640
41137072752792, 41137072765076, 12284
41137696395932, 41137696405260, 9328
41138748700080, 41138748712680, 12600
41139716523904, 41139716533212, 9308
41140387646536, 41140387654052, 7516
41140793761304, 41140793768384, 7080
41141465498316, 41141465507148, 8832
41142463462584, 41142463471328, 8744
41143802509532, 41143802521320, 11788
