145900130937408, 145900130949500, 12092
145900990833144, 145900990844628, 11484
145901876823824, 145901876828324, 4500
145902762603028, 145902762607344, 4316
145903648450304, 145903648454772, 4468
145904534294648, 145904534306160, 11512
145905420220792, 145905420225428, 4636
145906306038384, 145906306049408, 11024
145907191913408, 145907191918124, 4716
145908077778604, 145908077789724, 11120
145908963885880, 145908963890144, 4264
145909849526484, 145909849530736, 4252
145910735532548, 145910735537188, 4640
145911621254752, 145911621266132, 11380
145912507079948, 145912507084096, 4148
145913393199748, 145913393210416, 10668
145914278799480, 145914278803196, 3716
145915164711076, 145915164715816, 4740
145916050661072, 145916050672532, 11460
145916936433052, 145916936437368, 4316
145917822256080, 145917822260908, 4828
145918708257664, 145918708261728, 4064
145919594029796, 145919594040676, 10880
145900129050288, 145900129060896, 10608
145900256606792, 145900256611268, 4476
145901294197108, 145901294208016, 10908
145902331611844, 145902331615952, 4108
145903369138340, 145903369148452, 10112
145904406585276, 145904406589212, 3936
145905444151652, 145905444163100, 11448
145906481605452, 145906481615956, 10504
145907519173524, 145907519178140, 4616
145908556683528, 145908556694836, 11308
145909594092224, 145909594102632, 10408
145910631637580, 145910631648736, 11156
145911669175652, 145911669186760, 11108
145912706581492, 145912706601612, 20120
145913744132460, 145913744143400, 10940
145914781635756, 145914781647988, 12232
145915819111500, 145915819115756, 4256
145916856633280, 145916856643956, 10676
145917894088724, 145917894092508, 3784
145918931599644, 145918931603884, 4240
145919969147320, 145919969159004, 11684
145899247113012, 145899247123396, 10384
145900378365912, 145900378376852, 10940
145901537586384, 145901537597868, 11484
145902696829288, 145902696833076, 3788
145903856018416, 145903856029052, 10636
145905015197572, 145905015208856, 11284
145906174356580, 145906174368452, 11872
145907333581728, 145907333593288, 11560
145908492790308, 145908492802776, 12468
145909651956520, 145909651960676, 4156
145910811148848, 145910811158948, 10100
145911970390560, 145911970401804, 11244
145913129639932, 145913129651252, 11320
145914288777308, 145914288788616, 11308
145915448019664, 145915448031056, 11392
145916607279964, 145916607283932, 3968
145917766407352, 145917766418796, 11444
145918925659200, 145918925670100, 10900
145920084847012, 145920084859436, 12424
145899277004760, 145899277015404, 10644
145900667629772, 145900667640612, 10840
145902116260312, 145902116271896, 11584
145903564690656, 145903564694812, 4156
145905013130464, 145905013141840, 11376
145906461666692, 145906461677504, 10812
145907910174072, 145907910186380, 12308
145909358666588, 145909358678300, 11712
145910807149496, 145910807153224, 3728
145912255734656, 145912255745656, 11000
145913704243276, 145913704254724, 11448
145915152688228, 145915152698980, 10752
145916601330948, 145916601341664, 10716
145918049809324, 145918049819980, 10656
145919498230740, 145919498241668, 10928
