145895207167352, 145895207175544, 8192
145895223538044, 145895223550256, 12212
145900130934260, 145900130937212, 2952
145900130954028, 145900130959768, 5740
145900990827912, 145900990832952, 5040
145901876817016, 145901876823632, 6616
145902762598088, 145902762602812, 4724
145903648443404, 145903648450092, 6688
145904534289332, 145904534294432, 5100
145905420215596, 145905420220576, 4980
145906306030440, 145906306038160, 7720
145907191906380, 145907191913188, 6808
145908077771856, 145908077778388, 6532
145908963881124, 145908963885684, 4560
145909849519716, 145909849526260, 6544
145910735526736, 145910735532324, 5588
145911621249380, 145911621254532, 5152
145912507074760, 145912507079756, 4996
145913393192216, 145913393199560, 7344
145914278794760, 145914278799292, 4532
145915164704184, 145915164710864, 6680
145916050653560, 145916050660880, 7320
145916936428268, 145916936432860, 4592
145917822250472, 145917822255864, 5392
145918708250740, 145918708257472, 6732
145919594022152, 145919594029584, 7432
145900129046604, 145900129049924, 3320
145900256600204, 145900256606480, 6276
145901294191892, 145901294196724, 4832
145902331606196, 145902331611468, 5272
145903369132908, 145903369137976, 5068
145904406578424, 145904406584956, 6532
145905444146852, 145905444151280, 4428
145906481599956, 145906481605128, 5172
145907519168316, 145907519173212, 4896
145908556678580, 145908556683284, 4704
145909594090240, 145909594091828, 1588
145910631632380, 145910631637208, 4828
145911669170784, 145911669175292, 4508
145912706573700, 145912706581164, 7464
145913744127264, 145913744132120, 4856
145914781628068, 145914781635396, 7328
145915819105452, 145915819111120, 5668
145916856628232, 145916856632904, 4672
145917894083456, 145917894088400, 4944
145918931592100, 145918931599324, 7224
145919969142064, 145919969146960, 4896
145899247110004, 145899247112800, 2796
145900378360292, 145900378365720, 5428
145901537581440, 145901537586192, 4752
145902696822352, 145902696829076, 6724
145903856013576, 145903856018200, 4624
145905015190332, 145905015197380, 7048
145906174349540, 145906174356384, 6844
145907333574344, 145907333581512, 7168
145908492784928, 145908492790116, 5188
145909651950368, 145909651956324, 5956
145910811141168, 145910811148628, 7460
145911970383200, 145911970390336, 7136
145913129634476, 145913129639736, 5260
145914288771940, 145914288777096, 5156
145915448012172, 145915448019468, 7296
145916607275172, 145916607279768, 4596
145917766401092, 145917766407136, 6044
145918925651476, 145918925658984, 7508
145920084845132, 145920084846824, 1692
145895215294476, 145895215302896, 8420
145899277001524, 145899277004568, 3044
145900667622384, 145900667629580, 7196
145902116253244, 145902116260116, 6872
145903564683976, 145903564690452, 6476
145905013125676, 145905013130272, 4596
145906461658908, 145906461666480, 7572
145907910166400, 145907910173860, 7460
145909358661376, 145909358666400, 5024
145910807142688, 145910807149280, 6592
145912255728392, 145912255734468, 6076
145913704237992, 145913704243084, 5092
145915152683344, 145915152688032, 4688
145916601323640, 145916601330752, 7112
145918049804328, 145918049809132, 4804
145919498222716, 145919498230528, 7812
