38830461848130, 38830461884892, 36762
38830527723000, 38830527731688, 8688
38830597518564, 38830597577576, 59012
38830667332976, 38830667340320, 7344
38830723204356, 38830723212740, 8384
38830737165724, 38830737173084, 7360
38830747139816, 38830747147060, 7244
38830805007404, 38830805015108, 7704
38830830947184, 38830830955288, 8104
38830888758676, 38830888769516, 10840
38830986526368, 38830986538076, 11708
38831144137936, 38831144149196, 11260
38831319723252, 38831319734440, 11188
38831429484604, 38831429522440, 37836
38831595067852, 38831595079520, 11668
38831698817440, 38831698825468, 8028
38831812546804, 38831812554816, 8012
38832006085424, 38832006093368, 7944
38832199625116, 38832199627356, 2240
38832393164080, 38832393166104, 2024
38832494929928, 38832494938132, 8204
38832552785652, 38832552794132, 8480
38832586705948, 38832586713592, 7644
38832622624260, 38832622632360, 8100
38832680483688, 38832680492012, 8324
38832692453004, 38832692460700, 7696
38832762286100, 38832762288204, 2104
38832780243056, 38832780251060, 8004
38832832124596, 38832832132604, 8008
38833069498200, 38833069507052, 8852
38833211167112, 38833211178380, 11268
38833394727784, 38833394738760, 10976
38833578288540, 38833578291520, 2980
38833761855364, 38833761866112, 10748
38833833686172, 38833833689236, 3064
38834512067512, 38834512077912, 10400
38836255863248, 38836255873620, 10372
38837065869484, 38837065872544, 3060
38837698372364, 38837698383224, 10860
38837812099432, 38837812110772, 11340
38837929813812, 38837929824280, 10468
38838031566884, 38838031576604, 9720
38838197175256, 38838197185124, 9868
38838310922536, 38838310933768, 11232
38838911427444, 38838911437820, 10376
38839043101168, 38839043112444, 11276
38839148864144, 38839148875448, 11304
38839488042884, 38839488053300, 10416
38839535929100, 38839535937624, 8524
38839605761720, 38839605769004, 7284
38839675594416, 38839675596732, 2316
38839745428868, 38839745436916, 8048
38839815261448, 38839815269144, 7696
38839885096552, 38839885098764, 2212
38839994835028, 38839994844212, 9184
38840124527084, 38840124535116, 8032
38840294125416, 38840294134420, 9004
38840351984496, 38840351986596, 2100
38840501630884, 38840501639676, 8792
38840737071624, 38840737074828, 3204
38840920598356, 38840920628036, 29680
38841104141224, 38841104153000, 11776
38842333210796, 38842333219976, 9180
38843296861324, 38843296864548, 3224
38843508352916, 38843508364620, 11704
38843516335856, 38843516343236, 7380
38843612108176, 38843612116404, 8228
38843769733088, 38843769744268, 11180
38843857531180, 38843857542416, 11236
38844035101860, 38844035113296, 11436
38844198711560, 38844198720080, 8520
38844366313032, 38844366320908, 7876
38844392254780, 38844392262784, 8004
38844464088468, 38844464091552, 3084
38844533921936, 38844533933180, 11244
38844871062832, 38844871073232, 10400
38844912951440, 38844912959648, 8208
38844982785628, 38844982793008, 7380
38845078553952, 38845078562508, 8556
38845182312228, 38845182321028, 8800
38845339936148, 38845339947344, 11196
38845505543372, 38845505554576, 11204
38845582158380, 38845582167016, 8636
38845667176080, 38845667186700, 10620
38845746971920, 38845746983176, 11256
38845864697244, 38845864708248, 11004
38846487208364, 38846487219024, 10660
38846818366504, 38846818370132, 3628
38847071757128, 38847071768160, 11032
38847101688280, 38847101696600, 8320
38847181494312, 38847181503252, 8940
38847237369504, 38847237380848, 11344
38847295229044, 38847295232252, 3208
38847353095988, 38847353099116, 3128
38847410959864, 38847410963096, 3232
38847468815968, 38847468827204, 11236
38847526679264, 38847526687028, 7764
38847584539512, 38847584541700, 2188
38847720212044, 38847720220828, 8784
38847839942456, 38847839953728, 11272
38848037461728, 38848037472736, 11008
38848215042144, 38848215045180, 3036
38848392613700, 38848392616792, 3092
38848570198576, 38848570201616, 3040
38848747774432, 38848747777480, 3048
38848925293752, 38848925297056, 3304
38850444165400, 38850444170064, 4664
38830459856624, 38830459892204, 35580
38830529661660, 38830529670396, 8736
38830601550404, 38830601553732, 3328
38830673323904, 38830673327088, 3184
38830745156412, 38830745159636, 3224
38830860819120, 38830860831164, 12044
38830876784124, 38830876795244, 11120
38830946612996, 38830946616396, 3400
38830962588930, 38830962626728, 37798
38831032412412, 38831032423628, 11216
38831104239736, 38831104242996, 3260
38832008086124, 38832008096860, 10736
38836325693696, 38836325704668, 10972
38836395522648, 38836395533920, 11272
38836475339788, 38836475350908, 11120
38836533192688, 38836533203600, 10912
38836563121280, 38836563128800, 7520
38836603026748, 38836603033972, 7224
38836672860936, 38836672868612, 7676
38836732721144, 38836732728632, 7488
38836742695888, 38836742702964, 7076
38836812527148, 38836812534236, 7088
38836882301844, 38836882309000, 7156
38836902257288, 38836902264456, 7168
38836952140564, 38836952148232, 7668
38837021969928, 38837021977964, 8036
38837071853044, 38837071860936, 7892
38837091802552, 38837091809992, 7440
38837161635724, 38837161643476, 7752
38837241450512, 38837241458592, 8080
38837253417428, 38837253425476, 8048
38837411055336, 38837411066760, 11424
38837433011688, 38837433022688, 11000
38837580661936, 38837580673564, 11628
38837616567360, 38837616578564, 11204
38837800127132, 38837800138364, 11232
38837983704012, 38837983715044, 11032
38838354801540, 38838354811972, 10432
38838418655032, 38838418663676, 8644
38838498455176, 38838498464424, 9248
38838564305276, 38838564316832, 11556
38838628161516, 38838628172812, 11296
38838638138052, 38838638149076, 11024
38838697995228, 38838698005920, 10692
38839218696092, 38839218706868, 10776
38839276549804, 38839276558356, 8552
38839432174352, 38839432183424, 9072
38839543915856, 38839543926980, 11124
38839741440592, 38839741443988, 3396
38839938970668, 38839938973876, 3208
38840136499288, 38840136502816, 3528
38840298121192, 38840298132680, 11488
38840334029220, 38840334040296, 11076
38840493649512, 38840493660560, 11048
38842488840692, 38842488851228, 10536
38842608564280, 38842608572200, 7920
38842702342180, 38842702353112, 10932
38842837953020, 38842837962892, 9872
38842895810640, 38842895819148, 8508
38843007548984, 38843007558144, 9160
38843037480112, 38843037488284, 8172
38843177149528, 38843177158056, 8528
38843231011852, 38843231020192, 8340
38843404602448, 38843404611696, 9248
38843490403976, 38843490415164, 11188
38843669972008, 38843669982268, 10260
38843773721612, 38843773730288, 8676
38843873492264, 38843873503428, 11164
38844037097784, 38844037100868, 3084
38844200710236, 38844200713424, 3188
38844444136668, 38844444147492, 10824
38844553875616, 38844553884360, 8744
38844679575348, 38844679586404, 11056
38844751404484, 38844751407748, 3264
38844823164392, 38844823167488, 3096
38844879717540, 38844879727256, 9716
38844894992924, 38844895000380, 7456
38844966830212, 38844966833440, 3228
38845038658528, 38845038661592, 3064
38845110488036, 38845110491092, 3056
38845234191484, 38845234202764, 11280
38845262130772, 38845262134128, 3356
38845331958960, 38845331961360, 2400
38845691110132, 38845691119624, 9492
38846022313108, 38846022324212, 11104
38846132051772, 38846132062704, 10932
38846259764996, 38846259775948, 10952
38846479227496, 38846479238336, 10840
38846521130028, 38846521132548, 2520
38846672772884, 38846672782280, 9396
38846714667332, 38846714675860, 8528
38846728635340, 38846728642960, 7620
38846798470148, 38846798478520, 8372
38846868243732, 38846868245980, 2248
38846908151360, 38846908159836, 8476
38846938074728, 38846938082860, 8132
38847073749444, 38847073758340, 8896
38847161558132, 38847161568512, 10380
38847299218648, 38847299229912, 11264
38847345115788, 38847345126908, 11120
38847488776288, 38847488787320, 11032
38847528676112, 38847528687300, 11188
38847682319068, 38847682329880, 10812
38847712243636, 38847712254544, 10908
38847875843372, 38847875854492, 11120
38847895791152, 38847895801208, 10056
38848061397060, 38848061408232, 11172
38848236982400, 38848236993844, 11444
38848354701284, 38848354713016, 11732
38848394609588, 38848394619664, 10076
38848452474996, 38848452478224, 3228
38848510339528, 38848510350764, 11236
38848568199420, 38848568210400, 10980
38848626064444, 38848626067532, 3088
38848691907808, 38848691919104, 11296
38848753762944, 38848753774132, 11188
38848793660028, 38848793671508, 11480
38848815551436, 38848815560316, 8880
38848857447560, 38848857455184, 7624
38848915331936, 38848915391368, 59432
38848943238488, 38848943247496, 9008
38848973170416, 38848973178580, 8164
38849031031928, 38849031039280, 7352
38849088894016, 38849088896276, 2260
38849112834704, 38849112843164, 8460
38849146756240, 38849146763768, 7528
38849204621992, 38849204624496, 2504
38849262482856, 38849262490596, 7740
38849282433196, 38849282440616, 7420
38849320345684, 38849320353384, 7700
38849378206512, 38849378208668, 2156
38850451657856, 38850451667588, 9732
38828463346128, 38828463357204, 11076
38828463388524, 38828463395812, 7288
38828463418692, 38828463425984, 7292
38828463448200, 38828463455304, 7104
38828463477484, 38828463484244, 6760
38828463507428, 38828463514596, 7168
38828463536756, 38828463543772, 7016
38828463565616, 38828463572460, 6844
38828463595068, 38828463601952, 6884
38830457913756, 38830457927604, 13848
38830457944780, 38830457952096, 7316
38830515720344, 38830515757944, 37600
38830573559104, 38830573566920, 7816
38830644138436, 38830644140492, 2056
38830655363124, 38830655371128, 8004
38830852895644, 38830852900612, 4968
38831118211896, 38831118226784, 14888
38831221977070, 38831222011708, 34638
38831325707048, 38831325715400, 8352
38831501311044, 38831501349524, 38480
38831611028840, 38831611040232, 11392
38831742724992, 38831742736392, 11400
38831926284696, 38831926287908, 3212
38832109840672, 38832109843800, 3128
38832293407544, 38832293410812, 3268
38832476968336, 38832476971624, 3288
38832660532632, 38832660544044, 11412
38832883939208, 38832883950840, 11632
38832987696360, 38832987704928, 8568
38833001660408, 38833001668128, 7720
38833041563344, 38833041571024, 7680
38833111397072, 38833111404784, 7712
38833171256736, 38833171264528, 7792
38833181232892, 38833181240468, 7576
38833251064536, 38833251072508, 7972
38833320898724, 38833320906628, 7904
38833340849508, 38833340857208, 7700
38833390731124, 38833390738928, 7804
38833460564816, 38833460573132, 8316
38833510445972, 38833510453948, 7976
38833530399096, 38833530407084, 7988
38833600230936, 38833600238612, 7676
38833670069616, 38833670071932, 2316
38833680046176, 38833680053952, 7776
38833739899424, 38833739907324, 7900
38833791780848, 38833791789296, 8448
38833957384804, 38833957395276, 10472
38834192834368, 38834192845784, 11416
38834264658632, 38834264661740, 3108
38834336489128, 38834336492180, 3052
38834500096972, 38834500108176, 11204
38834605846144, 38834605849388, 3244
38834791405016, 38834791416656, 11640
38835074673784, 38835074685520, 11736
38835252249640, 38835252252964, 3324
38835429828088, 38835429831488, 3400
38836495290944, 38836495294260, 3316
38839336410292, 38839336413508, 3216
38839513988420, 38839513991604, 3184
38839691565028, 38839691568308, 3280
38839869141644, 38839869144828, 3184
38840046719192, 38840046722408, 3216
38840224297252, 38840224300436, 3184
38840401870936, 38840401874096, 3160
38840579452712, 38840579464016, 11304
38842488841700, 38842488844988, 3288
38847859879904, 38847859882940, 3036
38848859451120, 38848859462180, 11060
38849037017848, 38849037028072, 10224
38849230559136, 38849230567508, 8372
38849424096792, 38849424104568, 7776
38849495925228, 38849495934068, 8840
38849617638004, 38849617645624, 7620
38849699463416, 38849699522052, 58636
38849733360208, 38849733368468, 8260
38849811208856, 38849811245604, 36748
38849914948590, 38849914984232, 35642
38850004770840, 38850004782288, 11448
38850098517616, 38850098556484, 38868
38850198315104, 38850198326712, 11608
38850282084236, 38850282123380, 39144
38850363915980, 38850363927972, 11992
38850391816876, 38850391853024, 36148
38850419786708, 38850419798220, 11512
38850465624384, 38850465636972, 12588
38850585340700, 38850585356536, 15836
38830501752416, 38830501793740, 41324
38830621440912, 38830621443304, 2392
38830785056232, 38830785059512, 3280
38831776644416, 38831776655364, 10948
38832020063204, 38832020075096, 11892
38832077925872, 38832077937352, 11480
38832135789360, 38832135792472, 3112
38832193651976, 38832193662976, 11000
38832251512680, 38832251515768, 3088
38832309374892, 38832309386316, 11424
38832367238524, 38832367241596, 3072
38832425099868, 38832425102944, 3076
38832995672000, 38832995681772, 9772
38833167263716, 38833167272060, 8344
38833360805388, 38833360813916, 8528
38833554342832, 38833554351208, 8376
38833747884564, 38833747892552, 7988
38833901513804, 38833901522232, 8428
38833941421208, 38833941429424, 8216
38834105033492, 38834105042132, 8640
38834182142580, 38834182150404, 7824
38834210791816, 38834210803036, 11220
38834328511168, 38834328522600, 11432
38834408322320, 38834408333812, 11492
38834480146960, 38834480150204, 3244
38834551976796, 38834551980036, 3240
38835158465736, 38835158469168, 3432
38837209532168, 38837209535268, 3100
38837281373916, 38837281377132, 3216
38837353206016, 38837353209244, 3228
38837425034016, 38837425037196, 3180
38837496859388, 38837496862468, 3080
38837568682640, 38837568685892, 3252
38837640511144, 38837640514260, 3116
38837712344004, 38837712347180, 3176
38837784172904, 38837784176040, 3136
38837855996840, 38837855999968, 3128
38837927833888, 38837927837048, 3160
38838033570856, 38838033583268, 12412
38838135320148, 38838135331744, 11596
38838263015664, 38838263027048, 11384
38838350822008, 38838350833552, 11544
38838528383300, 38838528394792, 11492
38838534374032, 38838534382080, 8048
38838717936900, 38838717945624, 8724
38839607766116, 38839607776676, 10560
38840110568632, 38840110579996, 11364
38840274173232, 38840274182392, 9160
38840471703288, 38840471714084, 10796
38840525575348, 38840525578628, 3280
38840635320932, 38840635330940, 10008
38840765011472, 38840765023060, 11588
38840928555360, 38840928558556, 3196
38841092167256, 38841092170336, 3080
38842472880780, 38842472892132, 11352
38842782155972, 38842782159320, 3348
38842839959964, 38842839963252, 3288
38842897820552, 38842897823692, 3140
38842955685676, 38842955688860, 3184
38843013546700, 38843013549936, 3236
38843071408488, 38843071411616, 3128
38843129270508, 38843129273652, 3144
38843187127212, 38843187130496, 3284
38843244989692, 38843244992780, 3088
38843302850068, 38843302853092, 3024
38843931360660, 38843931371252, 10592
38844025127540, 38844025138948, 11408
38844051062776, 38844051071056, 8280
38844194730608, 38844194741568, 10960
38844224656348, 38844224667872, 11524
38844364321912, 38844364333304, 11392
38844468077264, 38844468089332, 12068
38844494015648, 38844494018816, 3168
38844527927136, 38844527938508, 11372
38844765375612, 38844765386388, 10776
38844958850476, 38844958862112, 11636
38845080556952, 38845080568812, 11860
38845122453168, 38845122464628, 11460
38845142405232, 38845142412908, 7676
38845242174356, 38845242185832, 11476
38845325982776, 38845325994160, 11384
38845723036820, 38845723047428, 10608
38845848739936, 38845848751588, 11652
38845900604516, 38845900615456, 10940
38845906601736, 38845906612588, 10852
38845964464864, 38845964468104, 3240
38846022325252, 38846022336936, 11684
38846060241628, 38846060253016, 11388
38846080187688, 38846080198936, 11248
38846203879632, 38846203890576, 10944
38846229825960, 38846229837252, 11292
38846307639152, 38846307650472, 11320
38846399426404, 38846399436608, 10204
38846463268912, 38846463280760, 11848
38846569024900, 38846569036404, 11504
38846610928780, 38846610940204, 11424
38846738621444, 38846738632900, 11456
38846794483636, 38846794494956, 11320
38846977992604, 38846978003696, 11092
38847408963212, 38847408966616, 3404
38848861444300, 38848861455904, 11604
38848893359964, 38848893367740, 7776
38848963190944, 38848963193064, 2120
38849033027280, 38849033035588, 8308
38849102860868, 38849102868912, 8044
38849172693016, 38849172700256, 7240
38849242528252, 38849242530420, 2168
38849312361272, 38849312369036, 7764
38849382196684, 38849382204104, 7420
38849465996812, 38849465999024, 2212
38849521882464, 38849521942364, 59900
38849591698140, 38849591705688, 7548
38849667540256, 38849667599176, 58920
38849791226500, 38849791234804, 8304
38849960818872, 38849960826916, 8044
38850130417596, 38850130426324, 8728
38850170341816, 38850170356316, 14500
38850188298564, 38850188311250, 12686
38850220223024, 38850220238104, 15080
38850246161790, 38850246197412, 35622
38850290035992, 38850290043476, 7484
38850304000832, 38850304008512, 7680
38850359891164, 38850359948372, 57208
38850429704928, 38850429712408, 7480
