38830461842764, 38830461847610, 4846
38830527690770, 38830527722812, 32042
38830597509076, 38830597518096, 9020
38830667327476, 38830667332732, 5256
38830723201612, 38830723204168, 2556
38830737160840, 38830737165536, 4696
38830747133532, 38830747139616, 6084
38830805003220, 38830805007132, 3912
38830830944448, 38830830946924, 2476
38830888754244, 38830888758472, 4228
38830986523108, 38830986525872, 2764
38831144134736, 38831144137636, 2900
38831319720164, 38831319723048, 2884
38831429479616, 38831429484076, 4460
38831595064600, 38831595067644, 3044
38831597070524, 38831597076640, 6116
38831698814268, 38831698817244, 2976
38831812541336, 38831812546604, 5268
38832006079632, 38832006085232, 5600
38832199619404, 38832199624924, 5520
38832393158624, 38832393163888, 5264
38832494926760, 38832494929740, 2980
38832552779192, 38832552785464, 6272
38832586699976, 38832586705756, 5780
38832622620324, 38832622624072, 3748
38832680480900, 38832680483492, 2592
38832692446820, 38832692452816, 5996
38832762280584, 38832762285908, 5324
38832780237292, 38832780242864, 5572
38832832120240, 38832832124400, 4160
38833069494904, 38833069498000, 3096
38833136498028, 38833136502356, 4328
38833211160112, 38833211166904, 6792
38833394722352, 38833394727304, 4952
38833578283648, 38833578288060, 4412
38833761849676, 38833761855056, 5380
38833833678932, 38833833685684, 6752
38834512064204, 38834512067300, 3096
38834570185224, 38834570190424, 5200
38834628812508, 38834628816636, 4128
38834687463808, 38834687468588, 4780
38834745578960, 38834745582996, 4036
38834803651892, 38834803655652, 3760
38836255859664, 38836255863052, 3388
38836322866404, 38836322871904, 5500
38836389880580, 38836389884492, 3912
38836457422168, 38836457426532, 4364
38836524431492, 38836524435652, 4160
38836591467712, 38836591471656, 3944
38836658471612, 38836658475488, 3876
38836726046252, 38836726049576, 3324
38836793058812, 38836793062252, 3440
38836860167088, 38836860171004, 3916
38836927728856, 38836927732552, 3696
38836994710152, 38836994713728, 3576
38837065864508, 38837065869272, 4764
38837698368536, 38837698371876, 3340
38837709302836, 38837709307836, 5000
38837720225056, 38837720229228, 4172
38837812084440, 38837812099220, 14780
38837929810432, 38837929813320, 2888
38838031563952, 38838031566532, 2580
38838197172384, 38838197174964, 2580
38838310904536, 38838310922188, 17652
38838911423764, 38838911427140, 3376
38838922919956, 38838922924280, 4324
38838933860032, 38838933864292, 4260
38839043098244, 38839043100844, 2600
38839148850184, 38839148863656, 13472
38839488039092, 38839488042668, 3576
38839490041344, 38839490046244, 4900
38839492030160, 38839492033344, 3184
38839494020444, 38839494023976, 3532
38839535922752, 38839535928904, 6152
38839605755740, 38839605761524, 5784
38839675587556, 38839675594236, 6680
38839745422932, 38839745428676, 5744
38839815255772, 38839815261256, 5484
38839885089952, 38839885096352, 6400
38839994832468, 38839994834832, 2364
38840124520944, 38840124526892, 5948
38840294118068, 38840294125220, 7152
38840351978112, 38840351984300, 6188
38840501626904, 38840501630688, 3784
38840568601520, 38840568605528, 4008
38840737062880, 38840737071408, 8528
38840920586170, 38840920597870, 11700
38841104132484, 38841104140880, 8396
38842410348052, 38842410353152, 5100
38842486943856, 38842486948492, 4636
38842563636540, 38842563641368, 4828
38842640239104, 38842640243040, 3936
38842717381660, 38842717385400, 3740
38842793942140, 38842793945600, 3460
38842870560084, 38842870563608, 3524
38842947644520, 38842947648020, 3500
38843024133744, 38843024137172, 3428
38843100665968, 38843100669776, 3808
38843296852868, 38843296860816, 7948
38843508349020, 38843508352720, 3700
38843510353196, 38843510358180, 4984
38843516329808, 38843516335664, 5856
38843612105612, 38843612107984, 2372
38843769730228, 38843769732892, 2664
38843857523444, 38843857530988, 7544
38844035098912, 38844035101660, 2748
38844198704948, 38844198711364, 6416
38844366310540, 38844366312840, 2300
38844392247720, 38844392254588, 6868
38844464080656, 38844464088272, 7616
38844533914976, 38844533921744, 6768
38844871058900, 38844871062636, 3736
38844873063972, 38844873069784, 5812
38844875055380, 38844875058964, 3584
38844877044388, 38844877047648, 3260
38844879033596, 38844879036796, 3200
38844912944940, 38844912951248, 6308
38844982779880, 38844982785436, 5556
38845078551116, 38845078553764, 2648
38845182309280, 38845182312032, 2752
38845339933088, 38845339935948, 2860
38845505540464, 38845505543176, 2712
38845582149216, 38845582158184, 8968
38845667158324, 38845667175880, 17556
38845746958596, 38845746971724, 13128
38845864679596, 38845864697048, 17452
38846487205348, 38846487208172, 2824
38846545349448, 38846545354068, 4620
38846603444416, 38846603448020, 3604
38846662131188, 38846662135896, 4708
38846720258232, 38846720262704, 4472
38846818351784, 38846818366028, 14244
38847071753332, 38847071756932, 3600
38847101676704, 38847101688080, 11376
38847181491620, 38847181494116, 2496
38847191256716, 38847191261144, 4428
38847237355628, 38847237369196, 13568
38847295218740, 38847295228840, 10100
38847353081552, 38847353095704, 14152
38847410941788, 38847410959468, 17680
38847468801828, 38847468815768, 13940
38847526665960, 38847526679072, 13112
38847584528040, 38847584539316, 11276
38847720209364, 38847720211860, 2496
38847839928704, 38847839942240, 13536
38848037453380, 38848037461516, 8136
38848215035040, 38848215041952, 6912
38848392606288, 38848392613404, 7116
38848570190676, 38848570198272, 7596
38848747767484, 38848747774220, 6736
38848925286656, 38848925293480, 6824
38850444162064, 38850444164972, 2908
38850578310496, 38850578316052, 5556
38850712923424, 38850712928264, 4840
38850847096804, 38850847100672, 3868
38850981740148, 38850981743724, 3576
38851116051072, 38851116055520, 4448
38851250694292, 38851250698180, 3888
38851385311912, 38851385315772, 3860
38851519377760, 38851519381716, 3956
38826463361404, 38826463370212, 8808
38830459851250, 38830459856310, 5060
38830529656204, 38830529661444, 5240
38830601515596, 38830601550220, 34624
38830673317292, 38830673323708, 6416
38830745149456, 38830745156208, 6752
38830860815180, 38830860818920, 3740
38830876779608, 38830876783928, 4320
38830946608204, 38830946612800, 4596
38830962584884, 38830962588616, 3732
38831032408156, 38831032412224, 4068
38831104232628, 38831104239544, 6916
38832141967936, 38832141973404, 5468
38832276370984, 38832276374976, 3992
38832410228124, 38832410231720, 3596
38832544688720, 38832544692344, 3624
38832679159152, 38832679163368, 4216
38832813067176, 38832813071720, 4544
38832947641844, 38832947645904, 4060
38833081613652, 38833081617416, 3764
38833216109856, 38833216113536, 3680
38833350015024, 38833350018460, 3436
38833484517872, 38833484521572, 3700
38833618404992, 38833618408768, 3776
38833752794784, 38833752798484, 3700
38833886688872, 38833886692496, 3624
38834021029072, 38834021033332, 4260
38834154995076, 38834154999068, 3992
38834289492680, 38834289496340, 3660
38834423878720, 38834423882448, 3728
38834557775012, 38834557778940, 3928
38836325689392, 38836325693452, 4060
38836330791228, 38836330796724, 5496
38836335896096, 38836335899576, 3480
38836340980656, 38836340983956, 3300
38836346079112, 38836346082168, 3056
38836351162048, 38836351165932, 3884
38836356262984, 38836356265992, 3008
38836361347236, 38836361350232, 2996
38836366445388, 38836366448328, 2940
38836371528864, 38836371531780, 2916
38836395519940, 38836395522452, 2512
38836475336608, 38836475339592, 2984
38836533186712, 38836533192496, 5784
38836563115752, 38836563121084, 5332
38836603021416, 38836603026544, 5128
38836672855308, 38836672860748, 5440
38836732716464, 38836732720948, 4484
38836742691796, 38836742695692, 3896
38836812521324, 38836812526952, 5628
38836882296380, 38836882301648, 5268
38836902252992, 38836902257092, 4100
38836952136468, 38836952140372, 3904
38837021964400, 38837021969732, 5332
38837071848828, 38837071852852, 4024
38837091797024, 38837091802360, 5336
38837161629912, 38837161635536, 5624
38837241445816, 38837241450256, 4440
38837253414136, 38837253417232, 3096
38837411036932, 38837411055148, 18216
38837432993276, 38837433011500, 18224
38837580644692, 38837580661744, 17052
38837616554300, 38837616567172, 12872
38837800112616, 38837800126944, 14328
38837983685956, 38837983703816, 17860
38838356803632, 38838356809240, 5608
38838358796204, 38838358800516, 4312
38838360786596, 38838360789696, 3100
38838362775312, 38838362778588, 3276
38838418641568, 38838418654848, 13280
38838498452500, 38838498454988, 2488
38838564302404, 38838564305088, 2684
38838628147708, 38838628161316, 13608
38838638124440, 38838638137856, 13416
38838697982552, 38838697995036, 12484
38839218692080, 38839218695896, 3816
38839223791956, 38839223797032, 5076
38839228887804, 38839228890996, 3192
38839276536972, 38839276549612, 12640
38839432171224, 38839432174100, 2876
38839543908264, 38839543915660, 7396
38839741432060, 38839741440400, 8340
38839938962640, 38839938970476, 7836
38840136491552, 38840136499096, 7544
38840298117384, 38840298120996, 3612
38840334021732, 38840334029028, 7296
38840493646496, 38840493649296, 2800
38842488837504, 38842488840500, 2996
38842490840476, 38842490845920, 5444
38842492832112, 38842492836188, 4076
38842494816924, 38842494819872, 2948
38842496789400, 38842496792188, 2788
38842498775068, 38842498777920, 2852
38842500762728, 38842500767320, 4592
38842502752556, 38842502756536, 3980
38842504741936, 38842504745844, 3908
38842506733696, 38842506736740, 3044
38842508721860, 38842508725364, 3504
38842510710992, 38842510713960, 2968
38842512699988, 38842512703448, 3460
38842514688236, 38842514690928, 2692
38842516676736, 38842516679368, 2632
38842518662592, 38842518665316, 2724
38842520648776, 38842520651424, 2648
38842522637440, 38842522641052, 3612
38842524626716, 38842524630264, 3548
38842526616292, 38842526620020, 3728
38842528605836, 38842528608752, 2916
38842530593632, 38842530596420, 2788
38842532583184, 38842532586804, 3620
38842534574068, 38842534576944, 2876
38842536560500, 38842536564072, 3572
38842538549796, 38842538552620, 2824
38842540538564, 38842540541316, 2752
38842542526480, 38842542529716, 3236
38842544515032, 38842544518208, 3176
38842608548860, 38842608564072, 15212
38842702339264, 38842702341988, 2724
38842837941324, 38842837952804, 11480
38842895807388, 38842895810456, 3068
38843007538420, 38843007548788, 10368
38843037468140, 38843037479908, 11768
38843177135256, 38843177149332, 14076
38843231005404, 38843231011656, 6252
38843404598360, 38843404602196, 3836
38843490396568, 38843490403776, 7208
38843669968740, 38843669971812, 3072
38843671971968, 38843671976960, 4992
38843773719012, 38843773721420, 2408
38843873484592, 38843873492012, 7420
38844037089720, 38844037097580, 7860
38844200701856, 38844200710044, 8188
38844444132632, 38844444136468, 3836
38844553873268, 38844553875424, 2156
38844610402004, 38844610406820, 4816
38844679570624, 38844679575156, 4532
38844751396988, 38844751404292, 7304
38844823158092, 38844823164200, 6108
38844879704060, 38844879717352, 13292
38844894987476, 38844894992736, 5260
38844966823032, 38844966830016, 6984
38845038651260, 38845038658328, 7068
38845110480948, 38845110487844, 6896
38845234188392, 38845234191284, 2892
38845262123472, 38845262130576, 7104
38845331946312, 38845331958764, 12452
38845691106632, 38845691109940, 3308
38845749225256, 38845749229936, 4680
38845807278752, 38845807282356, 3604
38845865317780, 38845865321524, 3744
38846022310072, 38846022312912, 2840
38846132048952, 38846132051576, 2624
38846259750152, 38846259764796, 14644
38846479224100, 38846479227304, 3204
38846521117012, 38846521129828, 12816
38846672763172, 38846672772696, 9524
38846714655640, 38846714667080, 11440
38846728624276, 38846728635144, 10868
38846798456460, 38846798469956, 13496
38846868231780, 38846868243536, 11756
38846908137808, 38846908151164, 13356
38846938064152, 38846938074532, 10380
38847073746832, 38847073749240, 2408
38847161540940, 38847161557940, 17000
38847299214660, 38847299218448, 3788
38847345102528, 38847345115596, 13068
38847488762064, 38847488776092, 14028
38847528661632, 38847528675920, 14288
38847682301836, 38847682318876, 17040
38847712229420, 38847712243452, 14032
38847875834960, 38847875843180, 8220
38847895788528, 38847895790956, 2428
38848061393932, 38848061396864, 2932
38848236979108, 38848236982204, 3096
38848246747424, 38848246751812, 4388
38848354698268, 38848354701088, 2820
38848394601392, 38848394609404, 8012
38848452467488, 38848452474808, 7320
38848510334792, 38848510339340, 4548
38848568192200, 38848568199224, 7024
38848626060256, 38848626064256, 4000
38848691904632, 38848691907608, 2976
38848753758476, 38848753762748, 4272
38848793657244, 38848793659840, 2596
38848815548784, 38848815551248, 2464
38848857443616, 38848857447364, 3748
38848915325230, 38848915331610, 6380
38848943232964, 38848943238284, 5320
38848973166616, 38848973170228, 3612
38849031028188, 38849031031744, 3556
38849088889984, 38849088893820, 3836
38849112828572, 38849112834512, 5940
38849146750328, 38849146756044, 5716
38849204617848, 38849204621796, 3948
38849262479036, 38849262482664, 3628
38849282427788, 38849282433004, 5216
38849320341900, 38849320345340, 3440
38849378202584, 38849378206316, 3732
38850451654844, 38850451657664, 2820
38850509815032, 38850509821344, 6312
38850567951508, 38850567955052, 3544
38850626084328, 38850626088736, 4408
38850684718940, 38850684723052, 4112
38850742836140, 38850742839648, 3508
38850800961120, 38850800964572, 3452
38828463340308, 38828463345680, 5372
38828463385188, 38828463388240, 3052
38828463415804, 38828463418440, 2636
38828463445484, 38828463447932, 2448
38828463474736, 38828463477200, 2464
38828463504788, 38828463507156, 2368
38828463533940, 38828463536500, 2560
38828463562852, 38828463565344, 2492
38828463592180, 38828463594788, 2608
38830457907324, 38830457913472, 6148
38830457932976, 38830457944372, 11396
38830515713016, 38830515720016, 7000
38830573555112, 38830573558916, 3804
38830644134296, 38830644138188, 3892
38830655359336, 38830655362932, 3596
38830852889616, 38830852895312, 5696
38831118208100, 38831118211592, 3492
38831120216076, 38831120221888, 5812
38831221970090, 38831221976744, 6654
38831325704228, 38831325706856, 2628
38831501305876, 38831501310724, 4848
38831611025708, 38831611028644, 2936
38831742720260, 38831742724800, 4540
38831926275132, 38831926284504, 9372
38832109835848, 38832109840480, 4632
38832293402408, 38832293407352, 4944
38832476963556, 38832476968144, 4588
38832660527232, 38832660532436, 5204
38832883935952, 38832883939012, 3060
38832987693612, 38832987696172, 2560
38832989694796, 38832989699360, 4564
38833001656184, 38833001660216, 4032
38833041557424, 38833041563128, 5704
38833111391116, 38833111396888, 5772
38833171252064, 38833171256540, 4476
38833181228676, 38833181232412, 3736
38833251058908, 38833251064208, 5300
38833320894400, 38833320898444, 4044
38833340843772, 38833340849316, 5544
38833390729520, 38833390730740, 1220
38833460559048, 38833460564540, 5492
38833510440620, 38833510445652, 5032
38833530392964, 38833530398900, 5936
38833600225444, 38833600230740, 5296
38833670064796, 38833670069420, 4624
38833680041804, 38833680045980, 4176
38833739893488, 38833739899236, 5748
38833791778124, 38833791780656, 2532
38833957381888, 38833957384476, 2588
38834013896576, 38834013901344, 4768
38834070411068, 38834070415984, 4916
38834126889292, 38834126893012, 3720
38834192829604, 38834192834184, 4580
38834264651576, 38834264658436, 6860
38834336481884, 38834336488936, 7052
38834500093828, 38834500096776, 2948
38834605841360, 38834605845952, 4592
38834791402012, 38834791404816, 2804
38834925932980, 38834925938212, 5232
38835074666724, 38835074673580, 6856
38835252242068, 38835252249140, 7072
38835429821036, 38835429827876, 6840
38836495288552, 38836495290628, 2076
38836629349084, 38836629354068, 4984
38836763901552, 38836763905624, 4072
38836898008176, 38836898011768, 3592
38837032564396, 38837032568420, 4024
38837167085840, 38837167089948, 4108
38837300980760, 38837300984804, 4044
38837435453076, 38837435457136, 4060
38837569339668, 38837569343960, 4292
38837703748260, 38837703752180, 3920
38837837575148, 38837837578676, 3528
38837972016344, 38837972019964, 3620
38838105899152, 38838105902296, 3144
38838240325864, 38838240329912, 4048
38838374225524, 38838374228664, 3140
38838508614408, 38838508617996, 3588
38838642511856, 38838642515648, 3792
38838776975508, 38838776978972, 3464
38838910908976, 38838910913768, 4792
38839045369564, 38839045373588, 4024
38839179910532, 38839179914544, 4012
38839336403324, 38839336410080, 6756
38839513981432, 38839513987932, 6500
38839691558116, 38839691564824, 6708
38839869134788, 38839869141284, 6496
38840046712360, 38840046718844, 6484
38840224290292, 38840224297044, 6752
38840401868768, 38840401870728, 1960
38840579445104, 38840579452496, 7392
38842488839164, 38842488841416, 2252
38842622840736, 38842622845776, 5040
38842757347608, 38842757351716, 4108
38842891325788, 38842891329640, 3852
38843025764712, 38843025768468, 3756
38843160219884, 38843160223340, 3456
38843294034072, 38843294037312, 3240
38843428475388, 38843428479908, 4520
38843562388980, 38843562392496, 3516
38843696861992, 38843696865664, 3672
38843830792696, 38843830797240, 4544
38843965291348, 38843965295012, 3664
38844099199348, 38844099202720, 3372
38844233619652, 38844233622816, 3164
38844367462800, 38844367466960, 4160
38844501939052, 38844501942572, 3520
38844635815756, 38844635819764, 4008
38844770247100, 38844770251452, 4352
38844904865908, 38844904869476, 3568
38845038799696, 38845038803640, 3944
38845173231960, 38845173235208, 3248
38845307065208, 38845307068616, 3408
38845441424988, 38845441428600, 3612
38845575339560, 38845575344000, 4440
38845709883060, 38845709886760, 3700
38845843796596, 38845843800512, 3916
38845978275212, 38845978278948, 3736
38846112129104, 38846112132436, 3332
38846246597100, 38846246600456, 3356
38846380474960, 38846380478864, 3904
38846514957812, 38846514961736, 3924
38846649498668, 38846649502516, 3848
38846783459072, 38846783462264, 3192
38846918022968, 38846918026544, 3576
38847051834256, 38847051837904, 3648
38847186274496, 38847186278372, 3876
38847320069344, 38847320072604, 3260
38847454501296, 38847454504808, 3512
38847588437888, 38847588441720, 3832
38847722960536, 38847722964484, 3948
38847859873812, 38847859879716, 5904
38848859447176, 38848859450928, 3752
38848870388516, 38848870393176, 4660
38848881316456, 38848881320504, 4048
38848892805604, 38848892809084, 3480
38848903730432, 38848903733780, 3348
38849037011928, 38849037017660, 5732
38849230554960, 38849230558944, 3984
38849424095436, 38849424096596, 1160
38849495922560, 38849495925036, 2476
38849617632292, 38849617637812, 5520
38849699459036, 38849699463090, 4054
38849733357704, 38849733360016, 2312
38849811205796, 38849811208530, 2734
38849914939136, 38849914948256, 9120
38850004736764, 38850004770648, 33884
38850098514370, 38850098517290, 2920
38850198284490, 38850198314908, 30418
38850282077004, 38850282083916, 6912
38850363887056, 38850363915788, 28732
38850391807396, 38850391816556, 9160
38850419757196, 38850419786516, 29320
38850465616364, 38850465624004, 7640
38850585332572, 38850585340504, 7932
38826438997476, 38826439005792, 8316
38826455396032, 38826455404328, 8296
38830501746610, 38830501752070, 5460
38830621435460, 38830621440712, 5252
38830785050900, 38830785056032, 5132
38831776640436, 38831776644212, 3776
38831786404496, 38831786409832, 5336
38831796175516, 38831796179312, 3796
38831805944924, 38831805948100, 3176
38831815715044, 38831815719180, 4136
38831825483208, 38831825486568, 3360
38831835238256, 38831835241228, 2972
38831844997248, 38831845000772, 3524
38831854756112, 38831854760088, 3976
38831864512156, 38831864515396, 3240
38831874250828, 38831874254300, 3472
38831884010872, 38831884013696, 2824
38831893775616, 38831893778632, 3016
38831903543772, 38831903547480, 3708
38831913314280, 38831913318800, 4520
38831923080800, 38831923084872, 4072
38831933400148, 38831933403792, 3644
38831943164296, 38831943167108, 2812
38831952928868, 38831952931688, 2820
38831962692224, 38831962695036, 2812
38832020055564, 38832020062872, 7308
38832077921032, 38832077925372, 4340
38832135784716, 38832135789132, 4416
38832193647296, 38832193651760, 4464
38832251508192, 38832251512376, 4184
38832309370428, 38832309374572, 4144
38832367234168, 38832367238300, 4132
38832425095392, 38832425099576, 4184
38832995668900, 38832995671800, 2900
38833167258868, 38833167263516, 4648
38833360800612, 38833360805160, 4548
38833554337008, 38833554342628, 5620
38833747878204, 38833747884172, 5968
38833901511012, 38833901513596, 2584
38833903519812, 38833903524712, 4900
38833941415384, 38833941421008, 5624
38834105030972, 38834105033288, 2316
38834182134896, 38834182142384, 7488
38834210787200, 38834210791612, 4412
38834328506584, 38834328510964, 4380
38834408314364, 38834408322112, 7748
38834480139764, 38834480146756, 6992
38834551969068, 38834551976600, 7532
38835158462952, 38835158465524, 2572
38835215541104, 38835215546484, 5380
38835272024324, 38835272028296, 3972
38835328553140, 38835328556884, 3744
38835385057136, 38835385061088, 3952
38835442122592, 38835442125988, 3396
38835498622932, 38835498627084, 4152
38835555139956, 38835555144100, 4144
38835611612712, 38835611616552, 3840
38835668049556, 38835668053416, 3860
38835725109704, 38835725113752, 4048
38835781589784, 38835781594196, 4412
38835838040652, 38835838044448, 3796
38835894515868, 38835894520204, 4336
38835951578060, 38835951582380, 4320
38836008049796, 38836008053516, 3720
38836064519820, 38836064523456, 3636
38836121000908, 38836121004520, 3612
38836178040216, 38836178043768, 3552
38836234494744, 38836234498520, 3776
38836291025928, 38836291029852, 3924
38836347544724, 38836347548648, 3924
38836404079900, 38836404083540, 3640
38836461152072, 38836461155904, 3832
38836517704560, 38836517708784, 4224
38836574247408, 38836574251592, 4184
38836630795168, 38836630799240, 4072
38836687920756, 38836687924432, 3676
38836744450336, 38836744454248, 3912
38836801008592, 38836801011956, 3364
38836857657108, 38836857660592, 3484
38836914167792, 38836914171456, 3664
38836971257096, 38836971260652, 3556
38837027764972, 38837027768736, 3764
38837084300236, 38837084303500, 3264
38837140805484, 38837140808588, 3104
38837209524556, 38837209531956, 7400
38837281354104, 38837281373684, 19580
38837353182928, 38837353205716, 22788
38837425012300, 38837425033792, 21492
38837496839700, 38837496858996, 19296
38837568672868, 38837568682420, 9552
38837640497640, 38837640510924, 13284
38837712327116, 38837712343784, 16668
38837784159876, 38837784172688, 12812
38837855983740, 38837855996604, 12864
38837927816228, 38837927833680, 17452
38838033566972, 38838033570560, 3588
38838135316588, 38838135319660, 3072
38838145080600, 38838145085112, 4512
38838154840788, 38838154844728, 3940
38838263012452, 38838263015344, 2892
38838350808008, 38838350821788, 13780
38838528380024, 38838528382980, 2956
38838534363260, 38838534373528, 10268
38838717927556, 38838717936624, 9068
38839607762632, 38839607765920, 3288
38839666379844, 38839666384024, 4180
38839724413268, 38839724417124, 3856
38839782469116, 38839782472984, 3868
38839840533776, 38839840537260, 3484
38839898578824, 38839898582296, 3472
38839957187632, 38839957191172, 3540
38840015245492, 38840015248964, 3472
38840110560560, 38840110568424, 7864
38840274167084, 38840274173028, 5944
38840471700356, 38840471703084, 2728
38840481471924, 38840481476324, 4400
38840525567408, 38840525575132, 7724
38840635317880, 38840635320724, 2844
38840765003128, 38840765011240, 8112
38840928547040, 38840928554980, 7940
38841092159600, 38841092167036, 7436
38842472877504, 38842472880468, 2964
38842482646024, 38842482651592, 5568
38842492422960, 38842492427236, 4276
38842502190940, 38842502195416, 4476
38842511965108, 38842511968768, 3660
38842521731680, 38842521735156, 3476
38842531507316, 38842531510936, 3620
38842541282480, 38842541286632, 4152
38842551057180, 38842551061408, 4228
38842560823560, 38842560826832, 3272
38842570581192, 38842570584756, 3564
38842580350460, 38842580353204, 2744
38842590129288, 38842590132476, 3188
38842599899528, 38842599902972, 3444
38842609670548, 38842609674388, 3840
38842619444272, 38842619447444, 3172
38842629216472, 38842629220084, 3612
38842638987636, 38842638990328, 2692
38842648760028, 38842648763912, 3884
38842659090952, 38842659094356, 3404
38842668858368, 38842668862336, 3968
38842678624604, 38842678628196, 3592
38842688396804, 38842688399864, 3060
38842698151752, 38842698155740, 3988
38842707914916, 38842707918348, 3432
38842717676808, 38842717680424, 3616
38842727446460, 38842727449564, 3104
38842737213460, 38842737216960, 3500
38842782142116, 38842782155768, 13652
38842839945556, 38842839959764, 14208
38842897806788, 38842897820356, 13568
38842955671968, 38842955685472, 13504
38843013532960, 38843013546492, 13532
38843071394848, 38843071408288, 13440
38843129256944, 38843129270300, 13356
38843187119748, 38843187127012, 7264
38843244982620, 38843244989488, 6868
38843302842820, 38843302849872, 7052
38843931356796, 38843931360456, 3660
38843936453824, 38843936459292, 5468
38843941554464, 38843941558404, 3940
38843946639068, 38843946642032, 2964
38844025119204, 38844025127320, 8116
38844051060076, 38844051062584, 2508
38844194721912, 38844194730408, 8496
38844224648864, 38844224656136, 7272
38844364313412, 38844364321624, 8212
38844468074160, 38844468077056, 2896
38844494008260, 38844494015420, 7160
38844527919920, 38844527926936, 7016
38844765371944, 38844765375412, 3468
38844832445356, 38844832449884, 4528
38844958842712, 38844958850268, 7556
38845080553336, 38845080556752, 3416
38845122445232, 38845122452968, 7736
38845142399528, 38845142405036, 5508
38845242170496, 38845242174160, 3664
38845325964128, 38845325982572, 18444
38845723032848, 38845723036620, 3772
38845732804568, 38845732809844, 5276
38845742579092, 38845742582780, 3688
38845752343500, 38845752347424, 3924
38845762111476, 38845762115024, 3548
38845771876096, 38845771879708, 3612
38845781638152, 38845781641108, 2956
38845791399492, 38845791402428, 2936
38845848725500, 38845848739712, 14212
38845900601020, 38845900604296, 3276
38845906588360, 38845906601512, 13152
38845964450636, 38845964464660, 14024
38846022311428, 38846022325032, 13604
38846060224604, 38846060241392, 16788
38846080174292, 38846080187304, 13012
38846203876628, 38846203879344, 2716
38846229812004, 38846229825740, 13736
38846307635468, 38846307638952, 3484
38846399408844, 38846399426012, 17168
38846463265684, 38846463268680, 2996
38846569010832, 38846569024688, 13856
38846610911632, 38846610928536, 16904
38846738607240, 38846738621220, 13980
38846794469052, 38846794483252, 14200
38846977973516, 38846977992316, 18800
38847408960336, 38847408963008, 2672
38847465460540, 38847465465860, 5320
38847521959888, 38847521963308, 3420
38847578449376, 38847578452972, 3596
38847634971964, 38847634975544, 3580
38847692035628, 38847692039196, 3568
38847748577648, 38847748581656, 4008
38847805125188, 38847805128568, 3380
38847861629152, 38847861632912, 3760
38847918720656, 38847918724316, 3660
38847975187300, 38847975190900, 3600
38848031675316, 38848031678512, 3196
38848088121908, 38848088125864, 3956
38848145208192, 38848145211632, 3440
38848201664060, 38848201667532, 3472
38848258146984, 38848258150904, 3920
38848314642228, 38848314646640, 4412
38848371150460, 38848371153712, 3252
38848428186172, 38848428189924, 3752
38848484739000, 38848484743304, 4304
38848541243316, 38848541246728, 3412
38848597742432, 38848597746228, 3796
38848654848628, 38848654852384, 3756
38848711364684, 38848711368068, 3384
38848861440712, 38848861444112, 3400
38848893353336, 38848893359760, 6424
38848963189168, 38848963190752, 1584
38849033020640, 38849033027084, 6444
38849102854376, 38849102860668, 6292
38849172687316, 38849172692816, 5500
38849242522444, 38849242528056, 5612
38849312354784, 38849312361072, 6288
38849382190464, 38849382196480, 6016
38849465995096, 38849465996624, 1528
38849521872964, 38849521882130, 9166
38849591692208, 38849591697936, 5728
38849667535330, 38849667539924, 4594
38849791222448, 38849791226300, 3852
38849960813016, 38849960818668, 5652
38850130410832, 38850130417396, 6564
38850170337710, 38850170341490, 3780
38850188288924, 38850188298224, 9300
38850220220570, 38850220222690, 2120
38850246151264, 38850246161450, 10186
38850290030212, 38850290035784, 5572
38850303995504, 38850304000632, 5128
38850359881904, 38850359890850, 8946
38850429698184, 38850429704720, 6536
