31022646507888, 31022646515732, 7844
31022714963528, 31022714972756, 9228
31024740296284, 31024740301312, 5028
31024740346964, 31024740350028, 3064
31024740384228, 31024740387268, 3040
31024740431428, 31024740435696, 4268
31024740458384, 31024740459984, 1600
31024740491352, 31024740493932, 2580
31024740567588, 31024740569912, 2324
31024740602300, 31024740605344, 3044
31024740641728, 31024740644052, 2324
31024740683956, 31024740686184, 2228
31024740720692, 31024740723388, 2696
31024740753332, 31024740755676, 2344
31024740777300, 31024740778832, 1532
31024740935008, 31024740938032, 3024
31024740975208, 31024740977656, 2448
31024741014548, 31024741017404, 2856
31024741071732, 31024741075784, 4052
31024741103960, 31024741106720, 2760
31024741135344, 31024741137892, 2548
31024741181472, 31024741184524, 3052
31024741207664, 31024741210996, 3332
31026734454804, 31026734461324, 6520
31026734479532, 31026734492380, 12848
31026734503692, 31026734513752, 10060
31026734524296, 31026734533652, 9356
31026734544340, 31026734553292, 8952
31026734563804, 31026734572332, 8528
31026734582888, 31026734592164, 9276
31026734602212, 31026734610752, 8540
31026734621124, 31026734629624, 8500
31026734639696, 31026734648348, 8652
31026734658300, 31026734666836, 8536
31026734676868, 31026734685160, 8292
31026734711920, 31026734720704, 8784
31026734731452, 31026734739988, 8536
31027482237344, 31027482242216, 4872
31028002629884, 31028002637804, 7920
31028501471852, 31028501500628, 28776
31029270945372, 31029270950748, 5376
31029769252560, 31029769261476, 8916
31030446044464, 31030446053860, 9396
31030750552900, 31030750561856, 8956
31030880668740, 31030880677288, 8548
31031287253936, 31031287261848, 7912
31031964081132, 31031964089636, 8504
31032349152460, 31032349160188, 7728
31032605672140, 31032605680004, 7864
31033366288916, 31033366298968, 10052
31033661899596, 31033661908380, 8784
31034068721444, 31034068729152, 7708
31034828737472, 31034828746512, 9040
31035133794168, 31035133802528, 8360
31036223866948, 31036223876152, 9204
31036928641264, 31036928654332, 13068
31037689266812, 31037689275760, 8948
31038094367672, 31038094376924, 9252
31038787209104, 31038787218088, 8984
31039001336388, 31039001345728, 9340
31039296734256, 31039296743032, 8776
31039601946488, 31039601955008, 8520
31040100095312, 31040100104616, 9304
31040395683164, 31040395692592, 9428
31040651813212, 31040651821676, 8464
31041345312336, 31041345320948, 8612
31041725945728, 31041725954480, 8752
31041982031848, 31041982040140, 8292
31042286665024, 31042286674232, 9208
31042372156292, 31042372163756, 7464
31042820034672, 31042820041768, 7096
31043125221272, 31043125230052, 8780
31043769215764, 31043769223876, 8112
31044154772848, 31044154782248, 9400
31044284339452, 31044284347700, 8248
31045044835692, 31045044843992, 8300
31045180641824, 31045180645444, 3620
31045562214736, 31045562224352, 9616
31045818325848, 31045818334404, 8556
31046511822516, 31046511830132, 7616
31046746108696, 31046746116588, 7892
31047194586476, 31047194595724, 9248
31047839292232, 31047839297120, 4888
31022628577240, 31022628585476, 8236
31022680717356, 31022680725608, 8252
31022723583084, 31022723591204, 8120
31027504300800, 31027504304540, 3740
31027526152664, 31027526159992, 7328
31028090346356, 31028090350392, 4036
31028471911332, 31028471922180, 10848
31029148757272, 31029148766728, 9456
31029366743164, 31029366750664, 7500
31029747689112, 31029747698752, 9640
31030536875556, 31030536884560, 9004
31030792695824, 31030792703716, 7892
31031174031856, 31031174040380, 8524
31031259079812, 31031259087080, 7268
31032048358136, 31032048365480, 7344
31032429639332, 31032429648016, 8684
31032725238448, 31032725246792, 8344
31032998117584, 31032998121392, 3808
31033302696452, 31033302705948, 9496
31033536775984, 31033536783828, 7844
31033792749380, 31033792756936, 7556
31034582081160, 31034582090056, 8896
31035079525056, 31035079534188, 9132
31035723799396, 31035723809276, 9880
31035979610332, 31035979617992, 7660
31036624233916, 31036624241472, 7556
31037714162148, 31037714172196, 10048
31038162688568, 31038162698304, 9736
31038659977972, 31038659986884, 8912
31038707596004, 31038707604452, 8448
31039467644256, 31039467654428, 10172
31039878026100, 31039878029552, 3452
31040553943584, 31040553952652, 9068
31040960780792, 31040960790200, 9408
31041216436496, 31041216445188, 8692
31041860817568, 31041860826708, 9140
31042156330432, 31042156339512, 9080
31042390145012, 31042390153096, 8084
31042775105992, 31042775114164, 8172
31043070692048, 31043070700328, 8280
31044160009444, 31044160019028, 9584
31044803905320, 31044803914584, 9264
31045059889980, 31045059898188, 8208
31045850219812, 31045850229348, 9536
31046526262984, 31046526270788, 7804
31046907209528, 31046907217428, 7900
31047600643400, 31047600648540, 5140
31047834505732, 31047834509620, 3888
31022577595744, 31022577604008, 8264
31022594257920, 31022594265660, 7740
31022611344428, 31022611352840, 8412
31022740468872, 31022740477928, 9056
31026766304568, 31026766307832, 3264
31027627748276, 31027627755360, 7084
31028100320032, 31028100323272, 3240
31029091608540, 31029091618812, 10272
31029477393188, 31029477401816, 8628
31030468738148, 31030468745284, 7136
31030853610224, 31030853617020, 6796
31031845019076, 31031845028836, 9760
31032489092124, 31032489100672, 8548
31032895974436, 31032895981628, 7192
31033539975500, 31033539984000, 8500
31034531257844, 31034531267844, 10000
31034745304684, 31034745312780, 8096
31035151903864, 31035151911716, 7852
31035236883384, 31035236891860, 8476
31035532537228, 31035532546128, 8900
31035766689600, 31035766699008, 9408
31036526695024, 31036526703020, 7996
31036551696620, 31036551697920, 1300
31036928638940, 31036928642180, 3240
31037426041508, 31037426051912, 10404
31037640206948, 31037640214984, 8036
31037642498612, 31037642499916, 1304
31037876507980, 31037876516016, 8036
31037945409244, 31037945417300, 8056
31038778501604, 31038778510572, 8968
31039159669688, 31039159677552, 7864
31039607839324, 31039607846388, 7064
31040441322768, 31040441331456, 8688
31041431939900, 31041431945576, 5676
31042422332552, 31042422340732, 8180
31043255013524, 31043255024320, 10796
31043510818420, 31043510827112, 8692
31043596344408, 31043596351796, 7388
31044043641420, 31044043648708, 7288
31044876936284, 31044876944456, 8172
31045280360016, 31045280363740, 3724
31045514774852, 31045514786012, 11160
31045819217760, 31045819225420, 7660
31046652234364, 31046652242316, 7952
31046947594504, 31046947603072, 8568
31047203314096, 31047203318368, 4272
31047588472136, 31047588475836, 3700
31047892826700, 31047892830268, 3568
31022663476464, 31022663485588, 9124
31022706272436, 31022706281184, 8748
31026794272788, 31026794276040, 3252
31027677586112, 31027677593100, 6988
31028106297352, 31028106301580, 4228
31028513539708, 31028513551740, 12032
31028961861324, 31028961870096, 8772
31030051366424, 31030051374496, 8072
31030257950676, 31030257958240, 7564
31031346284536, 31031346292716, 8180
31032106488920, 31032106497824, 8904
31032162306568, 31032162315248, 8680
31032466670356, 31032466678448, 8092
31033457610152, 31033457617276, 7124
31033937335032, 31033937338136, 3104
31034066891056, 31034066902532, 11476
31034743470720, 31034743479456, 8736
31035734356304, 31035734366696, 10392
31036038539284, 31036038547428, 8144
31036420225480, 31036420234080, 8600
31037254118948, 31037254130932, 11984
31037509814944, 31037509823868, 8924
31037565743652, 31037565751064, 7412
31037946947372, 31037946958184, 10812
31039035904976, 31039035914432, 9456
31039878029616, 31039878032888, 3272
31040112090728, 31040112100120, 9392
31040755919348, 31040755927004, 7656
31041589384904, 31041589393692, 8788
31041802877484, 31041802884176, 6692
31041859230988, 31041859239904, 8916
31041988686196, 31041988695464, 9268
31042584273928, 31042584276980, 3052
31042964906328, 31042964914724, 8396
31043724818520, 31043724827620, 9100
31044029428008, 31044029435684, 7676
31045020849192, 31045020858732, 9540
31045077239032, 31045077246856, 7824
31045525701228, 31045525711380, 10152
31045932336304, 31045932344268, 7964
31046146385184, 31046146393192, 8008
31046231277456, 31046231284832, 7376
31046487214836, 31046487225756, 10920
31046791631924, 31046791639080, 7156
31047198166320, 31047198170452, 4132
31022671947912, 31022671956688, 8776
31026782247412, 31026782250992, 3580
31027755418212, 31027755425360, 7148
31028402855568, 31028402887756, 32188
31028532365644, 31028532374952, 9308
31028836881864, 31028836888744, 6880
31029481599048, 31029481608052, 9004
31029888338864, 31029888346732, 7868
31030531980204, 31030531988612, 8408
31031224924540, 31031224933416, 8876
31031480814256, 31031480822744, 8488
31031928871948, 31031928881076, 9128
31032998099112, 31032998102108, 2996
31033831791356, 31033831800448, 9092
31034217166832, 31034217177360, 10528
31034473090560, 31034473099472, 8912
31034707211780, 31034707220780, 9000
31035087707620, 31035087716044, 8424
31035217537420, 31035217548356, 10936
31036007342288, 31036007349616, 7328
31036221912372, 31036221922380, 10008
31036517603648, 31036517612276, 8628
31036603204816, 31036603213124, 8308
31037368028816, 31037368039392, 10576
31037497304160, 31037497313108, 8948
31037801866480, 31037801872800, 6320
31037817990920, 31037817992144, 1224
31038049341420, 31038049344224, 2804
31038305222908, 31038305232100, 9192
31038601432476, 31038601441460, 8984
31038609707240, 31038609708632, 1392
31038739216932, 31038739224864, 7932
31038973228660, 31038973236624, 7964
31039358591204, 31039358599924, 8720
31039443639308, 31039443646520, 7212
31039573228644, 31039573236744, 8100
31039629609416, 31039629617516, 8100
31040718666068, 31040718673808, 7740
31041103928532, 31041103936792, 8260
31041408110408, 31041408118972, 8564
31042084672480, 31042084681184, 8704
31042728338892, 31042728350928, 12036
31043405050932, 31043405059420, 8488
31043902308640, 31043902317248, 8608
31044282992576, 31044283000148, 7572
31044959744136, 31044959753184, 9048
31045380038676, 31045380041984, 3308
31045765096844, 31045765105232, 8388
31045895061060, 31045895069464, 8404
31046654651496, 31046654659064, 7568
31046784161244, 31046784169676, 8432
31047775195524, 31047775204936, 9412
31022637874192, 31022637882536, 8344
31022654973148, 31022654984952, 11804
31026782271424, 31026782275892, 4468
31027799225492, 31027799232928, 7436
31028170096628, 31028170099864, 3236
31028255154176, 31028255165084, 10908
31028511196144, 31028511204748, 8604
31028725365536, 31028725374020, 8484
31029559044620, 31029559052952, 8332
31029644695576, 31029644702688, 7112
31029940164640, 31029940173916, 9276
31029996016516, 31029996025088, 8572
31030755638836, 31030755647476, 8640
31031253210148, 31031253219224, 9076
31031557685664, 31031557694332, 8668
31031687630800, 31031687638868, 8068
31031807592872, 31031807594596, 1724
31032305334896, 31032305343224, 8328
31032539524024, 31032539532120, 8096
31033329147688, 31033329157540, 9852
31033459180604, 31033459189048, 8444
31034548461620, 31034548471120, 9500
31035241717600, 31035241725200, 7600
31035627376576, 31035627386388, 9812
31036125046068, 31036125054988, 8920
31037116937468, 31037116947700, 10232
31037412577780, 31037412587996, 10216
31038056876740, 31038056882328, 5588
31038700776300, 31038700786044, 9744
31038956710556, 31038956719184, 8628
31039363255796, 31039363263704, 7908
31040056545104, 31040056553836, 8732
31040437748036, 31040437757092, 9056
31040567293380, 31040567302640, 9260
31041015696060, 31041015702760, 6700
31041145728236, 31041145736668, 8432
31041379785108, 31041379793652, 8544
31042468448980, 31042468461000, 12020
31042724489184, 31042724498332, 9148
31043714765008, 31043714773144, 8136
31044010105140, 31044010114036, 8896
31044265925128, 31044265933972, 8844
31044499898552, 31044499906920, 8368
31044656108636, 31044656110000, 1364
31044951495508, 31044951503528, 8020
31045180637356, 31045180640232, 2876
31045825727492, 31045825737032, 9540
31046322879640, 31046322887540, 7900
31047112074516, 31047112083420, 8904
31022585621588, 31022585629612, 8024
31022620062672, 31022620072580, 9908
31022689117924, 31022689127104, 9180
31022697873244, 31022697881444, 8200
31022748531816, 31022748540364, 8548
31026788530464, 31026788534424, 3960
31027825112712, 31027825120144, 7432
31028182072652, 31028182075904, 3252
31028971002348, 31028971011592, 9244
31029026820892, 31029026827888, 6996
31029438436424, 31029438439620, 3196
31029743150244, 31029743160820, 10576
31029999173924, 31029999182020, 8096
31030006735520, 31030006736812, 1292
31030240883208, 31030240890936, 7728
31031073926628, 31031073935428, 8800
31031130394152, 31031130402240, 8088
31031364679564, 31031364687848, 8284
31031578202568, 31031578210608, 8040
31032412129408, 31032412138408, 9000
31032541657408, 31032541665564, 8156
31033218674408, 31033218683728, 9320
31033274500928, 31033274508440, 7512
31033967726912, 31033967736052, 9140
31034612099932, 31034612108120, 8188
31035445004608, 31035445013876, 9268
31036122269324, 31036122277988, 8664
31036570144004, 31036570152664, 8660
31036896731340, 31036896748052, 16712
31037572829088, 31037572860884, 31796
31038563658488, 31038563667796, 9308
31038868716520, 31038868723360, 6840
31039860008644, 31039860017132, 8488
31040620488624, 31040620498460, 9836
31040676362148, 31040676370896, 8748
31041465900360, 31041465908668, 8308
31041872911636, 31041872919764, 8128
31042584274348, 31042584290308, 15960
31042713814876, 31042713824064, 9188
31042769682960, 31042769690240, 7280
31043176850340, 31043176858472, 8132
31043391075280, 31043391083376, 8096
31043520474516, 31043520482684, 8168
31044309659792, 31044309666724, 6932
31044523785720, 31044523793028, 7308
31045614208924, 31045614219472, 10548
31045909503680, 31045909512468, 8788
31045965339392, 31045965346616, 7224
31047054094936, 31047054103516, 8580
31047551668528, 31047551673688, 5160
31047847728904, 31047847732016, 3112
31022602970300, 31022602978412, 8112
31022731983080, 31022731995720, 12640
31026802166068, 31026802169180, 3112
31027994626188, 31027994633624, 7436
31028688778096, 31028688810688, 32592
31028984274764, 31028984284504, 9740
31029254970580, 31029254979256, 8676
31029949009168, 31029949019012, 9844
31030078545460, 31030078553772, 8312
31030526588484, 31030526596076, 7592
31030822039700, 31030822048460, 8760
31031466580784, 31031466587844, 7060
31031835421224, 31031835424652, 3428
31032528825092, 31032528834484, 9392
31032614416908, 31032614424832, 7924
31032828014080, 31032828021524, 7444
31033276417548, 31033276426680, 9132
31033773946196, 31033773953660, 7464
31033937336972, 31033937340856, 3884
31034241896396, 31034241906448, 10052
31034297762940, 31034297771688, 8748
31034593323224, 31034593330812, 7588
31035041391384, 31035041399900, 8516
31035297284652, 31035297291436, 6784
31035452944384, 31035452947304, 2920
31035582535704, 31035582546108, 10404
31036276455048, 31036276462420, 7372
31036406539908, 31036406546592, 6684
31036462383032, 31036462391412, 8380
31036816954044, 31036816980636, 26592
31037510766464, 31037510799304, 32840
31037896440352, 31037896448844, 8492
31038685750236, 31038685759028, 8792
31039362338092, 31039362345076, 6984
31040152014664, 31040152023796, 9132
31040456637488, 31040456645820, 8332
31040670814888, 31040670822824, 7936
31040755864380, 31040755872436, 8056
31041253276204, 31041253285436, 9232
31041548808268, 31041548816536, 8268
31042308765124, 31042308773164, 8040
31043098531112, 31043098539916, 8804
31043332383036, 31043332391280, 8244
31044025092028, 31044025101044, 9016
31044081469516, 31044081477652, 8136
31044487919844, 31044487926660, 6816
31045380040280, 31045380043240, 2960
31046371217156, 31046371227692, 10536
31047015033448, 31047015042560, 9112
31047071416264, 31047071420824, 4560
31047747185476, 31047747191684, 6208
31047877164144, 31047877168708, 4564
