30940645778340, 30940645789972, 11632
30940662741288, 30940662749592, 8304
30940722604848, 30940722617924, 13076
30940739467716, 30940739476752, 9036
30944838813076, 30944838816432, 3356
30945562655400, 30945562660624, 5224
30945967399320, 30945967402540, 3220
30946239581748, 30946239593780, 12032
30946542991224, 30946543000180, 8956
30946731042996, 30946731051508, 8512
30947143683636, 30947143691184, 7548
30947331860708, 30947331868036, 7328
30947596823928, 30947596827536, 3608
30948034044704, 30948034054276, 9572
30948456312504, 30948456321604, 9100
30949188475344, 30949188484060, 8716
30949289762372, 30949289765284, 2912
30950184703076, 30950184712272, 9196
30950483689532, 30950483697804, 8272
30950787303904, 30950787313136, 9232
30950918357792, 30950918366400, 8608
30951190524712, 30951190532624, 7912
30951603168616, 30951603175096, 6480
30951906533004, 30951906540492, 7488
30952343853460, 30952343862084, 8624
30952643013780, 30952643021896, 8116
30953257277584, 30953257287780, 10196
30953989380892, 30953989388728, 7836
30954604170012, 30954604178944, 8932
30954903904512, 30954903913564, 9052
30955525627932, 30955525630780, 2848
30955847833120, 30955847842544, 9424
30956020884492, 30956020891384, 6892
30956443052520, 30956443059776, 7256
30956642351244, 30956642354500, 3256
30956941674936, 30956941684200, 9264
30957359186400, 30957359194936, 8536
30957796521804, 30957796530396, 8592
30958089732676, 30958089740776, 8100
30958822047484, 30958822056636, 9152
30959243606448, 30959243614040, 7592
30959656118648, 30959656126516, 7868
30959840402368, 30959840409888, 7520
30960343938880, 30960343947056, 8176
30961075848328, 30961075856032, 7704
30961265230076, 30961265237888, 7812
30961703081052, 30961703090872, 9820
30962607009316, 30962607013628, 4312
30963110992672, 30963111002724, 10052
30963284585276, 30963284593652, 8376
30963706327160, 30963706337356, 10196
30963890491628, 30963890500552, 8924
30964785270212, 30964785279456, 9244
30964786863088, 30964786870208, 7120
30965057186224, 30965057191280, 5056
30965329439896, 30965329443328, 3432
30965502513884, 30965502516932, 3048
30966102772036, 30966102774760, 2724
30940620296760, 30940620305112, 8352
30940688431916, 30940688440136, 8220
30944800951012, 30944800953924, 2912
30945632473024, 30945632480292, 7268
30946284405280, 30946284416356, 11076
30946285999984, 30946286007256, 7272
30946704755860, 30946704763100, 7240
30947026023952, 30947026033124, 9172
30947920842808, 30947920852980, 10172
30948242265004, 30948242274340, 9336
30948892883008, 30948892891584, 8576
30949077125004, 30949077131800, 6796
30949727498708, 30949727506260, 7552
30949911496448, 30949911504416, 7968
30949919862808, 30949919864032, 1224
30950570308424, 30950570316136, 7712
30950991874928, 30950991883392, 8464
30951642690024, 30951642696140, 6116
30952292693128, 30952292701320, 8192
30952797055340, 30952797064120, 8780
30953355751200, 30953355760916, 9716
30954005933520, 30954005941828, 8308
30954275947848, 30954275956272, 8424
30954579677760, 30954579685608, 7848
30954710622712, 30954710631468, 8756
30955032031896, 30955032041400, 9504
30955318208740, 30955318211636, 2896
30955932456076, 30955932464144, 8068
30956202475680, 30956202484452, 8772
30956530658564, 30956530676140, 17576
30957145536600, 30957145568816, 32216
30957619356592, 30957619364948, 8356
30958178103328, 30958178111932, 8604
30958366031524, 30958366039492, 7968
30958669222004, 30958669229768, 7764
30958853427964, 30958853437888, 9924
30959357113088, 30959357122036, 8948
30959358707976, 30959358715424, 7448
30959532188456, 30959532196272, 7816
30960090685264, 30960090692604, 7340
30960564868964, 30960564879496, 10532
30960834628908, 30960834636324, 7416
30960836216720, 30960836222860, 6140
30961248003028, 30961248010776, 7748
30961667388828, 30961667398708, 9880
30962170822812, 30962170831132, 8320
30962469770548, 30962469778012, 7464
30962773926884, 30962773936708, 9824
30963667864496, 30963667877928, 13432
30964318099020, 30964318107788, 8768
30964617191532, 30964617200100, 8568
30964938222292, 30964938226368, 4076
30965832258352, 30965832263316, 4964
30940637256848, 30940637269300, 12452
30940679776132, 30940679784416, 8284
30940790408716, 30940790416992, 8276
30945636411680, 30945636415512, 3832
30945712176536, 30945712184020, 7484
30946526341044, 30946526352312, 11268
30947176539840, 30947176550808, 10968
30947596818848, 30947596821940, 3092
30948100381708, 30948100391464, 9756
30948523968384, 30948523977504, 9120
30949435337660, 30949435340708, 3048
30949756800184, 30949756809384, 9200
30949930211472, 30949930220344, 8872
30950480245896, 30950480254372, 8476
30951374195792, 30951374205672, 9880
30951877351632, 30951877360628, 8996
30952065138376, 30952065146564, 8188
30952538545996, 30952538554664, 8668
30953189346968, 30953189356632, 9664
30953461414612, 30953461423728, 9116
30953649452664, 30953649461140, 8476
30953651047464, 30953651053596, 6132
30954147571484, 30954147575136, 3652
30954651469860, 30954651478424, 8564
30955210111248, 30955210120212, 8964
30955629490636, 30955629500692, 10056
30955928497712, 30955928507312, 9600
30956624402824, 30956624406452, 3628
30956812299676, 30956812308000, 8324
30957084158140, 30957084166360, 8220
30957977206628, 30957977215412, 8784
30958480425692, 30958480433196, 7504
30958954732476, 30958954741948, 9472
30959142728116, 30959142737608, 9492
30959273181360, 30959273190108, 8748
30959595053988, 30959595062092, 8104
30960013546556, 30960013552688, 6132
30960201262308, 30960201270300, 7992
30960623261220, 30960623271076, 9856
30960807415728, 30960807424732, 9004
30961128443124, 30961128451116, 7992
30961596071324, 30961596079160, 7836
30961780314812, 30961780321796, 6984
30962201316032, 30962201323368, 7336
30962643618248, 30962643627884, 9636
30962774629708, 30962774637932, 8224
30963538283220, 30963538286520, 3300
30964391364144, 30964391367752, 3608
30965004854696, 30965004863532, 8836
30965417391140, 30965417394904, 3764
30965605383060, 30965605386968, 3908
30965789522600, 30965789526672, 4072
30940705391972, 30940705400028, 8056
30940714016220, 30940714024400, 8180
30945736121400, 30945736125128, 3728
30945736140492, 30945736147368, 6876
30946240631180, 30946240643532, 12352
30946678038904, 30946678047468, 8564
30947491404556, 30947491411820, 7264
30947794944344, 30947794954256, 9912
30947979159704, 30947979168904, 9200
30948166870688, 30948166879964, 9276
30949060901008, 30949060910440, 9432
30949497666520, 30949497676928, 10408
30950000983336, 30950000992300, 8964
30950614660756, 30950614668804, 8048
30950715606676, 30950715609684, 3008
30950899776012, 30950899786480, 10468
30951221190532, 30951221200136, 9604
30951779913432, 30951779921096, 7664
30951964059732, 30951964067796, 8064
30952235698256, 30952235705524, 7268
30952237283252, 30952237289720, 6468
30952656352228, 30952656361592, 9364
30952943229560, 30952943232712, 3152
30953246514096, 30953246524060, 9964
30953750468492, 30953750477716, 9224
30954644948796, 30954644957292, 8496
30955180596508, 30955180599296, 2788
30955994497608, 30955994506284, 8676
30956889168004, 30956889177152, 9148
30957062773468, 30957062782252, 8784
30957566240932, 30957566249788, 8856
30957987777796, 30957987786248, 8452
30958118789004, 30958118796040, 7036
30958292281088, 30958292288332, 7244
30959185749416, 30959185758696, 9280
30959917026228, 30959917033576, 7348
30960215918880, 30960215927452, 8572
30960866631760, 30960866639904, 8144
30960957759076, 30960957760424, 1348
30961067439240, 30961067440412, 1172
30961718010940, 30961718021392, 10452
30961891375428, 30961891383236, 7808
30961892942648, 30961892949464, 6816
30961924918264, 30961924919656, 1392
30962607010576, 30962607014404, 3828
30962791252248, 30962791261284, 9036
30963227985412, 30963227993540, 8128
30963527475432, 30963527485108, 9676
30964030619424, 30964030627744, 8320
30964761971980, 30964761982072, 10092
30965412916728, 30965412922872, 6144
30940612328788, 30940612336692, 7904
30940628731332, 30940628739336, 8004
30940654059876, 30940654068572, 8696
30940697050920, 30940697059920, 9000
30940747930868, 30940747940188, 9320
30940765208588, 30940765217524, 8936
30940782268432, 30940782276924, 8492
30945756077260, 30945756080300, 3040
30945763994656, 30945764002384, 7728
30945981351716, 30945981355716, 4000
30946713139644, 30946713150036, 10392
30946983053608, 30946983061620, 8012
30947457383224, 30947457393068, 9844
30948071932344, 30948071941756, 9412
30948490117560, 30948490126104, 8544
30948663680928, 30948663688816, 7888
30948985152900, 30948985160976, 8076
30949288600748, 30949288607836, 7088
30949707658720, 30949707667196, 8476
30949979724688, 30949979733188, 8500
30950453655552, 30950453663164, 7612
30950701632360, 30950701637652, 5292
30951120890752, 30951120916356, 25604
30951308996796, 30951309005032, 8236
30951922868976, 30951922877584, 8608
30952053603380, 30952053611536, 8156
30952475329496, 30952475338932, 9436
30953288808272, 30953288814972, 6700
30954147578884, 30954147581328, 2444
30954961238012, 30954961246524, 8512
30955856175224, 30955856184644, 9420
30956159329560, 30956159339016, 9456
30956663216300, 30956663226408, 10108
30956794237388, 30956794244084, 6696
30957444249568, 30957444259388, 9820
30957632075860, 30957632084068, 8208
30957633660864, 30957633667932, 7068
30957817884924, 30957817893844, 8920
30958116831856, 30958116840192, 8336
30958730355876, 30958730364260, 8384
30959167518572, 30959167526464, 7892
30959439404444, 30959439411940, 7496
30960053217556, 30960053224584, 7028
30960489766640, 30960489774800, 8160
30961482264816, 30961482267828, 3012
30961613258892, 30961613266848, 7956
30962607004972, 30962607008000, 3028
30963420375516, 30963420382892, 7376
30964034582932, 30964034591788, 8856
30964593241300, 30964593250968, 9668
30965406485048, 30965406491100, 6052
30940671491780, 30940671500060, 8280
30940731100652, 30940731112244, 11592
30940773642284, 30940773650496, 8212
30944782912852, 30944782916452, 3600
30945853723772, 30945853731796, 8024
30946153304324, 30946153332680, 28356
30946767180484, 30946767190320, 9836
30946951270228, 30946951277124, 6896
30947250412056, 30947250420080, 8024
30947596817324, 30947596821684, 4360
30948410034676, 30948410042732, 8056
30948682137196, 30948682146156, 8960
30949185573020, 30949185581808, 8788
30949607753052, 30949607762580, 9528
30949738136432, 30949738144688, 8256
30950469581100, 30950469589536, 8436
30950973363628, 30950973372528, 8900
30951146935768, 30951146943876, 8108
30951417011432, 30951417019548, 8116
30952230251072, 30952230257796, 6724
30952403859944, 30952403868180, 8236
30952725386220, 30952725395488, 9268
30953042820484, 30953042823724, 3240
30953479991268, 30953479998864, 7596
30953752723504, 30953752725700, 2196
30953936804068, 30953936813744, 9676
30954355870432, 30954355879264, 8832
30954628353720, 30954628361308, 7588
30954801775684, 30954801782856, 7172
30954985439720, 30954985447564, 7844
30954987009912, 30954987016472, 6560
30955525637320, 30955525641308, 3988
30955656632224, 30955656638088, 5864
30955840961160, 30955840969408, 8248
30956642353496, 30956642357400, 3904
30956644311188, 30956644312628, 1440
30956828566996, 30956828574876, 7880
30957560369044, 30957560377856, 8812
30957830281592, 30957830289996, 8404
30958578694516, 30958578697412, 2896
30958900173064, 30958900182528, 9464
30959713676424, 30959713684160, 7736
30960016663972, 30960016671172, 7200
30960830828108, 30960830833720, 5612
30961644369072, 30961644378348, 9276
30962376073616, 30962376082156, 8540
30962788831544, 30962788840780, 9236
30963440582128, 30963440583728, 1600
30963853016016, 30963853023856, 7840
30964174406908, 30964174415592, 8684
30964347878824, 30964347886548, 7724
30964769554016, 30964769561040, 7024
30965091109236, 30965091118120, 8884
30965394338508, 30965394342700, 4192
30965715564128, 30965715568260, 4132
30944792954280, 30944792957344, 3064
30945893611504, 30945893613376, 1872
30946787437964, 30946787448688, 10724
30947445125204, 30947445128304, 3100
30948096312304, 30948096322208, 9904
30948366214696, 30948366223656, 8960
30948496640092, 30948496647616, 7524
30948970547172, 30948970556392, 9220
30949585263760, 30949585273400, 9640
30949772588728, 30949772596696, 7968
30950184960124, 30950184968536, 8412
30950506282036, 30950506290420, 8384
30950943716456, 30950943725044, 8588
30951675673408, 30951675682372, 8964
30951997033640, 30951997041484, 7844
30952728889688, 30952728897700, 8012
30953623488548, 30953623498532, 9984
30953922543416, 30953922553040, 9624
30954244031624, 30954244041320, 9696
30954432039820, 30954432048960, 9140
30955164814692, 30955164823716, 9024
30955668921532, 30955668931584, 10052
30955940963196, 30955940971336, 8140
30956377967848, 30956377976312, 8464
30957191506304, 30957191512468, 6164
30958004284720, 30958004289648, 4928
30958817858040, 30958817867268, 9228
30959117038944, 30959117047780, 8836
30959387182168, 30959387190408, 8240
30960281406252, 30960281415104, 8852
30960553415524, 30960553424152, 8628
30960740746008, 30960740754392, 8384
30961244282040, 30961244290384, 8344
30961548203320, 30961548213076, 9756
30961869564416, 30961869573112, 8696
30962139515980, 30962139523092, 7112
30962327365256, 30962327372260, 7004
30962649034980, 30962649044000, 9020
30962921070496, 30962921077688, 7192
30963109061060, 30963109067816, 6756
30963430389784, 30963430395984, 6200
30963700465296, 30963700472520, 7224
30963888268136, 30963888276640, 8504
30964018728344, 30964018736852, 8508
30964322562572, 30964322570392, 7820
30964467531720, 30964467533560, 1840
30964655499084, 30964655507924, 8840
30964980072140, 30964980080240, 8100
30965111117480, 30965111121868, 4388
30965585424512, 30965585427620, 3108
30965884558928, 30965884563368, 4440
30940756448172, 30940756456344, 8172
30942781931548, 30942781936880, 5332
30942781976696, 30942781979876, 3180
30942782015796, 30942782018408, 2612
30942782059544, 30942782062120, 2576
30942782083848, 30942782085576, 1728
30942782106532, 30942782108868, 2336
30942782135484, 30942782138028, 2544
30942782176276, 30942782180080, 3804
30942782214704, 30942782218328, 3624
30942782252840, 30942782255688, 2848
30942782278436, 30942782281944, 3508
30942782320176, 30942782322456, 2280
30942782352700, 30942782355328, 2628
30942782385160, 30942782387568, 2408
30942782425436, 30942782428100, 2664
30942782461380, 30942782464372, 2992
30942782517708, 30942782521088, 3380
30942782554408, 30942782556868, 2460
30942782585024, 30942782587988, 2964
30942782621828, 30942782624196, 2368
30942782673652, 30942782676224, 2572
30942782701628, 30942782704204, 2576
30944775177304, 30944775184592, 7288
30944775201268, 30944775213908, 12640
30944775225348, 30944775234988, 9640
30944775245476, 30944775254728, 9252
30944775264652, 30944775273368, 8716
30944775283776, 30944775292740, 8964
30944775303468, 30944775312144, 8676
30944775322484, 30944775331332, 8848
30944775341684, 30944775350512, 8828
30944775361060, 30944775369900, 8840
30944775380416, 30944775388672, 8256
30944775399124, 30944775407740, 8616
30944775417520, 30944775426316, 8796
30944775436976, 30944775445184, 8208
30944775455536, 30944775463764, 8228
30945536744664, 30945536749608, 4944
30945963418116, 30945963424664, 6548
30946094378868, 30946094386992, 8124
30946267324024, 30946267331236, 7212
30946689089936, 30946689097756, 7820
30947192379692, 30947192387416, 7724
30947323342564, 30947323349992, 7428
30948055375388, 30948055385328, 9940
30948056946948, 30948056953756, 6808
30948356307916, 30948356316744, 8828
30948914862036, 30948914872320, 10284
30949102824112, 30949102831352, 7240
30949401861708, 30949401870076, 8368
30949671994604, 30949672002496, 7892
30950485367956, 30950485373292, 5336
30951299020932, 30951299029664, 8732
30951598641636, 30951598650844, 9208
30952492277104, 30952492285244, 8140
30952762061180, 30952762068944, 7764
30953174740760, 30953174751232, 10472
30953305761728, 30953305771800, 10072
30953627096112, 30953627106996, 10884
30954107709904, 30954107742216, 32312
30954519584064, 30954519592404, 8340
30955170913744, 30955170920252, 6508
30955822307200, 30955822318116, 10916
30956009828604, 30956009835888, 7284
30956422200716, 30956422209056, 8340
30956981239748, 30956981249308, 9560
30957303305212, 30957303314116, 8904
30957606317744, 30957606325544, 7800
30957725191640, 30957725192964, 1324
30958047252004, 30958047261484, 9480
30958319225396, 30958319233320, 7924
30958737843408, 30958737852732, 9324
30959389112296, 30959389117816, 5520
30960039885348, 30960039894020, 8672
30960361444132, 30960361452416, 8284
30960491977348, 30960491985332, 7984
30960665589532, 30960665597728, 8196
30961378579908, 30961378582828, 2920
30961566660640, 30961566670036, 9396
30961838632432, 30961838640640, 8208
30962451923236, 30962451931580, 8344
30963010808664, 30963010817904, 9240
30963429775256, 30963429783724, 8468
30963431366248, 30963431373468, 7220
30963905398272, 30963905406480, 8208
30964177526160, 30964177534312, 8152
30964614945400, 30964614966272, 20872
30965118489408, 30965118497924, 8516
30965850077116, 30965850081976, 4860
