146061741430540, 146061741446360, 15820
146062156473376, 146062156477864, 4488
146062840781780, 146062840792316, 10536
146063311704852, 146063311715480, 10628
146064297254324, 146064297258996, 4672
146065324800812, 146065324804988, 4176
146066352317336, 146066352322068, 4732
146067379885436, 146067379889992, 4556
146068407458040, 146068407470312, 12272
146069398972392, 146069398983484, 11092
146070059422536, 146070059434128, 11592
146070863448728, 146070863459752, 11024
146071667518664, 146071667530364, 11700
146072471677984, 146072471688732, 10748
146073275694176, 146073275698204, 4028
146074079710492, 146074079722440, 11948
146074883763976, 146074883768628, 4652
146075687839204, 146075687843916, 4712
146076491903356, 146076491914144, 10788
146077295955860, 146077295959804, 3944
146078397307552, 146078397318528, 10976
146078946088660, 146078946099344, 10684
146080264786548, 146080264797964, 11416
146081625628092, 146081625638632, 10540
146061737543620, 146061737557800, 14180
146062242362708, 146062242366820, 4112
146063734652076, 146063734663152, 11076
146064039911944, 146064039916652, 4708
146064624479724, 146064624491236, 11512
146064981630000, 146064981640088, 10088
146065699951784, 146065699963088, 11304
146065923358328, 146065923369668, 11340
146066821215792, 146066821227276, 11484
146066865074112, 146066865084152, 10040
146067806826864, 146067806837772, 10908
146068748543224, 146068748554372, 11148
146069712207712, 146069712218512, 10800
146070462414448, 146070462419272, 4824
146071489950900, 146071489954796, 3896
146072517462356, 146072517473932, 11576
146073544998616, 146073545010528, 11912
146074572533116, 146074572537028, 3912
146075600134640, 146075600138768, 4128
146076627576188, 146076627585776, 9588
146077655089044, 146077655100388, 11344
146078682617680, 146078682621736, 4056
146079710155484, 146079710159884, 4400
146080737647760, 146080737658440, 10680
146081765197136, 146081765208960, 11824
146061729636456, 146061729648732, 12276
146062336043224, 146062336047364, 4140
146063457319228, 146063457329280, 10052
146063642915940, 146063642926348, 10408
146064430951068, 146064430955492, 4424
146065235030136, 146065235040708, 10572
146066039075568, 146066039086640, 11072
146066843146672, 146066843158280, 11608
146067647306336, 146067647310668, 4332
146068451285216, 146068451296676, 11460
146069710232976, 146069710244296, 11320
146070195053804, 146070195065520, 11716
146071477984256, 146071477999300, 15044
146072760960468, 146072760971464, 10996
146073578906240, 146073578916428, 10188
146074043821328, 146074043831804, 10476
146074670259460, 146074670270064, 10604
146075326708900, 146075326719512, 10612
146075791591928, 146075791603120, 11192
146076609610336, 146076609620216, 9880
146076912879768, 146076912891168, 11400
146077892535576, 146077892546284, 10708
146078459260112, 146078459271028, 10916
146079175396252, 146079175407264, 11012
146080458350060, 146080458360184, 10124
146081741268588, 146081741279448, 10860
146061240763796, 146061240776144, 12348
146062347995924, 146062348006912, 10988
146063481300488, 146063481304696, 4208
146064614516680, 146064614520888, 4208
146065747868156, 146065747872688, 4532
146066881043120, 146066881047216, 4096
146068012408152, 146068012417128, 8976
146069063824144, 146069063833960, 9816
146069702255848, 146069702266924, 11076
146070185092180, 146070185102384, 10204
146070632026576, 146070632038172, 11596
146071306431408, 146071306442428, 11020
146071573763688, 146071573774808, 11120
146072427692232, 146072427703452, 11220
146072515459288, 146072515469880, 10592
146073457296880, 146073457308624, 11744
146074398926496, 146074398935680, 9184
146075341230668, 146075341240000, 9332
146076282472212, 146076282476384, 4172
146077224135000, 146077224144024, 9024
146078100054352, 146078100065180, 10828
146079173422340, 146079173433356, 11016
146079347010972, 146079347022032, 11060
146080276739108, 146080276749508, 10400
146080480280424, 146080480290916, 10492
146081398173760, 146081398184824, 11064
146081613576256, 146081613590852, 14596
