38987547260936, 38987547263668, 2732
38987547282300, 38987547289120, 6820
38987558001240, 38987558006832, 5592
38987568153676, 38987568158356, 4680
38987677045212, 38987677049272, 4060
38987725783956, 38987725792316, 8360
38987872480824, 38987872484320, 3496
38987895065796, 38987895071180, 5384
38987917651492, 38987917655920, 4428
38987940242676, 38987940247236, 4560
38987962853940, 38987962863108, 9168
38987982227592, 38987982232848, 5256
38988072012076, 38988072015100, 3024
38988123876652, 38988123900548, 23896
38988172665208, 38988172673696, 8488
38988189671804, 38988189678244, 6440
38988225651736, 38988225656576, 4840
38988319417340, 38988319420520, 3180
38988338636312, 38988338642068, 5756
38988357863880, 38988357872104, 8224
38988389253036, 38988389260460, 7424
38988477047344, 38988477050008, 2664
38988491406896, 38988491415156, 8260
38988656550944, 38988656554012, 3068
38988672960760, 38988672967780, 7020
38988738107320, 38988738113652, 6332
38988754558792, 38988754565876, 7084
38988782979624, 38988782985624, 6000
38988905967928, 38988905970564, 2636
38988920219076, 38988920224024, 4948
38988934449056, 38988934453664, 4608
38989013713544, 38989013722080, 8536
38989047627856, 38989047629644, 1788
38989133423944, 38989133426580, 2636
38989297025460, 38989297028252, 2792
38989318910788, 38989318916436, 5648
38989340247092, 38989340255608, 8516
38989382831640, 38989382839292, 7652
38989452662336, 38989452666592, 4256
38989514924044, 38989514930684, 6640
38989632234048, 38989632236716, 2668
38989654830860, 38989654836272, 5412
38989677418176, 38989677421988, 3812
38989700004908, 38989700008524, 3616
38989722599972, 38989722607652, 7680
38989745956512, 38989745962044, 5532
38989785869804, 38989785876916, 7112
38989839793136, 38989839795760, 2624
38989902022868, 38989902029608, 6740
38989925529716, 38989925535120, 5404
38990019311836, 38990019314536, 2700
38990068640264, 38990068646932, 6668
38990137038196, 38990137039992, 1796
38990159614192, 38990159622636, 8444
38990160969156, 38990160970572, 1416
38990183544256, 38990183551764, 7508
38990199975068, 38990199982360, 7292
38990228372768, 38990228377664, 4896
38991898788044, 38991898791468, 3424
38991947566208, 38991947571108, 4900
38991996271772, 38991996275544, 3772
38992044983564, 38992044988296, 4732
38992094327040, 38992094331392, 4352
38992143093916, 38992143097976, 4060
38992191830056, 38992191834240, 4184
38992240593000, 38992240596876, 3876
38992289310760, 38992289314504, 3744
38992338614032, 38992338618148, 4116
38992387363284, 38992387367296, 4012
38992436111868, 38992436115752, 3884
38992484966896, 38992484971080, 4184
38992533734076, 38992533737668, 3592
38992583046064, 38992583050216, 4152
38992631818216, 38992631822168, 3952
38992680558292, 38992680562136, 3844
38992729280960, 38992729284868, 3908
38992777990120, 38992777994440, 4320
38992827342452, 38992827347068, 4616
38992876067136, 38992876071200, 4064
38992924809664, 38992924814392, 4728
38992973570216, 38992973573952, 3736
38993022389544, 38993022394064, 4520
38993071623740, 38993071627796, 4056
38993120379852, 38993120384028, 4176
38993169150244, 38993169154688, 4444
38993217920816, 38993217924420, 3604
38993266639496, 38993266643472, 3976
38993315963060, 38993315967184, 4124
38993364724124, 38993364728100, 3976
38993415120472, 38993415124984, 4512
38993919920068, 38993919923916, 3848
38993966029260, 38993966034260, 5000
38994012122376, 38994012126528, 4152
38994058801312, 38994058806008, 4696
38994104933524, 38994104938580, 5056
38994151046160, 38994151050088, 3928
38994197128568, 38994197132680, 4112
38994243265420, 38994243269760, 4340
38994289394088, 38994289399048, 4960
38994336076652, 38994336081120, 4468
38994382214996, 38994382218800, 3804
38994526403916, 38994526406732, 2816
38994575736540, 38994575741620, 5080
38994624507512, 38994624515456, 7944
38994636138404, 38994636139964, 1560
38994763848608, 38994763852176, 3568
38994927450040, 38994927452628, 2588
38994937619580, 38994937624772, 5192
38994947774104, 38994947778392, 4288
38994957931512, 38994957939680, 8168
38995085076112, 38995085078964, 2852
38995147326756, 38995147333456, 6700
38995163756960, 38995163764092, 7132
38995226018960, 38995226023924, 4964
38995288852888, 38995288860784, 7896
38995335003748, 38995335011568, 7820
38995400181512, 38995400189288, 7776
38995448215736, 38995448223492, 7756
38995513384340, 38995513396888, 12548
38995529832160, 38995529842008, 9848
38995558820436, 38995558829920, 9484
38995599854080, 38995599861300, 7220
38995607826988, 38995607832936, 5948
38995630436620, 38995630447160, 10540
38995638925932, 38995638936036, 10104
38995704112684, 38995704124364, 11680
38995766311284, 38995766320964, 9680
38995782723356, 38995782732940, 9584
38995791390860, 38995791396276, 5416
38996110659664, 38996110662480, 2816
38996133276504, 38996133282304, 5800
38996155874144, 38996155878592, 4448
38996178479656, 38996178484488, 4832
38996201068812, 38996201073084, 4272
38996223664680, 38996223668892, 4212
38996246266216, 38996246270832, 4616
38996268883816, 38996268888068, 4252
38996292030380, 38996292034588, 4208
38996362050264, 38996362053792, 3528
38996372221140, 38996372225944, 4804
38996481690696, 38996481693892, 3196
38996544464012, 38996544469468, 5456
38996606663688, 38996606668128, 4440
38996769006832, 38996769009492, 2660
38996790892724, 38996790897808, 5084
38996812914176, 38996812916964, 2788
38996910683740, 38996910686296, 2556
38996972824008, 38996972831536, 7528
38997001245824, 38997001251792, 5968
38997050567292, 38997050574848, 7556
38997064808048, 38997064814144, 6096
38997084017152, 38997084022548, 5396
38997132772472, 38997132779372, 6900
38997180041096, 38997180046752, 5656
38997192010032, 38997192014432, 4400
38997253937868, 38997253940100, 2232
38997276513128, 38997276518052, 4924
38997299655888, 38997299661524, 5636
38997321007428, 38997321012592, 5164
38997343613724, 38997343623616, 9892
38997507252444, 38997507255312, 2868
38997517423068, 38997517428772, 5704
38997527577192, 38997527581308, 4116
38997538292100, 38997538300680, 8580
38997563120972, 38997563128224, 7252
38997573294288, 38997573307124, 12836
38997638445376, 38997638454404, 9028
38997658923444, 38997658949168, 25724
38997768627952, 38997768629912, 1960
38997778794356, 38997778799216, 4860
38997888342952, 38997888344756, 1804
38997898508592, 38997898513936, 5344
38997908657904, 38997908662500, 4596
38997918809240, 38997918816960, 7720
38997947652936, 38997947659828, 6892
38997957822940, 38997957829784, 6844
38997972071300, 38997972078400, 7100
38997994088920, 38997994091228, 2308
38998016686124, 38998016692336, 6212
38998065993352, 38998065999260, 5908
38998131149092, 38998131155640, 6548
38999580266316, 38999580270068, 3752
38999590439064, 38999590444368, 5304
38999600594860, 38999600599352, 4492
38999610754468, 38999610758136, 3668
38999620901504, 38999620906092, 4588
38999631059832, 38999631064028, 4196
38999641217464, 38999641222372, 4908
38999651378872, 38999651382584, 3712
38999661532160, 38999661536300, 4140
38999671683868, 38999671687056, 3188
38999681830304, 38999681834080, 3776
38999692000336, 38999692004036, 3700
38999702151336, 38999702155660, 4324
38999712303924, 38999712308004, 4080
38999722453560, 38999722457076, 3516
38999732606532, 38999732610576, 4044
38999742755076, 38999742758704, 3628
38999752899648, 38999752902532, 2884
38999763046120, 38999763049256, 3136
38999773194676, 38999773198668, 3992
38999783927788, 38999783931216, 3428
38999794077060, 38999794080576, 3516
38999804222632, 38999804226508, 3876
38999814360504, 38999814363600, 3096
38999824497776, 38999824500740, 2964
38999834644880, 38999834647880, 3000
38999844789844, 38999844793568, 3724
38999854939608, 38999854943480, 3872
38999865093420, 38999865097520, 4100
38999875250084, 38999875254268, 4184
38999885408864, 38999885412300, 3436
38999895587352, 38999895591728, 4376
38999905743684, 38999905747736, 4052
38999915899276, 38999915903640, 4364
38999926052840, 38999926057448, 4608
38999936210224, 38999936214708, 4484
38999946366908, 38999946370932, 4024
38999957372272, 38999957377052, 4780
39000055134624, 39000055137556, 2932
39000218737772, 39000218740504, 2732
39000237951344, 39000237956384, 5040
39000346443612, 39000346445980, 2368
39000365683108, 39000365688592, 5484
39000384915708, 39000384924008, 8300
39000505993336, 39000505996288, 2952
39000516162404, 39000516171576, 9172
39000531928044, 39000531929344, 1300
39000542088764, 39000542096548, 7784
39000579825344, 39000579832724, 7380
39000623718180, 39000623725504, 7324
39000645050928, 39000645063252, 12324
39000761385416, 39000761388008, 2592
39000771555228, 39000771559296, 4068
39000782262280, 39000782266080, 3800
39000891078416, 39000891081164, 2748
39000913690456, 39000913695556, 5100
39000936278388, 39000936282696, 4308
39000958860644, 39000958864332, 3688
39001002821720, 39001002826560, 4840
39001080634696, 39001080637328, 2632
39001099847408, 39001099852416, 5008
39001218300184, 39001218303064, 2880
39001239629112, 39001239633980, 4868
39001359964316, 39001359967196, 2880
39001382570488, 39001382575656, 5168
39001405177928, 39001405182468, 4540
39001427800600, 39001427805380, 4780
39001469705140, 39001469712720, 7580
39001492310720, 39001492322900, 12180
39001549526684, 39001549529436, 2752
39001614660108, 39001614668612, 8504
39001741053584, 39001741056216, 2632
39001787768580, 39001787774104, 5524
39001833894068, 39001833898920, 4852
39001890702948, 39001890710364, 7416
39001936829336, 39001936840780, 11444
39001972507388, 39001972514528, 7140
39002054314364, 39002054321812, 7448
39002100421792, 39002100434372, 12580
39002172036476, 39002172039784, 3308
39002186278416, 39002186283748, 5332
39002200496032, 39002200499880, 3848
39002313693080, 39002313695940, 2860
39002359820300, 39002359825984, 5684
39002405950920, 39002405955380, 4460
39002551069724, 39002551071952, 2228
39002597187948, 39002597192936, 4988
39002643297816, 39002643302560, 4744
39002689419544, 39002689427520, 7976
39002717833984, 39002717840068, 6084
39002766559868, 39002766567136, 7268
39002789708692, 39002789719844, 11152
39002818426608, 39002818432320, 5712
39002841068300, 39002841078920, 10620
39003700343860, 39003700347576, 3716
39003749120984, 39003749126052, 5068
39003798505376, 39003798510436, 5060
39003847270228, 39003847274580, 4352
39003896105296, 39003896110192, 4896
39003944854504, 39003944858612, 4108
39004042928912, 39004042932872, 3960
39004091687152, 39004091691996, 4844
39004140465584, 39004140470008, 4424
39004189215192, 39004189219380, 4188
39004237877912, 39004237882064, 4152
39004287180940, 39004287185464, 4524
39004335940392, 39004335945176, 4784
39004384733164, 39004384737460, 4296
39004433453920, 39004433458020, 4100
39004793671580, 39004793674000, 2420
39004842420456, 39004842425380, 4924
39004891164232, 39004891168360, 4128
39004939918812, 39004939923624, 4812
39004988657564, 39004988661316, 3752
39005037952904, 39005037956716, 3812
39005086670756, 39005086678876, 8120
39006056680220, 39006056683140, 2920
39006121850968, 39006121855832, 4864
39006186998740, 39006187003336, 4596
39006252089140, 39006252092900, 3760
39006317676772, 39006317681420, 4648
39006382832856, 39006382837320, 4464
39006448084052, 39006448087504, 3452
39006513751680, 39006513756276, 4596
39006578896300, 39006578900148, 3848
39006644008492, 39006644012220, 3728
39006709157352, 39006709163840, 6488
39006719331128, 39006719338844, 7716
39006735768872, 39006735776032, 7160
39006764736200, 39006764742796, 6596
39006783978052, 39006783985588, 7536
39006804832864, 39006804840296, 7432
39007447303504, 39007447306668, 3164
39007493522800, 39007493527640, 4840
39007540208288, 39007540211920, 3632
39007586290648, 39007586294084, 3436
39007632347012, 39007632350756, 3744
39007678454384, 39007678458196, 3812
39007724583128, 39007724586904, 3776
38987551249248, 38987551252896, 3648
38987551271772, 38987551279360, 7588
38987574419628, 38987574424460, 4832
38987596957416, 38987596961584, 4168
38987619536120, 38987619540148, 4028
38987694913592, 38987694917444, 3852
38987705081180, 38987705087400, 6220
38987715232732, 38987715237112, 4380
38987725382476, 38987725391292, 8816
38987884455352, 38987884458100, 2748
38987933197692, 38987933203200, 5508
38988079990884, 38988079993692, 2808
38988090155012, 38988090159912, 4900
38988100298272, 38988100302380, 4108
38988137848528, 38988137850776, 2248
38988148013012, 38988148022540, 9528
38988209689088, 38988209691804, 2716
38988223928468, 38988223933860, 5392
38988245593664, 38988245601216, 7552
38988273533804, 38988273538968, 5164
38988337383676, 38988337386668, 2992
38988359990984, 38988359996648, 5664
38988397234936, 38988397242680, 7744
38988435196324, 38988435203060, 6736
38988481040320, 38988481042868, 2548
38988598700208, 38988598703300, 3092
38988612931428, 38988612936728, 5300
38988627134696, 38988627138740, 4044
38988641337900, 38988641341324, 3424
38988662540836, 38988662548204, 7368
38988754329152, 38988754330996, 1844
38988768572656, 38988768577512, 4856
38988782807444, 38988782811716, 4272
38988814186380, 38988814191024, 4644
38988888007352, 38988888010640, 3288
38988965822352, 38988965836684, 14332
38988980061904, 38988980081748, 19844
38989045170468, 38989045186040, 15572
38989094481836, 38989094500368, 18532
38989149383836, 38989149387240, 3404
38989170724792, 38989170733524, 8732
38989312991364, 38989312994216, 2852
38989462642136, 38989462644532, 2396
38989534467944, 38989534475472, 7528
38989626252032, 38989626254724, 2692
38989706057812, 38989706065052, 7240
38989887630796, 38989887633544, 2748
38989910227440, 38989910233200, 5760
38989932816876, 38989932821192, 4316
38989955406852, 38989955411296, 4444
38990077178588, 38990077181552, 2964
38990096378632, 38990096383888, 5256
38990115595732, 38990115603840, 8108
38990177752504, 38990177760100, 7596
38990225186464, 38990225192820, 6356
38992128232308, 38992128235536, 3228
38992142478924, 38992142484208, 5284
38992156714740, 38992156718736, 3996
38992170933448, 38992170937216, 3768
38992185142868, 38992185147452, 4584
38992199370744, 38992199374472, 3728
38992213597360, 38992213601388, 4028
38992227822516, 38992227826204, 3688
38992242066108, 38992242070020, 3912
38992256292900, 38992256296636, 3736
38992270514592, 38992270517940, 3348
38992284713008, 38992284716672, 3664
38992299472024, 38992299476136, 4112
38992313696360, 38992313700556, 4196
38992327933580, 38992327936852, 3272
38992342158740, 38992342163668, 4928
38992356380076, 38992356383984, 3908
38992370602036, 38992370606008, 3972
38992384828744, 38992384832304, 3560
38992399039256, 38992399043512, 4256
38992413270868, 38992413274440, 3572
38992427512324, 38992427516424, 4100
38992441738432, 38992441742588, 4156
38992455962468, 38992455966740, 4272
38992470190472, 38992470194596, 4124
38992484520804, 38992484525268, 4464
38992498740948, 38992498744756, 3808
38992512970124, 38992512974132, 4008
38992527214620, 38992527218112, 3492
38992541441036, 38992541444504, 3468
38992556221240, 38992556224968, 3728
38992570451432, 38992570455572, 4140
38992584679668, 38992584684056, 4388
38992598903892, 38992598907508, 3616
38992613147360, 38992613151340, 3980
38992627375768, 38992627379712, 3944
38992641598360, 38992641602124, 3764
38992655822128, 38992655826216, 4088
38992670046576, 38992670050584, 4008
38992684263760, 38992684267480, 3720
38992698475104, 38992698478580, 3476
38992712679760, 38992712683516, 3756
38992726908416, 38992726911788, 3372
38992741111556, 38992741116020, 4464
38992755321752, 38992755325276, 3524
38992769537996, 38992769542688, 4692
38992783760692, 38992783764840, 4148
38992798570892, 38992798574400, 3508
38992812804100, 38992812808316, 4216
38992827042996, 38992827047588, 4592
38992841268340, 38992841271656, 3316
38992855488184, 38992855491540, 3356
38992869696632, 38992869700416, 3784
38992883907148, 38992883910972, 3824
38992898119092, 38992898122852, 3760
38992912355868, 38992912360496, 4628
38992926592380, 38992926596688, 4308
38992940820980, 38992940825184, 4204
38992955046512, 38992955050680, 4168
38992969266464, 38992969270236, 3772
38992983483396, 38992983487036, 3640
38992997693516, 38992997697284, 3768
38993011900968, 38993011904572, 3604
38993026099936, 38993026104292, 4356
38993040288628, 38993040291756, 3128
38993055057140, 38993055060388, 3248
38993069261404, 38993069264500, 3096
38993083467632, 38993083471968, 4336
38993097690868, 38993097694428, 3560
38993111947720, 38993111952164, 4444
38993126188032, 38993126191784, 3752
38993140416144, 38993140420272, 4128
38993154649740, 38993154653832, 4092
38993168883008, 38993168887164, 4156
38993183112544, 38993183116740, 4196
38993197346268, 38993197349744, 3476
38993211562844, 38993211566540, 3696
38993225803272, 38993225806744, 3472
38994225196496, 38994225199428, 2932
38994239427164, 38994239432324, 5160
38994253664056, 38994253668524, 4468
38994267893456, 38994267897792, 4336
38994282125364, 38994282129632, 4268
38994296913124, 38994296917548, 4424
38994311164264, 38994311168520, 4256
38994325403308, 38994325407360, 4052
38994339631948, 38994339636364, 4416
38994353867532, 38994353871804, 4272
38994368094216, 38994368098456, 4240
38994382329108, 38994382332788, 3680
38994396545004, 38994396548824, 3820
38994410776428, 38994410780320, 3892
38994424998688, 38994425002472, 3784
38994439206400, 38994439210444, 4044
38994453407468, 38994453411272, 3804
38994467608324, 38994467612716, 4392
38994481921468, 38994481925816, 4348
38994496128088, 38994496132076, 3988
38994510347960, 38994510352008, 4048
38994524586804, 38994524590264, 3460
38994538802656, 38994538807248, 4592
38994553596680, 38994553600828, 4148
38994567822980, 38994567827232, 4252
38994582042092, 38994582046036, 3944
38994596285760, 38994596290168, 4408
38994610513716, 38994610517868, 4152
38994624731488, 38994624735396, 3908
38994638946396, 38994638950700, 4304
38994653179808, 38994653183856, 4048
38994667407612, 38994667411576, 3964
38994681628352, 38994681631652, 3300
38994695812616, 38994695816460, 3844
38994710027720, 38994710031168, 3448
38994724232452, 38994724235292, 2840
38994738422636, 38994738426728, 4092
38994752636028, 38994752639716, 3688
38994766850044, 38994766853432, 3388
38994781073200, 38994781076464, 3264
38994795870676, 38994795874972, 4296
38994810094536, 38994810098220, 3684
38994841648620, 38994841656528, 7908
38994855880460, 38994855891888, 11428
38995023221768, 38995023224660, 2892
38995072484728, 38995072490512, 5784
38995121251320, 38995121258564, 7244
38995186383844, 38995186388796, 4952
38995235165648, 38995235171724, 6076
38995300894912, 38995300900680, 5768
38995363121244, 38995363129096, 7852
38995510062624, 38995510065536, 2912
38995556728760, 38995556734016, 5256
38995602809108, 38995602813508, 4400
38995747497260, 38995747500376, 3116
38995770051672, 38995770057152, 5480
38995793146448, 38995793150844, 4396
38995815746520, 38995815749624, 3104
38995937053076, 38995937055928, 2852
38995947217656, 38995947222872, 5216
38995957369960, 38995957374256, 4296
38995982934000, 38995982941196, 7196
38996066746452, 38996066749240, 2788
38996112850796, 38996112856616, 5820
38996238345528, 38996238361168, 15640
38996248523932, 38996248529520, 5588
38996258684160, 38996258692144, 7984
38996324383696, 38996324390448, 6752
38996340811564, 38996340818064, 6500
38996385980856, 38996385988136, 7280
38996461800948, 38996461803712, 2764
38996508045288, 38996508049768, 4480
38996573473888, 38996573481140, 7252
38996620139600, 38996620151860, 12260
38996655282032, 38996655288792, 6760
38996701372864, 38996701385004, 12140
38996737085628, 38996737092924, 7296
38996868777272, 38996868780160, 2888
38996878929420, 38996878934440, 5020
38996976523068, 38996976525712, 2644
38996986677108, 38996986682800, 5692
38996996833072, 38996996837420, 4348
38997106211536, 38997106214432, 2896
38997127526540, 38997127533100, 6560
38997146754636, 38997146762324, 7688
38997273806764, 38997273809752, 2988
38997323090584, 38997323096052, 5468
38997371879448, 38997371888008, 8560
38997493290228, 38997493292100, 1872
38997515880280, 38997515885864, 5584
38997539029492, 38997539033756, 4264
38997660885960, 38997660888504, 2544
38997675103300, 38997675108276, 4976
38997689293672, 38997689297828, 4156
38997703504356, 38997703508600, 4244
38997717706688, 38997717713592, 6904
38997739043640, 38997739051548, 7908
38997804723740, 38997804728864, 5124
38997924262416, 38997924265004, 2588
38997946869320, 38997946875052, 5732
38997969461492, 38997969466044, 4552
38998091866600, 38998091869928, 3328
38998102034972, 38998102041008, 6036
38998112193188, 38998112196796, 3608
38998122350452, 38998122358784, 8332
38998138791640, 38998138797824, 6184
38998247493160, 38998247496196, 3036
38998270099160, 38998270105108, 5948
38998293249884, 38998293254800, 4916
38998315865948, 38998315871044, 5096
38998332288392, 38998332293252, 4860
38998354885044, 38998354893332, 8288
38998369125700, 38998369130060, 4360
38998383370728, 38998383378360, 7632
38998411785124, 38998411792536, 7412
38998532752456, 38998532755320, 2864
38998546995816, 38998547001492, 5676
38998561227528, 38998561231964, 4436
38998575454544, 38998575458728, 4184
38998589695168, 38998589702860, 7692
38998608914520, 38998608921600, 7080
38998637309212, 38998637315828, 6616
38998659898844, 38998659904796, 5952
38998679138312, 38998679143668, 5356
38998720306364, 38998720313804, 7440
38998800124792, 38998800127584, 2792
38998814340796, 38998814348744, 7948
38998822058128, 38998822059612, 1484
38998836271392, 38998836276436, 5044
38998844973192, 38998844980008, 6816
38998859968492, 38998859969888, 1396
38998874203436, 38998874210584, 7148
38998897875608, 38998897876664, 1056
38998912106236, 38998912112336, 6100
38998934580132, 38998934587636, 7504
38998935785964, 38998935787312, 1348
38998950025696, 38998950031008, 5312
38998996158100, 38998996165380, 7280
38999032582148, 38999032589464, 7316
38999087438024, 38999087442660, 4636
38999177227472, 38999177230356, 2884
38999205623700, 38999205631192, 7492
38999239074632, 38999239081772, 7140
38999253317688, 38999253329204, 11516
38999276974972, 38999276981132, 6160
38999291763840, 38999291772996, 9156
38999314883500, 38999314888780, 5280
39000105015984, 39000105019068, 3084
39000151126020, 39000151131920, 5900
39000197163752, 39000197168656, 4904
39000243261624, 39000243266088, 4464
39000289891000, 39000289895152, 4152
39000335941992, 39000335946128, 4136
39000382063908, 39000382068312, 4404
39000428144304, 39000428148220, 3916
39000474324844, 39000474329120, 4276
39000520394588, 39000520398944, 4356
39000567087368, 39000567091304, 3936
39000613139940, 39000613143860, 3920
39000659214328, 39000659218396, 4068
39000705310812, 39000705314580, 3768
39000751425468, 39000751429944, 4476
39000798079124, 39000798083152, 4028
39000844116332, 39000844120756, 4424
39000890160056, 39000890164268, 4212
39000936274752, 39000936278848, 4096
39000982353932, 39000982357528, 3596
39001029015312, 39001029019088, 3776
39001075029356, 39001075033396, 4040
39001154453936, 39001154460832, 6896
39001978490144, 39001978493768, 3624
39001988659180, 39001988664560, 5380
39001998816172, 39001998820780, 4608
39002008973380, 39002008977628, 4248
39002019120108, 39002019123908, 3800
39002029831056, 39002029834548, 3492
39002039969644, 39002039974032, 4388
39002050107412, 39002050111052, 3640
39002060249612, 39002060253056, 3444
39002070399944, 39002070403552, 3608
39002080537796, 39002080541432, 3636
39002090687340, 39002090691780, 4440
39002100837736, 39002100842360, 4624
39002110989896, 39002110993768, 3872
39002121142116, 39002121146368, 4252
39002131286088, 39002131289608, 3520
39002141436356, 39002141440544, 4188
39002151581344, 39002151584956, 3612
39002161729672, 39002161733468, 3796
39002171868904, 39002171872928, 4024
39002182038820, 39002182043268, 4448
39002291751428, 39002291753564, 2136
39002301898752, 39002301904080, 5328
39002312046912, 39002312050320, 3408
39002322200188, 39002322206636, 6448
39002387341780, 39002387349480, 7700
39002423433508, 39002423440712, 7204
39002488633300, 39002488644240, 10940
39002516979080, 39002516989916, 10836
39002838397844, 39002838401176, 3332
39002848566024, 39002848571680, 5656
39002858722736, 39002858727752, 5016
39002868887020, 39002868891132, 4112
39002879028548, 39002879033636, 5088
39002889180336, 39002889183580, 3244
39002899328828, 39002899333072, 4244
39002909457232, 39002909460624, 3392
39003017964648, 39003017967452, 2804
39003041095272, 39003041100552, 5280
39003063641888, 39003063646172, 4284
39003086225212, 39003086230248, 5036
39003108811544, 39003108819168, 7624
39003125236060, 39003125242916, 6856
39003144464368, 39003144470692, 6324
39003181594224, 39003181605936, 11712
39003204210080, 39003204221400, 11320
39003233440320, 39003233446008, 5688
39003256016160, 39003256025868, 9708
39003273015832, 39003273027116, 11284
39003285317288, 39003285322576, 5288
39003309263860, 39003309267980, 4120
39003788133424, 39003788136572, 3148
39003807338472, 39003807343724, 5252
39003826552692, 39003826556956, 4264
39003845754080, 39003845758092, 4012
39003864968144, 39003864972872, 4728
39003884209160, 39003884214236, 5076
39003903421096, 39003903425356, 4260
39003922641740, 39003922645432, 3692
39003941854428, 39003941862188, 7760
39003961706260, 39003961707756, 1496
39003980913060, 39003980920284, 7224
39004069467816, 39004069470768, 2952
39004115607964, 39004115612976, 5012
39004205167744, 39004205171584, 3840
39004322856476, 39004322859464, 2988
39004344188896, 39004344194320, 5424
39004365544164, 39004365551956, 7792
39004381972840, 39004381979408, 6568
39004500375460, 39004500378560, 3100
39004523500236, 39004523504976, 4740
39004546059316, 39004546062904, 3588
39004582177064, 39004582184776, 7712
39004634051412, 39004634058228, 6816
39004656633336, 39004656652416, 19080
39004673069584, 39004673081196, 11612
39004701452440, 39004701462324, 9884
39004793673500, 39004793681720, 8220
39004849551220, 39004849561812, 10592
39004873499044, 39004873502088, 3044
39004963273256, 39004963276564, 3308
39004985868324, 39004985873348, 5024
39005008449268, 39005008453352, 4084
39005130868840, 39005130871536, 2696
39005141034636, 39005141039144, 4508
39005151177020, 39005151181076, 4056
39005260561976, 39005260564844, 2868
39005323370760, 39005323376460, 5700
39005385552116, 39005385556260, 4144
39005545888312, 39005545891156, 2844
39005556049896, 39005556055020, 5124
39005566195000, 39005566198640, 3640
39005576342280, 39005576350604, 8324
39005721464160, 39005721466844, 2684
39005770795192, 39005770800724, 5532
39005918995848, 39005918998524, 2676
39005941585900, 39005941591628, 5728
39005964173064, 39005964179124, 6060
39006010307920, 39006010314160, 6240
39006033472096, 39006033480316, 8220
39006047715412, 39006047722644, 7232
39006069067168, 39006069074696, 7528
39006198980792, 39006198985460, 4668
39006320042532, 39006320045360, 2828
39006336468768, 39006336476536, 7768
39006355684456, 39006355691176, 6720
39006384109068, 39006384115332, 6264
39006405836776, 39006405844016, 7240
39006499556512, 39006499559276, 2764
39006548891968, 39006548897148, 5180
39006697082784, 39006697085616, 2832
39006716306792, 39006716312484, 5692
39006735539212, 39006735547532, 8320
39006900601596, 39006900604284, 2688
39006917014576, 39006917021256, 6680
39006982136292, 39006982142876, 6584
39007114087120, 39007114090572, 3452
39007133280856, 39007133286116, 5260
39007251766212, 39007251769300, 3088
39007314473312, 39007314478792, 5480
39007376616260, 39007376620092, 3832
39007438717692, 39007438724644, 6952
38983349310112, 38983349318208, 8096
38983408455036, 38983408464616, 9580
38987451483444, 38987451486280, 2836
38987481426056, 38987481435176, 9120
38987551247192, 38987551248932, 1740
38987571006016, 38987571015036, 9020
38987694912028, 38987694915196, 3168
38987717514504, 38987717521416, 6912
38987722829736, 38987722831316, 1580
38987844551848, 38987844554972, 3124
38987854699692, 38987854705540, 5848
38987864854544, 38987864857744, 3200
38987890438832, 38987890446136, 7304
38987900608316, 38987900620380, 12064
38987965742808, 38987965754396, 11588
38987994154308, 38987994167508, 13200
38988018136148, 38988018143396, 7248
38988129881496, 38988129884492, 2996
38988144111448, 38988144116776, 5328
38988158340600, 38988158346096, 5496
38988169766324, 38988169767840, 1516
38988891991348, 38988891994208, 2860
38988902150756, 38988902155804, 5048
38988912300356, 38988912304000, 3644
38988922451884, 38988922455844, 3960
38988932592608, 38988932596944, 4336
38988942736644, 38988942740468, 3824
38988952892120, 38988952895728, 3608
38988963027132, 38988963030424, 3292
38988973170948, 38988973175476, 4528
38988983315308, 38988983319032, 3724
38988993458436, 38988993462196, 3760
38989003595436, 38989003598648, 3212
38989013750184, 38989013754180, 3996
38989023892844, 38989023896100, 3256
38989034041532, 38989034045508, 3976
38989044181084, 38989044184940, 3856
38989167347316, 38989167349620, 2304
38989177499736, 38989177504400, 4664
38989187642104, 38989187644944, 2840
38989231191600, 38989231199284, 7684
38989297037052, 38989297039808, 2756
38989346329868, 38989346335056, 5188
38989476612332, 38989476615412, 3080
38989495839036, 38989495848608, 9572
38989548433724, 38989548440752, 7028
38989597723380, 38989597736012, 12632
38989650190136, 38989650197244, 7108
38989710048276, 38989710055252, 6976
38989751949160, 38989751956800, 7640
38989800696480, 38989800707360, 10880
38989853707280, 38989853714148, 6868
38989902457660, 38989902469164, 11504
38989918889612, 38989918900612, 11000
38989981400088, 38989981404292, 4204
38989997357760, 38989997364024, 6264
38990013773924, 38990013783052, 9128
38990076548084, 38990076560524, 12440
38990182923696, 38990182926992, 3296
38990302637216, 38990302639164, 1948
38990321815836, 38990321821376, 5540
38990341004696, 38990341012724, 8028
38990344527840, 38990344529324, 1484
38990363714140, 38990363721512, 7372
38990380139144, 38990380146244, 7100
38990414376748, 38990414383768, 7020
38990433593788, 38990433605060, 11272
38990508091904, 38990508094748, 2844
38990530675460, 38990530680568, 5108
38990651746808, 38990651749624, 2816
38990673070660, 38990673076064, 5404
38990793407996, 38990793410844, 2848
38990856152628, 38990856157600, 4972
38990918307044, 38990918312264, 5220
38991078727468, 38991078730280, 2812
38991101309868, 38991101315644, 5776
38991123890972, 38991123895588, 4616
38991146477828, 38991146484832, 7004
38991174889420, 38991174897704, 8284
38991220960252, 38991220967036, 6784
38991256301868, 38991256303284, 1416
38991302956836, 38991302964180, 7344
38991401962644, 38991401969744, 7100
38991464153816, 38991464165880, 12064
38991501728128, 38991501736224, 8096
38991548326452, 38991548338952, 12500
38991613450076, 38991613462552, 12476
38991633411116, 38991633418612, 7496
38992120250512, 38992120253312, 2800
38992166366860, 38992166371588, 4728
38992212441280, 38992212445668, 4388
38992258533116, 38992258537232, 4116
38992305135772, 38992305140636, 4864
38992351214936, 38992351218904, 3968
38992397287580, 38992397291224, 3644
38992443371560, 38992443376068, 4508
38992489582316, 38992489586364, 4048
38992535669524, 38992535673336, 3812
38992582322064, 38992582326060, 3996
38992628417700, 38992628421956, 4256
38992674501304, 38992674505028, 3724
38992782612228, 38992782618500, 6272
38992792785576, 38992792791320, 5744
38992803499452, 38992803507348, 7896
38992822513788, 38992822515028, 1240
38992832673684, 38992832680552, 6868
38992886835676, 38992886839624, 3948
38992906044852, 38992906051772, 6920
38992927387668, 38992927395128, 7460
38992928263100, 38992928264384, 1284
38992947471868, 38992947479304, 7436
38992988129132, 38992988142836, 13704
38994225202152, 38994225205848, 3696
38994235362024, 38994235368372, 6348
38994245514636, 38994245519404, 4768
38994255665200, 38994255669520, 4320
38994265814968, 38994265819448, 4480
38994275958528, 38994275962616, 4088
38994286107184, 38994286111428, 4244
38994296810380, 38994296814856, 4476
38994306958480, 38994306965456, 6976
38994317122724, 38994317127092, 4368
38994327272212, 38994327276352, 4140
38994337421228, 38994337425672, 4444
38994347577252, 38994347581496, 4244
38994357729260, 38994357733184, 3924
38994367870180, 38994367874148, 3968
38994378016640, 38994378020648, 4008
38994388166708, 38994388170952, 4244
38994398310524, 38994398314112, 3588
38994408451220, 38994408454500, 3280
38994418593776, 38994418597472, 3696
38994428746104, 38994428750300, 4196
38994438878424, 38994438881872, 3448
38994449010384, 38994449014428, 4044
38994459141460, 38994459145516, 4056
38994469275368, 38994469279448, 4080
38994479511928, 38994479515880, 3952
38994489647264, 38994489651336, 4072
38994499790608, 38994499794568, 3960
38994509937184, 38994509940748, 3564
38994520077332, 38994520081332, 4000
38994530223720, 38994530227156, 3436
38994540948248, 38994540952636, 4388
38994551095592, 38994551099568, 3976
38994660090820, 38994660092768, 1948
38994670250692, 38994670255628, 4936
38994779801976, 38994779804496, 2520
38994839662148, 38994839669756, 7608
38994888381804, 38994888393872, 12068
38994904800096, 38994904809564, 9468
38995528029768, 38995528033324, 3556
38995538747180, 38995538752600, 5420
38995548895556, 38995548899232, 3676
38995559046504, 38995559050632, 4128
38995569192988, 38995569196204, 3216
38995579336548, 38995579340532, 3984
38995589469568, 38995589473156, 3588
38995599607188, 38995599610896, 3708
38995609745348, 38995609750140, 4792
38995619910252, 38995619913744, 3492
38995630061932, 38995630065432, 3500
38995640213480, 38995640217612, 4132
38995650368852, 38995650372420, 3568
38995660513696, 38995660517536, 3840
38995670660924, 38995670663784, 2860
38995680803216, 38995680810508, 7292
38995709204256, 38995709209356, 5100
38995817335020, 38995817337088, 2068
38995827491020, 38995827496512, 5492
38995837638788, 38995837645868, 7080
38995894654724, 38995894661548, 6824
38995956845664, 38995956852056, 6392
38996118615320, 38996118618328, 3008
38996128786276, 38996128792044, 5768
38996238344888, 38996238348784, 3896
38996284494700, 38996284500276, 5576
38996331142372, 38996331146632, 4260
38996475708692, 38996475711200, 2508
38996485873724, 38996485879028, 5304
38996496025184, 38996496032288, 7104
38996599411852, 38996599414176, 2324
38996609577804, 38996609583340, 5536
38996620265052, 38996620269364, 4312
38996653284692, 38996653292440, 7748
38996729110052, 38996729112816, 2764
38996791856128, 38996791861348, 5220
38996854021340, 38996854028708, 7368
38996888728588, 38996888736396, 7808
38996966543000, 38996966545692, 2692
38996985747732, 38996985753072, 5340
38997004966864, 38997004974808, 7944
38997166062764, 38997166065372, 2608
38997180291620, 38997180297004, 5384
38997194513884, 38997194518036, 4152
38997208731716, 38997208734888, 3172
38997321695828, 38997321698528, 2700
38997331866600, 38997331872336, 5736
38997342022608, 38997342027360, 4752
38997352172164, 38997352179012, 6848
38997380572976, 38997380578636, 5660
38997390736172, 38997390743964, 7792
38997439446904, 38997439453064, 6160
38997504503804, 38997504509800, 5996
38997525842508, 38997525848708, 6200
38997674852964, 38997674855964, 3000
38997697416152, 38997697421144, 4992
38997719975256, 38997719979756, 4500
38997742546940, 38997742551308, 4368
38997765142208, 38997765150172, 7964
38997786597004, 38997786601680, 4676
38997809180540, 38997809193372, 12832
38997874388660, 38997874393948, 5288
38997888637824, 38997888649532, 11708
38997892329768, 38997892335152, 5384
38997912279464, 38997912284640, 5176
38997926518704, 38997926529484, 10780
38998105827392, 38998105830132, 2740
38998120073604, 38998120079184, 5580
38998134303856, 38998134308476, 4620
38998148541200, 38998148545472, 4272
38998162771052, 38998162775212, 4160
38998247503200, 38998247505304, 2104
38998261737632, 38998261743312, 5680
38998275967436, 38998275971752, 4316
38998290746904, 38998290755212, 8308
38998291380528, 38998291381780, 1252
38998305613056, 38998305619252, 6196
38998370146000, 38998370152180, 6180
38998392743960, 38998392751568, 7608
38998409191144, 38998409197172, 6028
38998522773972, 38998522777032, 3060
38998545925576, 38998545931236, 5660
38998568503736, 38998568508280, 4544
38998690376660, 38998690379444, 2784
38998704611808, 38998704617112, 5304
38998718829156, 38998718832896, 3740
38998733041980, 38998733046172, 4192
38998747258048, 38998747261592, 3544
38998859975384, 38998859978144, 2760
38998882567500, 38998882572664, 5164
38998905153808, 38998905158520, 4712
38998927737416, 38998927744756, 7340
38998927804208, 38998927805692, 1484
38998950392160, 38998950398800, 6640
38998979681780, 38998979683236, 1456
38999002264660, 38999002270908, 6248
38999031191368, 38999031197792, 6424
38999031560336, 38999031561692, 1356
38999054139696, 38999054145916, 6220
38999083448072, 38999083452728, 4656
38999169241824, 38999169244756, 2932
38999215346928, 38999215351460, 4532
38999272991440, 38999272999028, 7588
38999319633972, 38999319645996, 12024
38999360785292, 38999360787852, 2560
38999375026140, 38999375033180, 7040
38999390703524, 38999390704984, 1460
38999404926672, 38999404933028, 6356
38999405687712, 38999405693556, 5844
38999478502304, 38999478509388, 7084
38999570287868, 38999570290572, 2704
38999584528368, 38999584533956, 5588
38999598760192, 38999598764548, 4356
38999618174936, 38999618179384, 4448
38999632416552, 38999632428972, 12420
38999656079556, 38999656083148, 3592
38999711954188, 38999711955948, 1760
38999829664376, 38999829667528, 3152
38999843893208, 38999843897808, 4600
38999858113912, 38999858118840, 4928
38999872347216, 38999872351552, 4336
38999886574000, 38999886578200, 4200
38999900801564, 38999900809612, 8048
38999929202696, 38999929209488, 6792
38999981311180, 38999981315864, 4684
39000047157296, 39000047160168, 2872
39000057313436, 39000057317788, 4352
39000089064488, 39000089067228, 2740
39000103311204, 39000103318148, 6944
39000113477892, 39000113485252, 7360
39000148912424, 39000148920068, 7644
39000266625052, 39000266627916, 2864
39000329347720, 39000329353052, 5332
39000391565064, 39000391569340, 4276
39000453706184, 39000453712780, 6596
39000480050452, 39000480052132, 1680
39000542790528, 39000542797552, 7024
39000657637956, 39000657640000, 2044
39000719844604, 39000719850220, 5616
39000782585728, 39000782589856, 4128
39000844707072, 39000844714652, 7580
39000879109036, 39000879116728, 7692
39000960917648, 39000960920432, 2784
39000980127800, 39000980135028, 7228
39001142476884, 39001142479876, 2992
39001165063708, 39001165068724, 5016
39001187610092, 39001187614960, 4868
39001210176000, 39001210181996, 5996
39001226603248, 39001226610460, 7212
39001391890092, 39001391892644, 2552
39001413222044, 39001413227768, 5724
39001434565000, 39001434572820, 7820
39001481686204, 39001481691848, 5644
39001579449564, 39001579451408, 1844
39001725096076, 39001725098760, 2684
39001774411900, 39001774417504, 5604
39001823174656, 39001823183560, 8904
39001837419096, 39001837426816, 7720
39001854795132, 39001854799796, 4664
39001952552080, 39001952553880, 1800
39001966767376, 39001966772296, 4920
39001980986640, 39001980991244, 4604
39001995216692, 39001995223960, 7268
39002006418140, 39002006419692, 1552
39002044336980, 39002044344196, 7216
39002096220828, 39002096222512, 1684
39002110454980, 39002110462576, 7596
39002517159900, 39002517163164, 3264
39002566448152, 39002566453172, 5020
39002615175936, 39002615180384, 4448
39002663915784, 39002663920096, 4312
39002712656312, 39002712662748, 6436
39002761337112, 39002761340876, 3764
39002810597704, 39002810602584, 4880
39002859365676, 39002859373964, 8288
39002875112900, 39002875120888, 7988
39002996009976, 39002996012816, 2840
39003015193464, 39003015198016, 4552
39003034941756, 39003034948464, 6708
39003063304876, 39003063311200, 6324
39003207505080, 39003207507944, 2864
39003217657608, 39003217662680, 5072
39003227790964, 39003227794324, 3360
39003237922980, 39003237930452, 7472
39003274361840, 39003274367608, 5768
39003333212376, 39003333220332, 7956
39003401056380, 39003401059004, 2624
39003411221284, 39003411225788, 4504
39003421363392, 39003421369924, 6532
39003432773584, 39003432779948, 6364
39003461194420, 39003461199076, 4656
39003570641516, 39003570644284, 2768
39003593230972, 39003593235660, 4688
39003615804688, 39003615808424, 3736
39003736246924, 39003736249640, 2716
39003746410304, 39003746415320, 5016
39003756557188, 39003756561288, 4100
39003787204856, 39003787208672, 3816
39003865948900, 39003865951652, 2752
39003876120296, 39003876128744, 8448
39003883891264, 39003883892784, 1520
39003894047124, 39003894052572, 5448
39003932407840, 39003932415052, 7212
39003935766180, 39003935767580, 1400
39003981876072, 39003981882556, 6484
39004085434052, 39004085436836, 2784
39004104667556, 39004104672768, 5212
39004123891300, 39004123899816, 8516
39004134069168, 39004134075064, 5896
39004171228044, 39004171235244, 7200
39004362773296, 39004362775260, 1964
39004372925396, 39004372930456, 5060
39004383074916, 39004383079164, 4248
39004393221356, 39004393225384, 4028
39004410645372, 39004410658964, 13592
39004502371580, 39004502374344, 2764
39004522120892, 39004522126424, 5532
39004640036024, 39004640037832, 1808
39004667976056, 39004667979248, 3192
39004757755772, 39004757758956, 3184
39004780903864, 39004780908512, 4648
39004803486484, 39004803490532, 4048
39004841559028, 39004841566784, 7756
39004925363332, 39004925366008, 2676
39004939597988, 39004939603396, 5408
39004963270356, 39004963285168, 14812
39005053059528, 39005053062328, 2800
39005118194012, 39005118202784, 8772
39005266546972, 39005266549804, 2832
39005276712236, 39005276717968, 5732
39005286863172, 39005286867908, 4736
39005297018932, 39005297027172, 8240
39005316241316, 39005316248996, 7680
39005358330012, 39005358337096, 7084
39005377542488, 39005377553768, 11280
39005400229556, 39005400233680, 4124
39005428613808, 39005428622696, 8888
39006086595452, 39006086598660, 3208
39006148804840, 39006148810388, 5548
39006210999708, 39006211003344, 3636
39006273689096, 39006273693316, 4220
39006335794004, 39006335798752, 4748
39006398039768, 39006398044248, 4480
39006460328168, 39006460331960, 3792
39006523066456, 39006523071148, 4692
39006585274108, 39006585277800, 3692
39006647455568, 39006647459416, 3848
39006709655060, 39006709659908, 4848
39006772434708, 39006772439208, 4500
39006834589248, 39006834593112, 3864
39006896682252, 39006896686676, 4424
39006958839032, 39006958843700, 4668
39007021568976, 39007021572860, 3884
39007083740176, 39007083744180, 4004
39007145879524, 39007145886724, 7200
39007210994392, 39007211000180, 5788
39007233581488, 39007233585216, 3728
39007256172456, 39007256180008, 7552
39007305437284, 39007305442756, 5472
39007467255784, 39007467259564, 3780
38983349178676, 38983349186820, 8144
38983376359856, 38983376373144, 13288
38983392574640, 38983392582916, 8276
38983423730996, 38983423740416, 9420
38987976241484, 38987976245184, 3700
38987976261152, 38987976267836, 6684
38988022353812, 38988022358644, 4832
38988068982468, 38988068986620, 4152
38988115067904, 38988115072248, 4344
38988161166712, 38988161171048, 4336
38988207266512, 38988207270480, 3968
38988253321576, 38988253325088, 3512
38988299341436, 38988299345188, 3752
38988346003536, 38988346008524, 4988
38988392116748, 38988392120508, 3760
38988438166696, 38988438170432, 3736
38988484208972, 38988484213560, 4588
38988530423912, 38988530427612, 3700
38988577083932, 38988577087948, 4016
38988895983616, 38988895987472, 3856
38988915203108, 38988915208536, 5428
38988934418580, 38988934422228, 3648
38988953607712, 38988953611780, 4068
38988972807360, 38988972811488, 4128
38989494560764, 38989494564396, 3632
38989508800072, 38989508805928, 5856
38989523024828, 38989523029404, 4576
38989537251356, 38989537255460, 4104
38989552021096, 38989552025336, 4240
38989566235572, 38989566239236, 3664
38989580464308, 38989580468252, 3944
38989594683620, 38989594687844, 4224
38989608889224, 38989608892976, 3752
38989623109528, 38989623113352, 3824
38989637320552, 38989637323488, 2936
38989651538144, 38989651542216, 4072
38989665760852, 38989665764368, 3516
38989679982744, 38989679986440, 3696
38989694220996, 38989694224336, 3340
38989708432120, 38989708435912, 3792
38989722657120, 38989722661344, 4224
38989736870000, 38989736873460, 3460
38989751084860, 38989751088536, 3676
38989765307492, 38989765311076, 3584
38989779520052, 38989779523584, 3532
38989891617516, 38989891619816, 2300
38989905860908, 38989905866364, 5456
38989920082556, 38989920086644, 4088
38989934310076, 38989934314224, 4148
38989951466756, 38989951473392, 6636
38989989383800, 38989989391072, 7272
38990003608136, 38990003620608, 12472
38990016061640, 38990016071656, 10016
38990038666292, 38990038676884, 10592
38990057222032, 38990057229232, 7200
38990065195252, 38990065201192, 5940
38990103114080, 38990103121780, 7700
38990216839100, 38990216840884, 1784
38990231076144, 38990231081876, 5732
38990245306404, 38990245310700, 4296
38990259518296, 38990259522428, 4132
38990372468864, 38990372471844, 2980
38990382630312, 38990382635412, 5100
38990392778312, 38990392782444, 4132
38990456004812, 38990456006780, 1968
38990476225984, 38990476234064, 8080
38990502108376, 38990502111232, 2856
38990524053768, 38990524061252, 7484
38990621822488, 38990621824384, 1896
38990631977788, 38990631983972, 6184
38990642126424, 38990642133860, 7436
38990665196632, 38990665204120, 7488
38990730281276, 38990730287528, 6252
38990746676120, 38990746681856, 5736
38990747514284, 38990747515768, 1484
38990813180580, 38990813186624, 6044
38990923101256, 38990923103908, 2652
38990944427448, 38990944432972, 5524
38990965762100, 38990965769544, 7444
38991092697624, 38991092700448, 2824
38991154912068, 38991154918008, 5940
38991217075136, 38991217079360, 4224
38991279212832, 38991279220844, 8012
38991309548972, 38991309556172, 7200
38991325967308, 38991325975036, 7728
38991354072792, 38991354077376, 4584
38991433886444, 38991433893672, 7228
38991463824892, 38991463827820, 2928
38991585523664, 38991585526588, 2924
38991647748992, 38991647753712, 4720
38991709834808, 38991709838796, 3988
38991771954544, 38991771962300, 7756
38991884812304, 38991884815304, 3000
38991906140168, 38991906146096, 5928
38991927471472, 38991927478396, 6924
38991958638460, 38991958645632, 7172
38992042442548, 38992042445300, 2752
38992062221104, 38992062229344, 8240
38992090324496, 38992090332004, 7508
38992130234904, 38992130239636, 4732
38992182109680, 38992182112348, 2668
38992208062900, 38992208066564, 3664
38992295844328, 38992295849052, 4724
38992312286196, 38992312295956, 9760
38992525233900, 38992525237240, 3340
38992548380464, 38992548385536, 5072
38992570975696, 38992570980324, 4628
38992593589484, 38992593593472, 3988
38992616162596, 38992616166340, 3744
38992736720184, 38992736723032, 2848
38992755913876, 38992755919596, 5720
38992775115924, 38992775124152, 8228
38992940242596, 38992940245576, 2980
38992950413020, 38992950418392, 5372
38992966184992, 38992966189476, 4484
38993059952212, 38993059955232, 3020
38993079137956, 38993079143364, 5408
38993098343252, 38993098351460, 8208
38993119670532, 38993119678160, 7628
38993137762704, 38993137764108, 1404
38993156975796, 38993156981544, 5748
38993159712584, 38993159713720, 1136
38993181035584, 38993181041420, 5836
38993188682696, 38993188690300, 7604
38993253784096, 38993253789308, 5212
38993285421200, 38993285434540, 13340
38993314392356, 38993314410768, 18412
38993330829920, 38993330845976, 16056
38993331303804, 38993331314592, 10788
38993352637588, 38993352654188, 16600
38993417110300, 38993417118616, 8316
38993445039768, 38993445047552, 7784
38993468984696, 38993468992492, 7796
38994107461868, 38994107465092, 3224
38994128794356, 38994128799404, 5048
38994150109192, 38994150113196, 4004
38994171427572, 38994171431420, 3848
38994192716268, 38994192719572, 3304
38994214033028, 38994214037360, 4332
38994235356540, 38994235360128, 3588
38994256668052, 38994256672832, 4780
38994277999032, 38994278003472, 4440
38994299880904, 38994299885460, 4556
38994321212896, 38994321220888, 7992
38994349610712, 38994349617360, 6648
38994360853244, 38994360859088, 5844
38994783802308, 38994783805800, 3492
38994830465020, 38994830470268, 5248
38994876507784, 38994876511844, 4060
38994922559500, 38994922563136, 3636
38994968656188, 38994968660176, 3988
38995014698196, 38995014702812, 4616
38995061300192, 38995061304704, 4512
38995107379600, 38995107384168, 4568
38995153462472, 38995153466936, 4464
38995199558680, 38995199562880, 4200
38995245650120, 38995245657984, 7864
38995274056680, 38995274064176, 7496
38995291056464, 38995291063992, 7528
38995339799976, 38995339806644, 6668
38995356224512, 38995356230208, 5696
38995402358584, 38995402366096, 7512
38995464548020, 38995464555028, 7008
38995513288012, 38995513294688, 6676
38995591872644, 38995591879992, 7348
38995675674500, 38995675677220, 2720
38995821323692, 38995821326468, 2776
38995870048416, 38995870053568, 5152
38995918754956, 38995918761960, 7004
38995935185112, 38995935192308, 7196
38995963581528, 38995963587852, 6324
38996030853490, 38996030908600, 55110
38996041619896, 38996041630936, 11040
38996069989372, 38996069998044, 8672
38996118758412, 38996118764972, 6560
38996135177984, 38996135185012, 7028
38996200288012, 38996200295492, 7480
38996362046552, 38996362049492, 2940
38996410769852, 38996410775152, 5300
38996557517416, 38996557519528, 2112
38996606231512, 38996606237240, 5728
38996671243792, 38996671251232, 7440
38996753052408, 38996753055448, 3040
38996862785500, 38996862788440, 2940
38997884364312, 38997884367752, 3440
38997900789172, 38997900794624, 5452
38997917193308, 38997917197720, 4412
38997933603852, 38997933608276, 4424
38997950018464, 38997950023048, 4584
38997966445064, 38997966449164, 4100
38997982854444, 38997982858664, 4220
38997999264884, 38997999269300, 4416
38998015670764, 38998015677708, 6944
38998097852400, 38998097855376, 2976
38998120452240, 38998120457832, 5592
38998143054520, 38998143061292, 6772
38999318890132, 38999318893180, 3048
38999340212088, 38999340217108, 5020
38999361524724, 38999361529168, 4444
38999382852396, 38999382856644, 4248
38999404154168, 38999404158448, 4280
38999425478268, 38999425482452, 4184
38999446807728, 38999446811996, 4268
38999468118988, 38999468123176, 4188
38999489438780, 38999489442640, 3860
38999510752720, 38999510756744, 4024
38999532610020, 38999532613832, 3812
38999553912044, 38999553915572, 3528
38999575233952, 38999575238196, 4244
38999596568180, 38999596572360, 4180
38999617882064, 38999617886044, 3980
38999639209580, 38999639213864, 4284
38999660548868, 38999660552576, 3708
38999681843404, 38999681847512, 4108
38999703168212, 38999703175240, 7028
38999768289408, 38999768296776, 7368
38999785277120, 38999785283264, 6144
38999841643912, 38999841648544, 4632
38999860861776, 38999860873288, 11512
38999926049900, 38999926062372, 12472
38999940307052, 38999940317844, 10792
38999959352408, 38999959358472, 6064
38999997271328, 38999997278436, 7108
39000035180240, 39000035187148, 6908
39000093043240, 39000093046336, 3096
39000112258552, 39000112268532, 9980
39000366583096, 39000366589060, 5964
39000376731224, 39000376735136, 3912
39000386880924, 39000386885812, 4888
39000397030928, 39000397035152, 4224
39000407175988, 39000407180548, 4560
39000436224420, 39000436231616, 7196
39000515981172, 39000515983860, 2688
39000537871092, 39000537879924, 8832
39000687561624, 39000687563988, 2364
39000752642668, 39000752651444, 8776
39000871126548, 39000871129292, 2744
39000892433020, 39000892438444, 5424
39000976878732, 39000976882148, 3416
39001092597860, 39001092600116, 2256
39001109013804, 39001109022608, 8804
39001270179488, 39001270181676, 2188
39001332862568, 39001332867840, 5272
39001395021896, 39001395026572, 4676
39001477685524, 39001477692788, 7264
39001555504708, 39001555507536, 2828
39001604228220, 39001604235488, 7268
39001666404176, 39001666410988, 6812
39001677200840, 39001677202256, 1416
39001739351252, 39001739357000, 5748
39001744981864, 39001744987340, 5476
39001810687996, 39001810694524, 6528
39001839101592, 39001839107944, 6352
39001904190372, 39001904197404, 7032
39001968510640, 39001968516280, 5640
39001976489252, 39001976495084, 5832
39002076266040, 39002076270508, 4468
39002138470600, 39002138478488, 7888
39002184562936, 39002184569344, 6408
39002246714356, 39002246720728, 6372
39003265378344, 39003265380932, 2588
39003328117632, 39003328122340, 4708
39003390242588, 39003390247168, 4580
39003452421968, 39003452426312, 4344
39003514590608, 39003514595208, 4600
39003577336280, 39003577340728, 4448
39003639521768, 39003639526192, 4424
39003701695244, 39003701699624, 4380
39003763909692, 39003763914208, 4516
39003826654984, 39003826659184, 4200
39003888854652, 39003888859368, 4716
39003951055060, 39003951059064, 4004
39004013257192, 39004013260748, 3556
39004075996028, 39004076000532, 4504
39004138205344, 39004138209820, 4476
39004200364452, 39004200368364, 3912
39004262496496, 39004262500684, 4188
39004325284712, 39004325289180, 4468
39004387501904, 39004387506308, 4404
39004449657944, 39004449661504, 3560
39004511857268, 39004511861440, 4172
39004574539688, 39004574543728, 4040
39004636707832, 39004636711552, 3720
39004698836408, 39004698840880, 4472
39004760980668, 39004760984200, 3532
39004823733144, 39004823736780, 3636
39004885897300, 39004885901216, 3916
39004948058408, 39004948065268, 6860
39004969261660, 39004969266472, 4812
39005090967668, 39005090971124, 3456
39005113563688, 39005113568876, 5188
39005234625768, 39005234627756, 1988
39005257214044, 39005257219492, 5448
39005280356568, 39005280361296, 4728
39005302958316, 39005302965888, 7572
39005308440504, 39005308441856, 1352
39005331014480, 39005331021464, 6984
39005379736920, 39005379744020, 7100
39005438139624, 39005438142836, 3212
39005494013800, 39005494015680, 1880
39005517152464, 39005517157612, 5148
39005539706352, 39005539713380, 7028
39005588449660, 39005588457144, 7484
39005715479920, 39005715482700, 2780
39005738070680, 39005738076392, 5712
39005760657384, 39005760661608, 4224
39005783804280, 39005783809020, 4740
39005806383188, 39005806389764, 6576
39005932960804, 39005932963604, 2800
39005947190980, 39005947196500, 5520
39005961420024, 39005961424740, 4716
39005975638344, 39005975644008, 5664
39005998239464, 39005998245200, 5736
39006020124892, 39006020133028, 8136
39006036547272, 39006036554196, 6924
39006059148388, 39006059154004, 5616
39006087540704, 39006087546168, 5464
39006103964376, 39006103970336, 5960
39006134490916, 39006134496432, 5516
39006183251800, 39006183265488, 13688
39006214307704, 39006214311992, 4288
39006230263732, 39006230268916, 5184
39006560060308, 39006560065760, 5452
39006582637808, 39006582641748, 3940
39006605195112, 39006605198984, 3872
39006627765448, 39006627768740, 3292
39006650336712, 39006650340680, 3968
39006672893188, 39006672896976, 3788
39006695477820, 39006695482032, 4212
39006718066412, 39006718070920, 4508
39006740649564, 39006740653632, 4068
39006763804828, 39006763809360, 4532
39006812808752, 39006812816392, 7640
39006884643944, 39006884646724, 2780
39007032282900, 39007032286048, 3148
39007042442444, 39007042447524, 5080
39007052584228, 39007052588836, 4608
39007062722740, 39007062728884, 6144
39007189909588, 39007189911740, 2152
39007200064032, 39007200069560, 5528
39007210207984, 39007210211260, 3276
39007235806096, 39007235813128, 7032
39007245968184, 39007245979584, 11400
39007319611848, 39007319613540, 1692
39007331582224, 39007331586888, 4664
39007429338328, 39007429341228, 2900
39007478107756, 39007478112504, 4748
