29228970899200, 29228970907464, 8264
29228987443948, 29228987453432, 9484
29229003911568, 29229003925376, 13808
29233123215872, 29233123219272, 3400
29233123233704, 29233123240392, 6688
29233135193292, 29233135197132, 3840
29233233029208, 29233233032308, 3100
29233354542164, 29233354550860, 8696
29233444296308, 29233444298960, 2652
29233484177508, 29233484184392, 6884
29233553975628, 29233553978500, 2872
29233713623944, 29233713631792, 7848
29233765292280, 29233765295252, 2972
29233835195680, 29233835198248, 2568
29234024613388, 29234024616332, 2944
29234136246172, 29234136249196, 3024
29234144487776, 29234144492272, 4496
29234216060676, 29234216067596, 6920
29234251922916, 29234251926420, 3504
29234363614472, 29234363617208, 2736
29234431452416, 29234431460216, 7800
29234449367012, 29234449374612, 7600
29234491279444, 29234491281092, 1648
29234604888544, 29234604891364, 2820
29234730524424, 29234730527804, 3380
29234741582292, 29234741588032, 5740
29234852272804, 29234852275500, 2696
29234963880380, 29234963883280, 2900
29235091478652, 29235091481264, 2612
29235099789144, 29235099793768, 4624
29235207155040, 29235207157124, 2084
29235221114952, 29235221122464, 7512
29235314926728, 29235314929544, 2816
29235426601088, 29235426603836, 2748
29235441346800, 29235441352220, 5420
29235456146564, 29235456151900, 5336
29235570185828, 29235570187932, 2104
29235584912056, 29235584917536, 5480
29235687771248, 29235687797188, 25940
29235759495916, 29235759503220, 7304
29235913068632, 29235913071496, 2864
29235996882476, 29235996886504, 4028
29236008011984, 29236008016584, 4600
29236046701044, 29236046709180, 8136
29236118447236, 29236118448852, 1616
29236136392472, 29236136399872, 7400
29236228135916, 29236228138580, 2664
29236371771680, 29236371773812, 2132
29236418136908, 29236418143652, 6744
29236563162572, 29236563165368, 2796
29236595086932, 29236595090388, 3456
29236690855556, 29236690858420, 2864
29236816485280, 29236816488092, 2812
29236824795664, 29236824800684, 5020
29236834424232, 29236834430420, 6188
29236932193224, 29236932195456, 2232
29236968011476, 29236968013756, 2280
29237015879856, 29237015887776, 7920
29237087705136, 29237087712284, 7148
29237139599408, 29237139602292, 2884
29237159443680, 29237159451140, 7460
29237194305660, 29237194308660, 3000
29237231337216, 29237231341916, 4700
29237251290752, 29237251293868, 3116
29237438819900, 29237438822672, 2772
29237550415592, 29237550418468, 2876
29237565112168, 29237565117476, 5308
29237677972948, 29237677975756, 2808
29237689087536, 29237689092552, 5016
29237735715528, 29237735719012, 3484
29237787568640, 29237787572248, 3608
29237909241752, 29237909248572, 6820
29238046868748, 29238046871472, 2724
29238062788640, 29238062794456, 5816
29238258259448, 29238258262216, 2768
29238385872132, 29238385874884, 2752
29238489605444, 29238489612532, 7088
29238533549344, 29238533553020, 3676
29238677027820, 29238677035360, 7540
29238758898936, 29238758901560, 2624
29238830589572, 29238830597272, 7700
29238918518620, 29238918526848, 8228
29238970371832, 29238970374344, 2512
29239083906588, 29239083913796, 7208
29239817684892, 29239817687952, 3060
29239828741044, 29239828746744, 5700
29239839820252, 29239839826008, 5756
29239850831224, 29239850835756, 4532
29239861911612, 29239861916568, 4956
29239872961864, 29239872966184, 4320
29239884101516, 29239884106912, 5396
29239895144596, 29239895148436, 3840
29239906880224, 29239906885944, 5720
29239918034168, 29239918040864, 6696
29239929071480, 29239929075944, 4464
29239975229284, 29239975236376, 7092
29240009105608, 29240009109012, 3404
29240045047328, 29240045054608, 7280
29240114824492, 29240114832628, 8136
29240202646772, 29240202649652, 2880
29240264455308, 29240264458180, 2872
29240451862152, 29240451865276, 3124
29240533614792, 29240533622572, 7780
29240663236292, 29240663239228, 2936
29240768909700, 29240768912852, 3152
29240892663096, 29240892671348, 8252
29240980361188, 29240980363992, 2804
29241092086976, 29241092089992, 3016
29241141871924, 29241141878944, 7020
29241233668888, 29241233675544, 6656
29241319382760, 29241319385592, 2832
29241444993784, 29241444997016, 3232
29241532921672, 29241532927080, 5408
29241632426100, 29241632434008, 7908
29241773997676, 29241774004884, 7208
29241971430424, 29241971436048, 5624
29241979674096, 29241979679676, 5580
29242087115200, 29242087118044, 2844
29242214759408, 29242214761996, 2588
29242225837280, 29242225842420, 5140
29242336436004, 29242336438576, 2572
29242344732124, 29242344737224, 5100
29242452101096, 29242452104040, 2944
29242466761644, 29242466767088, 5444
29242507864264, 29242507871580, 7316
29242579762096, 29242579765252, 3156
29242615552392, 29242615559428, 7036
29242687363272, 29242687370876, 7604
29242698433732, 29242698438332, 4600
29242809063332, 29242809065948, 2616
29242952659384, 29242952662212, 2828
29242967418672, 29242967423852, 5180
29242986516592, 29242986523140, 6548
29243080237968, 29243080240632, 2664
29243172035428, 29243172042520, 7092
29243289621228, 29243289624124, 2896
29243333563416, 29243333571288, 7872
29243407304552, 29243407306748, 2196
29243501018896, 29243501021696, 2800
29243626626776, 29243626629936, 3160
29243738329592, 29243738332804, 3212
29243818031144, 29243818038924, 7780
29243965650660, 29243965653460, 2800
29243976659592, 29243976664320, 4728
29244023566500, 29244023574048, 7548
29244087320124, 29244087323116, 2992
29244232839056, 29244232841972, 2916
29244344553900, 29244344557032, 3132
29244472250088, 29244472253220, 3132
29244502231756, 29244502234436, 2680
29244579814660, 29244579817132, 2472
29244705552192, 29244705555232, 3040
29244735403176, 29244735406260, 3084
29244791284596, 29244791291836, 7240
29244841156316, 29244841163972, 7656
29244861179972, 29244861185960, 5988
29244916920532, 29244916923508, 2976
29245030541840, 29245030549816, 7976
29245148230344, 29245148233636, 3292
29245172274568, 29245172281704, 7136
29245698614864, 29245698618144, 3280
29245725868396, 29245725873328, 4932
29245752939348, 29245752944376, 5028
29245779969900, 29245779976164, 6264
29245894050444, 29245894058280, 7836
29245985717704, 29245985721752, 4048
29246025628828, 29246025636176, 7348
29246193168468, 29246193171716, 3248
29246304872788, 29246304875856, 3068
29246416519104, 29246416522308, 3204
29246431186104, 29246431191208, 5104
29246446463352, 29246446469164, 5812
29246643886772, 29246643889676, 2904
29246771618584, 29246771621496, 2912
29246817372544, 29246817379140, 6596
29246947079892, 29246947086280, 6388
29247030695028, 29247030698468, 3440
29247138409060, 29247138411996, 2936
29247266101516, 29247266104192, 2676
29247377694024, 29247377696688, 2664
29247386492712, 29247386498100, 5388
29247425589868, 29247425596940, 7072
29247493629488, 29247493632136, 2648
29247639083764, 29247639086252, 2488
29247764658836, 29247764661492, 2656
29247784470700, 29247784477512, 6812
29247872231904, 29247872234688, 2784
29247999911740, 29247999915284, 3544
29248008152960, 29248008158496, 5536
29248017848880, 29248017853832, 4952
29248115620948, 29248115623740, 2792
29248225183592, 29248225186300, 2708
29248270775504, 29248270780916, 5412
29248350866004, 29248350869264, 3260
29248394815092, 29248394822040, 6948
29248504512928, 29248504516820, 3892
29248632105404, 29248632108180, 2776
29248661962036, 29248661965020, 2984
29248743719632, 29248743722532, 2900
29248769679408, 29248769686316, 6908
29248789640464, 29248789646600, 6136
29248811610924, 29248811617704, 6780
29248839552136, 29248839556844, 4708
29248953230544, 29248953232956, 2412
29248965091768, 29248965095784, 4016
29249162618280, 29249162621196, 2916
29249288180828, 29249288185048, 4220
29249334023036, 29249334026476, 3440
29249397903228, 29249397910948, 7720
29249467728244, 29249467734820, 6576
29249543404392, 29249543452508, 48116
29249687133956, 29249687142220, 8264
29249754757184, 29249754759936, 2752
29249880388268, 29249880391436, 3168
29249956188652, 29249956196484, 7832
29250008040832, 29250008043272, 2440
29250195595004, 29250195597728, 2724
29250210296924, 29250210303284, 6360
29251744950248, 29251744954488, 4240
29251759628660, 29251759634456, 5796
29251774341292, 29251774346696, 5404
29251789102680, 29251789108232, 5552
29251803796192, 29251803799900, 3708
29251818464932, 29251818470712, 5780
29251833261616, 29251833265928, 4312
29251848071972, 29251848076792, 4820
29251862758860, 29251862763252, 4392
29251878006524, 29251878011644, 5120
29251892694572, 29251892699808, 5236
29251907405488, 29251907410760, 5272
29251922035472, 29251922039432, 3960
29251936869880, 29251936874144, 4264
29251951622336, 29251951627044, 4708
29251966356120, 29251966360956, 4836
29251981034808, 29251981038720, 3912
29251995753580, 29251995758408, 4828
29252010540752, 29252010545312, 4560
29252025260968, 29252025266580, 5612
29252039929636, 29252039934216, 4580
29252054630512, 29252054635072, 4560
29252069346672, 29252069351704, 5032
29252084038532, 29252084042436, 3904
29252098862936, 29252098867408, 4472
29252113731088, 29252113735508, 4420
29252129059264, 29252129063876, 4612
29252143725932, 29252143729688, 3756
29252158637152, 29252158641628, 4476
29252173452592, 29252173457156, 4564
29252188198324, 29252188203520, 5196
29252202911648, 29252202915664, 4016
29252217851452, 29252217856132, 4680
29252232572192, 29252232576388, 4196
29252478886984, 29252478889716, 2732
29252489970780, 29252489975604, 4824
29252501202064, 29252501207688, 5624
29252512245948, 29252512249928, 3980
29252538744604, 29252538751740, 7136
29252972343516, 29252972347316, 3800
29252984477056, 29252984481860, 4804
29252996641876, 29252996648044, 6168
29253097007908, 29253097016568, 8660
29228954499256, 29228954506988, 7732
29233013641664, 29233013644720, 3056
29233067395584, 29233067402524, 6940
29233139207480, 29233139214624, 7144
29233217077244, 29233217080084, 2840
29233274840024, 29233274847064, 7040
29233344674948, 29233344681860, 6912
29233414501244, 29233414506996, 5752
29233474191168, 29233474197272, 6104
29233631824924, 29233631827716, 2792
29233642893984, 29233642899300, 5316
29233693603828, 29233693611360, 7532
29233755348816, 29233755351888, 3072
29233831232972, 29233831235788, 2816
29233845929256, 29233845933868, 4612
29233892949972, 29233892957112, 7140
29233966764332, 29233966767108, 2776
29234048556956, 29234048562156, 5200
29234140216840, 29234140220020, 3180
29234180133024, 29234180140736, 7712
29234311759180, 29234311767060, 7880
29234371586220, 29234371593296, 7076
29234451311820, 29234451314672, 2852
29234565116812, 29234565119744, 2932
29234610868956, 29234610874004, 5048
29234728621960, 29234728624668, 2708
29234854152220, 29234854155108, 2888
29234880073900, 29234880081868, 7968
29234949976880, 29234949981568, 4688
29235065561840, 29235065564672, 2832
29235179303240, 29235179306428, 3188
29235257052284, 29235257059040, 6756
29235308861140, 29235308863996, 2856
29235418583792, 29235418586656, 2864
29235530360380, 29235530363280, 2900
29235541529044, 29235541535032, 5988
29235578120400, 29235578128048, 7648
29235653861952, 29235653864932, 2980
29235697712028, 29235697714308, 2280
29235747617360, 29235747624552, 7192
29235807398900, 29235807406160, 7260
29235966972212, 29235966975172, 2960
29236092567980, 29236092570624, 2644
29236124446628, 29236124449900, 3272
29236166411136, 29236166416120, 4984
29236206270888, 29236206275496, 4608
29236238116404, 29236238118984, 2580
29236276037208, 29236276044260, 7052
29236345814848, 29236345823016, 8168
29236417605848, 29236417608680, 2832
29236444487840, 29236444497880, 10040
29236527325312, 29236527330556, 5244
29236656928844, 29236656931600, 2756
29236680875788, 29236680883428, 7640
29236764764552, 29236764981228, 216676
29237151841076, 29237151844796, 3720
29237166021224, 29237166026576, 5352
29237179741084, 29237179746168, 5084
29237263312316, 29237263316040, 3724
29237376890536, 29237376893460, 2924
29237385185752, 29237385191844, 6092
29237446651092, 29237446657836, 6744
29237592209048, 29237592212300, 3252
29237693911764, 29237693915580, 3816
29237733781980, 29237733786588, 4608
29237805548348, 29237805555640, 7292
29237877344180, 29237877348792, 4612
29237921300056, 29237921303112, 3056
29237949153096, 29237949160412, 7316
29238034873284, 29238034875124, 1840
29238092714000, 29238092718812, 4812
29238110693856, 29238110698768, 4912
29238204385832, 29238204388752, 2920
29238242329616, 29238242332136, 2520
29238318101260, 29238318104256, 2996
29238463775336, 29238463778136, 2800
29238551414160, 29238551419704, 5544
29238659143564, 29238659147976, 4412
29238800676112, 29238800680932, 4820
29239155667272, 29239155670012, 2740
29239167765300, 29239167770408, 5108
29239279373568, 29239279376128, 2560
29239367109228, 29239367115112, 5884
29239554590096, 29239554593148, 3052
29239636290980, 29239636296980, 6000
29239696064260, 29239696071528, 7268
29239755873248, 29239755878200, 4952
29239977201836, 29239977205264, 3428
29239985493440, 29239985498888, 5448
29239993720716, 29239993724524, 3808
29240031078644, 29240031083648, 5004
29240102890056, 29240102895468, 5412
29240120803900, 29240120807228, 3328
29240174655400, 29240174664008, 8608
29240202567944, 29240202570956, 3012
29240234551228, 29240234558452, 7224
29240294348948, 29240294356184, 7236
29240370167948, 29240370169828, 1880
29240384924468, 29240384931956, 7488
29240414012340, 29240414014172, 1832
29240473913816, 29240473920984, 7168
29240597479508, 29240597482748, 3240
29240711139676, 29240711142300, 2624
29240798428516, 29240798432628, 4112
29240898544068, 29240898547144, 3076
29240924486608, 29240924494176, 7568
29241066091300, 29241066098648, 7348
29241207689812, 29241207694752, 4940
29241720166924, 29241720170644, 3720
29241733853128, 29241733857600, 4472
29241747496276, 29241747501636, 5360
29241807888024, 29241807890976, 2952
29241859812820, 29241859814692, 1872
29241899662812, 29241899669480, 6668
29241955505088, 29241955508096, 3008
29242057233160, 29242057240456, 7296
29242477977496, 29242477981040, 3544
29242490135260, 29242490140716, 5456
29242603698720, 29242603700720, 2000
29242715368612, 29242715371812, 3200
29242759137548, 29242759144732, 7184
29242822992480, 29242822995680, 3200
29242936645156, 29242936647868, 2712
29243066263404, 29243066266304, 2900
29243130138592, 29243130145972, 7380
29243283672704, 29243283680132, 7428
29243514952700, 29243514956072, 3372
29243543174828, 29243543179960, 5132
29243670573844, 29243670576508, 2664
29243748302648, 29243748305480, 2832
29243897841080, 29243897843760, 2680
29244039446080, 29244039453580, 7500
29244181059636, 29244181064928, 5292
29244559889224, 29244559892332, 3108
29244605427360, 29244605432652, 5292
29244651644868, 29244651650804, 5936
29244709516128, 29244709521280, 5152
29244845078816, 29244845081300, 2484
29244990638780, 29244990641852, 3072
29245005403568, 29245005409416, 5848
29245020608448, 29245020613696, 5248
29245104392828, 29245104396456, 3628
29245128251520, 29245128259588, 8068
29245200060648, 29245200068092, 7444
29245257913360, 29245257916580, 3220
29245319772096, 29245319774792, 2696
29245509165780, 29245509168408, 2628
29245517399604, 29245517404684, 5080
29245624810400, 29245624812392, 1992
29245633083892, 29245633088844, 4952
29245702599140, 29245702603996, 4856
29245740537360, 29245740540052, 2692
29245880098716, 29245880106028, 7312
29246021718892, 29246021723636, 4744
29246195140060, 29246195143424, 3364
29246338740168, 29246338742944, 2776
29246450377860, 29246450380904, 3044
29246492277412, 29246492282100, 4688
29246659830340, 29246659833004, 2664
29246747315096, 29246747320700, 5604
29246871234704, 29246871242280, 7576
29247032696288, 29247032700164, 3876
29247144457152, 29247144459792, 2640
29247152715872, 29247152720704, 4832
29247174375532, 29247174380824, 5292
29247262072672, 29247262075592, 2920
29247375781088, 29247375783396, 2308
29247393667576, 29247393672208, 4632
29247589198880, 29247589201556, 2676
29247597463640, 29247597468868, 5228
29247641037896, 29247641042800, 4904
29247706756036, 29247706758944, 2908
29247776495048, 29247776497904, 2856
29247863921200, 29247863926624, 5424
29248003835636, 29248003843196, 7560
29248414679032, 29248414682784, 3752
29248425738440, 29248425743344, 4904
29248436775052, 29248436780536, 5484
29248447790952, 29248447795064, 4112
29248458991444, 29248458996732, 5288
29248568305708, 29248568307416, 1708
29248579353820, 29248579358616, 4796
29248630053824, 29248630061460, 7636
29248679921484, 29248679924296, 2812
29248807676796, 29248807679624, 2828
29248825527952, 29248825535340, 7388
29248921240944, 29248921243832, 2888
29248969118392, 29248969132336, 13944
29248987081316, 29248987083624, 2308
29249028905052, 29249028909984, 4932
29249088872308, 29249088876704, 4396
29249216350100, 29249216353008, 2908
29249272267844, 29249272274972, 7128
29249342012860, 29249342015476, 2616
29249425768208, 29249425774020, 5812
29249553420672, 29249553423472, 2800
29249579295932, 29249579303032, 7100
29249667097640, 29249667102876, 5236
29249764693852, 29249764696792, 2940
29249856460264, 29249856467748, 7484
29249976113704, 29249976116552, 2848
29249987144208, 29249987149460, 5252
29250025986164, 29250025990888, 4724
29250045939704, 29250045945600, 5896
29250095797484, 29250095802804, 5320
29251754932340, 29251754935368, 3028
29251783097948, 29251783103372, 5424
29251811150336, 29251811155588, 5252
29251839542284, 29251839546752, 4468
29251867773416, 29251867778992, 5576
29251896564736, 29251896569144, 4408
29251924660332, 29251924665244, 4912
29251952928012, 29251952932196, 4184
29251981079036, 29251981084212, 5176
29252009144664, 29252009149852, 5188
29252037374928, 29252037379000, 4072
29252065535172, 29252065539816, 4644
29252093633516, 29252093638424, 4908
29252167746616, 29252167750396, 3780
29252279432844, 29252279435972, 3128
29252319361172, 29252319367236, 6064
29252405076092, 29252405078440, 2348
29252532785296, 29252532788248, 2952
29252606508340, 29252606516028, 7688
29253047228240, 29253047230992, 2752
29253075538064, 29253075543968, 5904
29253103800644, 29253103806800, 6156
29233428362784, 29233428366384, 3600
29233428384160, 29233428391716, 7556
29233473950180, 29233473956032, 5852
29233519748584, 29233519755348, 6764
29233565293968, 29233565299276, 5308
29233709605792, 29233709607784, 1992
29233823139412, 29233823142252, 2840
29233954769136, 29233954772064, 2928
29233963020844, 29233963026540, 5696
29234000632720, 29234000637648, 4928
29234072435676, 29234072438104, 2428
29234186123664, 29234186125772, 2108
29234200785188, 29234200790256, 5068
29234313724940, 29234313728308, 3368
29234443353120, 29234443358552, 5432
29234574976852, 29234574984300, 7448
29234706562768, 29234706568432, 5664
29234838185092, 29234838192336, 7244
29235580061516, 29235580068560, 7044
29235625529628, 29235625535128, 5500
29235671723092, 29235671730176, 7084
29235717271220, 29235717277036, 5816
29235763097012, 29235763102616, 5604
29235809074424, 29235809080668, 6244
29235854657720, 29235854663376, 5656
29235900220652, 29235900226068, 5416
29236022798236, 29236022802976, 4740
29236587104768, 29236587107112, 2344
29236595359808, 29236595364876, 5068
29236603618932, 29236603623560, 4628
29236611971864, 29236611977448, 5584
29236620269728, 29236620273144, 3416
29236628551412, 29236628556420, 5008
29236636805992, 29236636809884, 3892
29236645046276, 29236645049940, 3664
29236656957052, 29236656964040, 6988
29236770579952, 29236770583336, 3384
29236900215272, 29236900218112, 2840
29236946330944, 29236946335920, 4976
29237075731428, 29237075738980, 7552
29237207363072, 29237207370564, 7492
29237811502800, 29237811505916, 3116
29237823608860, 29237823613792, 4932
29237835818508, 29237835823472, 4964
29237847986052, 29237847990284, 4232
29238021075616, 29238021080868, 5252
29238080736248, 29238080742732, 6484
29238140655992, 29238140662992, 7000
29238204454796, 29238204457176, 2380
29238318082924, 29238318086040, 3116
29238427737936, 29238427740136, 2200
29238451674080, 29238451681244, 7164
29238597267332, 29238597270796, 3464
29238696971852, 29238696975432, 3580
29238738902496, 29238738905932, 3436
29238810751448, 29238810753180, 1732
29238868544200, 29238868549616, 5416
29238882494728, 29238882499768, 5040
29238954356272, 29238954361060, 4788
29239020104836, 29239020107516, 2680
29239038005552, 29239038013192, 7640
29239057917708, 29239057924260, 6552
29239133881556, 29239133884104, 2548
29239243449648, 29239243452688, 3040
29239258172528, 29239258177816, 5288
29239371082440, 29239371084676, 2236
29239385800468, 29239385805768, 5300
29239400607912, 29239400613284, 5372
29239514707004, 29239514709608, 2604
29239598374996, 29239598382832, 7836
29239640255712, 29239640258744, 3032
29239751873064, 29239751880492, 7428
29240182615944, 29240182617700, 1756
29240194727552, 29240194732804, 5252
29240206847252, 29240206852752, 5500
29240717114636, 29240717117856, 3220
29240725359900, 29240725364804, 4904
29240733626756, 29240733630416, 3660
29240741897140, 29240741902336, 5196
29240750143752, 29240750148272, 4520
29240758403832, 29240758410384, 6552
29240766669620, 29240766675360, 5740
29240774916684, 29240774920708, 4024
29240820775644, 29240820783384, 7740
29240984295552, 29240984298712, 3160
29240992563524, 29240992567984, 4460
29241036264628, 29241036269292, 4664
29241099967944, 29241099970588, 2644
29241251570020, 29241251575584, 5564
29241323351360, 29241323358856, 7496
29241413074748, 29241413076796, 2048
29241450945168, 29241450947812, 2644
29241466950268, 29241466957640, 7372
29241538726036, 29241538733100, 7064
29241610597876, 29241610605148, 7272
29241682319028, 29241682326072, 7044
29241720191020, 29241720193960, 2940
29241754042136, 29241754047988, 5852
29241825836176, 29241825841808, 5632
29241879780776, 29241879787536, 6760
29241947539480, 29241947542536, 3056
29241971420768, 29241971424184, 3416
29241999419416, 29241999423792, 4376
29242041241284, 29242041247284, 6000
29242069139100, 29242069146396, 7296
29242142970396, 29242142973528, 3132
29242258682208, 29242258685060, 2852
29242346346808, 29242346352408, 5600
29242481960784, 29242481967912, 7128
29242623538048, 29242623544744, 6696
29242765145528, 29242765153012, 7484
29243291591772, 29243291594336, 2564
29243337077512, 29243337082156, 4644
29243382888468, 29243382894088, 5620
29243429204036, 29243429209412, 5376
29243474880420, 29243474886720, 6300
29243618771788, 29243618774424, 2636
29243633438804, 29243633443644, 4840
29243648810276, 29243648816152, 5876
29243704500704, 29243704505108, 4404
29243794114832, 29243794117004, 2172
29243824009788, 29243824014792, 5004
29243943695896, 29243943698524, 2628
29244069392176, 29244069395172, 2996
29244141144784, 29244141152184, 7400
29244197009264, 29244197012120, 2856
29244302680236, 29244302688852, 8616
29244340671304, 29244340674320, 3016
29244528022488, 29244528024252, 1764
29244615426536, 29244615433204, 6668
29244747361920, 29244747386164, 24244
29245212030948, 29245212033560, 2612
29245224171228, 29245224176124, 4896
29245236442700, 29245236448640, 5940
29245349641892, 29245349644840, 2948
29245364314600, 29245364319684, 5084
29245379576932, 29245379584264, 7332
29245439433872, 29245439441156, 7284
29245477317464, 29245477320216, 2752
29245565193516, 29245565203108, 9592
29245596880072, 29245596887200, 7128
29245738505428, 29245738510976, 5548
29245788289120, 29245788291960, 2840
29246934995556, 29246934999184, 3628
29246961946016, 29246961951140, 5124
29246988925440, 29246988929548, 4108
29247016057116, 29247016062812, 5696
29247043144456, 29247043149184, 4728
29247070100128, 29247070105600, 5472
29247097377044, 29247097382624, 5580
29247124389148, 29247124394128, 4980
29247151976164, 29247151982040, 5876
29247262115772, 29247262118844, 3072
29247276153008, 29247276160088, 7080
29247429672180, 29247429679848, 7668
29247573164212, 29247573167440, 3228
29247686835080, 29247686837776, 2696
29247782483008, 29247782484772, 1764
29247868347664, 29247868352328, 4664
29247999943108, 29247999948004, 4896
29248687879424, 29248687882184, 2760
29248696144716, 29248696150380, 5664
29248704368580, 29248704372584, 4004
29248712742836, 29248712748368, 5532
29248720989644, 29248720993436, 3792
29248729266880, 29248729272384, 5504
29248737553272, 29248737557160, 3888
29248745806592, 29248745810208, 3616
29248754138424, 29248754143228, 4804
29248762347680, 29248762351808, 4128
29248871411460, 29248871413228, 1768
29248880184844, 29248880190104, 5260
29248933246604, 29248933253920, 7316
29248987068824, 29248987071776, 2952
29249004990492, 29249004995016, 4524
29249076794132, 29249076801792, 7660
29249148648596, 29249148654360, 5764
29249208412044, 29249208416372, 4328
29249268269716, 29249268274496, 4780
29249599250544, 29249599252992, 2448
29249610292516, 29249610297148, 4632
29249677036912, 29249677038904, 1992
29249746835940, 29249746841500, 5560
29249806764256, 29249806771180, 6924
29249870456160, 29249870458144, 1984
29249890353756, 29249890356640, 2884
29249926296648, 29249926301628, 4980
29250040138832, 29250040143856, 5024
29250117722116, 29250117725104, 2988
29250185579924, 29250185582324, 2400
29250265294608, 29250265297332, 2724
29250404859584, 29250404865820, 6236
29250500660396, 29250500663308, 2912
29250584537616, 29250584544432, 6816
29250654223924, 29250654231788, 7864
29250726082612, 29250726085344, 2732
29250835692072, 29250835696776, 4704
29250977260944, 29250977267816, 6872
29251118857008, 29251118863968, 6960
29251260522520, 29251260527092, 4572
29251770877568, 29251770880348, 2780
29251784437384, 29251784442800, 5416
29251798054880, 29251798060304, 5424
29251952330696, 29251952333776, 3080
29252064115240, 29252064117196, 1956
29252199695496, 29252199702784, 7288
29252269561288, 29252269564224, 2936
29252399145792, 29252399148816, 3024
29252510753304, 29252510756236, 2932
29252540677920, 29252540688192, 10272
29252636484196, 29252636487184, 2988
29252650411548, 29252650418952, 7404
29252746148616, 29252746150824, 2208
29252757211992, 29252757216952, 4960
29252804022632, 29252804030344, 7712
29252969468592, 29252969471412, 2820
29253029307216, 29253029310440, 3224
29253077063864, 29253077066388, 2524
29228979385272, 29228979421192, 35920
29233815148020, 29233815151328, 3308
29233815182772, 29233815188476, 5704
29233902857648, 29233902862460, 4812
29233991031736, 29233991037556, 5820
29234078590676, 29234078596116, 5440
29234166706300, 29234166711260, 4960
29234254436996, 29234254442088, 5092
29234342082732, 29234342087448, 4716
29234430394064, 29234430399112, 5048
29234518103292, 29234518108524, 5232
29234606063644, 29234606068436, 4792
29234693993364, 29234693998204, 4840
29234781783840, 29234781788820, 4980
29234869456480, 29234869461268, 4788
29234977788880, 29234977795376, 6496
29235119527648, 29235119534304, 6656
29235261130404, 29235261137340, 6936
29235813337336, 29235813340292, 2956
29235821565356, 29235821570500, 5144
29235829808612, 29235829812600, 3988
29235838150396, 29235838155460, 5064
29235846375564, 29235846379408, 3844
29235854618056, 29235854624176, 6120
29235862870084, 29235862874392, 4308
29235871135036, 29235871139144, 4108
29235939087772, 29235939094980, 7208
29236010773896, 29236010780916, 7020
29236078690748, 29236078693944, 3196
29236220212508, 29236220217284, 4776
29236303966224, 29236303969284, 3060
29236393644080, 29236393648656, 4576
29236535277348, 29236535284072, 6724
29236676935204, 29236676939764, 4560
29236818539988, 29236818544948, 4960
29236960027124, 29236960034716, 7592
29237101726496, 29237101733280, 6784
29237243224696, 29237243232432, 7736
29237390817632, 29237390819532, 1900
29237405513756, 29237405518996, 5240
29237422713408, 29237422718712, 5304
29237520525404, 29237520527972, 2568
29237648121492, 29237648123712, 2220
29237773742312, 29237773745136, 2824
29237901279428, 29237901281584, 2156
29238003069456, 29238003074204, 4748
29238164515576, 29238164523932, 8356
29238316094472, 29238316097272, 2800
29238369946092, 29238369953260, 7168
29238396971516, 29238396986476, 14960
29238523571224, 29238523579440, 8216
29238559469872, 29238559477428, 7556
29238595311984, 29238595316888, 4904
29238619213540, 29238619220612, 7072
29238667102720, 29238667107592, 4872
29238742848532, 29238742850664, 2132
29238757517352, 29238757522288, 4936
29238798779280, 29238798786932, 7652
29238858696204, 29238858701108, 4904
29239034000856, 29239034003876, 3020
29239137694652, 29239137703392, 8740
29239261370932, 29239261373904, 2972
29239269679524, 29239269684884, 5360
29239313228964, 29239313233992, 5028
29239384989228, 29239384997108, 7880
29239478814240, 29239478816532, 2292
29239588450388, 29239588453388, 3000
29239676723604, 29239676728900, 5296
29239791763892, 29239791771036, 7144
29240731049504, 29240731053116, 3612
29240757967056, 29240757972972, 5916
29240784786424, 29240784792164, 5740
29240811764736, 29240811770512, 5776
29240838654536, 29240838659172, 4636
29240865641288, 29240865645756, 4468
29240892743908, 29240892749184, 5276
29240980383812, 29240980391048, 7236
29241109958744, 29241109961996, 3252
29241133858260, 29241133865784, 7524
29241179822084, 29241179829904, 7820
29241321404824, 29241321408108, 3284
29241435032068, 29241435035016, 2948
29241556704012, 29241556708924, 4912
29241791928092, 29241791931168, 3076
29241804088788, 29241804093704, 4916
29241969426456, 29241969491688, 65232
29242029289716, 29242029294948, 5232
29242258771808, 29242258774680, 2872
29242273517036, 29242273522436, 5400
29242288183660, 29242288188968, 5308
29242303050604, 29242303056224, 5620
29242328424224, 29242328428656, 4432
29242418144076, 29242418146620, 2544
29242429128608, 29242429133276, 4668
29242487942960, 29242487947912, 4952
29242557818296, 29242557825588, 7292
29242627559328, 29242627567388, 8060
29242743281336, 29242743284516, 3180
29242870883164, 29242870886632, 3468
29242902721104, 29242902726404, 5300
29242974574128, 29242974581136, 7008
29243046388396, 29243046393820, 5424
29243106142612, 29243106148004, 5392
29243166031720, 29243166037084, 5364
29243495056020, 29243495059032, 3012
29243608746092, 29243608749096, 3004
29243754214788, 29243754216832, 2044
29243799812748, 29243799817804, 5056
29243919886048, 29243919890816, 4768
29244067314412, 29244067317572, 3160
29244179066128, 29244179068872, 2744
29244190131920, 29244190137352, 5432
29244232866644, 29244232874496, 7852
29244302706056, 29244302707908, 1852
29244414311520, 29244414314616, 3096
29244429100472, 29244429105444, 4972
29244542047608, 29244542050648, 3040
29245505191208, 29245505193592, 2384
29245533376944, 29245533382244, 5300
29245561584844, 29245561590360, 5516
29245589895480, 29245589900520, 5040
29245618067816, 29245618073116, 5300
29245646729856, 29245646734508, 4652
29245674913088, 29245674919160, 6072
29245782304784, 29245782307764, 2980
29245802255640, 29245802258728, 3088
29245858194852, 29245858202712, 7860
29245917955864, 29245917961292, 5428
29246095429672, 29246095489024, 59352
29246117442044, 29246117448972, 6928
29246205114944, 29246205117796, 2852
29246304878708, 29246304886688, 7980
29246956913272, 29246956916296, 3024
29246970542764, 29246970547688, 4924
29246984237612, 29246984242572, 4960
29247096630700, 29247096633276, 2576
29247184654368, 29247184659392, 5024
29247296024896, 29247296032192, 7296
29247437659488, 29247437666316, 6828
29247579207484, 29247579212228, 4744
29247776517336, 29247776520084, 2748
29247818371804, 29247818375500, 3696
29247862295856, 29247862303580, 7724
29247892274224, 29247892279532, 5308
29247932068972, 29247932074180, 5208
29247952110944, 29247952115448, 4504
29248001846468, 29248001853312, 6844
29248129658840, 29248129661608, 2768
29248257132652, 29248257135224, 2572
29248484582860, 29248484585532, 2672
29248596229024, 29248596231640, 2616
29248893274640, 29248893277400, 2760
29249006994140, 29249006996808, 2668
29249048931380, 29249048938820, 7440
29249146610248, 29249146612308, 2060
29249157678256, 29249157687120, 8864
29249188483336, 29249188488596, 5260
29249258378208, 29249258382560, 4352
29249328113864, 29249328121584, 7720
29249387876572, 29249387881256, 4684
29249447730636, 29249447734996, 4360
29249519520752, 29249519522744, 1992
29249567326736, 29249567333900, 7164
29249627203836, 29249627210640, 6804
29249764699692, 29249764702500, 2808
29249816590156, 29249816595216, 5060
29249938213648, 29249938216940, 3292
29250051875660, 29250051877784, 2124
29250163708964, 29250163711736, 2772
29250269434008, 29250269438856, 4848
29250410887444, 29250410892204, 4760
29250552535368, 29250552540908, 5540
29250779809408, 29250779812988, 3580
29250806735632, 29250806745188, 9556
29250807663568, 29250807665008, 1440
29250961352696, 29250961359516, 6820
29251114918492, 29251114925320, 6828
29251214615464, 29251214618192, 2728
29251268464596, 29251268469168, 4572
29251360176984, 29251360180192, 3208
29251473870600, 29251473873160, 2560
29251561720432, 29251561725824, 5392
29251748940552, 29251748943860, 3308
29251840700660, 29251840706280, 5620
29251910489972, 29251910497500, 7528
29251960315640, 29251960318640, 3000
29251980289992, 29251980297532, 7540
29252050066308, 29252050073496, 7188
29252119854592, 29252119862048, 7456
29252379134244, 29252379153664, 19420
29252438954204, 29252438961076, 6872
29252498794408, 29252498799768, 5360
29252774090272, 29252774093140, 2868
29252869694112, 29252869701332, 7220
29253017372264, 29253017375308, 3044
29228947245820, 29228947258328, 12508
29228962613712, 29228962623636, 9924
29228995868700, 29228995877760, 9060
29229011607824, 29229011615884, 8060
29233033590572, 29233033593348, 2776
29233149234096, 29233149239276, 5180
29233235009160, 29233235012196, 3036
29233282795480, 29233282800324, 4844
29233302712740, 29233302719788, 7048
29233394417700, 29233394419812, 2112
29233426385476, 29233426390868, 5392
29233456287516, 29233456294672, 7156
29233498159852, 29233498166808, 6956
29233569903236, 29233569910376, 7140
29233609871384, 29233609876348, 4964
29233641725256, 29233641731940, 6684
29233811301060, 29233811303024, 1964
29233819592128, 29233819597372, 5244
29234078388680, 29234078391580, 2900
29234089463832, 29234089469152, 5320
29234100641804, 29234100646384, 4580
29234111640684, 29234111643980, 3296
29234122776324, 29234122782064, 5740
29234182183400, 29234182190500, 7100
29234313733828, 29234313735812, 1984
29234324793348, 29234324798504, 5156
29234391498724, 29234391504564, 5840
29234461407188, 29234461414492, 7304
29234634872288, 29234634875032, 2744
29234772468960, 29234772475964, 7004
29234864091336, 29234864093988, 2652
29234933988896, 29234933994692, 5796
29234991796280, 29234991801416, 5136
29235089552336, 29235089555068, 2732
29235100579004, 29235100584024, 5020
29235145376964, 29235145384032, 7068
29235298943228, 29235298948884, 5656
29235368678952, 29235368686368, 7416
29235412705072, 29235412707828, 2756
29235600052752, 29235600055364, 2612
29235711665584, 29235711668260, 2676
29235837263372, 29235837268500, 5128
29236026713272, 29236026715164, 1892
29236216204584, 29236216211556, 6972
29236439513116, 29236439515740, 2624
29236450549220, 29236450554148, 4928
29236485478476, 29236485485736, 7260
29236555199236, 29236555206440, 7204
29236625035400, 29236625042620, 7220
29236694791268, 29236694798888, 7620
29236794532124, 29236794533936, 1812
29236872284328, 29236872288008, 3680
29236887021856, 29236887028048, 6192
29236904337828, 29236904340608, 2780
29236944079144, 29236944086692, 7548
29236973970376, 29236973977628, 7252
29237003880992, 29237003888160, 7168
29237043792616, 29237043799728, 7112
29237063778956, 29237063784432, 5476
29237113595408, 29237113601060, 5652
29237183411880, 29237183420036, 8156
29237402803852, 29237402806740, 2888
29237414398144, 29237414403560, 5416
29237462601128, 29237462608880, 7752
29237532479708, 29237532484148, 4440
29237602231976, 29237602237412, 5436
29237801619676, 29237801622780, 3104
29237812647808, 29237812653384, 5576
29237881300576, 29237881315888, 15312
29237951149908, 29237951154824, 4916
29238026912644, 29238026914880, 2236
29238090735168, 29238090742412, 7244
29238160581256, 29238160588308, 7052
29238230348600, 29238230353256, 4656
29238756783556, 29238756785976, 2420
29238767843432, 29238767848668, 5236
29238779047448, 29238779053320, 5872
29238790131208, 29238790135076, 3868
29238801219912, 29238801225240, 5328
29238812241728, 29238812246236, 4508
29238823348108, 29238823353188, 5080
29238834348120, 29238834352344, 4224
29238872436288, 29238872438820, 2532
29238928310652, 29238928315652, 5000
29238998141652, 29238998148848, 7196
29239043981116, 29239043983840, 2724
29239067965588, 29239067969908, 4320
29239097879264, 29239097884920, 5656
29239152178448, 29239152181484, 3036
29239277390660, 29239277393188, 2528
29239291273672, 29239291278572, 4900
29239436856064, 29239436860576, 4512
29239592399308, 29239592402016, 2708
29239600662208, 29239600667080, 4872
29239626328200, 29239626332896, 4696
29239672190952, 29239672195484, 4532
29239743952272, 29239743956968, 4696
29239815722280, 29239815730752, 8472
29239875505620, 29239875512960, 7340
29239953302472, 29239953305232, 2760
29240075027688, 29240075034632, 6944
29240733118600, 29240733122284, 3684
29240744168452, 29240744173640, 5188
29240755225988, 29240755231712, 5724
29240766254660, 29240766260296, 5636
29240777306336, 29240777313020, 6684
29240788300224, 29240788304544, 4320
29240799469768, 29240799474356, 4588
29240810476584, 29240810480532, 3948
29240821545528, 29240821550272, 4744
29240832537576, 29240832541340, 3764
29240882604192, 29240882608648, 4456
29240984401332, 29240984403584, 2252
29241022409260, 29241022414104, 4844
29241092036352, 29241092043964, 7612
29241161846464, 29241161853488, 7024
29241231777216, 29241231784072, 6856
29241301433112, 29241301440044, 6932
29241371227500, 29241371234464, 6964
29241443032512, 29241443034496, 1984
29241510821344, 29241510827000, 5656
29241580651900, 29241580657084, 5184
29241650482560, 29241650489424, 6864
29241720169188, 29241720176632, 7444
29241790039768, 29241790047452, 7684
29241849796044, 29241849800676, 4632
29241909584628, 29241909590936, 6308
29242168888928, 29242168891696, 2768
29242184926624, 29242184933760, 7136
29242266577236, 29242266580628, 3392
29242364278248, 29242364285824, 7576
29242495910620, 29242495913592, 2972
29242504154592, 29242504159920, 5328
29242525813120, 29242525820288, 7168
29242611584844, 29242611587656, 2812
29242687380012, 29242687388464, 8452
29242747234208, 29242747239068, 4860
29242824938892, 29242824941880, 2988
29242836909932, 29242836911136, 1204
29242906807956, 29242906814916, 6960
29242978505652, 29242978507632, 1980
29243048296680, 29243048298504, 1824
29243116130008, 29243116137332, 7324
29243185992752, 29243185999524, 6772
29243255783792, 29243255788468, 4676
29243325538928, 29243325543640, 4712
29243395449536, 29243395454240, 4704
29243784236512, 29243784239284, 2772
29243797896596, 29243797901476, 4880
29243811532800, 29243811538432, 5632
29244075296840, 29244075300300, 3460
29244186991908, 29244186994348, 2440
29244400443968, 29244400445800, 1832
29244482152108, 29244482159984, 7876
29244541998184, 29244542002764, 4580
29244601787352, 29244601794900, 7548
29244667721496, 29244667724608, 3112
29244819172804, 29244819179544, 6740
29244992624612, 29244992627188, 2576
29245104371128, 29245104374252, 3124
29245120322372, 29245120326728, 4356
29245218010080, 29245218012924, 2844
29245271946224, 29245271953032, 6808
29245309919112, 29245309923624, 4512
29245343668444, 29245343676176, 7732
29245425508352, 29245425511076, 2724
29245499244612, 29245499252912, 8300
29245569088732, 29245569090652, 1920
29245618912032, 29245618919300, 7268
29245678730328, 29245678737560, 7232
29245776325004, 29245776328188, 3184
29245846121132, 29245846128332, 7200
29245993832320, 29245993834240, 1920
29246002106476, 29246002111188, 4712
29246061537224, 29246061542408, 5184
29246133472220, 29246133479320, 7100
29246211133152, 29246211135716, 2564
29246320862788, 29246320865336, 2548
29246464338440, 29246464340476, 2036
29246552143188, 29246552147816, 4628
29246707654784, 29246707657756, 2972
29246819337192, 29246819340264, 3072
29246887208676, 29246887213784, 5108
29247048762352, 29247048765064, 2712
29247162337544, 29247162340032, 2488
29247305938232, 29247305939976, 1744
29247351488116, 29247351493752, 5636
29247473593932, 29247473599424, 5492
29247595076636, 29247595078600, 1964
29247609753208, 29247609758192, 4984
29247722758120, 29247722760940, 2820
29247770546688, 29247770549460, 2772
29247890190792, 29247890197612, 6820
29248033772264, 29248033775396, 3132
29248133562136, 29248133564892, 2756
29248245193124, 29248245196148, 3024
29248350948012, 29248350955184, 7172
29248504445064, 29248504450412, 5348
29248658046676, 29248658052320, 5644
29249571436012, 29249571438932, 2920
29249617051784, 29249617057164, 5380
29249663379948, 29249663385116, 5168
29249709131536, 29249709136408, 4872
29249755052212, 29249755057580, 5368
29249800689288, 29249800693992, 4704
29249846532388, 29249846536728, 4340
29249892602552, 29249892608640, 6088
29249938235520, 29249938241892, 6372
29249983758016, 29249983763740, 5724
29250199515880, 29250199519308, 3428
29250313133824, 29250313136596, 2772
29250324241540, 29250324247488, 5948
29250375243908, 29250375251244, 7336
29250444797920, 29250444805184, 7264
29250514550068, 29250514557464, 7396
29250636229852, 29250636232784, 2932
29250749896624, 29250749899616, 2992
29250763942100, 29250763950124, 8024
29250809514612, 29250809530612, 16000
29250895462440, 29250895467020, 4580
29250993252644, 29250993256860, 4216
29251027114728, 29251027120696, 5968
29251158834780, 29251158842776, 7996
29251182697188, 29251182704488, 7300
29251230583328, 29251230590380, 7052
29251758897836, 29251758900644, 2808
29251804316052, 29251804320856, 4804
29251849915444, 29251849920472, 5028
29251895819644, 29251895824376, 4732
29251941326864, 29251941331752, 4888
29251986881172, 29251986885756, 4584
29252079970996, 29252079978064, 7068
29252211616624, 29252211623152, 6528
29252343252472, 29252343258380, 5908
29252548710676, 29252548713836, 3160
29252636668436, 29252636673408, 4972
29252724775376, 29252724781576, 6200
29252979394900, 29252979397824, 2924
29252990413648, 29252990418664, 5016
29253001518988, 29253001523428, 4440
29233504080000, 29233504083264, 3264
29233504097456, 29233504102052, 4596
29233532341640, 29233532347888, 6248
29233560515032, 29233560520488, 5456
29233645700884, 29233645703660, 2776
29233803257544, 29233803264032, 6488
29233974710672, 29233974713448, 2776
29234070455916, 29234070460736, 4820
29234223982680, 29234223990748, 8068
29234333648768, 29234333651904, 3136
29234377520872, 29234377528648, 7776
29234511209144, 29234511216744, 7600
29234531087728, 29234531095624, 7896
29234600888288, 29234600895944, 7656
29234670748160, 29234670756264, 8104
29234700659932, 29234700666452, 6520
29234730508348, 29234730516088, 7740
29234890033624, 29234890041020, 7396
29235079543688, 29235079548888, 5200
29235161730028, 29235161732908, 2880
29235268967040, 29235268975144, 8104
29235348749968, 29235348754604, 4636
29235474417172, 29235474420100, 2928
29235602017364, 29235602019968, 2604
29235690218392, 29235690223596, 5204
29235827282556, 29235827290024, 7468
29235968990948, 29235968995536, 4588
29236110589120, 29236110593840, 4720
29236321912752, 29236321915876, 3124
29236433546028, 29236433598056, 52028
29236549211408, 29236549217940, 6532
29237009877904, 29237009882032, 4128
29237021985268, 29237021990516, 5248
29237123703464, 29237123709360, 5896
29237797614844, 29237797617656, 2812
29237843181332, 29237843186808, 5476
29237888919236, 29237888924492, 5256
29237934953420, 29237934959228, 5808
29237980921860, 29237980927008, 5148
29238026793868, 29238026799068, 5200
29238128719664, 29238128724000, 4336
29238260247752, 29238260256020, 8268
29238320048864, 29238320053524, 4660
29238441807512, 29238441809636, 2124
29238456499084, 29238456505024, 5940
29238499635196, 29238499642364, 7168
29239287286688, 29239287290172, 3484
29239456871132, 29239456876792, 5660
29239516649332, 29239516656900, 7568
29239576450964, 29239576457568, 6604
29239851558420, 29239851561368, 2948
29239963286632, 29239963289616, 2984
29239995231512, 29239995236796, 5284
29240055020748, 29240055027480, 6732
29240376113916, 29240376117336, 3420
29240499748000, 29240499755168, 7168
29240774888292, 29240774890924, 2632
29240789525888, 29240789530520, 4632
29240804189872, 29240804195276, 5404
29240818915828, 29240818920764, 4936
29240833533780, 29240833537664, 3884
29241445003408, 29241445009680, 6272
29241594582416, 29241594589536, 7120
29241748059048, 29241748066872, 7824
29241901637800, 29241901642828, 5028
29242055192788, 29242055198972, 6184
29242208797944, 29242208804724, 6780
29242286491656, 29242286495216, 3560
29242340349012, 29242340356536, 7524
29242472099504, 29242472104552, 5048
29242603605788, 29242603612424, 6636
29243187920528, 29243187925208, 4680
29243200023912, 29243200028640, 4728
29243212305380, 29243212310440, 5060
29243261687956, 29243261689856, 1900
29243405331548, 29243405339444, 7896
29243473262388, 29243473264508, 2120
29243488012208, 29243488021104, 8896
29243614767512, 29243614772692, 5180
29243756219380, 29243756225852, 6472
29244188965092, 29244188967940, 2848
29244215868548, 29244215873748, 5200
29244358466328, 29244358472804, 6476
29244545961468, 29244545964124, 2656
29244661578460, 29244661587220, 8760
29245014637860, 29245014640796, 2936
29245104386516, 29245104394240, 7724
29245259865484, 29245259868048, 2564
29245469343484, 29245469346896, 3412
29245583100540, 29245583103464, 2924
29245630775640, 29245630782956, 7316
29245762409084, 29245762416404, 7320
29245925919872, 29245925922768, 2896
29246079471668, 29246079478536, 6868
29246217058596, 29246217062008, 3412
29246241073256, 29246241080632, 7376
29246324778744, 29246324780924, 2180
29246348689236, 29246348694316, 5080
29246402572064, 29246402579524, 7460
29246490267228, 29246490270392, 3164
29246516212004, 29246516219416, 7412
29246564233952, 29246564239256, 5304
29246576044540, 29246576051744, 7204
29246705730236, 29246705732104, 1868
29246714014136, 29246714018836, 4700
29246779509552, 29246779516968, 7416
29246821301188, 29246821303840, 2652
29246851285068, 29246851290156, 5088
29246923216456, 29246923221264, 4808
29246994865204, 29246994871088, 5884
29247054639972, 29247054647688, 7716
29247114535108, 29247114542580, 7472
29247234209204, 29247234212084, 2880
29247371814640, 29247371819872, 5232
29247561258628, 29247561260848, 2220
29247694870968, 29247694876168, 5200
29247856313224, 29247856321412, 8188
29247989997716, 29247990001064, 3348
29248071720224, 29248071725964, 5740
29248203363624, 29248203365584, 1960
29248218017224, 29248218023008, 5784
29248331001220, 29248331003400, 2180
29248345683184, 29248345688592, 5408
29248370814672, 29248370822268, 7596
29248558292012, 29248558295356, 3344
29248719803088, 29248719810804, 7716
29248909278896, 29248909286204, 7308
29249168498248, 29249168500920, 2672
29249220446076, 29249220453676, 7600
29249292143668, 29249292150944, 7276
29249363955624, 29249363962612, 6988
29249435733572, 29249435740964, 7392
29249575345948, 29249575347832, 1884
29249583597712, 29249583602536, 4824
29249651120484, 29249651127528, 7044
29249722843824, 29249722851580, 7756
29250193474700, 29250193478096, 3396
29250237438636, 29250237441256, 2620
29250347117136, 29250347124356, 7220
29250424869052, 29250424870616, 1564
29250500641880, 29250500648228, 6348
29250614415120, 29250614421968, 6848
29250632293664, 29250632300312, 6648
29251060991824, 29251060995220, 3396
29251073162920, 29251073168612, 5692
29251122836800, 29251122842040, 5240
29251302299488, 29251302308120, 8632
29251374056384, 29251374090320, 33936
29251435889404, 29251435892220, 2816
29251485853684, 29251485856672, 2988
29251575517728, 29251575524932, 7204
29251661350168, 29251661353000, 2832
29251746966236, 29251746969584, 3348
29251834431956, 29251834436948, 4992
29251968307908, 29251968315332, 7424
29252109909940, 29252109917320, 7380
29252251621860, 29252251627228, 5368
29252470940392, 29252470943852, 3460
29252536711820, 29252536714404, 2584
29252698215964, 29252698220788, 4824
29252847854312, 29252847857292, 2980
29252959535388, 29252959542896, 7508
29232997635140, 29232997637940, 2800
29233175262652, 29233175270492, 7840
29233234957068, 29233234962064, 4996
29233294807588, 29233294809240, 1652
29233408412108, 29233408415288, 3180
29233534008636, 29233534016820, 8184
29233593846212, 29233593853360, 7148
29233653655488, 29233653660828, 5340
29233992665004, 29233992667756, 2752
29234012600656, 29234012608528, 7872
29234106335064, 29234106337932, 2868
29234251922668, 29234251929544, 6876
29234618820624, 29234618823368, 2744
29234790356216, 29234790362228, 6012
29234850171488, 29234850179072, 7584
29234910119688, 29234910124596, 4908
29235033707788, 29235033709916, 2128
29235048552380, 29235048558180, 5800
29235089512468, 29235089517200, 4732
29235163288576, 29235163290684, 2108
29235209334020, 29235209338868, 4848
29235474388584, 29235474391932, 3348
29235600030804, 29235600033912, 3108
29235727688908, 29235727691812, 2904
29235741554584, 29235741558556, 3972
29235867175152, 29235867180444, 5292
29235903086468, 29235903091312, 4844
29236064647456, 29236064654964, 7508
29236226265516, 29236226273312, 7796
29236286003036, 29236286009692, 6656
29236441501264, 29236441504484, 3220
29236465491528, 29236465498640, 7112
29236525363560, 29236525368340, 4780
29236858363852, 29236858366536, 2684
29236987947724, 29236987954596, 6872
29237141516612, 29237141523792, 7180
29237295113900, 29237295118640, 4740
29237386815968, 29237386818940, 2972
29237526393800, 29237526401432, 7632
29237668025252, 29237668030620, 5368
29237809533748, 29237809540844, 7096
29238028879320, 29238028881564, 2244
29238116680516, 29238116686484, 5968
29238234278620, 29238234283484, 4864
29239783802228, 29239783805444, 3216
29239811999684, 29239812005652, 5968
29239840040156, 29239840046120, 5964
29239868257472, 29239868263420, 5948
29239896429648, 29239896434532, 4884
29239925242344, 29239925247560, 5216
29239953479952, 29239953485268, 5316
29239981520380, 29239981525536, 5156
29240009661128, 29240009666676, 5548
29240037732864, 29240037737972, 5108
29240065960700, 29240065965204, 4504
29240413990124, 29240413992200, 2076
29240442250692, 29240442256740, 6048
29240470369692, 29240470375292, 5600
29240587567068, 29240587574204, 7136
29240749089372, 29240749096340, 6968
29240777119916, 29240777133924, 14008
29240910517384, 29240910525084, 7700
29240952454828, 29240952463068, 8240
29241012312260, 29241012317124, 4864
29241596573856, 29241596575896, 2040
29241611253340, 29241611258388, 5048
29241625996604, 29241626001636, 5032
29241640866356, 29241640871700, 5344
29241656037296, 29241656041440, 4144
29241670765676, 29241670772112, 6436
29241685501764, 29241685506468, 4704
29241700277440, 29241700281616, 4176
29241714927884, 29241714931996, 4112
29241729717928, 29241729723900, 5972
29241744502844, 29241744508160, 5316
29241759272960, 29241759278432, 5472
29242270532072, 29242270535200, 3128
29242362361808, 29242362366368, 4560
29242515819472, 29242515826756, 7284
29242669434260, 29242669441368, 7108
29242822990808, 29242822995952, 5144
29242996529144, 29242996531876, 2732
29243084198392, 29243084203524, 5132
29243271691596, 29243271693848, 2252
29243359252088, 29243359257092, 5004
29243524935532, 29243524938468, 2936
29243535988516, 29243535994192, 5676
29243604829204, 29243604836284, 7080
29243674532544, 29243674540448, 7904
29243744394040, 29243744400784, 6744
29243770165776, 29243770168276, 2500
29243814047000, 29243814054664, 7664
29243883852108, 29243883857284, 5176
29243943653476, 29243943660252, 6776
29244003552424, 29244003559548, 7124
29244063428460, 29244063435524, 7064
29244123249952, 29244123256876, 6924
29244192936624, 29244192938740, 2116
29244242900504, 29244242905656, 5152
29244406383772, 29244406386420, 2648
29244551921408, 29244551926108, 4700
29244741378900, 29244741386472, 7572
29244930928756, 29244930934448, 5692
29245020623008, 29245020625784, 2776
29245126258988, 29245126266212, 7224
29245279915968, 29245279921912, 5944
29245349749900, 29245349754736, 4836
29245419481652, 29245419489044, 7392
29245489221896, 29245489229016, 7120
29245568974880, 29245568977224, 2344
29245628913816, 29245628918500, 4684
29245698628424, 29245698633680, 5256
29245768352212, 29245768359372, 7160
29245838171584, 29245838178112, 6528
29245907983600, 29245907990212, 6612
29245977928220, 29245977935740, 7520
29246037608796, 29246037615988, 7192
29246504218380, 29246504221440, 3060
29246635879040, 29246635886656, 7616
29246695686464, 29246695694140, 7676
29246755510204, 29246755517704, 7500
29246819348516, 29246819350468, 1952
29246875217344, 29246875221920, 4576
29246935071008, 29246935072896, 1888
29247248080256, 29247248083316, 3060
29247303934560, 29247303940800, 6240
29247373719616, 29247373721472, 1856
29247443553960, 29247443561448, 7488
29247513307264, 29247513314380, 7116
29247585209356, 29247585211388, 2032
29247652935584, 29247652943856, 8272
29247760596424, 29247760598488, 2064
29247775404268, 29247775409356, 5088
29247832440504, 29247832447536, 7032
29248195351160, 29248195354432, 3272
29248287078948, 29248287083896, 4948
29248428629056, 29248428634440, 5384
29248570217292, 29248570224536, 7244
29248711838556, 29248711844524, 5968
29248853475340, 29248853479932, 4592
29248994998448, 29248995005944, 7496
29249136558724, 29249136564552, 5828
29249278201916, 29249278208748, 6832
29249419761340, 29249419765968, 4628
29249561492832, 29249561497376, 4544
29249702981800, 29249702988196, 6396
29249844524740, 29249844532188, 7448
29249986170416, 29249986176316, 5900
29250301265672, 29250301268280, 2608
29250369029768, 29250369037512, 7744
29250817694856, 29250817697760, 2904
29250863543352, 29250863551020, 7668
29250933365124, 29250933371052, 5928
29251003178204, 29251003182984, 4780
29251072966784, 29251072974256, 7472
29251142802684, 29251142807332, 4648
29251212708772, 29251212715868, 7096
29251282403496, 29251282410880, 7384
29251352212704, 29251352214348, 1644
29251430055740, 29251430057892, 2152
29251463864144, 29251463866512, 2368
29251491749996, 29251491757076, 7080
29251517715372, 29251517720444, 5072
29251561613804, 29251561620332, 6528
29251589478664, 29251589483344, 4680
29251631386636, 29251631392724, 6088
29251701203000, 29251701207732, 4732
29251743005900, 29251743008540, 2640
29251770947052, 29251770951748, 4696
29251882541916, 29251882543620, 1704
29252036138208, 29252036142916, 4708
29252189755788, 29252189763744, 7956
29252259609924, 29252259615392, 5468
29252409145836, 29252409148648, 2812
29252558669608, 29252558677408, 7800
29252618501168, 29252618508716, 7548
29252678297744, 29252678305728, 7984
29252800019300, 29252800021232, 1932
29252814708616, 29252814713772, 5156
29252857739912, 29252857747460, 7548
29252917643112, 29252917648284, 5172
29252977406760, 29252977412096, 5336
29231003178228, 29231003183572, 5344
29231003230440, 29231003233204, 2764
29231003281424, 29231003283800, 2376
29231003332588, 29231003335260, 2672
29231003365112, 29231003368148, 3036
29231003393412, 29231003395888, 2476
29231003420788, 29231003423992, 3204
29231003454484, 29231003456928, 2444
29231003548836, 29231003551336, 2500
29232995923404, 29232995928516, 5112
29232995944252, 29232995956728, 12476
29233055453616, 29233055458768, 5152
29233115264580, 29233115269952, 5372
29233185066080, 29233185073332, 7252
29233374757204, 29233374761524, 4320
29233563941032, 29233563945864, 4832
29233753358948, 29233753365888, 6940
29233942928264, 29233942935732, 7468
29234012694308, 29234012696832, 2524
29234126274468, 29234126286788, 12320
29234287849612, 29234287858260, 8648
29234359564824, 29234359572004, 7180
29234800291960, 29234800294832, 2872
29234808538124, 29234808542428, 4304
29234816812080, 29234816815888, 3808
29234825089988, 29234825094804, 4816
29234833373280, 29234833377196, 3916
29234841645444, 29234841651536, 6092
29234862125328, 29234862130632, 5304
29235249053964, 29235249057280, 3316
29235260093732, 29235260098660, 4928
29235474442568, 29235474445340, 2772
29235647850772, 29235647859052, 8280
29235717672556, 29235717680424, 7868
29235787481000, 29235787482944, 1944
29235857294424, 29235857299228, 4804
29235927045476, 29235927053388, 7912
29235986830836, 29235986838308, 7472
29236481473340, 29236481475864, 2524
29236585225528, 29236585233808, 8280
29236645048980, 29236645056248, 7268
29236704754244, 29236704761988, 7744
29236964067020, 29236964069712, 2692
29237033906056, 29237033912820, 6764
29237195398600, 29237195405532, 6932
29237356970832, 29237356977824, 6992
29237518527012, 29237518529632, 2620
29237574226876, 29237574230584, 3708
29237590282936, 29237590290392, 7456
29237662056476, 29237662064572, 8096
29237721865432, 29237721870412, 4980
29237781627480, 29237781629672, 2192
29237841424556, 29237841431360, 6804
29237901327052, 29237901334780, 7728
29237961066980, 29237961073864, 6884
29238407961524, 29238407964292, 2768
29238553415892, 29238553417856, 1964
29238655173556, 29238655180512, 6956
29238786712268, 29238786719840, 7572
29239775838676, 29239775841180, 2504
29239821354840, 29239821361212, 6372
29239866846388, 29239866851124, 4736
29239912876004, 29239912880800, 4796
29239958423408, 29239958427960, 4552
29240003891136, 29240003896276, 5140
29240049374592, 29240049379140, 4548
29240095007600, 29240095012764, 5164
29240140626480, 29240140631628, 5148
29240186772684, 29240186777904, 5220
29240441899140, 29240441901284, 2144
29240487503812, 29240487509704, 5892
29240533250312, 29240533255768, 5456
29240629415132, 29240629422152, 7020
29240760941440, 29240760946508, 5068
29240904556904, 29240904558892, 1988
29241024233300, 29241024238556, 5256
29241155842552, 29241155848140, 5588
29241620493308, 29241620495536, 2228
29241666712312, 29241666718108, 5796
29241712202964, 29241712209068, 6104
29241757700176, 29241757703924, 3748
29241813882364, 29241813889436, 7072
29241945526824, 29241945534448, 7624
29242077107692, 29242077115076, 7384
29242376236640, 29242376239564, 2924
29242468053184, 29242468060152, 6968
29242657514496, 29242657521312, 6816
29242846862460, 29242846869992, 7532
29243036453116, 29243036460048, 6932
29243050112748, 29243050124044, 11296
29243118164308, 29243118172400, 8092
29243189918240, 29243189923780, 5540
29243225825296, 29243225833056, 7760
29243261798204, 29243261803296, 5092
29243285630244, 29243285637628, 7384
29243345495824, 29243345502356, 6532
29243534914436, 29243534917528, 3092
29243548870160, 29243548877904, 7744
29243620658076, 29243620665436, 7360
29243692516384, 29243692522664, 6280
29243778211788, 29243778213836, 2048
29243836035988, 29243836043000, 7012
29243907787572, 29243907794712, 7140
29243987551796, 29243987553624, 1828
29244095236992, 29244095239216, 2224
29244147159980, 29244147161916, 1936
29244194934928, 29244194942316, 7388
29244266783048, 29244266791044, 7996
29244338683660, 29244338690828, 7168
29244406524596, 29244406527784, 3188
29244442277944, 29244442285124, 7180
29244516096548, 29244516098232, 1684
29244557877940, 29244557880568, 2628
29244581849576, 29244581862832, 13256
29244625819320, 29244625820940, 1620
29244651646864, 29244651654848, 7984
29244697515948, 29244697523580, 7632
29244721445440, 29244721452868, 7428
29244769414972, 29244769419696, 4724
29244781247652, 29244781254692, 7040
29244867013500, 29244867015648, 2148
29244912937132, 29244912945040, 7908
29244984694132, 29244984701184, 7052
29245074404444, 29245074407172, 2728
29245085498176, 29245085502864, 4688
29245140292508, 29245140298512, 6004
29245561092444, 29245561095196, 2752
29245688722972, 29245688729812, 6840
29245878153728, 29245878155672, 1944
29245977802480, 29245977805380, 2900
29246067465948, 29246067472880, 6932
29246097414444, 29246097425160, 10716
29246189211096, 29246189212984, 1888
29246217049592, 29246217056404, 6812
29246257113480, 29246257119468, 5988
29246304810280, 29246304812072, 1792
29246326765552, 29246326770764, 5212
29246396595312, 29246396602788, 7476
29246466350596, 29246466357640, 7044
29246536197104, 29246536204052, 6948
29246605985112, 29246605991868, 6756
29246675772448, 29246675777224, 4776
29246745560280, 29246745567068, 6788
29246819354264, 29246819356364, 2100
29246885154836, 29246885161648, 6812
29246954985748, 29246954993512, 7764
29247024762136, 29247024769788, 7652
29247094529628, 29247094536920, 7292
29247164326480, 29247164334468, 7988
29247234161364, 29247234169840, 8476
29247293981112, 29247293988164, 7052
29247377700452, 29247377702616, 2164
29247413725884, 29247413733268, 7384
29247593108380, 29247593110976, 2596
29247772528328, 29247772535364, 7036
29247962072596, 29247962074504, 1908
29248151460840, 29248151468276, 7436
29248275058588, 29248275061460, 2872
29248340888268, 29248340896872, 8604
29248430622892, 29248430631580, 8688
29248490448484, 29248490455628, 7144
29248550317312, 29248550324544, 7232
29248669943988, 29248669946072, 2084
29248684591656, 29248684597516, 5860
29248729781008, 29248729801612, 20604
29249204400436, 29249204403236, 2800
29249310111932, 29249310116736, 4804
29249471596008, 29249471602796, 6788
29249633139444, 29249633147484, 8040
29249794761864, 29249794769708, 7844
29250753967484, 29250753970348, 2864
29250762239176, 29250762244880, 5704
29250770488084, 29250770492624, 4540
29250778902832, 29250778908028, 5196
29250787181964, 29250787185212, 3248
29250795523172, 29250795530124, 6952
29250803770256, 29250803774736, 4480
29250811990220, 29250811994352, 4132
29250820275972, 29250820282012, 6040
29250828501952, 29250828505924, 3972
29250836826784, 29250836831600, 4816
29250845029980, 29250845034680, 4700
29250853262700, 29250853267364, 4664
29250861680224, 29250861685696, 5472
29250871558428, 29250871563720, 5292
29250943376176, 29250943378544, 2368
29251015260492, 29251015267216, 6724
29251086970680, 29251086977284, 6604
29251739077632, 29251739080672, 3040
29251804857000, 29251804864124, 7124
29251876673688, 29251876680580, 6892
29251948444592, 29251948451876, 7284
29252020140740, 29252020148552, 7812
29252091947068, 29252091954780, 7712
29252163784488, 29252163792040, 7552
29252235553044, 29252235560424, 7380
29252307430304, 29252307437504, 7200
29252560670512, 29252560672584, 2072
29252568897828, 29252568902204, 4376
29252577111128, 29252577114992, 3864
29252594523368, 29252594528428, 5060
29252666364556, 29252666372228, 7672
29252823947848, 29252823949648, 1800
29252832232148, 29252832237016, 4868
29252881691164, 29252881698620, 7456
29252953493344, 29252953500424, 7080
