17286639137236, 17286639144264, 7028
17288629615300, 17288629618680, 3380
17288629656224, 17288629659820, 3596
17290624399064, 17290624408404, 9340
17291346682898, 17291346691878, 8980
17292068880432, 17292068885180, 4748
17292791186624, 17292791194212, 7588
17293513473724, 17293513506296, 32572
17294235663304, 17294235668056, 4752
17294957971538, 17294957978904, 7366
17295680179298, 17295680188704, 9406
17296402446876, 17296402452548, 5672
17297124750252, 17297124758884, 8632
17297846968298, 17297846975924, 7626
17298569234608, 17298569239112, 4504
17299291540192, 17299291547692, 7500
17300013754218, 17300013786676, 32458
17300736019040, 17300736023756, 4716
17301458326812, 17301458334372, 7560
17302180537698, 17302180544832, 7134
17302902799948, 17302902805604, 5656
17303625031304, 17303625041038, 9734
17304347324238, 17304347378040, 53802
17305069586280, 17305069590128, 3848
17305791822378, 17305791830224, 7846
17306514086728, 17306514091184, 4456
17307236392938, 17307236400232, 7294
17307958607212, 17307958614298, 7086
17308680872412, 17308680876756, 4344
17309403180958, 17309403211704, 30746
17310125390372, 17310125397632, 7260
17310847652472, 17310847658476, 6004
17286639133072, 17286639140620, 7548
17290630390352, 17290630395798, 5446
17291733674908, 17291733679800, 4892
17292843043156, 17292843047804, 4648
17293952336324, 17293952341372, 5048
17295061704072, 17295061708248, 4176
17296171016472, 17296171023798, 7326
17297280365964, 17297280370320, 4356
17298389682904, 17298389690104, 7200
17299499026540, 17299499030948, 4408
17300608343272, 17300608351924, 8652
17301717616192, 17301717620636, 4444
17302826996292, 17302827005592, 9300
17303936272520, 17303936278244, 5724
17305045657144, 17305045666158, 9014
17306154933608, 17306154939776, 6168
17307264301884, 17307264307524, 5640
17308373596848, 17308373602776, 5928
17309482964020, 17309482970316, 6296
17310592276584, 17310592286678, 10094
