146348907485800, 146348907498640, 12840
146349605759196, 146349605771820, 12624
146350028692852, 146350028703060, 10208
146350888716016, 146350888727792, 11776
146351378231052, 146351378241504, 10452
146352171518972, 146352171530400, 11428
146352957752676, 146352957763524, 10848
146353448782476, 146353448792332, 9856
146353663588712, 146353663597140, 8428
146354348308560, 146354348319448, 10888
146355000743376, 146355000754556, 11180
146355490611100, 146355490620504, 9404
146356175887912, 146356175899384, 11472
146356740623088, 146356740635112, 12024
146356956568492, 146356956579132, 10640
146358476367188, 146358476371732, 4544
146360064509880, 146360064520544, 10664
146360651200428, 146360651211084, 10656
146361273301996, 146361273312644, 10648
146361403273480, 146361403284592, 11112
146362127542408, 146362127553148, 10740
146362239246044, 146362239256200, 10156
146363019448192, 146363019459276, 11084
146363524170568, 146363524181792, 11224
146363939272840, 146363939283668, 10828
146364498763336, 146364498773512, 10176
146365092507940, 146365092519524, 11584
146365704914564, 146365704925260, 10696
146365946408228, 146365946420472, 12244
146366552883136, 146366552895000, 11864
146366993849280, 146366993860384, 11104
146367582461744, 146367582472152, 10408
146368572018824, 146368572029856, 11032
146349045207156, 146349045217748, 10592
146349699542624, 146349699546948, 4324
146351000503148, 146351000513680, 10532
146351832363536, 146351832368468, 4932
146352239138640, 146352239148104, 9464
146353043471396, 146353043475424, 4028
146355006837884, 146355006849608, 11724
146355593811832, 146355593821764, 9932
146355809050880, 146355809058356, 7476
146356598868896, 146356598879028, 10132
146357103651400, 146357103663260, 11860
146357782018040, 146357782028892, 10852
146358362631040, 146358362642560, 11520
146358927251880, 146358927263312, 11432
146360519417936, 146360519427784, 9848
146361102121156, 146361102131848, 10692
146361560928920, 146361560940560, 11640
146362127546992, 146362127558156, 11164
146362487753712, 146362487763676, 9964
146363103180340, 146363103191668, 11328
146363911242624, 146363911253644, 11020
146364532732120, 146364532743076, 10956
146365192175100, 146365192186440, 11340
146365597644224, 146365597654212, 9988
146366345406492, 146366345418060, 11568
146367101600984, 146367101612548, 11564
146367567092612, 146367567102416, 9804
146368254812016, 146368254822580, 10564
146368761651260, 146368761662792, 11532
146369121061048, 146369121083676, 22628
146369864925420, 146369864936892, 11472
146349037325556, 146349037340368, 14812
146349875114904, 146349875127336, 12432
146350786984776, 146350786996660, 11884
146351271591236, 146351271601380, 10144
146351486655236, 146351486663616, 8380
146352203452840, 146352203464068, 11228
146352690075664, 146352690085476, 9812
146353260921684, 146353260932856, 11172
146355012694176, 146355012706188, 12012
146358961185044, 146358961195700, 10656
146359745358636, 146359745370652, 12016
146360399722584, 146360399733552, 10968
146361008242012, 146361008253740, 11728
146362013923904, 146362013928604, 4700
146362503050348, 146362503060392, 10044
146363025382608, 146363025393740, 11132
146363695765864, 146363695777296, 11432
146364284135316, 146364284145416, 10100
146365343803684, 146365343815364, 11680
146366345426396, 146366345438088, 11692
146366810707532, 146366810717200, 9668
146367103577888, 146367103589828, 11940
146367692113584, 146367692123836, 10252
146368083307072, 146368083318800, 11728
146368775502780, 146368775513484, 10704
146370287976396, 146370287987648, 11252
146346869796632, 146346869806988, 10356
146346869843136, 146346869850644, 7508
146346869878000, 146346869884864, 6864
146346869909984, 146346869917008, 7024
146346870008608, 146346870015592, 6984
146346870060460, 146346870067540, 7080
146346870124524, 146346870131884, 7360
146346870168336, 146346870175292, 6956
146346870205132, 146346870211972, 6840
146346870315564, 146346870322892, 7328
146346870387872, 146346870394920, 7048
146348863882172, 146348863897736, 15564
146348863915336, 146348863922988, 7652
146348863936272, 146348863943300, 7028
146348863955400, 146348863962412, 7012
146348863975632, 146348863982428, 6796
146349589800868, 146349589812936, 12068
146350316010488, 146350316014996, 4508
146351042255344, 146351042259640, 4296
146351768509680, 146351768520164, 10484
146352233836648, 146352233846724, 10076
146352449098040, 146352449106620, 8580
146353284851960, 146353284856092, 4132
146353644528800, 146353644539304, 10504
146354404176280, 146354404188300, 12020
146355024763984, 146355024775812, 11828
146355508705332, 146355508715304, 9972
146355966369556, 146355966381916, 12360
146356554970616, 146356554982472, 11856
146357039397704, 146357039408464, 10760
146357789988904, 146357790001012, 12108
146359005054636, 146359005064740, 10104
146360467551460, 146360467562668, 11208
146360956907632, 146360956917884, 10252
146361444458424, 146361444468784, 10360
146362055737128, 146362055749124, 11996
146362708165004, 146362708174864, 9860
146363292735052, 146363292745608, 10556
146363751708760, 146363751720128, 11368
146364246435300, 146364246446452, 11152
146364992773952, 146364992785236, 11284
146366419224556, 146366419229012, 4456
146367255206692, 146367255218348, 11656
146368153025788, 146368153037484, 11696
146368669815232, 146368669826340, 11108
146369256386660, 146369256398276, 11616
146369751199284, 146369751215340, 16056
