146344818405820, 146344818414316, 8496
146344835318972, 146344835327768, 8796
146348907482104, 146348907485580, 3476
146349605757196, 146349605758984, 1788
146350028689344, 146350028692636, 3292
146350888713172, 146350888715804, 2632
146351378220532, 146351378230836, 10304
146352171515420, 146352171518776, 3356
146352957749392, 146352957752484, 3092
146353448772672, 146353448782268, 9596
146353663580304, 146353663588508, 8204
146354348305244, 146354348308368, 3124
146355000739728, 146355000743184, 3456
146355490601552, 146355490610868, 9316
146356175884292, 146356175887712, 3420
146356740619676, 146356740622868, 3192
146356956557972, 146356956568268, 10296
146358476351920, 146358476366968, 15048
146360064505824, 146360064509660, 3836
146360651197188, 146360651200216, 3028
146361273292588, 146361273301780, 9192
146361403271192, 146361403273268, 2076
146362127538948, 146362127542192, 3244
146362239244084, 146362239245856, 1772
146363019445000, 146363019447996, 2996
146363524167708, 146363524170376, 2668
146363939269680, 146363939272652, 2972
146364498752616, 146364498763136, 10520
146365092502952, 146365092507728, 4776
146365704911280, 146365704914348, 3068
146365946404000, 146365946408004, 4004
146366552880120, 146366552882948, 2828
146366993846256, 146366993849064, 2808
146367582451696, 146367582461532, 9836
146368572015660, 146368572018488, 2828
146369193995488, 146369194001484, 5996
146344860728380, 146344860736456, 8076
146349045203704, 146349045206836, 3132
146349699536096, 146349699542328, 6232
146351000498804, 146351000502836, 4032
146351405828676, 146351405835352, 6676
146351832356048, 146351832363228, 7180
146352239123080, 146352239138440, 15360
146353043464692, 146353043471212, 6520
146355006834732, 146355006837660, 2928
146355593803368, 146355593811616, 8248
146355809042936, 146355809050664, 7728
146356598865788, 146356598868696, 2908
146357103646148, 146357103651204, 5056
146357782014372, 146357782017824, 3452
146358362627692, 146358362630824, 3132
146358927248460, 146358927251684, 3224
146360519414372, 146360519417744, 3372
146361102118108, 146361102120940, 2832
146361560925816, 146361560928704, 2888
146362127538760, 146362127546776, 8016
146362487744076, 146362487753504, 9428
146363103177088, 146363103180144, 3056
146363911234872, 146363911242436, 7564
146364532715724, 146364532731904, 16180
146365192167212, 146365192174908, 7696
146365597616580, 146365597644020, 27440
146366345403236, 146366345406300, 3064
146367101597556, 146367101600792, 3236
146367567082560, 146367567092416, 9856
146368254809252, 146368254811796, 2544
146368761648312, 146368761651040, 2728
146369121051384, 146369121060848, 9464
146369864917180, 146369864925148, 7968
146344852050920, 146344852059420, 8500
146349037322092, 146349037325368, 3276
146349875106400, 146349875114684, 8284
146350786981168, 146350786984568, 3400
146351271580448, 146351271591012, 10564
146351486646824, 146351486655044, 8220
146352203448460, 146352203452624, 4164
146352690065424, 146352690075452, 10028
146353260914268, 146353260921468, 7200
146355012690456, 146355012693980, 3524
146355633961952, 146355633968088, 6136
146356255554708, 146356255561300, 6592
146356877469904, 146356877476480, 6576
146357499482816, 146357499489412, 6596
146358121021996, 146358121027888, 5892
146358961181304, 146358961184828, 3524
146359745355456, 146359745358420, 2964
146360399715028, 146360399722364, 7336
146361008239412, 146361008241804, 2392
146362013917096, 146362013923688, 6592
146362503036316, 146362503050144, 13828
146363025375960, 146363025382412, 6452
146363695760228, 146363695765668, 5440
146364284120096, 146364284135100, 15004
146365343801712, 146365343803492, 1780
146366345423248, 146366345426196, 2948
146366810696860, 146366810707332, 10472
146367103574300, 146367103577672, 3372
146367692110424, 146367692113388, 2964
146368083299220, 146368083306872, 7652
146368775498524, 146368775502592, 4068
146370287968856, 146370287976204, 7348
146344876908624, 146344876916868, 8244
146346869792308, 146346869796360, 4052
146346869839288, 146346869842940, 3652
146346869874916, 146346869877812, 2896
146346869907032, 146346869909788, 2756
146346870005768, 146346870008412, 2644
146346870057368, 146346870060272, 2904
146346870121956, 146346870124328, 2372
146346870165828, 146346870168140, 2312
146346870202648, 146346870204932, 2284
146346870257168, 146346870259720, 2552
146346870312576, 146346870315376, 2800
146346870385176, 146346870387680, 2504
146348863876956, 146348863881952, 4996
146348863902688, 146348863915116, 12428
146348863926816, 146348863936068, 9252
146348863946980, 146348863955196, 8216
146348863966300, 146348863975336, 9036
146349589794036, 146349589800652, 6616
146350316005432, 146350316010276, 4844
146351042248644, 146351042255116, 6472
146351768502596, 146351768509464, 6868
146352233821984, 146352233836352, 14368
146352449083928, 146352449097832, 13904
146353284847340, 146353284851764, 4424
146353644501988, 146353644528560, 26572
146354404173056, 146354404176068, 3012
146355024760552, 146355024763764, 3212
146355508695240, 146355508705048, 9808
146355966366816, 146355966369332, 2516
146356554968652, 146356554970420, 1768
146357039387620, 146357039397484, 9864
146357789985352, 146357789988688, 3336
146359005051760, 146359005054436, 2676
146359410780948, 146359410787608, 6660
146360467547160, 146360467551244, 4084
146360956897668, 146360956907420, 9752
146361444448580, 146361444458200, 9620
146362055729216, 146362055736912, 7696
146362708157292, 146362708164792, 7500
146363292732028, 146363292734848, 2820
146363751705376, 146363751708564, 3188
146364246426772, 146364246435104, 8332
146364992770756, 146364992773736, 2980
146365614495180, 146365614501516, 6336
146366419217592, 146366419224356, 6764
146367255198592, 146367255206496, 7904
146368153022064, 146368153025572, 3508
146368669812168, 146368669815016, 2848
146369256383816, 146369256386440, 2624
146369751190872, 146369751199084, 8212
