17406453889652, 17406453902972, 13320
17406469031672, 17406469040920, 9248
17408461900592, 17408461904788, 4196
17408461943964, 17408461947344, 3380
17408461970952, 17408461972412, 1460
17408461997376, 17408462000052, 2676
17408462025768, 17408462028292, 2524
17408462054632, 17408462057156, 2524
17408462082224, 17408462084676, 2452
17410455679136, 17410455684500, 5364
17411161949224, 17411161958232, 9008
17411868180684, 17411868185732, 5048
17412574507472, 17412574508672, 1200
17413280831348, 17413280832560, 1212
17413987085492, 17413987086640, 1148
17414693407276, 17414693408492, 1216
17415399657956, 17415399659456, 1500
17416105981116, 17416105982400, 1284
17416812307196, 17416812308352, 1156
17417518557080, 17417518558156, 1076
17418224880376, 17418224881592, 1216
17418931203756, 17418931204960, 1204
17419637454464, 17419637455652, 1188
17420343778412, 17420343779616, 1204
17421050100904, 17421050102120, 1216
17421756351896, 17421756353156, 1260
17422462676288, 17422462677480, 1192
17423169001028, 17423169002320, 1292
17423875251392, 17423875252608, 1216
17424581573304, 17424581574532, 1228
17425287824784, 17425287825992, 1208
17425994148100, 17425994149348, 1248
17426700474208, 17426700475328, 1120
17427406722444, 17427406723700, 1256
17428113046868, 17428113048024, 1156
17428819370016, 17428819371088, 1072
17429525621232, 17429525622504, 1272
17430231945944, 17430231947144, 1200
17430938268188, 17430938269608, 1420
17410501526864, 17410501557524, 30660
17411251735318, 17411251744438, 9120
17412047758460, 17412047763116, 4656
17412843870812, 17412843874764, 3952
17413639906992, 17413639911488, 4496
17414436016036, 17414436020156, 4120
17415232129108, 17415232133100, 3992
17416028163692, 17416028169648, 5956
17416824273772, 17416824279748, 5976
17417620311168, 17417620316816, 5648
17418416420448, 17418416426076, 5628
17419212531272, 17419212537008, 5736
17420008569748, 17420008575412, 5664
17420804677564, 17420804683112, 5548
17421600717536, 17421600723664, 6128
17422396828564, 17422396834676, 6112
17423192939972, 17423192945968, 5996
17423988979072, 17423988984940, 5868
17424785087188, 17424785093364, 6176
17425581124556, 17425581130420, 5864
17426377236240, 17426377241820, 5580
17427173344728, 17427173350604, 5876
17427969384128, 17427969389384, 5256
17428765495608, 17428765501104, 5496
17429561536588, 17429561537768, 1180
17430357643488, 17430357649436, 5948
17431153755364, 17431153761336, 5972
17406462118540, 17406462126316, 7776
17410501526584, 17410501556648, 30064
17411263691660, 17411263697128, 5468
17412071701208, 17412071705876, 4668
17412879784460, 17412879788544, 4084
17413687792920, 17413687797732, 4812
17414495875456, 17414495880548, 5092
17415303959236, 17415303963864, 4628
17416111963100, 17416111969316, 6216
17416920045180, 17416920051820, 6640
17417728055304, 17417728061236, 5932
17418536138060, 17418536144088, 6028
17419344147788, 17419344153548, 5760
17420152246264, 17420152256172, 9908
17420960311528, 17420960317508, 5980
17421768320228, 17421768326244, 6016
17422576403796, 17422576409872, 6076
17423384412488, 17423384418432, 5944
17424192496744, 17424192502608, 5864
17425000576540, 17425000582252, 5712
17425808586872, 17425808592316, 5444
17426616667228, 17426616673016, 5788
17427424676560, 17427424682760, 6200
17428232760428, 17428232766200, 5772
17429040843324, 17429040849076, 5752
17429848851156, 17429848857212, 6056
17430656934644, 17430656940744, 6100
17410503513998, 17410503518738, 4740
17411379341800, 17411379347344, 5544
17412303152096, 17412303157048, 4952
17413226955920, 17413226961248, 5328
17414150689400, 17414150695052, 5652
17415074498872, 17415074504240, 5368
17415998252352, 17415998261998, 9646
17416922040188, 17416922045972, 5784
17417845777432, 17417845783400, 5968
17418769583484, 17418769588628, 5144
17419693317848, 17419693323948, 6100
17420617125836, 17420617131536, 5700
17421540878718, 17421540888138, 9420
17422464668016, 17422464673912, 5896
17423388401176, 17423388407148, 5972
17424312211036, 17424312217016, 5980
17425236017740, 17425236023228, 5488
17426159752840, 17426159758852, 6012
17427083559796, 17427083565472, 5676
17428007294964, 17428007300852, 5888
17428931102092, 17428931107696, 5604
17429854837224, 17429854843524, 6300
17430778641328, 17430778646656, 5328
17410732977824, 17410732983418, 5594
17411734516284, 17411734525384, 9100
17413013468368, 17413013472424, 4056
17414292359444, 17414292364444, 5000
17415571246712, 17415571258756, 12044
17416850211040, 17416850216732, 5692
17418129104400, 17418129110328, 5928
17419407994216, 17419407999808, 5592
17420686961232, 17420686966888, 5656
17421965851400, 17421965857392, 5992
17423244817200, 17423244822552, 5352
17424523708424, 17424523714536, 6112
17425802620118, 17425802629784, 9666
17427081566716, 17427081572352, 5636
17428360457048, 17428360463096, 6048
17429639350012, 17429639355820, 5808
17430918311236, 17430918317096, 5860
17410479572818, 17410479577744, 4926
17411860204472, 17411860209100, 4628
17413264866896, 17413264872572, 5676
17414669459896, 17414669465440, 5544
17416074052080, 17416074057760, 5680
17417478667132, 17417478677078, 9946
17418883313920, 17418883320076, 6156
17420287907368, 17420287913340, 5972
17421692499148, 17421692505120, 5972
17423097182838, 17423097192432, 9594
17424501760780, 17424501766748, 5968
17425906355392, 17425906361456, 6064
17427310947452, 17427310953216, 5764
17428715614380, 17428715619964, 5584
17430120209232, 17430120214996, 5764
17431524824918, 17431524831404, 6486
17406429797404, 17406429805968, 8564
17410721008072, 17410721037696, 29624
17411878158976, 17411878164416, 5440
17413300783772, 17413300788156, 4384
17414723331848, 17414723337280, 5432
17416145882316, 17416145888828, 6512
17417568434732, 17417568441188, 6456
17418991057044, 17418991063284, 6240
17420413609436, 17420413615664, 6228
17421836159176, 17421836165352, 6176
17423258781828, 17423258788064, 6236
17424681337648, 17424681343768, 6120
17426103886104, 17426103892456, 6352
17427526434736, 17427526440884, 6148
17428949059064, 17428949065456, 6392
17430371610768, 17430371617108, 6340
17431794162296, 17431794169120, 6824
17406422366576, 17406422374900, 8324
17406437754884, 17406437764196, 9312
17406445713204, 17406445726116, 12912
