39183644724456, 39183644738268, 13812
39183658673824, 39183658681716, 7892
39183772412624, 39183772424144, 11520
39183886136856, 39183886147380, 10524
39183903179108, 39183903186552, 7444
39183906081892, 39183906088836, 6944
39183910345396, 39183910352236, 6840
39183915505340, 39183915512400, 7060
39183934014996, 39183934021868, 6872
39183938281376, 39183938287988, 6612
39183976996280, 39183977003800, 7520
39183997005420, 39183997013364, 7944
39184084229804, 39184084238296, 8492
39184216632648, 39184216641060, 8412
39184220900240, 39184220908276, 8036
39184223230632, 39184223238668, 8036
39184257792720, 39184257800940, 8220
39184332217812, 39184332225956, 8144
39184429526840, 39184429534796, 7956
39184431855128, 39184431862748, 7620
39184489070148, 39184489077228, 7080
39184491394960, 39184491402672, 7712
39184525936856, 39184525945064, 8208
39184530201880, 39184530209964, 8084
39184548496284, 39184548503436, 7152
39184550820532, 39184550827324, 6792
39184649909916, 39184649917828, 7912
39184654178744, 39184654186880, 8136
39184715070200, 39184715078276, 8076
39184723122056, 39184723130344, 8288
39184872557248, 39184872565780, 8532
39184938482028, 39184938490084, 8056
39184947007112, 39184947015256, 8144
39185043745780, 39185043753740, 7960
39185161094484, 39185161102832, 8348
39185163424200, 39185163432368, 8168
39185167691964, 39185167698652, 6688
39185382515544, 39185382526740, 11196
39185687340292, 39185687349552, 9260
39185689669976, 39185689676800, 6824
39185750555384, 39185750562508, 7124
39185752882792, 39185752890724, 7932
39185850124964, 39185850132316, 7352
39185910878132, 39185910885464, 7332
39185913201760, 39185913209956, 8196
39185925220248, 39185925227340, 7092
39185986084968, 39185986092996, 8028
39187617153936, 39187617164768, 10832
39187679774148, 39187679783164, 9016
39187786767092, 39187786778488, 11396
39188010601164, 39188010610076, 8912
39188067869736, 39188067877948, 8212
39188083416720, 39188083424120, 7400
39188183133148, 39188183141204, 8056
39188187401848, 39188187410032, 8184
39188253303088, 39188253310864, 7776
39188287849772, 39188287857192, 7420
39188302828260, 39188302835412, 7152
39188400118284, 39188400126272, 7988
39188403961804, 39188403969000, 7196
39188570825100, 39188570837048, 11948
39188588427624, 39188588435900, 8276
39188688138100, 39188688145900, 7800
39188703114752, 39188703122076, 7324
39188737632196, 39188737639580, 7384
39188803541080, 39188803549400, 8320
39188920880148, 39188920888384, 8236
39189020607128, 39189020615144, 8016
39189055143660, 39189055152192, 8532
39189058988156, 39189058996060, 7904
39189116736532, 39189116744708, 8176
39189213469196, 39189213477684, 8488
39189220647640, 39189220655588, 7948
39189235651028, 39189235657852, 6824
39189332922988, 39189332930268, 7280
39189347914564, 39189347922168, 7604
39189351766728, 39189351774752, 8024
39189358968012, 39189358976100, 8088
39189458705596, 39189458713716, 8120
39189478716752, 39189478724924, 8172
39189565790552, 39189565798584, 8032
39189581588420, 39189581596416, 7996
39189677682856, 39189677691460, 8604
39189743597300, 39189743604944, 7644
39189758594916, 39189758603220, 8304
39189760921976, 39189760929688, 7712
39189780932900, 39189780940568, 7668
39189855911680, 39189855920532, 8852
39189870861948, 39189870869144, 7196
39189874698496, 39189874705780, 7284
39189971404756, 39189971412668, 7912
39191651417736, 39191651428552, 10816
39191714023436, 39191714032328, 8892
39191771229252, 39191771237580, 8328
39191888582036, 39191888590624, 8588
39191954501196, 39191954509088, 7892
39191974504008, 39191974512336, 8328
39191978787320, 39191978794972, 7652
39191982629336, 39191982637292, 7956
39192017260156, 39192017268196, 8040
39192021526940, 39192021534624, 7684
39192841140736, 39192841149452, 8716
39192990008932, 39192990017024, 8092
39193049116708, 39193049125132, 8424
39193051447580, 39193051455208, 7628
39193067004040, 39193067011988, 7948
39193124219500, 39193124228008, 8508
39193178596764, 39193178604968, 8204
39193180928396, 39193180936328, 7932
39193185198576, 39193185205504, 6928
39193200196536, 39193200203908, 7372
39193287306168, 39193287314388, 8220
39193362332812, 39193362340916, 8104
39193373678208, 39193373686184, 7976
39193381732992, 39193381740772, 7780
39193386001832, 39193386009640, 7808
39193403182352, 39193403189208, 6856
39193407450564, 39193407458708, 8144
39193409778552, 39193409786284, 7732
39193506519832, 39193506527136, 7304
39193514569676, 39193514577248, 7572
39193575997528, 39193576005488, 7960
39193595997060, 39193596004544, 7484
39193598323684, 39193598330772, 7088
39193715111540, 39193715119696, 8156
39193717440168, 39193717448140, 7972
39193791879912, 39193791887236, 7324
39193794206236, 39193794213576, 7340
39193809204760, 39193809212416, 7656
39193817816728, 39193817823612, 6884
39193822186084, 39193822193312, 7228
39193896617208, 39193896625300, 8092
39193898943164, 39193898951004, 7840
39193964882948, 39193964890972, 8024
39193999411376, 39193999419588, 8212
39194003252084, 39194003259984, 7900
39194090978024, 39194090986480, 8456
39194099029132, 39194099036896, 7764
39194173486752, 39194173493784, 7032
39194181536756, 39194181544676, 7920
39194281277560, 39194281285856, 8296
39194347768652, 39194347776964, 8312
39194382310708, 39194382318528, 7820
39194384639244, 39194384647360, 8116
39194404654108, 39194404662240, 8132
39194419658132, 39194419665464, 7332
39194424691324, 39194424698268, 6944
39194427015052, 39194427021624, 6572
39194509094800, 39194509103264, 8464
39194606403940, 39194606412208, 8268
39194608732420, 39194608739944, 7524
39195639819572, 39195639830460, 10888
39195676919432, 39195676928180, 8748
39195798652296, 39195798660792, 8496
39195873652928, 39195873660908, 7980
39195877926532, 39195877933412, 6880
39195952363568, 39195952371296, 7728
39195956209988, 39195956216928, 6940
39196105726540, 39196105734968, 8428
39196205346144, 39196205353600, 7456
39196517669192, 39196517672368, 3176
39196761570532, 39196761580536, 10004
39196776554276, 39196776561744, 7468
39196779027840, 39196779034636, 6796
39196840414800, 39196840422568, 7768
39196914818752, 39196914826796, 8044
39197014526856, 39197014534848, 7992
39197022571008, 39197022578332, 7324
39197029747872, 39197029755976, 8104
39197033594144, 39197033602388, 8244
39197068702676, 39197068710964, 8288
39197096273900, 39197096281180, 7280
39197103445876, 39197103452804, 6928
39197170110864, 39197170122516, 11652
39197261889036, 39197261900948, 11912
39197266541556, 39197266549940, 8384
39197327966860, 39197327975200, 8340
39197362499908, 39197362507884, 7976
39197364827512, 39197364835540, 8028
39197379824220, 39197379832060, 7840
39197437006372, 39197437013940, 7568
39197439332284, 39197439340268, 7984
39197457428952, 39197457440180, 11228
39197545221828, 39197545233052, 11224
39197552406792, 39197552414316, 7524
39197649686532, 39197649695192, 8660
39197653535344, 39197653542616, 7272
39197688077192, 39197688085216, 8024
39197695278704, 39197695285936, 7232
39197699122380, 39197699130440, 8060
39197707171524, 39197707179760, 8236
39197807470536, 39197807479216, 8680
39197864669916, 39197864678252, 8336
39197871852992, 39197871860900, 7908
39197937770380, 39197937778740, 8360
39197942038960, 39197942046840, 7880
39197956225692, 39197956232728, 7036
39197960491368, 39197960498108, 6740
39197980878244, 39197980885460, 7216
39198046890236, 39198046898460, 8224
39198051158804, 39198051166636, 7832
39198071727424, 39198071735460, 8036
39198075569220, 39198075575984, 6764
39198079833848, 39198079841440, 7592
39198087032560, 39198087039572, 7012
39198121561500, 39198121569372, 7872
39198136560636, 39198136568500, 7864
39198193765172, 39198193772672, 7500
39198228310236, 39198228318468, 8232
39198235512072, 39198235519948, 7876
39198248681728, 39198248689808, 8080
39198256729648, 39198256736408, 6760
39198314488056, 39198314495152, 7096
39198329481752, 39198329489800, 8048
39198351231168, 39198351239168, 8000
39198358410224, 39198358418224, 8000
39198424333208, 39198424340316, 7108
39198439321268, 39198439328220, 6952
39198496480836, 39198496488828, 7992
39198596781288, 39198596789584, 8296
39198631317976, 39198631326352, 8376
39198635586988, 39198635594828, 7840
39198643635532, 39198643642760, 7228
39198743367876, 39198743376192, 8316
39198758368016, 39198758376360, 8344
39198824821860, 39198824829952, 8092
39199598278844, 39199598289452, 10608
39199703105048, 39199703113408, 8360
39200054601236, 39200054609948, 8712
39200056927940, 39200056934536, 6596
39200290425208, 39200290433076, 7868
39200298176080, 39200298183020, 6940
39200366437888, 39200366446048, 8160
39200400976424, 39200400983396, 6972
39200466904676, 39200466912168, 7492
39200486906336, 39200486914116, 7780
39200489233240, 39200489240104, 6864
39200523774864, 39200523782692, 7828
39200530975304, 39200530983128, 7824
39200534819092, 39200534827032, 7940
39200550378444, 39200550386412, 7968
39200558434868, 39200558443144, 8276
39200565896664, 39200565903664, 7000
39200569720600, 39200569727432, 6832
39200576921204, 39200576928060, 6856
39200656584436, 39200656592232, 7796
39200663789224, 39200663796228, 7004
39200678763320, 39200678771264, 7944
39200713548216, 39200713555576, 7360
39200720727604, 39200720734460, 6856
39201018824964, 39201018836292, 11328
39201026492516, 39201026500968, 8452
39201101512612, 39201101521020, 8408
39201167434424, 39201167441548, 7124
39201186685856, 39201186692972, 7116
39201243934900, 39201243944024, 9124
39201251985404, 39201251993064, 7660
39201254332252, 39201254340296, 8044
39201258157420, 39201258164316, 6896
39201432923320, 39201432931288, 7968
39201435249688, 39201435257456, 7768
39201607434784, 39201607445444, 10660
39201614397664, 39201614405772, 8108
39201701515936, 39201701523900, 7964
39201783018820, 39201783030856, 12036
39201785353608, 39201785362180, 8572
39201789627312, 39201789634004, 6692
39201791952812, 39201791960600, 7788
39201898731860, 39201898742976, 11116
39201915780564, 39201915788816, 8252
39201922666264, 39201922672928, 6664
39201926931604, 39201926938340, 6736
39201975765440, 39201975772888, 7448
39201979607852, 39201979615844, 7992
39201986800748, 39201986807768, 7020
39202181996516, 39202182007732, 11216
39202186647616, 39202186656108, 8492
39202195167256, 39202195175052, 7796
39202199013804, 39202199020852, 7048
39202201943448, 39202201950268, 6820
39202206210620, 39202206217340, 6720
39202208535560, 39202208542156, 6596
39202271513124, 39202271520508, 7384
39202346430756, 39202346438620, 7864
39202479289544, 39202479301124, 11580
39202486477368, 39202486485380, 8012
39202490324376, 39202490332276, 7900
39202654870884, 39202654882144, 11260
39202669244868, 39202669252900, 8032
39202689256796, 39202689264732, 7936
39202691587320, 39202691595604, 8284
39202778717700, 39202778726456, 8756
39202794253048, 39202794260956, 7908
39202890992792, 39202891000828, 8036
39202899047944, 39202899055972, 8028
39202933573428, 39202933581432, 8004
39202940771632, 39202940779640, 8008
39203041061184, 39203041068764, 7580
39203173636396, 39203173648028, 11632
39203181304652, 39203181312120, 7468
39203185963000, 39203185970352, 7352
39203243153512, 39203243161584, 8072
39203330791760, 39203330798916, 7156
39203388015900, 39203388024384, 8484
39183357419616, 39183357455416, 35800
39183365401984, 39183365435732, 33748
39183457156408, 39183457164892, 8484
39183772418192, 39183772421372, 3180
39184123845812, 39184123856812, 11000
39184198275904, 39184198284012, 8108
39184294984976, 39184294992968, 7992
39184303035420, 39184303043196, 7776
39184307324816, 39184307332988, 8172
39184327328032, 39184327336284, 8252
39184329657328, 39184329664012, 6684
39184333923284, 39184333931112, 7828
39184352959484, 39184352966232, 6748
39184357229236, 39184357237180, 7944
39184391759656, 39184391766544, 6888
39184396023548, 39184396031592, 8044
39184408825528, 39184408832084, 6556
39184413088656, 39184413096404, 7748
39184500160972, 39184500169384, 8412
39184600457152, 39184600465288, 8136
39184608987016, 39184608994856, 7840
39184611314380, 39184611322256, 7876
39184668511776, 39184668518760, 6984
39184670837648, 39184670845436, 7788
39184675103544, 39184675111260, 7716
39184796177292, 39184796185672, 8380
39184883832604, 39184883841344, 8740
39184888096868, 39184888104692, 7824
39184948941312, 39184948949144, 7832
39185048653872, 39185048662004, 8132
39185106401276, 39185106408952, 7676
39185119191540, 39185119199436, 7896
39185215902380, 39185215911124, 8744
39185281830648, 39185281838500, 7852
39185316343656, 39185316351212, 7556
39185320610292, 39185320617916, 7624
39185336155428, 39185336162592, 7164
39185402012584, 39185402020260, 7676
39185406449828, 39185406456428, 6600
39185421415960, 39185421422524, 6564
39185493774212, 39185493782456, 8244
39185498039148, 39185498046016, 6868
39185498231988, 39185498238576, 6588
39185502496892, 39185502503440, 6548
39185568247672, 39185568255912, 8240
39185570578268, 39185570586120, 7852
39185670864388, 39185670871892, 7504
39185736784452, 39185736792772, 8320
39185811211644, 39185811219592, 7948
39185935213532, 39185935224688, 11156
39185950191244, 39185950199456, 8212
39185952521004, 39185952527788, 6784
39185960570392, 39185960577052, 6660
39185975568436, 39185975576144, 7708
39185979837068, 39185979844900, 7832
39185985074100, 39185985080972, 6872
39186001052520, 39186001063784, 11264
39186005331704, 39186005338824, 7120
39186071320424, 39186071328108, 7684
39186128998176, 39186129005820, 7644
39186133259320, 39186133266596, 7276
39186167773184, 39186167780212, 7028
39186176299024, 39186176306940, 7916
39186180145576, 39186180152696, 7120
39186196516464, 39186196523436, 6972
39186200787056, 39186200795016, 7960
39186208837304, 39186208845608, 8304
39186244401776, 39186244410564, 8788
39186251585304, 39186251592364, 7060
39186315759172, 39186315766088, 6916
39186318228012, 39186318235244, 7232
39186325419288, 39186325425980, 6692
39186331595404, 39186331603104, 7700
39186335442092, 39186335450088, 7996
39186409855924, 39186409864764, 8840
39186470721012, 39186470728948, 7936
39186474568484, 39186474576188, 7704
39186481755552, 39186481763488, 7936
39186516304632, 39186516313168, 8536
39186616593312, 39186616602324, 9012
39186620864100, 39186620872900, 8800
39186628069488, 39186628077264, 7776
39186648069620, 39186648076644, 7024
39186652335752, 39186652342708, 6956
39186726732936, 39186726740824, 7888
39186730584016, 39186730591160, 7144
39186737788888, 39186737796948, 8060
39186745843048, 39186745850732, 7684
39186780358972, 39186780366184, 7212
39186867988016, 39186867995744, 7728
39186902511612, 39186902519412, 7800
39186917499884, 39186917507056, 7172
39186921342928, 39186921350472, 7544
39186995744776, 39186995751932, 7156
39187010732356, 39187010739296, 6940
39187085692904, 39187085701064, 8160
39187172774752, 39187172783192, 8440
39187269464056, 39187269472136, 8080
39187277514452, 39187277522276, 7824
39187312064928, 39187312072916, 7988
39187327047352, 39187327055220, 7868
39187331894920, 39187331901604, 6684
39187428611608, 39187428619728, 8120
39187435812604, 39187435819612, 7008
39187450786472, 39187450794648, 8176
39187550504808, 39187550513348, 8540
39187616970664, 39187616977976, 7312
39187716693876, 39187716702000, 8124
39187736681776, 39187736689540, 7764
39187786748692, 39187786760276, 11584
39187794797388, 39187794804840, 7452
39187900468332, 39187900479684, 11352
39187917508804, 39187917516136, 7332
39187925563024, 39187925571012, 7988
39187928390640, 39187928397228, 6588
39187932650948, 39187932657356, 6408
39188029644960, 39188029652980, 8020
39188131852768, 39188131863820, 11052
39188355579632, 39188355588180, 8548
39188407202292, 39188407213768, 11476
39188422179456, 39188422187668, 8212
39188521821348, 39188521828912, 7564
39188609417380, 39188609425992, 8612
39188616602884, 39188616610920, 8036
39188620449376, 39188620457072, 7696
39188624732696, 39188624739572, 6876
39188626670920, 39188626677348, 6428
39188630935464, 39188630942524, 7060
39188638640980, 39188638648136, 7156
39188654600360, 39188654607032, 6672
39188658862524, 39188658868968, 6444
39188680542428, 39188680549244, 6816
39188687713576, 39188687720288, 6712
39188737146120, 39188737154232, 8112
39188783934060, 39188783941308, 7248
39188791982340, 39188791990028, 7688
39188889263232, 39188889271356, 8124
39188955169268, 39188955176872, 7604
39189042262056, 39189042269792, 7736
39189050309728, 39189050317480, 7752
39189057493612, 39189057500252, 6640
39189145132760, 39189145140784, 8024
39189148978080, 39189148984684, 6604
39189156172972, 39189156180640, 7668
39189190708996, 39189190716012, 7016
39189197313120, 39189197319844, 6724
39189201133444, 39189201139924, 6480
39189281662748, 39189281669884, 7136
39189285505920, 39189285513572, 7652
39189292681280, 39189292688592, 7312
39189327777148, 39189327785284, 8136
39189402197724, 39189402204948, 7224
39189436744808, 39189436752392, 7584
39189443921432, 39189443929248, 7816
39189509840808, 39189509848716, 7908
39189513681068, 39189513687776, 6708
39189520876784, 39189520884672, 7888
39189524530096, 39189524536976, 6880
39189559061588, 39189559069520, 7932
39189634023492, 39189634031484, 7992
39189654022444, 39189654030184, 7740
39189661221904, 39189661229024, 7120
39189665065464, 39189665073012, 7548
39189680042200, 39189680049428, 7228
39189714600656, 39189714607540, 6884
39189721780252, 39189721786676, 6424
39189725621924, 39189725629772, 7848
39189812678792, 39189812686044, 7252
39189847692848, 39189847699912, 7064
39189947340044, 39189947348104, 8060
39189949691984, 39189949699728, 7744
39189953534856, 39189953542248, 7392
39189968508180, 39189968515540, 7360
39190034507992, 39190034515420, 7428
39190134739528, 39190134747620, 8092
39192237973232, 39192237984352, 11120
39192453942092, 39192453950992, 8900
39192461992344, 39192461999692, 7348
39192465840588, 39192465848436, 7848
39192540247024, 39192540255292, 8268
39192560250140, 39192560258324, 8184
39192720829268, 39192720840728, 11460
39192725485988, 39192725494012, 8024
39192733534200, 39192733541088, 6888
39192748506280, 39192748514272, 7992
39192748739532, 39192748746068, 6536
39192751062808, 39192751070464, 7656
39192851284620, 39192851293324, 8704
39193319530360, 39193319538832, 8472
39193374156732, 39193374164696, 7964
39193448582564, 39193448590584, 8020
39193463578540, 39193463586320, 7780
39193642630312, 39193642642044, 11732
39193717053924, 39193717062508, 8584
39193721322700, 39193721330660, 7960
39195462230316, 39195462241164, 10848
39195752299712, 39195752308960, 9248
39195754626796, 39195754633444, 6648
39195758890984, 39195758898596, 7612
39195793445740, 39195793453804, 8064
39195813992380, 39195813999412, 7032
39195816317660, 39195816325644, 7984
39196060383000, 39196060391388, 8388
39196060738412, 39196060744740, 6328
39196206440256, 39196206452232, 11976
39196210278148, 39196210285428, 7280
39196210380876, 39196210387228, 6352
39196214207040, 39196214213388, 6348
39196271335376, 39196271343504, 8128
39196358968344, 39196358976056, 7712
39196362812480, 39196362820464, 7984
39196382827264, 39196382835036, 7772
39196387094312, 39196387102032, 7720
39196391950816, 39196391957604, 6788
39196396217444, 39196396224200, 6756
39196483195540, 39196483203032, 7492
39196491221104, 39196491228180, 7076
39196775054324, 39196775066248, 11924
39196882786604, 39196882795864, 9260
39196890448180, 39196890456496, 8316
39196956365516, 39196956373808, 8292
39197043431288, 39197043439624, 8336
39197058987016, 39197058995012, 7996
39197241316056, 39197241324332, 8276
39197341544868, 39197341552936, 8068
39197402398948, 39197402406816, 7868
39197406248600, 39197406256316, 7716
39197413427160, 39197413435024, 7864
39197479292804, 39197479300564, 7760
39197596437832, 39197596445420, 7588
39197604482440, 39197604489372, 6932
39197661663880, 39197661672100, 8220
39197681677072, 39197681684492, 7420
39197696649432, 39197696657212, 7780
39197762557200, 39197762564916, 7716
39197766404712, 39197766412316, 7604
39197773605788, 39197773613900, 8112
39197861269936, 39197861277216, 7280
39197876235888, 39197876243784, 7896
39197972961680, 39197972969544, 7864
39198030249696, 39198030256520, 6824
39198127496120, 39198127503632, 7512
39198135546552, 39198135554036, 7484
39198142743292, 39198142750148, 6856
39198239451136, 39198239459228, 8092
39198359216084, 39198359227464, 11380
39198380513908, 39198380521904, 7996
39198486909280, 39198486921040, 11760
39198503938364, 39198503946464, 8100
39198507783092, 39198507790120, 7028
39198514999736, 39198515007108, 7372
39198519265192, 39198519273004, 7812
39198585714944, 39198585722388, 7444
39198592917192, 39198592925064, 7872
39198712371692, 39198712382968, 11276
39198727361880, 39198727369944, 8064
39198731207584, 39198731215712, 8128
39198738409072, 39198738417184, 8112
39198746931180, 39198746939288, 8108
39198794192992, 39198794204612, 11620
39198798466568, 39198798473796, 7228
39198822108836, 39198822115720, 6884
39198826374384, 39198826382596, 8212
39199680083400, 39199680094228, 10828
39201022099732, 39201022108756, 9024
39201029296972, 39201029304272, 7300
39201064386268, 39201064394500, 8232
39201140768760, 39201140777132, 8372
39201145037812, 39201145044588, 6776
39201179562940, 39201179571204, 8264
39201183404500, 39201183411272, 6772
39201294717988, 39201294728276, 10288
39201329265508, 39201329273532, 8024
39201331592840, 39201331600052, 7212
39201338790448, 39201338797704, 7256
39201342634688, 39201342642408, 7720
39201408567880, 39201408575664, 7784
39201505204764, 39201505212304, 7540
39201592811004, 39201592819652, 8648
39201601345016, 39201601353220, 8204
39201605189024, 39201605196836, 7812
39201612386364, 39201612394128, 7764
39201646925128, 39201646933660, 8532
39201651191992, 39201651199880, 7888
39201671196540, 39201671204120, 7580
39201673546780, 39201673553432, 6652
39201680725720, 39201680732472, 6752
39201783026304, 39201783038284, 11980
39201813527832, 39201813535572, 7740
39201910207276, 39201910214968, 7692
39201912532896, 39201912539460, 6564
39201927523848, 39201927531192, 7344
39202034352888, 39202034364640, 11752
39202051945648, 39202051954188, 8540
39202055790508, 39202055798320, 7812
39202130173564, 39202130181040, 7476
39202134436988, 39202134443992, 7004
39202231110264, 39202231118236, 7972
39202235378032, 39202235385992, 7960
39202293090368, 39202293098284, 7916
39202295412992, 39202295420372, 7380
39202385513620, 39202385524836, 11216
39202387848440, 39202387855400, 6960
39202407457628, 39202407465004, 7376
39202494518280, 39202494526808, 8528
39202498368896, 39202498376900, 8004
39202505599568, 39202505607904, 8336
39202507930760, 39202507937840, 7080
39202527937188, 39202527945264, 8076
39202602890896, 39202602898348, 7452
39202606732732, 39202606739588, 6856
39202609076284, 39202609083332, 7048
39202674981848, 39202674989932, 8084
39202689971028, 39202689979036, 8008
39202786713560, 39202786721816, 8256
39202791117048, 39202791125224, 8176
39202848297404, 39202848305264, 7860
39202854396228, 39202854404504, 8276
39202861580700, 39202861588612, 7912
39202876581660, 39202876589212, 7552
39202878915824, 39202878922540, 6716
39202882757628, 39202882764688, 7060
39202942616716, 39202942624560, 7844
39202960142308, 39202960149020, 6712
39202975112068, 39202975120268, 8200
39203050122184, 39203050130304, 8120
39203065902340, 39203065913604, 11264
39203080870436, 39203080877520, 7084
39203167838896, 39203167847588, 8692
39203233757400, 39203233765416, 8016
39203236088396, 39203236096788, 8392
39203243277780, 39203243284956, 7176
39203309777640, 39203309785880, 8240
39203344327388, 39203344335464, 8076
39183459164600, 39183459177552, 12952
39183466840072, 39183466848392, 8320
39183532705608, 39183532713200, 7592
39183536545712, 39183536553840, 8128
39183556531460, 39183556539372, 7912
39183560795772, 39183560804216, 8444
39183570880220, 39183570887244, 7024
39183575143872, 39183575150868, 6996
39183641567940, 39183641576364, 8424
39183738155184, 39183738162836, 7652
39183745346556, 39183745354496, 7940
39183749608496, 39183749616032, 7536
39183766434140, 39183766445384, 11244
39183770711872, 39183770720240, 8368
39183773054512, 39183773062136, 7624
39183830259936, 39183830267280, 7344
39183832581176, 39183832587812, 6636
39183872558284, 39183872565412, 7128
39183887526024, 39183887533324, 7300
39183890120292, 39183890127364, 7072
39183892444120, 39183892450644, 6524
39183955761888, 39183955770312, 8424
39183990302428, 39183990310460, 8032
39183994588492, 39183994595280, 6788
39184091972404, 39184091980888, 8484
39184100018816, 39184100026588, 7772
39184157189320, 39184157196380, 7060
39184165241480, 39184165249632, 8152
39184169527888, 39184169535600, 7712
39184184501076, 39184184508864, 7788
39184185356816, 39184185363648, 6832
39184189623852, 39184189630660, 6808
39184288481820, 39184288489672, 7852
39184436208372, 39184436215848, 7476
39184502104356, 39184502112564, 8208
39184562943044, 39184562950928, 7884
39184568445088, 39184568451740, 6652
39184629827492, 39184629835444, 7952
39184729531740, 39184729539900, 8160
39184790388744, 39184790397180, 8436
39184792719212, 39184792726808, 7596
39184889969868, 39184889977892, 8024
39184924497324, 39184924505612, 8288
39184998895228, 39184998903580, 8352
39185007434668, 39185007442212, 7544
39185015481568, 39185015489240, 7672
39185023361020, 39185023367924, 6904
39185027628764, 39185027636944, 8180
39185029955756, 39185029962772, 7016
39185064485740, 39185064493528, 7788
39185087210100, 39185087217016, 6916
39185089534316, 39185089540932, 6616
39185133278860, 39185133285912, 7052
39185167805972, 39185167813848, 7876
39185254886436, 39185254894632, 8196
39185259148016, 39185259156012, 7996
39185334078744, 39185334086172, 7428
39185421090312, 39185421098472, 8160
39185425354140, 39185425361568, 7428
39185442365656, 39185442372524, 6868
39185446635404, 39185446642192, 6788
39185529335768, 39185529344232, 8464
39185533600960, 39185533608476, 7516
39185548591868, 39185548599280, 7412
39185554098060, 39185554104876, 6816
39185558360268, 39185558367000, 6732
39185572878084, 39185572885964, 7880
39185582351484, 39185582358188, 6704
39185586612580, 39185586620652, 8072
39186086786664, 39186086790068, 3404
39187840922016, 39187840931712, 9696
39187855889376, 39187855896612, 7236
39187972641300, 39187972649704, 8404
39187979817172, 39187979824124, 6952
39188097170984, 39188097178376, 7392
39188104361948, 39188104370100, 8152
39188191390632, 39188191399040, 8408
39188199437892, 39188199445612, 7720
39188256576468, 39188256584784, 8316
39188356819660, 39188356826844, 7184
39188413986588, 39188413994804, 8216
39188510599016, 39188510606500, 7484
39188627810344, 39188627818664, 8320
39189612341780, 39189612352764, 10984
39189807589300, 39189807601648, 12348
39189811444688, 39189811451872, 7184
39189819491808, 39189819499604, 7796
39189881708316, 39189881720528, 12212
39189968751508, 39189968759540, 8032
39189976794656, 39189976801524, 6868
39190063919376, 39190063927468, 8092
39190079459276, 39190079467604, 8328
39190145341240, 39190145348900, 7660
39190165331732, 39190165339708, 7976
39190169177624, 39190169184368, 6744
39190184147048, 39190184155048, 8000
39190280804792, 39190280813104, 8312
39190398055396, 39190398063560, 8164
39190463927048, 39190463934792, 7744
39190550971592, 39190550979484, 7892
39190565939140, 39190565947120, 7980
39190666181196, 39190666189680, 8484
39190740547276, 39190740554468, 7192
39190840766608, 39190840774952, 8344
39190860759716, 39190860767588, 7872
39190868807780, 39190868815276, 7496
39190872644772, 39190872652624, 7852
39190989366828, 39190989374744, 7916
39191004331708, 39191004338664, 6956
39191012379592, 39191012387388, 7796
39191016218224, 39191016224904, 6680
39191133485984, 39191133494376, 8392
39191194295668, 39191194302472, 6804
39191202340228, 39191202348192, 7964
39191289391856, 39191289399860, 8004
39191364347364, 39191364354500, 7136
39191451384644, 39191451392648, 8004
39191551044232, 39191551052012, 7780
39191554882068, 39191554890144, 8076
39191629831860, 39191629839864, 8004
39191726512912, 39191726521260, 8348
39191761040712, 39191761048768, 8056
39191769089488, 39191769096904, 7416
39191772931932, 39191772940008, 8076
39191860571968, 39191860580240, 8272
39191917755004, 39191917763024, 8020
39191920082608, 39191920090868, 8260
39192069549096, 39192069557644, 8548
39192104086804, 39192104094736, 7932
39192106431724, 39192106439756, 8032
39192110694220, 39192110702156, 7936
39192130694760, 39192130702300, 7540
39192138758080, 39192138766060, 7980
39192225838056, 39192225845148, 7092
39192233886132, 39192233892740, 6608
39192408597732, 39192408606132, 8400
39192530266792, 39192530274504, 7712
39192617902080, 39192617910260, 8180
39192720828732, 39192720840504, 11772
39193025486796, 39193025495600, 8804
39193029755992, 39193029763964, 7972
39193037801812, 39193037810020, 8208
39193072915888, 39193072923916, 8028
39193077186056, 39193077193960, 7904
39193095911532, 39193095918624, 7092
39193100176140, 39193100182596, 6456
39193123844908, 39193123851900, 6992
39193128109636, 39193128117604, 7968
39193188960552, 39193188969104, 8552
39193263367996, 39193263375904, 7908
39193265716004, 39193265723956, 7952
39193269983792, 39193269991644, 7852
39193331406848, 39193331415016, 8168
39193418478784, 39193418487060, 8276
39193518178904, 39193518187032, 8128
39193522450364, 39193522457904, 7540
39193557005352, 39193557013772, 8420
39193572530084, 39193572537844, 7760
39193676538224, 39193676550608, 12384
39194079515312, 39194079525788, 10476
39194384207076, 39194384216160, 9084
39194388059792, 39194388066628, 6836
39194448905232, 39194448913292, 8060
39194506030940, 39194506039100, 8160
39194521014408, 39194521022624, 8216
39194608637588, 39194608646268, 8680
39194612481052, 39194612487848, 6796
39194669608104, 39194669615192, 7088
39194673448076, 39194673455960, 7884
39194773125348, 39194773133024, 7676
39194781177508, 39194781185336, 7828
39194801174392, 39194801182588, 8196
39194836265020, 39194836272328, 7308
39194893413732, 39194893421856, 8124
39194990087848, 39194990096440, 8592
39195107358336, 39195107366388, 8052
39195111202008, 39195111210116, 8108
39195198239652, 39195198247776, 8124
39195218237276, 39195218244404, 7128
39195222076632, 39195222084556, 7924
39195322294068, 39195322302636, 8568
39195383131860, 39195383139912, 8052
39195386974372, 39195386981340, 6968
39195447786488, 39195447794112, 7624
39195462768756, 39195462776488, 7732
39195696749140, 39195696757280, 8140
39195700592352, 39195700600452, 8100
39195787663508, 39195787671760, 8252
39195854098620, 39195854106796, 8176
39195888622700, 39195888629728, 7028
39195954526452, 39195954534272, 7820
39196216253064, 39196216260472, 7408
39196282159928, 39196282167908, 7980
39196368090828, 39196368099388, 8560
39196442493644, 39196442501444, 7800
39196517677672, 39196517689784, 12112
39196522327648, 39196522335316, 7668
39196537304548, 39196537312400, 7852
39196624927140, 39196624935272, 8132
39196699352360, 39196699360900, 8540
39196715180532, 39196715187612, 7080
39196888775632, 39196888787376, 11744
39196903151460, 39196903159948, 8488
39196952857352, 39196952864412, 7060
39197058370164, 39197058381120, 10956
39197063017816, 39197063026252, 8436
39197137430648, 39197137438944, 8296
39197245922292, 39197245933944, 11652
39197280445508, 39197280454272, 8764
39197284288160, 39197284295360, 7200
39197342024524, 39197342033052, 8528
39197441746312, 39197441754264, 7952
39197461730668, 39197461738608, 7940
39197548651324, 39197548659124, 7800
39197552495532, 39197552502836, 7304
39197652736256, 39197652743360, 7104
39197739815816, 39197739823512, 7696
39197837089116, 39197837097204, 8088
39197871616952, 39197871624668, 7716
39197875459244, 39197875467072, 7828
39197883508672, 39197883516532, 7860
39197983216616, 39197983224764, 8148
39197990420336, 39197990428460, 8124
39197994685828, 39197994693684, 7856
39197998526640, 39197998533236, 6596
39198006657988, 39198006665920, 7932
39198021632408, 39198021639232, 6824
39198025897876, 39198025904688, 6812
39198126144016, 39198126152072, 8056
39198134667096, 39198134674856, 7760
39198138511828, 39198138520080, 8252
39198225572944, 39198225581476, 8532
39198229840524, 39198229847444, 6920
39198233681128, 39198233688508, 7380
39198235499356, 39198235506036, 6680
39198239764588, 39198239772484, 7896
39198306205384, 39198306212716, 7332
39198310048232, 39198310055960, 7728
39198317223644, 39198317231336, 7692
39198351751064, 39198351758384, 7320
39198355591036, 39198355599008, 7972
39198433538132, 39198433545616, 7484
39198437378124, 39198437386404, 8280
39198524380772, 39198524388944, 8172
39198539364668, 39198539372580, 7912
39198656665356, 39198656673792, 8436
39198660932524, 39198660939676, 7152
39198668104168, 39198668110876, 6708
39198682435912, 39198682442524, 6612
39198686697496, 39198686704092, 6596
39198879984876, 39198879996012, 11136
39198894373000, 39198894381212, 8212
39198960141504, 39198960149652, 8148
39199047069880, 39199047078580, 8700
39199142563972, 39199142571180, 7208
39199229598704, 39199229606748, 8044
39199286730004, 39199286738068, 8064
39199404493540, 39199404501584, 8044
39199412541188, 39199412549380, 8192
39199416824716, 39199416832460, 7744
39199451336552, 39199451343572, 7020
39199685263376, 39199685271972, 8596
39199781959504, 39199781967472, 7968
39199820871524, 39199820879724, 8200
39199825140072, 39199825147912, 7840
39199840117576, 39199840124416, 6840
39199844379780, 39199844387704, 7924
39199851558544, 39199851565280, 6736
39199855397120, 39199855404824, 7704
39199855645256, 39199855651916, 6660
39199859907788, 39199859914296, 6508
39200025188920, 39200025200832, 11912
39200029833816, 39200029842128, 8312
39200117451204, 39200117459440, 8236
39200119781320, 39200119789396, 8076
39200185684864, 39200185693424, 8560
39200242820744, 39200242827968, 7224
39200344429040, 39200344440276, 11236
39200352090368, 39200352098424, 8056
39200354434852, 39200354442900, 8048
39200361613624, 39200361621688, 8064
39200376593508, 39200376600584, 7076
39200433762992, 39200433770400, 7408
39200448752140, 39200448759892, 7752
39200535804684, 39200535812016, 7332
39200593530060, 39200593537884, 7824
39200595871384, 39200595879404, 8020
39200692526372, 39200692533280, 6908
39200749695880, 39200749703552, 7672
39200764670576, 39200764678272, 7696
39200799761064, 39200799768976, 7912
39200865662440, 39200865670060, 7620
39200880632892, 39200880640684, 7792
39200887826756, 39200887833968, 7212
39201020822380, 39201020833708, 11328
39201035797016, 39201035805116, 8100
39201056728828, 39201056735656, 6828
39201071699300, 39201071707352, 8052
39201074027656, 39201074035472, 7816
39201131203316, 39201131210460, 7144
39201133528040, 39201133535600, 7560
39201252268292, 39201252279780, 11488
39201366003132, 39201366013544, 10412
39201380982444, 39201380990896, 8452
39201388181332, 39201388189412, 8080
39201392028484, 39201392036216, 7732
39201394356016, 39201394363880, 7864
39201402406748, 39201402413712, 6964
39201515644996, 39201515656936, 11940
39201536921968, 39201536930396, 8428
39201544665004, 39201544673260, 8256
39201641362608, 39201641371300, 8692
39201649411224, 39201649417988, 6764
39201746032240, 39201746039504, 7264
39201750292888, 39201750300156, 7268
39201757485504, 39201757492460, 6956
39201761747856, 39201761755056, 7200
39201849329868, 39201849337480, 7612
39201851654896, 39201851662160, 7264
39201872809960, 39201872821600, 11640
39202481294416, 39202481297996, 3580
39181298150644, 39181298161088, 10444
39181298193888, 39181298201344, 7456
39181298220508, 39181298226968, 6460
39181298249080, 39181298256344, 7264
39181298279580, 39181298286664, 7084
39181298308704, 39181298315784, 7080
39181298363588, 39181298370916, 7328
39181298394328, 39181298401284, 6956
39181298424356, 39181298431208, 6852
39181298449272, 39181298455616, 6344
39181298476460, 39181298483236, 6776
39181298505840, 39181298512728, 6888
39181298535152, 39181298542324, 7172
39181298564424, 39181298571864, 7440
39181298588984, 39181298595252, 6268
39181298616128, 39181298623452, 7324
39183291629012, 39183291642924, 13912
39183291660896, 39183291668284, 7388
39183291680960, 39183291687780, 6820
39183291699748, 39183291706444, 6696
39183291717448, 39183291724372, 6924
39183291737440, 39183291744124, 6684
39183291757148, 39183291763892, 6744
39183291774724, 39183291781428, 6704
39183291793316, 39183291800020, 6704
39183319506444, 39183319541784, 35340
39183347435836, 39183347439624, 3788
39183375373490, 39183375376916, 3426
39183403284068, 39183403286044, 1976
39183425287532, 39183425296648, 9116
39183512307144, 39183512315436, 8292
39183612538824, 39183612546920, 8096
39183627552376, 39183627561352, 8976
39183658697864, 39183658709964, 12100
39183662973388, 39183662981448, 8060
39183670153876, 39183670161776, 7900
39183682632984, 39183682644152, 11168
39183748477516, 39183748489596, 12080
39183750809128, 39183750816636, 7508
39183785349136, 39183785357968, 8832
39183885512332, 39183885520216, 7884
39183972571860, 39183972580120, 8260
39183976838476, 39183976846236, 7760
39183979163928, 39183979171668, 7740
39183989883572, 39183989890548, 6976
39183994151484, 39183994158520, 7036
39184094509484, 39184094517744, 8260
39184096835064, 39184096842816, 7752
39184111827388, 39184111835468, 8080
39184116090644, 39184116098648, 8004
39184129492628, 39184129499732, 7104
39184131818272, 39184131825212, 6940
39184136082912, 39184136090900, 7988
39184252819268, 39184252827504, 8236
39184255148112, 39184255155928, 7816
39184259433616, 39184259441300, 7684
39184269158164, 39184269164760, 6596
39184273422604, 39184273429272, 6668
39184278681988, 39184278688448, 6460
39184395999264, 39184396006480, 7216
39184410989172, 39184410996632, 7460
39184514948124, 39184514956176, 8052
39184534947808, 39184534955956, 8148
39184622575004, 39184622583288, 8284
39184657102468, 39184657109908, 7440
39184677096344, 39184677103420, 7076
39184764172700, 39184764181048, 8348
39184821338648, 39184821346620, 7972
39184882734804, 39184882742160, 7356
39184902741464, 39184902748608, 7144
39184959906336, 39184959914288, 7952
39185025800884, 39185025808964, 8080
39185032906444, 39185032914572, 8128
39185107868432, 39185107876692, 8260
39185115911948, 39185115918836, 6888
39185130889796, 39185130897448, 7652
39185191738988, 39185191747636, 8648
39185196004556, 39185196011260, 6704
39185210993940, 39185211001596, 7656
39185213322788, 39185213329536, 6748
39185274157092, 39185274164552, 7460
39185276481960, 39185276489968, 8008
39185280773688, 39185280781308, 7620
39185338454524, 39185338462636, 8112
39185456342332, 39185456354212, 11880
39185460996144, 39185461004156, 8012
39185495522616, 39185495530324, 7708
39185670222660, 39185670231780, 9120
39185685197980, 39185685206244, 8264
39185693243764, 39185693251884, 8120
39185792993436, 39185793001964, 8528
39185797263736, 39185797270320, 6584
39185805311456, 39185805319472, 8016
39185809155868, 39185809163612, 7744
39185911271840, 39185911283064, 11224
39185915102656, 39185915110032, 7376
39186014797872, 39186014805240, 7368
39186022845960, 39186022853504, 7544
39186120079272, 39186120087268, 7996
39186123916160, 39186123923236, 7076
39186198260120, 39186198268648, 8528
39186247797928, 39186247805508, 7580
39186251639468, 39186251647460, 7992
39186260158116, 39186260166452, 8336
39186347752244, 39186347760876, 8632
39186447412152, 39186447420276, 8124
39186511558572, 39186511566624, 8052
39186515845592, 39186515853540, 7948
39186613036728, 39186613044712, 7984
39186621096960, 39186621104752, 7792
39186624939584, 39186624947308, 7724
39186659479196, 39186659487448, 8252
39186844975044, 39186844986160, 11116
39186862011812, 39186862020092, 8280
39186865854680, 39186865862120, 7440
39186866914988, 39186866921812, 6824
39186970675160, 39186970686808, 11648
39186987702976, 39186987711600, 8624
39187053576252, 39187053584708, 8456
39187114957924, 39187114966144, 8220
39187189333064, 39187189340920, 7856
39187193596032, 39187193604140, 8108
39187202118064, 39187202124748, 6684
39187206382316, 39187206390372, 8056
39187213561612, 39187213568284, 6672
39187230051088, 39187230057912, 6824
39187234312284, 39187234318832, 6548
39187296406960, 39187296414140, 7180
39187303581484, 39187303588120, 6636
39187391192956, 39187391201536, 8580
39187512839528, 39187512847776, 8248
39187517108520, 39187517116384, 7864
39187524304772, 39187524311324, 6552
39187585692604, 39187585699740, 7136
39187592867000, 39187592874884, 7884
39187612867184, 39187612875528, 8344
39187709570448, 39187709578600, 8152
39187713833616, 39187713841416, 7800
39187800781472, 39187800789052, 7580
39187897999156, 39187898006284, 7128
39188072204216, 39188072211828, 7612
39188080811180, 39188080818764, 7584
39188177466464, 39188177474744, 8280
39188184661884, 39188184669304, 7420
39188237615580, 39188237627028, 11448
39188241450736, 39188241458048, 7312
39188248641900, 39188248650136, 8236
39188336246780, 39188336255284, 8504
39188402127116, 39188402134424, 7308
39188409323168, 39188409330952, 7784
39188443846888, 39188443855352, 8464
39188457084772, 39188457096420, 11648
39188522870840, 39188522879252, 8412
39188532896444, 39188532903892, 7448
39188540063876, 39188540070996, 7120
39188543897436, 39188543904612, 7176
39188578978900, 39188578987080, 8180
39188593946584, 39188593953640, 7056
39188659842976, 39188659851348, 8372
39188770332408, 39188770344128, 11720
39188777997264, 39188778005404, 8140
39188785193528, 39188785201860, 8332
39188885438120, 39188885445740, 7620
39188905437168, 39188905445172, 8004
39188912639516, 39188912646988, 7472
39188916484388, 39188916492556, 8168
39189013160208, 39189013167532, 7324
39189020354348, 39189020361056, 6708
39189024195052, 39189024202776, 7724
39189039169936, 39189039178024, 8088
39189105639584, 39189105648016, 8432
39189195149884, 39189195158204, 8320
39189269575940, 39189269584008, 8068
39189327308544, 39189327316872, 8328
39189335360024, 39189335368232, 8208
39189452100028, 39189452107080, 7052
39189460143132, 39189460150088, 6956
39189517312128, 39189517319672, 7544
39189614557072, 39189614564392, 7320
39189671700120, 39189671708112, 7992
39189746105204, 39189746111996, 6792
39189881707848, 39189881719392, 11544
39189947609968, 39189947619056, 9088
39189954792004, 39189954799192, 7188
39190011952588, 39190011960592, 8004
39190015794768, 39190015801508, 6740
39190023064904, 39190023072152, 7248
39190120268796, 39190120276132, 7336
39190177431904, 39190177439892, 7988
39190277087076, 39190277095060, 7984
39190311601752, 39190311609764, 8012
39190327140368, 39190327147876, 7508
39190330984448, 39190330991432, 6984
39190388133284, 39190388141300, 8016
39190484790692, 39190484797960, 7268
39190519308428, 39190519316620, 8192
39190594268352, 39190594276336, 7984
39190614261472, 39190614269340, 7868
39190848216656, 39190848224884, 8228
39190909030132, 39190909037992, 7860
39190966182888, 39190966189960, 7072
39191088381028, 39191088387944, 6916
39191145534144, 39191145541944, 7800
39191149378088, 39191149385932, 7844
39191223749168, 39191223756968, 7800
39191243739764, 39191243747772, 8008
39191278258392, 39191278266020, 7628
39191378493024, 39191378500640, 7616
39191393458884, 39191393465756, 6872
39191427987388, 39191427995140, 7752
39191502359796, 39191502367672, 7876
39191619640520, 39191619648660, 8140
39191627684152, 39191627690868, 6716
39191744407968, 39191744416312, 8344
39191810310108, 39191810317960, 7852
39191825855332, 39191825863056, 7724
39191922532440, 39191922541004, 8564
39191931068636, 39191931075328, 6692
39192027832604, 39192027840656, 8052
39192150056332, 39192150064536, 8204
39192158594676, 39192158603124, 8448
39192160919936, 39192160926488, 6552
39192165191024, 39192165199180, 8156
39192239607732, 39192239616012, 8280
39192243876160, 39192243883772, 7612
39192246222920, 39192246230536, 7616
39192261195732, 39192261203404, 7672
39192281204932, 39192281213016, 8084
39192285050940, 39192285058052, 7112
39192360043520, 39192360051108, 7588
39192362368828, 39192362375416, 6588
39192436765172, 39192436773192, 8020
39192523822288, 39192523830292, 8004
39192527663024, 39192527671280, 8256
39192562176036, 39192562184148, 8112
39192640997864, 39192641006368, 8504
39192675474952, 39192675482604, 7652
39192679315148, 39192679322200, 7052
39193680537092, 39193680548368, 11276
39193730317624, 39193730325920, 8296
39193787502600, 39193787510860, 8260
39193800296960, 39193800305004, 8044
39193866759212, 39193866767472, 8260
39193881734992, 39193881743164, 8172
39193968811000, 39193968819368, 8368
39193988803372, 39193988810880, 7508
39194106092664, 39194106100516, 7852
39194121057340, 39194121064200, 6860
39194237790396, 39194237798448, 8052
39194335045740, 39194335054200, 8460
39194337372840, 39194337380616, 7776
39194345420596, 39194345427280, 6684
39194442087884, 39194442096292, 8408
39194445934536, 39194445942272, 7736
39194511781720, 39194511789508, 7788
39194512481080, 39194512487696, 6616
39194516299212, 39194516305848, 6636
39194535611520, 39194535619504, 7984
39194610571984, 39194610580172, 8188
39194625537608, 39194625544608, 7000
39194632195708, 39194632202532, 6824
39194706542420, 39194706550304, 7884
39194793560088, 39194793567252, 7164
39194868477660, 39194868485892, 8232
39194929279764, 39194929287756, 7992
39194937327120, 39194937334928, 7808
39194943454536, 39194943461308, 6772
39195004265556, 39195004273424, 7868
39195070683588, 39195070690808, 7220
39195078727628, 39195078735228, 7600
39195178376408, 39195178384296, 7888
39195252737432, 39195252745224, 7792
39195310431292, 39195310439252, 7960
39195314271928, 39195314278708, 6780
39195388648828, 39195388656896, 8068
39195488285220, 39195488293128, 7908
39195522799028, 39195522806840, 7812
39195530842372, 39195530850208, 7836
39195534684740, 39195534692784, 8044
39195609606116, 39195609614400, 8284
39195696664964, 39195696673516, 8552
39195698991048, 39195698999216, 8168
39195816270552, 39195816278764, 8212
39195824793796, 39195824800496, 6700
39195941531080, 39195941538884, 7804
39195943858264, 39195943866144, 7880
39195958824592, 39195958832696, 8104
39195980987336, 39195980994300, 6964
39195983310208, 39195983316752, 6544
39196027163368, 39196027171380, 8012
39196047164288, 39196047172292, 8004
39196051432584, 39196051439336, 6752
39196053756048, 39196053762584, 6536
39196057255412, 39196057262044, 6632
39196061521788, 39196061529496, 7708
39196389968708, 39196389979940, 11232
39196418695684, 39196418704296, 8612
39196513386880, 39196513394404, 7524
39196517226220, 39196517234464, 8244
39196551769140, 39196551777228, 8088
39196579505396, 39196579512992, 7596
39196583326976, 39196583333624, 6648
39196652826684, 39196652834940, 8256
39196661361984, 39196661369200, 7216
39197720807844, 39197720818868, 11024
39197908621772, 39197908630832, 9060
39197915806876, 39197915815004, 8128
39197919651360, 39197919659368, 8008
39198387676804, 39198387684680, 7876
39198407664420, 39198407671416, 6996
39198524328384, 39198524336116, 7732
39198532379516, 39198532388044, 8528
39198619978964, 39198619986932, 7968
39198622581848, 39198622589308, 7460
39198688458848, 39198688465956, 7108
39198775491164, 39198775499376, 8212
39198833186104, 39198833194316, 8212
39198907554132, 39198907562340, 8208
39199025627796, 39199025639236, 11440
39199029462456, 39199029470900, 8444
39199031809780, 39199031817256, 7476
39199089517208, 39199089525420, 8212
39199093781660, 39199093789628, 7968
39199096107520, 39199096114880, 7360
39199099947284, 39199099954416, 7132
39199101440124, 39199101446804, 6680
39199105701412, 39199105708020, 6608
39199112269208, 39199112277080, 7872
39199129373948, 39199129380756, 6808
39199133633684, 39199133640184, 6500
39199233258644, 39199233266228, 7584
39199253248848, 39199253256680, 7832
39199319667916, 39199319675872, 7956
39199323511524, 39199323519428, 7904
39199332033528, 39199332041120, 7592
39199429212644, 39199429219792, 7148
39199449211028, 39199449219272, 8244
39199453476772, 39199453484672, 7900
39199455802156, 39199455808700, 6544
39199553012476, 39199553020592, 8116
39199557279528, 39199557287292, 7764
39199644329716, 39199644338032, 8316
39199646660108, 39199646668152, 8044
39199655176864, 39199655183660, 6796
39199657500688, 39199657508284, 7596
39199665555844, 39199665564060, 8216
39199765231276, 39199765239804, 8528
39199785225396, 39199785233252, 7856
39199851668256, 39199851676368, 8112
39199908816444, 39199908824584, 8140
39199916014984, 39199916022660, 7676
39200015739132, 39200015746600, 7468
39200030701804, 39200030708984, 7180
39200065802708, 39200065810612, 7904
39200105006004, 39200105017420, 11416
39200119986888, 39200119995020, 8132
39200128041124, 39200128049396, 8272
39200135242464, 39200135250724, 8260
39200139090600, 39200139098844, 8244
39200226166740, 39200226174464, 7724
39200323344132, 39200323352572, 8440
39200674067904, 39200674076328, 8424
39200682117292, 39200682125044, 7752
39200769176312, 39200769185000, 8688
39200789181772, 39200789190076, 8304
39200791532776, 39200791540752, 7976
39200795936192, 39200795944432, 8240
39200803119568, 39200803126692, 7124
39200811168772, 39200811175896, 7124
39200829271872, 39200829279224, 7352
39200831599524, 39200831606408, 6884
39200861196892, 39200861203916, 7024
39200865025648, 39200865032540, 6892
39200913085132, 39200913096692, 11560
39200935038744, 39200935049792, 11048
39200942221392, 39200942228732, 7340
39200950265124, 39200950273048, 7924
39200952591416, 39200952598740, 7324
39201018422884, 39201018430288, 7404
39201020750976, 39201020758308, 7332
39201377984500, 39201377995624, 11124
39201412055444, 39201412063664, 8220
39201469179596, 39201469187116, 7520
39201489150548, 39201489157452, 6904
39201504119008, 39201504126936, 7928
39201738049952, 39201738057588, 7636
39201772541912, 39201772550184, 8272
39201838974680, 39201838982980, 8300
39201842802620, 39201842810572, 7952
39201849995064, 39201850002144, 7080
39201884501404, 39201884508300, 6896
39201894733632, 39201894740264, 6632
39201901911508, 39201901918852, 7344
39201990514860, 39201990522936, 8076
39202025115480, 39202025122976, 7496
39202040080380, 39202040088104, 7724
39202048702412, 39202048710584, 8172
39202055886348, 39202055893536, 7188
39202075879208, 39202075887116, 7908
39202080151544, 39202080158508, 6964
39202090225652, 39202090232388, 6736
39202114164460, 39202114176012, 11552
39202129142048, 39202129150216, 8168
39202132989476, 39202132997060, 7584
39202167482444, 39202167490752, 8308
39203295361048, 39203295372136, 11088
