40715342084876, 40715342095320, 10444
40715342121668, 40715342127928, 6260
40715342150376, 40715342157716, 7340
40715342179840, 40715342186756, 6916
40715342209448, 40715342216592, 7144
40715342238928, 40715342245988, 7060
40715342267864, 40715342274880, 7016
40715342292680, 40715342299068, 6388
40715342320468, 40715342327776, 7308
40715342349540, 40715342356480, 6940
40715342378092, 40715342384936, 6844
40715342407012, 40715342413996, 6984
40715342436048, 40715342443004, 6956
40715342459636, 40715342466192, 6556
40715342487124, 40715342494400, 7276
40717336297592, 40717336311692, 14100
40717336330144, 40717336337928, 7784
40717336352268, 40717336359576, 7308
40717336373808, 40717336380924, 7116
40718060516896, 40718060532090, 15194
40718736822136, 40718736830212, 8076
40718784711196, 40718784722324, 11128
40719508988008, 40719508991240, 3232
40720137491992, 40720137503344, 11352
40720231273492, 40720231285064, 11572
40720706079292, 40720706089140, 9848
40721520139196, 40721520148992, 9796
40722010845172, 40722010853768, 8596
40722116468216, 40722116475908, 7692
40723445509424, 40723445520220, 10796
40723887987784, 40723887991332, 3548
40724532865680, 40724532874436, 8756
40725241166460, 40725241177036, 10576
40725781890008, 40725781900836, 10828
40726070506488, 40726070514824, 8336
40726984954188, 40726984964392, 10204
40727573553052, 40727573564884, 11832
40728541192332, 40728541202304, 9972
40728628991512, 40728629002968, 11456
40729538817480, 40729538828828, 11348
40729718392784, 40729718403684, 10900
40729941861248, 40729941871868, 10620
40730478520168, 40730478529960, 9792
40731534020764, 40731534032128, 11364
40732370018400, 40732370029440, 11040
40732691204196, 40732691215596, 11400
40733800556200, 40733800566956, 10756
40734331293188, 40734331304504, 11316
40735825677692, 40735825688192, 10500
40735931838660, 40735931847288, 8628
40736404300516, 40736404310636, 10120
40736827235636, 40736827244628, 8992
40737008801672, 40737008812944, 11272
40737048084936, 40737048092932, 7996
40737713128392, 40737713140164, 11772
40718561245452, 40718561259296, 13844
40718817030296, 40718817041936, 11640
40719094048936, 40719094057768, 8832
40720149475516, 40720149486056, 10540
40720372941420, 40720372952748, 11328
40720650214112, 40720650222696, 8584
40720931541208, 40720931551420, 10212
40721665795144, 40721665805520, 10376
40721701704328, 40721701712060, 7732
40721884291220, 40721884299092, 7872
40722009300624, 40722009308008, 7384
40722447933576, 40722447943152, 9576
40722922754848, 40722922765896, 11048
40723066409260, 40723066420392, 11132
40724105932448, 40724105942708, 10260
40724187926760, 40724187935268, 8508
40724614667604, 40724614678396, 10792
40725735993824, 40725736002668, 8844
40726280690884, 40726280702188, 11304
40727168526832, 40727168536928, 10096
40727449851416, 40727449862376, 10960
40727824958404, 40727824970004, 11600
40728796592452, 40728796603816, 11364
40729115832768, 40729115843880, 11112
40730229177168, 40730229187656, 10488
40730703981896, 40730703989912, 8016
40731190824932, 40731190834268, 9336
40731795387100, 40731795398312, 11212
40732759047936, 40732759059168, 11232
40732798337088, 40732798345004, 7916
40733800555148, 40733800565580, 10432
40734081892564, 40734081903972, 11408
40734718320180, 40734718331544, 11364
40735843636368, 40735843647388, 11020
40737671224640, 40737671236692, 12052
40737806913256, 40737806928468, 15212
40738503199816, 40738503215672, 15856
40717362184024, 40717362221820, 37796
40718427623628, 40718427633296, 9668
40718844390264, 40718844399312, 9048
40719050086256, 40719050097492, 11236
40719536920900, 40719536931860, 10960
40720251221768, 40720251230328, 8560
40720957481576, 40720957484856, 3280
40722543649292, 40722543660416, 11124
40722820986096, 40722820997124, 11028
40723202077440, 40723202088044, 10604
40723854524480, 40723854534660, 10180
40724578740940, 40724578749116, 8176
40725303020004, 40725303029488, 9484
40725907581136, 40725907591172, 10036
40725989019812, 40725989027384, 7572
40726364492604, 40726364503856, 11252
40727040830252, 40727040840296, 10044
40727202444156, 40727202454948, 10792
40727810992396, 40727811003336, 10940
40728529221956, 40728529232628, 10672
40729147761664, 40729147771952, 10288
40730328937520, 40730328945848, 8328
40732519607192, 40732519617444, 10252
40733712778256, 40733712781496, 3240
40734203491844, 40734203501832, 9988
40735077454524, 40735077463908, 9384
40735570282840, 40735570291528, 8688
40736509992196, 40736510002792, 10596
40737757034168, 40737757046088, 11920
40738132138804, 40738132155176, 16372
40717364167244, 40717364209708, 42464
40718453558888, 40718453568104, 9216
40718742821124, 40718742832280, 11156
40719550888656, 40719550898456, 9800
40720141480656, 40720141488836, 8180
40720752037488, 40720752046444, 8956
40721544085232, 40721544096120, 10888
40722527699992, 40722527710732, 10740
40722807020316, 40722807030648, 10332
40723395616348, 40723395627836, 11488
40723900418612, 40723900428332, 9720
40724082903560, 40724082911504, 7944
40724159792296, 40724159799696, 7400
40724818174508, 40724818182940, 8432
40724975809248, 40724975820940, 11692
40725524499424, 40725524510756, 11332
40726526050348, 40726526061092, 10744
40728200066004, 40728200069200, 3196
40728924282744, 40728924285872, 3128
40729648556908, 40729648560124, 3216
40730372835268, 40730372838348, 3080
40730977347580, 40730977358932, 11352
40731863225728, 40731863237196, 11468
40732545544468, 40732545552488, 8020
40733223942220, 40733223953144, 10924
40733852442764, 40733852453624, 10860
40734081898928, 40734081911252, 12324
40734370251272, 40734370259752, 8480
40735859607652, 40735859619184, 11532
40736891089156, 40736891100876, 11720
40738165492404, 40738165503136, 10732
