40713245983180, 40713245990656, 7476
40713294105996, 40713294115072, 9076
40713342041184, 40713342049836, 8652
40715342079440, 40715342084592, 5152
40715342119448, 40715342121476, 2028
40715342147552, 40715342150180, 2628
40715342177108, 40715342179644, 2536
40715342206840, 40715342209260, 2420
40715342236380, 40715342238736, 2356
40715342265236, 40715342267672, 2436
40715342291004, 40715342292500, 1496
40715342317544, 40715342320280, 2736
40715342346968, 40715342349352, 2384
40715342375548, 40715342377896, 2348
40715342404080, 40715342406816, 2736
40715342433320, 40715342435852, 2532
40715342458060, 40715342459444, 1384
40715342484664, 40715342486932, 2268
40717336290560, 40717336297400, 6840
40717336316252, 40717336329892, 13640
40717336341892, 40717336352072, 10180
40717336363556, 40717336373620, 10064
40718060506710, 40718060516576, 9866
40718736816440, 40718736821948, 5508
40718784706580, 40718784711004, 4424
40719508982068, 40719508987784, 5716
40720137486008, 40720137491800, 5792
40720231269488, 40720231273296, 3808
40720706076364, 40720706079048, 2684
40721520136328, 40721520138996, 2668
40722010835616, 40722010844980, 9364
40722116461600, 40722116468024, 6424
40723445505644, 40723445509232, 3588
40723887985184, 40723887987592, 2408
40724532862624, 40724532865492, 2868
40725241163168, 40725241166248, 3080
40725781886132, 40725781889824, 3692
40726070497364, 40726070506288, 8924
40726984950984, 40726984953996, 3012
40727573549864, 40727573552860, 2996
40728541189800, 40728541192140, 2340
40728628983880, 40728628991316, 7436
40729538814288, 40729538817284, 2996
40729718389432, 40729718392588, 3156
40729941859140, 40729941861052, 1912
40730478517428, 40730478519976, 2548
40731534017220, 40731534020568, 3348
40732370015604, 40732370018204, 2600
40732691196564, 40732691204008, 7444
40733800553344, 40733800556000, 2656
40734331290048, 40734331292992, 2944
40735931828968, 40735931838464, 9496
40736404297144, 40736404300320, 3176
40736827232780, 40736827235444, 2664
40737008798800, 40737008801480, 2680
40737048075540, 40737048084744, 9204
40737713124848, 40737713128200, 3352
40713238879780, 40713238892344, 12564
40713309794592, 40713309807156, 12564
40718561241992, 40718561245260, 3268
40718561264972, 40718561271888, 6916
40718817025588, 40718817029928, 4340
40719094038984, 40719094048692, 9708
40720149471144, 40720149475188, 4044
40720372938208, 40720372941036, 2828
40720650211064, 40720650213620, 2556
40720931537868, 40720931541000, 3132
40721665791924, 40721665794836, 2912
40721701702544, 40721701704144, 1600
40721884282368, 40721884291024, 8656
40722009293720, 40722009300340, 6620
40722447930456, 40722447933076, 2620
40722922749444, 40722922754640, 5196
40723066401160, 40723066408880, 7720
40724105928476, 40724105932140, 3664
40724187917284, 40724187926480, 9196
40724614662964, 40724614667408, 4444
40725735980992, 40725735993560, 12568
40726280687124, 40726280690392, 3268
40727168523208, 40727168526640, 3432
40727449848160, 40727449851200, 3040
40727824955188, 40727824958040, 2852
40728796584200, 40728796592240, 8040
40729115824516, 40729115832288, 7772
40730229169476, 40730229176964, 7488
40730703979004, 40730703981704, 2700
40731190822196, 40731190824740, 2544
40731795383852, 40731795386792, 2940
40732759044432, 40732759047652, 3220
40732798327844, 40732798336892, 9048
40733800552044, 40733800554912, 2868
40734081889584, 40734081892356, 2772
40734718312416, 40734718319976, 7560
40735843632232, 40735843636096, 3864
40736631622480, 40736631628332, 5852
40737671220864, 40737671224416, 3552
40737806909580, 40737806913032, 3452
40738503195292, 40738503199624, 4332
40713253858640, 40713253868104, 9464
40713261954272, 40713261967308, 13036
40713278087956, 40713278097444, 9488
40713349209740, 40713349218416, 8676
40717362179310, 40717362183704, 4394
40718427619212, 40718427623432, 4220
40718844381064, 40718844390012, 8948
40719050083040, 40719050086060, 3020
40719536918844, 40719536920708, 1864
40720251218944, 40720251221580, 2636
40720957476216, 40720957481380, 5164
40722543645980, 40722543649100, 3120
40722820982708, 40722820985904, 3196
40723202074344, 40723202077256, 2912
40723854518676, 40723854524284, 5608
40724578734588, 40724578740748, 6160
40725303015388, 40725303019812, 4424
40725907578024, 40725907580944, 2920
40725989010068, 40725989019616, 9548
40726364489304, 40726364492412, 3108
40727040816920, 40727040830060, 13140
40727202440156, 40727202443968, 3812
40727810983940, 40727810992204, 8264
40728529219836, 40728529221760, 1924
40729147757228, 40729147761468, 4240
40730328930960, 40730328937328, 6368
40732519603820, 40732519607000, 3180
40733010503404, 40733010508544, 5140
40733712758972, 40733712777992, 19020
40734203476908, 40734203491560, 14652
40735077447836, 40735077454328, 6492
40735570277192, 40735570282568, 5376
40736509988988, 40736509991980, 2992
40737757030420, 40737757033960, 3540
40738132135212, 40738132138484, 3272
40717364161636, 40717364166924, 5288
40718453552972, 40718453558688, 5716
40718742816740, 40718742820932, 4192
40719550885860, 40719550888456, 2596
40720141474420, 40720141480452, 6032
40720752028188, 40720752037296, 9108
40721544078392, 40721544085036, 6644
40722527696636, 40722527699796, 3160
40722807017576, 40722807020128, 2552
40723395613060, 40723395616156, 3096
40723900415804, 40723900418420, 2616
40724082894164, 40724082903368, 9204
40724159790724, 40724159792104, 1380
40724818169624, 40724818174324, 4700
40724975801104, 40724975809052, 7948
40725524487164, 40725524499232, 12068
40726526046632, 40726526050152, 3520
40727030928368, 40727030934148, 5780
40727535888244, 40727535892680, 4436
40728200057896, 40728200065808, 7912
40728924274700, 40728924282556, 7856
40729648548904, 40729648556716, 7812
40730372827752, 40730372835072, 7320
40730977344428, 40730977347384, 2956
40731863222568, 40731863225532, 2964
40732545540028, 40732545544272, 4244
40733223939008, 40733223942028, 3020
40733852439232, 40733852442568, 3336
40734081894920, 40734081898728, 3808
40734370240364, 40734370251088, 10724
40735859604164, 40735859607452, 3288
40736364664880, 40736364669956, 5076
40736891081508, 40736891088960, 7452
40738165488520, 40738165492208, 3688
