40840271964636, 40840272005988, 41352
40841105955948, 40841105958544, 2596
40841860174264, 40841860182772, 8508
40843206900304, 40843206912156, 11852
40843550079092, 40843550090588, 11496
40844539673876, 40844539685412, 11536
40845611114520, 40845611117696, 3176
40846682509860, 40846682513024, 3164
40847753959700, 40847753970180, 10480
40848825353360, 40848825362012, 8652
40849896794992, 40849896798228, 3236
40850968187256, 40850968190516, 3260
40852011700472, 40852011711688, 11216
40852837681212, 40852837690084, 8872
40853332498988, 40853332507484, 8496
40853972973068, 40853972981608, 8540
40854338044148, 40854338052532, 8384
40854870777980, 40854870787224, 9244
40855116206616, 40855116217980, 11364
40855421466336, 40855421474860, 8524
40856259411520, 40856259420808, 9288
40856442910416, 40856442919252, 8836
40857292957164, 40857292960304, 3140
40857791416268, 40857791426196, 9928
40858144926352, 40858144936628, 10276
40858731473144, 40858731484820, 11676
40858996851540, 40858996862792, 11252
40859693186840, 40859693195080, 8240
40859876701204, 40859876710056, 8852
40860722668668, 40860722677500, 8832
40860966398204, 40860966407756, 9552
40840263978876, 40840264018532, 39656
40841325431700, 40841325441972, 10272
40842396826932, 40842396836544, 9612
40843526134856, 40843526144964, 10108
40845036482664, 40845036485172, 2508
40846630630080, 40846630633348, 3268
40848248719636, 40848248730572, 10936
40848897182232, 40848897191448, 9216
40849155002680, 40849155010716, 8036
40849403970788, 40849403981968, 11180
40849669345300, 40849669356388, 11088
40849950669072, 40849950680192, 11120
40850393552496, 40850393561064, 8568
40850543243776, 40850543253244, 9468
40851028040424, 40851028049948, 9524
40851872044836, 40851872055296, 10460
40853033220388, 40853033222780, 2392
40853531496868, 40853531507076, 10208
40853885182752, 40853885192932, 10180
40854737096700, 40854737104660, 7960
40855487322692, 40855487331188, 8496
40856187583528, 40856187592328, 8800
40856490862672, 40856490874196, 11524
40856911859620, 40856911869112, 9492
40857466548720, 40857466559428, 10708
40857650021572, 40857650029468, 7896
40858360349728, 40858360359096, 9368
40858545920896, 40858545932388, 11492
40859084629152, 40859084639468, 10316
40859751052676, 40859751063232, 10556
40860700729660, 40860700738256, 8596
40840259996504, 40840260031796, 35292
40841331420784, 40841331429736, 8952
40841860176152, 40841860186896, 10744
40843372505048, 40843372513388, 8340
40844675029540, 40844675038296, 8756
40844922757920, 40844922768736, 10816
40845323804020, 40845323814944, 10924
40845708890072, 40845708900780, 10708
40846048082376, 40846048093556, 11180
40846221603372, 40846221614780, 11408
40846754345828, 40846754356940, 11112
40847069599220, 40847069610332, 11112
40847827787376, 40847827797552, 10176
40848240738996, 40848240750036, 11040
40849818977800, 40849818985800, 8000
40851413126724, 40851413134864, 8140
40853007282796, 40853007291380, 8584
40854601418328, 40854601426464, 8136
40856195568912, 40856195572172, 3260
40857590641320, 40857590650856, 9536
40858595791300, 40858595800000, 8700
40859647288740, 40859647296892, 8152
40859905215864, 40859905224076, 8212
40860533120624, 40860533130172, 9548
40860724674016, 40860724685404, 11388
40860982587928, 40860982596304, 8376
40841361357564, 40841361375056, 17492
40841862158380, 40841862170600, 12220
40844258350480, 40844258361668, 11188
40849423917260, 40849423925948, 8688
40850952220484, 40850952230300, 9816
40852183841128, 40852183850056, 8928
40852480535544, 40852480547160, 11616
40854008889100, 40854008896844, 7744
40855537195116, 40855537202624, 7508
40857065494740, 40857065502808, 8068
40858593798580, 40858593806528, 7948
40859825545244, 40859825554184, 8940
40860122169780, 40860122181328, 11548
40861650465088, 40861650469796, 4708
