40836280071872, 40836280079948, 8076
40840271958710, 40840271964304, 5594
40841105950104, 40841105955736, 5632
40841860171544, 40841860174056, 2512
40843206896276, 40843206899868, 3592
40843550076188, 40843550078892, 2704
40844539668784, 40844539673676, 4892
40845611107836, 40845611114320, 6484
40846682497400, 40846682509656, 12256
40847753947324, 40847753959492, 12168
40848825336892, 40848825353152, 16260
40849896787392, 40849896794796, 7404
40850968179756, 40850968187052, 7296
40852011697144, 40852011700268, 3124
40852837678488, 40852837681008, 2520
40853332496560, 40853332498784, 2224
40853972966948, 40853972972872, 5924
40854338038272, 40854338043948, 5676
40854870775260, 40854870777780, 2520
40855116201756, 40855116206416, 4660
40855421460532, 40855421466132, 5600
40856259405372, 40856259411316, 5944
40856442895796, 40856442910216, 14420
40857292952220, 40857292956964, 4744
40857791388280, 40857791416060, 27780
40858144920412, 40858144926152, 5740
40858731469792, 40858731472944, 3152
40858996846988, 40858996851344, 4356
40859693183452, 40859693186636, 3184
40859876693824, 40859876701000, 7176
40860722666152, 40860722668468, 2316
40860966394576, 40860966398004, 3428
40836195634280, 40836195643484, 9204
40836279881420, 40836279890096, 8676
40840263973296, 40840263978564, 5268
40841325426076, 40841325431508, 5432
40842396822376, 40842396826732, 4356
40843526131896, 40843526134668, 2772
40845036471844, 40845036482472, 10628
40846630619236, 40846630629828, 10592
40848248715992, 40848248719392, 3400
40848897179136, 40848897182020, 2884
40849154994336, 40849155002492, 8156
40849403967124, 40849403970588, 3464
40849669337184, 40849669345120, 7936
40849950660084, 40849950668880, 8796
40850393545468, 40850393552284, 6816
40850543218752, 40850543243520, 24768
40851028034824, 40851028040228, 5404
40851872040876, 40851872044644, 3768
40852370298228, 40852370304104, 5876
40853033202964, 40853033220196, 17232
40853531472860, 40853531496588, 23728
40853885177168, 40853885182556, 5388
40854737092580, 40854737096508, 3928
40855487319704, 40855487322496, 2792
40856187577604, 40856187583336, 5732
40856490859632, 40856490862452, 2820
40856911853960, 40856911859432, 5472
40857466544808, 40857466548524, 3716
40857650013984, 40857650021376, 7392
40858360342908, 40858360349540, 6632
40858545913372, 40858545920688, 7316
40859084623144, 40859084628964, 5820
40859751048748, 40859751052484, 3736
40860700727220, 40860700729436, 2216
40836188427008, 40836188439296, 12288
40836203834908, 40836203844904, 9996
40836219847028, 40836219856788, 9760
40836280058680, 40836280069452, 10772
40840259991116, 40840259996176, 5060
40841331416264, 40841331420596, 4332
40841860172096, 40841860175964, 3868
40843372502204, 40843372504864, 2660
40844675018156, 40844675029292, 11136
40844922754528, 40844922757672, 3144
40845323791288, 40845323803820, 12532
40845708886088, 40845708889888, 3800
40846048073808, 40846048082180, 8372
40846221599548, 40846221603176, 3628
40846754331420, 40846754345632, 14212
40847069581328, 40847069599024, 17696
40847827783960, 40847827787180, 3220
40848240735440, 40848240738804, 3364
40849818971176, 40849818977604, 6428
40851413125152, 40851413126532, 1380
40853007265556, 40853007282600, 17044
40854601412224, 40854601418136, 5912
40856195564004, 40856195568712, 4708
40857590631244, 40857590641092, 9848
40858595788332, 40858595791100, 2768
40859647282972, 40859647288540, 5568
40859905201028, 40859905215660, 14632
40860533114936, 40860533120436, 5500
40860724665828, 40860724673824, 7996
40860982583648, 40860982587696, 4048
40841361353800, 40841361357380, 3580
40841361380788, 40841361388716, 7928
40844258347380, 40844258350176, 2796
40845490020616, 40845490026020, 5404
40846721676312, 40846721681004, 4692
40847953278136, 40847953283296, 5160
40849423911188, 40849423917072, 5884
40850952215232, 40850952220296, 5064
40852183827216, 40852183840936, 13720
40852480530748, 40852480535348, 4600
40854008884872, 40854008888908, 4036
40855537190808, 40855537194920, 4112
40857065488860, 40857065494556, 5696
40858593794192, 40858593798384, 4192
40859825531592, 40859825545052, 13460
40860122165148, 40860122169588, 4440
40861650458832, 40861650464892, 6060
