145820081858532, 145820081872240, 13708
145820851986092, 145820851996892, 10800
145821648057600, 145821648061460, 3860
145822444148592, 145822444153048, 4456
145823240185164, 145823240189656, 4492
145824036343252, 145824036347268, 4016
145824832385220, 145824832389596, 4376
145825628451044, 145825628455016, 3972
145826424567160, 145826424571356, 4196
145827220692152, 145827220696224, 4072
145828016733156, 145828016737352, 4196
145828812842308, 145828812846440, 4132
145829608974568, 145829608978988, 4420
145830405006212, 145830405010592, 4380
145831201197880, 145831201202032, 4152
145831997190632, 145831997195216, 4584
145832793168212, 145832793172512, 4300
145833589346404, 145833589350944, 4540
145834385355020, 145834385359148, 4128
145835181435056, 145835181439596, 4540
145835977614436, 145835977618816, 4380
145836773624272, 145836773628340, 4068
145837569685204, 145837569689812, 4608
145838365778068, 145838365788924, 10856
145839161830820, 145839161843528, 12708
145820281370416, 145820281385168, 14752
145820887847276, 145820887860020, 12744
145821696012768, 145821696017508, 4740
145822504003824, 145822504008328, 4504
145823312069680, 145823312074332, 4652
145824120088488, 145824120093152, 4664
145824928108656, 145824928112892, 4236
145825736233472, 145825736238168, 4696
145826544266972, 145826544271644, 4672
145827352300920, 145827352305052, 4132
145828160327136, 145828160331544, 4408
145828968385668, 145828968389968, 4300
145829776556396, 145829776560508, 4112
145830584547384, 145830584552104, 4720
145831392545488, 145831392550004, 4516
145832200675024, 145832200679756, 4732
145833008645800, 145833008650024, 4224
145833816722000, 145833816770512, 48512
145834624815548, 145834624820380, 4832
145835432900220, 145835432904892, 4672
145836240919948, 145836240924000, 4052
145837048907060, 145837048911284, 4224
145837856967032, 145837856971240, 4208
145838665118356, 145838665122484, 4128
145818469878436, 145818469888864, 10428
145819387600200, 145819387611832, 11632
145820311282744, 145820311287120, 4376
145821235055640, 145821235067036, 11396
145822158828384, 145822158832600, 4216
145823082586664, 145823082591132, 4468
145824006397772, 145824006402280, 4508
145824930118128, 145824930122412, 4284
145825853906672, 145825853911044, 4372
145826777718332, 145826777722560, 4228
145827701464636, 145827701468868, 4232
145828625220012, 145828625224084, 4072
145829549098364, 145829549102432, 4068
145830472814024, 145830472818440, 4416
145831396536492, 145831396540704, 4212
145832320398768, 145832320403268, 4500
145833244167264, 145833244171192, 3928
145834167897632, 145834167902264, 4632
145835091663912, 145835091668352, 4440
145836015422760, 145836015426884, 4124
145836939169668, 145836939173832, 4164
145837862970860, 145837862974688, 3828
145838786743556, 145838786747524, 3968
145818473727156, 145818473739432, 12276
145819742723420, 145819742735168, 11748
145821021584780, 145821021589112, 4332
145822300521832, 145822300526448, 4616
145823579393768, 145823579398152, 4384
145824858290724, 145824858294732, 4008
145826137288896, 145826137293060, 4164
145827416106960, 145827416111224, 4264
145828695073276, 145828695077664, 4388
145829974024428, 145829974028396, 3968
145831252896408, 145831252900544, 4136
145832531842000, 145832531846328, 4328
145833810792868, 145833810797160, 4292
145835089709400, 145835089713648, 4248
145836368627468, 145836368631360, 3892
145837647499820, 145837647504156, 4336
145838926395272, 145838926399440, 4168
