145820081854652, 145820081858216, 3564
145820081876684, 145820081883576, 6892
145820131722692, 145820131729096, 6404
145820851978516, 145820851985712, 7196
145821648050892, 145821648057236, 6344
145822444141972, 145822444148236, 6264
145823240178128, 145823240184748, 6620
145824036335944, 145824036342940, 6996
145824832378212, 145824832384848, 6636
145825628444544, 145825628450748, 6204
145826424559672, 145826424566856, 7184
145827220685480, 145827220691840, 6360
145828016726236, 145828016732832, 6596
145828812835292, 145828812841988, 6696
145829608969436, 145829608974240, 4804
145830404999708, 145830405005880, 6172
145831201190948, 145831201197500, 6552
145831997183856, 145831997190248, 6392
145832793161676, 145832793167932, 6256
145833589341220, 145833589346080, 4860
145834385348308, 145834385354632, 6324
145835181427528, 145835181434688, 7160
145835977608860, 145835977614044, 5184
145836773617796, 145836773623952, 6156
145837569677788, 145837569684896, 7108
145838365770640, 145838365777712, 7072
145839161815280, 145839161830368, 15088
145814461450028, 145814461458016, 7988
145820281366304, 145820281370220, 3916
145820281389948, 145820281395696, 5748
145820565160764, 145820565167904, 7140
145820887841848, 145820887847080, 5232
145821696007976, 145821696012552, 4576
145822503997076, 145822504003616, 6540
145823312061960, 145823312069460, 7500
145824120084036, 145824120088272, 4236
145824928101684, 145824928108444, 6760
145825736228348, 145825736233256, 4908
145826544260200, 145826544266780, 6580
145827352296488, 145827352300708, 4220
145828160320888, 145828160326952, 6064
145828968379892, 145828968385452, 5560
145829776551380, 145829776556180, 4800
145830584542352, 145830584547152, 4800
145831392537964, 145831392545268, 7304
145832200670100, 145832200674812, 4712
145833008641128, 145833008645572, 4444
145833816717000, 145833816721784, 4784
145834624808568, 145834624815328, 6760
145835432895180, 145835432900004, 4824
145836240913204, 145836240919736, 6532
145837048901868, 145837048906840, 4972
145837856959908, 145837856966816, 6908
145838665112120, 145838665118152, 6032
145814429450472, 145814429462504, 12032
145814444560792, 145814444569176, 8384
145818469875448, 145818469878220, 2772
145819387594496, 145819387599992, 5496
145820311280376, 145820311282532, 2156
145821235049236, 145821235055444, 6208
145822158823568, 145822158828168, 4600
145823082579640, 145823082586440, 6800
145824006392004, 145824006397564, 5560
145824930111020, 145824930117900, 6880
145825853900036, 145825853906476, 6440
145826777712896, 145826777718116, 5220
145827701459724, 145827701464420, 4696
145828625213244, 145828625219792, 6548
145829549091820, 145829549098148, 6328
145830472809100, 145830472813812, 4712
145831396531564, 145831396536280, 4716
145832320393452, 145832320398552, 5100
145833244161984, 145833244167048, 5064
145834167892524, 145834167897420, 4896
145835091658828, 145835091663692, 4864
145836015417432, 145836015422544, 5112
145836939162868, 145836939169460, 6592
145837862966064, 145837862970504, 4440
145838786738104, 145838786743256, 5152
145818473723740, 145818473726936, 3196
145819742716508, 145819742723224, 6716
145821021577852, 145821021584564, 6712
145822300489912, 145822300521612, 31700
145823579388832, 145823579393548, 4716
145824858285768, 145824858290508, 4740
145826137281704, 145826137288676, 6972
145827416101832, 145827416106748, 4916
145828695066144, 145828695073060, 6916
145829974019340, 145829974024212, 4872
145831252889728, 145831252896196, 6468
145832531835320, 145832531841788, 6468
145833810785704, 145833810792652, 6948
145835089702352, 145835089709188, 6836
145836368622812, 145836368627256, 4444
145837647492768, 145837647499628, 6860
145838926387672, 145838926395072, 7400
