39303238530990, 39303238566812, 35822
39303270454810, 39303270489332, 34522
39303316330560, 39303316333868, 3308
39303362221800, 39303362224988, 3188
39304040547000, 39304040558336, 11336
39304141407960, 39304141416620, 8660
39304284198908, 39304284207104, 8196
39304310129992, 39304310137700, 7708
39304353412224, 39304353420948, 8724
39304360542692, 39304360550744, 8052
39304365756416, 39304365763360, 6944
39304391111348, 39304391118316, 6968
39304497919412, 39304497927300, 7888
39304537362896, 39304537374356, 11460
39304649881388, 39304649889904, 8516
39304672192492, 39304672200116, 7624
39304674697540, 39304674705696, 8156
39304818109800, 39304818118660, 8860
39304825244160, 39304825252124, 7964
39304889502868, 39304889510444, 7576
39304896641596, 39304896649956, 8360
39304996460732, 39304996468164, 7432
39305003574340, 39305003581260, 6920
39305068410912, 39305068419640, 8728
39305070917388, 39305070925320, 7932
39305182903600, 39305182912172, 8572
39305194074736, 39305194081924, 7188
39305258334152, 39305258342172, 8020
39305302183768, 39305302192144, 8376
39305304689128, 39305304696992, 7864
39305404529900, 39305404537708, 7808
39305468785444, 39305468794012, 8568
39305490828316, 39305490836664, 8348
39305497957660, 39305497965416, 7756
39305509117960, 39305509125680, 7720
39305621658336, 39305621666300, 7964
39305664950100, 39305664957976, 7876
39305672061208, 39305672068972, 7764
39305683224660, 39305683231576, 6916
39305795861596, 39305795869512, 7916
39305802992652, 39305803000784, 8132
39305902803388, 39305902811368, 7980
39305913951352, 39305913958892, 7540
39305957245168, 39305957253412, 8244
39305979290280, 39305979297196, 6916
39305990457008, 39305990464768, 7760
39306133877276, 39306133885628, 8352
39306145022664, 39306145029216, 6552
39306287872268, 39306287880000, 7732
39306299595468, 39306299602124, 6656
39306442427632, 39306442435388, 7756
39306464474204, 39306464482068, 7864
39306574449148, 39306574460568, 11420
39307048865984, 39307048874964, 8980
39307060040804, 39307060049160, 8356
39307103339800, 39307103348416, 8616
39307267465636, 39307267474204, 8568
39307274580328, 39307274587192, 6864
39307316177884, 39307316186204, 8320
39307318669276, 39307318675884, 6608
39307339189968, 39307339197876, 7908
39307342611336, 39307342617764, 6428
39307363132564, 39307363140444, 7880
39307366554780, 39307366561444, 6664
39307387074844, 39307387082708, 7864
39307409118936, 39307409125820, 6884
39307532207388, 39307532215316, 7928
39307534710928, 39307534719044, 8116
39307546431996, 39307546440020, 8024
39307632582344, 39307632590324, 7980
39307761576444, 39307761588492, 12048
39307772727856, 39307772735976, 8120
39307795326536, 39307795334336, 7800
39307919185264, 39307919196656, 11392
39308515009636, 39308515018000, 8364
39308537053416, 39308537061380, 7964
39308562982772, 39308562991036, 8264
39308747216216, 39308747227524, 11308
39308791159448, 39308791168844, 9396
39308890877116, 39308890889016, 11900
39308916232064, 39308916240400, 8336
39309059620492, 39309059628892, 8400
39309085006644, 39309085014940, 8296
39309096149448, 39309096157240, 7792
39309175066792, 39309175074156, 7364
39309186228896, 39309186237148, 8252
39309206750644, 39309206757348, 6704
39309365099068, 39309365106924, 7856
39309376272844, 39309376280808, 7964
39309664009568, 39309664017740, 8172
39309665027132, 39309665033812, 6680
39309685548800, 39309685556420, 7620
39309708674068, 39309708681840, 7772
39309719834068, 39309719841948, 7880
39309726968516, 39309726976548, 8032
39309813774856, 39309813783356, 8500
39309854812876, 39309854820308, 7432
39309877938884, 39309877946760, 7876
39309889099724, 39309889107744, 8020
39309911140660, 39309911148556, 7896
39310053716092, 39310053723524, 7432
39310076869228, 39310076877468, 8240
39310102255240, 39310102263724, 8484
39310109367228, 39310109374276, 7048
39310132513800, 39310132520732, 6932
39310275337196, 39310275345492, 8296
39310387907852, 39310387916136, 8284
39310413289660, 39310413297408, 7748
39310424435596, 39310424443460, 7864
39310446484316, 39310446492444, 8128
39310453619868, 39310453627496, 7628
39310597019392, 39310597027680, 8288
39310608165540, 39310608173024, 7484
39310610664968, 39310610672936, 7968
39310617800044, 39310617808108, 8064
39310729738180, 39310729746532, 8352
39310794562332, 39310794570148, 7816
39310937397616, 39310937405628, 8012
39310960556700, 39310960564228, 7528
39310971701052, 39310971708840, 7788
39311080181296, 39311080189688, 8392
39311163167124, 39311163174952, 7828
39312196900268, 39312196911824, 11556
39312591161356, 39312591170872, 9516
39312598295304, 39312598303344, 8040
39312609439668, 39312609447632, 7964
39312609897708, 39312609904528, 6820
39312633025104, 39312633033208, 8104
39312669757884, 39312669766248, 8364
39312695124724, 39312695132292, 7568
39312718267256, 39312718275140, 7884
39312861611264, 39312861618868, 7604
39312884717528, 39312884724592, 7064
39312984489064, 39312984497256, 8192
39313009862276, 39313009870640, 8364
39313122408788, 39313122417036, 8248
39313181579972, 39313181586988, 7016
39313294122092, 39313294130200, 8108
39313305284972, 39313305293052, 8080
39313327329436, 39313327337748, 8312
39313352703356, 39313352711688, 8332
39313395991876, 39313395999672, 7796
39313407154192, 39313407162012, 7820
39313506959664, 39313506966948, 7284
39313550806364, 39313550814272, 7908
39313572849636, 39313572857844, 8208
39313598221452, 39313598229632, 8180
39313621351900, 39313621360556, 8656
39313623871076, 39313623877968, 6892
39313645911856, 39313645918764, 6908
39313669034820, 39313669041936, 7116
39313694412168, 39313694420328, 8160
39313794883940, 39313794891360, 7420
39313816926040, 39313816934148, 8108
39313890389572, 39313890397740, 8168
39314002390580, 39314002398932, 8352
39314025002712, 39314025010884, 8172
39314107073956, 39314107081156, 7200
39314129120420, 39314129128240, 7820
39314152274872, 39314152282748, 7876
39314177627448, 39314177635148, 7700
39314321821456, 39314321829328, 7872
39314386081300, 39314386089608, 8308
39314485913068, 39314485921432, 8364
39314598460512, 39314598468312, 7800
39314620500028, 39314620507824, 7796
39314720329220, 39314720337464, 8244
39314743473304, 39314743481428, 8124
39314822961160, 39314822969452, 8292
39314834110396, 39314834117140, 6744
39314913032736, 39314913040880, 8144
39314936161124, 39314936168136, 7012
39314947319028, 39314947325584, 6556
39315026791488, 39315026799644, 8156
39315169629228, 39315169637592, 8364
39315210676336, 39315210684364, 8028
39315221836632, 39315221843152, 6520
39315304458076, 39315304466432, 8356
39315341178692, 39315341186856, 8164
39315363217784, 39315363225696, 7912
39315386360328, 39315386368156, 7828
39315486181980, 39315486193648, 11668
39315506705948, 39315506713692, 7744
39315550556096, 39315550564040, 7944
39315572594644, 39315572602608, 7964
39315575114088, 39315575121908, 7820
39315586259912, 39315586267684, 7772
39315609411200, 39315609418880, 7680
39315673673788, 39315673681260, 7472
39315684831180, 39315684837768, 6588
39315687332296, 39315687340004, 7708
39315852118440, 39315852126292, 7852
39315874158804, 39315874166628, 7824
39315897284648, 39315897292564, 7916
39315922659588, 39315922667556, 7968
39316272494972, 39316272503788, 8816
39316273061704, 39316273068160, 6456
39316293582508, 39316293590084, 7576
39316297001876, 39316297008548, 6672
39316317522076, 39316317530160, 8084
39316320945772, 39316320952468, 6696
39316341463672, 39316341471436, 7764
39316343965544, 39316343973420, 7876
39316344886904, 39316344893752, 6848
39316365408572, 39316365416336, 7764
39316368829580, 39316368836224, 6644
39316389349212, 39316389356856, 7644
39316468237480, 39316468245436, 7956
39316479401832, 39316479409504, 7672
39316501442524, 39316501450316, 7792
39316644839008, 39316644847200, 8192
39316645296172, 39316645303896, 7724
39316869803872, 39316869811560, 7688
39316891849188, 39316891856960, 7772
39316902992572, 39316903000304, 7732
39316926180248, 39316926188460, 8212
39317038745144, 39317038754568, 9424
39317075483836, 39317075491884, 8048
39317086635412, 39317086643040, 7628
39317150870560, 39317150877828, 7268
39317162019512, 39317162026420, 6908
39317187383828, 39317187392080, 8252
39317516602592, 39317516611060, 8468
39317518096744, 39317518103404, 6660
39317538611924, 39317538619112, 7188
39317542037232, 39317542044192, 6960
39317562552456, 39317562560560, 8104
39317565982020, 39317565988780, 6760
39317586504404, 39317586511272, 6868
39317606234688, 39317606241672, 6984
39317646116648, 39317646124660, 8012
39317657258800, 39317657266480, 7680
39317736247276, 39317736254468, 7192
39317747386064, 39317747392824, 6760
39317826848196, 39317826856328, 8132
39317888396252, 39317888403216, 6964
39317967298044, 39317967306200, 8156
39318004011408, 39318004018944, 7536
39318047849700, 39318047856648, 6948
39318121298244, 39318121306536, 8292
39318141819492, 39318141827404, 7912
39318206067036, 39318206074060, 7024
39318249345808, 39318249354008, 8200
39318349703680, 39318349710796, 7116
39318413962436, 39318413970748, 8312
39318421073528, 39318421081356, 7828
39318462120104, 39318462128244, 8140
39318464618080, 39318464624632, 6552
39318485135180, 39318485142840, 7660
39318496294716, 39318496301980, 7264
39318503404956, 39318503413032, 8076
39318615940868, 39318615948084, 7216
39318623053908, 39318623061976, 8068
39318781411188, 39318781420084, 8896
39318806758924, 39318806766880, 7956
39318809276624, 39318809284632, 8008
39318832402236, 39318832410104, 7868
39318839533164, 39318839540936, 7772
39318850674764, 39318850681544, 6780
39318876041748, 39318876049632, 7884
39318988037840, 39318988046092, 8252
39319011181984, 39319011189896, 7912
39319022902748, 39319022909896, 7148
39319046022476, 39319046029072, 6596
39319158000360, 39319158008428, 8068
39319281635248, 39319281643344, 8096
39319345900448, 39319345908508, 8060
39319371246100, 39319371254900, 8800
39319457383744, 39319457391904, 8160
39319468540252, 39319468547044, 6792
39319493909280, 39319493917236, 7956
39319694092784, 39319694101052, 8268
39319717244152, 39319717251964, 7812
39319719840644, 39319719848572, 7928
39319799305724, 39319799314024, 8300
39319863560420, 39319863568632, 8212
39319888930928, 39319888938784, 7856
39319943369516, 39319943376580, 7064
39320007627128, 39320007634256, 7128
39320051477804, 39320051486024, 8220
39320074625832, 39320074633784, 7952
39320085774792, 39320085781616, 6824
39320150047472, 39320150055516, 8044
39320334162788, 39320334171140, 8352
39320491949828, 39320491958112, 8284
39320499083868, 39320499091932, 8064
39320521680972, 39320521689020, 8048
39320554749432, 39320554756648, 7216
39320561858424, 39320561866836, 8412
39320582376320, 39320582384416, 8096
39320582685800, 39320582692400, 6600
39320606636576, 39320606647672, 11096
39320630581692, 39320630584816, 3124
39320702427996, 39320702431004, 3008
39321011577296, 39321011586828, 9532
39321013657020, 39321013664028, 7008
39321034172540, 39321034179996, 7456
39321045318352, 39321045325852, 7500
39321067365160, 39321067372716, 7556
39321069886372, 39321069894172, 7800
39321084118532, 39321084126036, 7504
39321148375876, 39321148383152, 7276
39321150874352, 39321150882480, 8128
39321263440880, 39321263449632, 8752
39321549658060, 39321549666084, 8024
39321560820808, 39321560828616, 7808
39321761090236, 39321761099088, 8852
39321802144644, 39321802152880, 8236
39321827503284, 39321827510568, 7284
39321971081124, 39321971089368, 8244
39321971320932, 39321971327628, 6696
39321991838460, 39321991846648, 8188
39321994339224, 39321994347128, 7904
39321995263092, 39321995269596, 6504
39322016335336, 39322016343864, 8528
39322023470524, 39322023477372, 6848
39322064502316, 39322064510312, 7996
39322067090296, 39322067096996, 6700
39322087612024, 39322087619500, 7476
39322091033184, 39322091039864, 6680
39322111554860, 39322111561900, 7040
39322114977820, 39322114984576, 6756
39322135495860, 39322135503516, 7656
39322270746176, 39322270754524, 8348
39322307470020, 39322307478256, 8236
39322418559516, 39322418568152, 8636
39322421062056, 39322421070128, 8072
39322428175700, 39322428183568, 7868
39322501627624, 39322501634884, 7260
39322504706032, 39322504712828, 6796
39322541430100, 39322541438296, 8196
39322627580840, 39322627588876, 8036
39322727401888, 39322727410180, 8292
39322752784248, 39322752792316, 8068
39322755858668, 39322755866668, 8000
39322913673424, 39322913681964, 8540
39322934195480, 39322934202928, 7448
39323046770492, 39323046778896, 8404
39323053885124, 39323053893100, 7976
39323132798868, 39323132805872, 7004
39323139906368, 39323139914420, 8052
39323239736380, 39323239744716, 8336
39323262359224, 39323262367612, 8388
39303338270536, 39303338281616, 11080
39303378184764, 39303378196340, 11576
39303464226868, 39303464235496, 8628
39303466728048, 39303466735100, 7052
39303510008688, 39303510016188, 7500
39303622520192, 39303622528812, 8620
39303765448412, 39303765456916, 8504
39303772560808, 39303772568876, 8068
39303795708924, 39303795716532, 7608
39303839561400, 39303839569292, 7892
39303951529744, 39303951538072, 8328
39303976910644, 39303976919036, 8392
39304038441824, 39304038448728, 6904
39304038536628, 39304038542880, 6252
39304059610032, 39304059616932, 6900
39304084976248, 39304084983020, 6772
39304621166576, 39304621169828, 3252
39307005047108, 39307005057736, 10628
39307007407856, 39307007414836, 6980
39307027924956, 39307027931656, 6700
39307051533708, 39307051541864, 8156
39307058647552, 39307058655392, 7840
39307079172900, 39307079179748, 6848
39307104543184, 39307104550080, 6896
39307111673944, 39307111681916, 7972
39307211477824, 39307211486272, 8448
39307354850932, 39307354859060, 8128
39307654783564, 39307654792364, 8800
39307740882836, 39307740890084, 7248
39307853498052, 39307853506464, 8412
39307855999840, 39307856007444, 7604
39307982217704, 39307982225308, 7604
39307989346332, 39307989353212, 6880
39307991845780, 39307991853404, 7624
39308078537528, 39308078544556, 7028
39308221354588, 39308221362720, 8132
39308285606096, 39308285613964, 7868
39308297323696, 39308297331160, 7464
39308299823324, 39308299830756, 7432
39308385960480, 39308385968392, 7912
39308429228724, 39308429236988, 8264
39308452365764, 39308452373740, 7976
39308552688928, 39308552696768, 7840
39308838748516, 39308838756560, 8044
39308860764092, 39308860771396, 7304
39308946895652, 39308946903440, 7788
39308972250980, 39308972257852, 6872
39308994298256, 39308994306016, 7760
39308996814568, 39308996822316, 7748
39309007959864, 39309007967368, 7504
39309031098280, 39309031104980, 6700
39309117788116, 39309117795932, 7816
39309260615284, 39309260623112, 7828
39309281138116, 39309281145624, 7508
39309281939780, 39309281946336, 6556
39309303009360, 39309303016236, 6876
39309305880680, 39309305887052, 6372
39309326392868, 39309326400388, 7520
39309412538236, 39309412546420, 8184
39309434577848, 39309434585512, 7664
39309457711492, 39309457718988, 7496
39309463504452, 39309463510988, 6536
39309485539384, 39309485547000, 7616
39309488037248, 39309488045292, 8044
39309495146244, 39309495153816, 7572
39309607688004, 39309607696392, 8388
39309630813444, 39309630820212, 6768
39309842550164, 39309842561436, 11272
39309856773876, 39309856782292, 8416
39309877284652, 39309877292040, 7388
39309902654312, 39309902663080, 8768
39309988719816, 39309988727036, 7220
39310053480492, 39310053487960, 7468
39310060613080, 39310060620268, 7188
39310063117132, 39310063123732, 6600
39310149253452, 39310149260372, 6920
39310151751396, 39310151757816, 6420
39310215989496, 39310215996760, 7264
39310238028632, 39310238035820, 7188
39310249198772, 39310249206208, 7436
39310293044400, 39310293051600, 7200
39310295564108, 39310295571768, 7660
39310309431092, 39310309437880, 6788
39310317412824, 39310317419600, 6776
39310328560832, 39310328568644, 7812
39310347340820, 39310347348756, 7936
39310370469956, 39310370476740, 6784
39310372968304, 39310372975704, 7400
39310426812796, 39310426820804, 8008
39310539328068, 39310539336636, 8568
39310658618696, 39310658629996, 11300
39310695325760, 39310695334016, 8256
39310725575140, 39310725583320, 8180
39310728082864, 39310728090112, 7248
39310753461216, 39310753469896, 8680
39310790766960, 39310790775768, 8808
39310796283792, 39310796290952, 7160
39310798798660, 39310798805684, 7024
39311358942684, 39311358953660, 10976
39311491110116, 39311491119052, 8936
39311516467208, 39311516475268, 8060
39311578587856, 39311578596224, 8368
39311580407604, 39311580413960, 6356
39311600920244, 39311600927740, 7496
39311604348488, 39311604354776, 6288
39311624860328, 39311624868304, 7976
39311636003480, 39311636010328, 6848
39311656534052, 39311656541436, 7384
39311659036020, 39311659042464, 6444
39311700051312, 39311700058272, 6960
39311700125076, 39311700131456, 6380
39311720633664, 39311720640276, 6612
39311723129728, 39311723137600, 7872
39311809943776, 39311809952424, 8648
39311846664024, 39311846672116, 8092
39311868707572, 39311868715456, 7884
39311951677512, 39311951685216, 7704
39312064173920, 39312064182120, 8200
39312128403628, 39312128411468, 7840
39312165137784, 39312165145952, 8168
39312190485952, 39312190492784, 6832
39312263921084, 39312263929172, 8088
39312264720836, 39312264727316, 6480
39312301986428, 39312301994080, 7652
39312310610140, 39312310616560, 6420
39312347329952, 39312347337736, 7784
39312356497348, 39312356503656, 6308
39312393199848, 39312393207740, 7892
39312479319236, 39312479327052, 7816
39312481820756, 39312481828312, 7556
39312507190576, 39312507198360, 7784
39312607532120, 39312607540308, 8188
39312895102676, 39312895110884, 8208
39312897621308, 39312897627868, 6560
39315349325572, 39315349336384, 10812
39315563131296, 39315563140056, 8760
39315705917084, 39315705925128, 8044
39315713042892, 39315713051008, 8116
39315738511908, 39315738519888, 7980
39315749652216, 39315749660164, 7948
39315849980152, 39315849988248, 8096
39315996802732, 39315996811076, 8344
39316109304868, 39316109313196, 8328
39316173549428, 39316173557344, 7916
39316198896440, 39316198904424, 7984
39316485025376, 39316485033560, 8184
39316508151400, 39316508159216, 7816
39316534057784, 39316534065824, 8040
39316545224056, 39316545231640, 7584
39316552338924, 39316552346804, 7880
39316554860216, 39316554867720, 7504
39316598114220, 39316598121984, 7764
39316620156436, 39316620163696, 7260
39316645534720, 39316645542880, 8160
39316724396356, 39316724403952, 7596
39316727978176, 39316727984852, 6676
39316807404196, 39316807411800, 7604
39316850683548, 39316850691168, 7620
39317009322540, 39317009334292, 11752
39317035257568, 39317035266060, 8492
39317192943668, 39317192952332, 8664
39317214980624, 39317214988888, 8264
39317222095356, 39317222103188, 7832
39317322427992, 39317322435420, 7428
39317333578404, 39317333585024, 6620
39317433374676, 39317433382144, 7468
39317497554220, 39317497562660, 8440
39317504677896, 39317504684680, 6784
39317604997288, 39317605004256, 6968
39317612128396, 39317612136336, 7940
39317724159712, 39317724166932, 7220
39317731271692, 39317731278568, 6876
39317796076268, 39317796084568, 8300
39317819201844, 39317819209628, 7784
39317821725828, 39317821733660, 7832
39317921522532, 39317921530444, 7912
39318003566252, 39318003573828, 7576
39318027268264, 39318027276124, 7860
39318034370284, 39318034376784, 6500
39318116414368, 39318116422288, 7920
39318195321168, 39318195329216, 8048
39318338720668, 39318338729836, 9168
39318375432480, 39318375440560, 8080
39318398574568, 39318398582136, 7568
39318441864440, 39318441872300, 7860
39318478580748, 39318478587512, 6764
39318501714204, 39318501720824, 6620
39318538980128, 39318538988044, 7916
39318617859728, 39318617867428, 7700
39318782476028, 39318782483828, 7800
39318882268720, 39318882276636, 7916
39318884783448, 39318884789780, 6332
39318984598796, 39318984607100, 8304
39319009953340, 39319009960016, 6676
39319110333416, 39319110341168, 7752
39319268657232, 39319268665264, 8032
39319294027436, 39319294034912, 7476
39319305169176, 39319305175744, 6568
39319462936472, 39319462944380, 7908
39319486075592, 39319486083256, 7664
39319523369252, 39319523377076, 7824
39319525872004, 39319525879544, 7540
39319537013512, 39319537020144, 6632
39319560155476, 39319560162728, 7252
39319603448180, 39319603455976, 7796
39319746364336, 39319746372340, 8004
39319772294780, 39319772302492, 7712
39319795428556, 39319795436128, 7572
39319806589156, 39319806596988, 7832
39319892732164, 39319892740316, 8152
39319899838848, 39319899846612, 7764
39319902358072, 39319902364612, 6540
39319988486440, 39319988493364, 6924
39319995593440, 39319995601388, 7948
39320153944280, 39320153952412, 8132
39320354073676, 39320354081584, 7908
39320377220996, 39320377228968, 7972
39320379722680, 39320379730312, 7632
39320401761688, 39320401769396, 7708
39320403110696, 39320403117044, 6348
39320426237156, 39320426244504, 7348
39320469536356, 39320469544312, 7956
39320531639336, 39320531646068, 6732
39320534797408, 39320534803956, 6548
39320555319576, 39320555327340, 7764
39320586516568, 39320586524160, 7592
39320685963736, 39320685970880, 7144
39320688474584, 39320688481132, 6548
39320788797500, 39320788804440, 6940
39320791296168, 39320791302608, 6440
39320891589112, 39320891596172, 7060
39320891949060, 39320891956632, 7572
39320928663592, 39320928671544, 7952
39321041025752, 39321041034472, 8720
39321082079504, 39321082087464, 7960
39321181849740, 39321181857896, 8156
39321188960520, 39321188968296, 7776
39321200131036, 39321200137704, 6668
39321300471600, 39321300479884, 8284
39321444045972, 39321444053832, 7860
39321444635848, 39321444642148, 6300
39321465144672, 39321465151804, 7132
39321468574756, 39321468581132, 6376
39321489093348, 39321489101016, 7668
39321491081028, 39321491088736, 7708
39321492518804, 39321492525356, 6552
39321513591940, 39321513598588, 6648
39321514688368, 39321514695688, 7320
39321578921612, 39321578929196, 7584
39321806394396, 39321806402944, 8548
39323422141364, 39323422152244, 10880
39303318319908, 39303318330592, 10684
39303370190240, 39303370199312, 9072
39303424059756, 39303424069160, 9404
39303447167648, 39303447175752, 8104
39303472511660, 39303472519116, 7456
39303475933840, 39303475940776, 6936
39303499047616, 39303499055688, 8072
39303599361204, 39303599369440, 8236
39303601879864, 39303601887572, 7708
39303687969904, 39303687978248, 8344
39303724668696, 39303724676984, 8288
39303825127140, 39303825135816, 8676
39303832236780, 39303832244384, 7604
39303896473388, 39303896481728, 8340
39303917010444, 39303917018700, 8256
39303953719620, 39303953726680, 7060
39303958723228, 39303958729824, 6596
39303995429640, 39303995437432, 7792
39303997930648, 39303997938540, 7892
39304005061884, 39304005070224, 8340
39304027109068, 39304027116152, 7084
39304086930784, 39304086937744, 6960
39304108965984, 39304108973860, 7876
39304152226932, 39304152235460, 8528
39304175373600, 39304175381916, 8316
39304299920156, 39304299930892, 10736
39304322210980, 39304322219780, 8800
39304324711652, 39304324719620, 7968
39304610768444, 39304610777288, 8844
39304617895200, 39304617903240, 8040
39304639932552, 39304639939816, 7264
39304840002004, 39304840010588, 8584
39304862035232, 39304862043216, 7984
39304905307856, 39304905315892, 8036
39305048633100, 39305048640356, 7256
39305091898484, 39305091906652, 8168
39305099025024, 39305099033220, 8196
39305177898668, 39305177905856, 7188
39305185005964, 39305185013876, 7912
39305187507652, 39305187515432, 7780
39305287270824, 39305287278968, 8144
39305298986660, 39305298994864, 8204
39305385117544, 39305385126500, 8956
39305671277708, 39305671286040, 8332
39305673777960, 39305673786072, 8112
39305696920252, 39305696927016, 6764
39305840360592, 39305840368572, 7980
39305952299224, 39305952307084, 7860
39305954799704, 39305954807516, 7812
39305961930864, 39305961938644, 7780
39305985056440, 39305985064276, 7836
39306010429900, 39306010436968, 7068
39306017534992, 39306017541560, 6568
39306040669576, 39306040676384, 6808
39306043167756, 39306043175544, 7788
39306122656132, 39306122663176, 7044
39306145788072, 39306145795812, 7740
39306257748544, 39306257756376, 7832
39306280868280, 39306280875728, 7448
39306306787100, 39306306795712, 8612
39306328826600, 39306328833636, 7036
39306351968288, 39306351976116, 7828
39306395240808, 39306395248964, 8156
39306474126464, 39306474133616, 7152
39306517388272, 39306517396024, 7752
39306563090196, 39306563098240, 8044
39307356600300, 39307356611252, 10952
39307374056884, 39307374065080, 8196
39307528423300, 39307528431952, 8652
39307815148848, 39307815157820, 8972
39307926525000, 39307926532636, 7636
39308026276564, 39308026284004, 7440
39308052205332, 39308052213892, 8560
39308131101864, 39308131110528, 8664
39308138213372, 39308138220368, 6996
39308163585492, 39308163593456, 7964
39308174746952, 39308174754804, 7852
39308197871280, 39308197879488, 8208
39308200509956, 39308200516792, 6836
39308207618968, 39308207625688, 6720
39308227051720, 39308227058692, 6972
39308252424108, 39308252432256, 8148
39308539040200, 39308539048836, 8636
39308562188588, 39308562196504, 7916
39308626451168, 39308626459492, 8324
39308637616144, 39308637624344, 8200
39308644729560, 39308644737616, 8056
39308671406828, 39308671418348, 11520
39308694543188, 39308694551148, 7960
39309355769288, 39309355780616, 11328
39309405530364, 39309405539064, 8700
39309430905480, 39309430912764, 7284
39309438033816, 39309438041892, 8076
39309449176160, 39309449184016, 7856
39309449537584, 39309449544220, 6636
39309474881464, 39309474889308, 7844
39309555477912, 39309555485240, 7328
39309580823752, 39309580831852, 8100
39309624113648, 39309624121456, 7808
39309688361188, 39309688369348, 8160
39309712730948, 39309712739036, 8088
39309736871612, 39309736881252, 9640
39309816389780, 39309816398056, 8276
39309818907488, 39309818914844, 7356
39309883134724, 39309883143152, 8428
39309903634928, 39309903642860, 7932
39309904398244, 39309904404760, 6516
39309924908320, 39309924916580, 8260
39309932017672, 39309932026032, 8360
39310054050032, 39310054061312, 11280
39310076341724, 39310076349300, 7576
39310188269772, 39310188278004, 8232
39310213604644, 39310213613032, 8388
39310236737792, 39310236746304, 8512
39310323436676, 39310323445060, 8384
39310452369376, 39310452377504, 8128
39310475506552, 39310475514876, 8324
39310576804724, 39310576816076, 11352
39310602159924, 39310602168444, 8520
39310625304216, 39310625312224, 8008
39310768019920, 39310768028872, 8952
39310779180740, 39310779188448, 7708
39310786860840, 39310786868268, 7428
39310809971252, 39310809979340, 8088
39310883382964, 39310883390360, 7396
39310890508788, 39310890515668, 6880
39310927212400, 39310927219784, 7384
39310929713016, 39310929721044, 8028
39311015853032, 39311015861280, 8248
39311144839492, 39311144847932, 8440
39311170207808, 39311170215472, 7664
39311172706956, 39311172713556, 6600
39311316004996, 39311316015940, 10944
39311389423104, 39311389431268, 8164
39311391924196, 39311391932060, 7864
39311392854844, 39311392861336, 6492
39311429557884, 39311429565764, 7880
39311438742948, 39311438749740, 6792
39311475445192, 39311475453112, 7920
39311516451944, 39311516458576, 6632
39311663810344, 39311663818376, 8032
39311707072516, 39311707080628, 8112
39311718194984, 39311718203116, 8132
39311755008580, 39311755016776, 8196
39311759917940, 39311759924544, 6604
39311797173736, 39311797181764, 8028
39311906242816, 39311906250640, 7824
39311942942396, 39311942950448, 8052
39311983959572, 39311983968172, 8600
39312095968492, 39312095976772, 8280
39312137973980, 39312137982176, 8196
39312140474680, 39312140482496, 7816
39312346058232, 39312346066388, 8156
39312346525704, 39312346532120, 6416
39312367036212, 39312367043676, 7464
39312379490528, 39312379498336, 7808
39312443704104, 39312443712332, 8228
39312627756740, 39312627765088, 8348
39312727520344, 39312727528068, 7724
39312770778916, 39312770786672, 7756
39312778464156, 39312778472264, 8108
39315341344348, 39315341355184, 10836
39318620243344, 39318620253516, 10172
39318693671268, 39318693679544, 8276
39318696171048, 39318696177836, 6788
39318770152276, 39318770160880, 8604
39318777275884, 39318777283924, 8040
39318788414492, 39318788421364, 6872
39318935295132, 39318935303156, 8024
39318946441140, 39318946449572, 8432
39318966983104, 39318966991020, 7916
39319053671520, 39319053680060, 8540
39319079049604, 39319079057628, 8024
39319115757360, 39319115765208, 7848
39319126916404, 39319126924212, 7808
39319129414740, 39319129421352, 6612
39319166142940, 39319166150920, 7980
39319173252108, 39319173258680, 6572
39319246676108, 39319246684488, 8380
39319333365928, 39319333373812, 7884
39319580041800, 39319580049868, 8068
39319587167588, 39319587175748, 8160
39319699128828, 39319699136688, 7860
39319735931256, 39319735939184, 7928
39319743058264, 39319743064768, 6504
39319817011292, 39319817018464, 7172
39319824114136, 39319824122344, 8208
39319981829608, 39319981837852, 8244
39320003860604, 39320003868780, 8176
39320027554816, 39320027562516, 7700
39320038711944, 39320038719668, 7724
39320045817796, 39320045825832, 8036
39320145589464, 39320145597228, 7764
39320168717976, 39320168725848, 7872
39320254830272, 39320254838340, 8068
39320262509388, 39320262516944, 7556
39320285635952, 39320285643964, 8012
39320310982580, 39320310990660, 8080
39320354255300, 39320354263188, 7888
39320454016304, 39320454024088, 7784
39320564671752, 39320564679800, 8048
39320575835460, 39320575842932, 7472
39320598965048, 39320598972928, 7880
39320601464892, 39320601472112, 7220
39320642559580, 39320642570628, 11048
39320702444780, 39320702456692, 11912
39320725577016, 39320725584632, 7616
39320838606196, 39320838613728, 7532
39320849742488, 39320849750668, 8180
39320928604532, 39320928612596, 8064
39321028785540, 39321028794008, 8468
39321112828924, 39321112837572, 8648
39321134860688, 39321134868052, 7364
39321178128444, 39321178135416, 6972
39321264773856, 39321264782376, 8520
39321271895660, 39321271903596, 7936
39321274399076, 39321274405804, 6728
39321317670648, 39321317678292, 7644
39321417435832, 39321417444396, 8564
39321424544416, 39321424552428, 8012
39321446568456, 39321446576220, 7764
39321539570220, 39321539578664, 8444
39321609810776, 39321609818984, 8208
39321635178204, 39321635186552, 8348
39321657209744, 39321657217920, 8176
39321721521732, 39321721529896, 8164
39321732681160, 39321732689092, 7932
39321819362708, 39321819370956, 8248
39321991279252, 39321991290904, 11652
39322307883468, 39322307892552, 9084
39322315013024, 39322315021100, 8076
39322351724748, 39322351733236, 8488
39322437849432, 39322437857332, 7900
39322502111536, 39322502119552, 8016
39322614621156, 39322614629528, 8372
39322621724552, 39322621732696, 8144
39322695151336, 39322695160044, 8708
39322781838156, 39322781846708, 8552
39322802350632, 39322802358440, 7808
39322809480648, 39322809488976, 8328
39322831520620, 39322831528464, 7844
39322895762604, 39322895769544, 6940
39322917803148, 39322917811024, 7876
39322954516984, 39322954525240, 8256
39323033962776, 39323033971188, 8412
39323074996288, 39323075004544, 8256
39323217799612, 39323217807580, 7968
39323291795704, 39323291804252, 8548
39323403761520, 39323403770456, 8936
39303318315008, 39303318324916, 9908
39303364206652, 39303364214836, 8184
39303463866648, 39303463875404, 8756
39303485915732, 39303485924112, 8380
39303616424264, 39303616433136, 8872
39303695267132, 39303695275472, 8340
39303751983872, 39303751992276, 8404
39303862764608, 39303862772724, 8116
39303866943196, 39303866949980, 6784
39303903650132, 39303903658340, 8208
39303929008688, 39303929017008, 8320
39303931510876, 39303931518888, 8012
39303938619720, 39303938627672, 7952
39303981897472, 39303981906180, 8708
39304005041328, 39304005049412, 8084
39304041750880, 39304041759028, 8148
39304154178992, 39304154186944, 7952
39304218415908, 39304218423584, 7676
39304318687924, 39304318696368, 8444
39304341828596, 39304341835552, 6956
39304461544592, 39304461547884, 3292
39305341449592, 39305341460528, 10936
39305619439184, 39305619447908, 8724
39305791739696, 39305791747864, 8168
39305835568180, 39305835576400, 8220
39305846722056, 39305846730224, 8168
39305989498272, 39305989506180, 7908
39306076182324, 39306076190356, 8032
39306140414056, 39306140422400, 8344
39306142918044, 39306142926080, 8036
39306380067724, 39306380075856, 8132
39306466172156, 39306466180152, 7996
39306578631992, 39306578640152, 8160
39306678343280, 39306678350672, 7392
39306701457460, 39306701465132, 7672
39306726823540, 39306726830880, 7340
39306770091736, 39306770098752, 7016
39306793767808, 39306793775124, 7316
39306819125892, 39306819133684, 7792
39306830285920, 39306830292920, 7000
39306853400324, 39306853408268, 7944
39306953177404, 39306953184660, 7256
39306964340376, 39306964348232, 7856
39306986361996, 39306986369928, 7932
39307073044640, 39307073053192, 8552
39307185011388, 39307185019392, 8004
39307207043536, 39307207051868, 8332
39307214156456, 39307214164412, 7956
39307225316604, 39307225324404, 7800
39307268578776, 39307268586084, 7308
39307291182064, 39307291189920, 7856
39307314307928, 39307314315048, 7120
39307325468008, 39307325476008, 8000
39307409125044, 39307409133448, 8404
39307434500248, 39307434508672, 8424
39307441616368, 39307441624568, 8200
39307505846332, 39307505854184, 7852
39307517020664, 39307517027604, 6940
39307542953772, 39307542961992, 8220
39307621814352, 39307621822556, 8204
39307628521372, 39307628529392, 8020
39307651637608, 39307651645540, 7932
39307694906188, 39307694914392, 8204
39307818561396, 39307818568620, 7224
39307861813780, 39307861821824, 8044
39308126691244, 39308126702400, 11156
39308192787512, 39308192796060, 8548
39308195289976, 39308195297928, 7952
39308419719164, 39308419727476, 8312
39308441751692, 39308441759752, 8060
39308489869244, 39308489881060, 11816
39308496988912, 39308496996368, 7456
39308499486444, 39308499493336, 6892
39308612010632, 39308612019232, 8600
39308635125128, 39308635132048, 6920
39308637642160, 39308637650064, 7904
39308663433460, 39308663441636, 8176
39308775366260, 39308775374924, 8664
39308836703048, 39308836711024, 7976
39308839215020, 39308839222172, 7152
39308862313384, 39308862320596, 7212
39308905571172, 39308905579224, 8052
39308916707344, 39308916714328, 6984
39308922793520, 39308922800632, 7112
39308945905008, 39308945911728, 6720
39309004092432, 39309004100332, 7900
39309083542412, 39309083550656, 8244
39309086041928, 39309086048764, 6836
39309129311508, 39309129319280, 7772
39309241254636, 39309241262460, 7824
39309282110108, 39309282118204, 8096
39309307246528, 39309307254716, 8188
39309590507972, 39309590515780, 7808
39309593007220, 39309593013748, 6528
39309879215584, 39309879223176, 7592
39309922478692, 39309922486860, 8168
39310024116708, 39310024128064, 11356
39310620393068, 39310620402024, 8956
39310622684920, 39310622691784, 6864
39310646649908, 39310646661068, 11160
39310742408460, 39310742420304, 11844
39310753551836, 39310753559180, 7344
39310797375828, 39310797384128, 8300
39310903811932, 39310903819828, 7896
39310929174536, 39310929182632, 8096
39310993418148, 39310993425848, 7700
39311005774128, 39311005781088, 6960
39311031136344, 39311031144436, 8092
39311068426444, 39311068434992, 8548
39311071617288, 39311071623920, 6632
39311108321640, 39311108328776, 7136
39311172553476, 39311172561244, 7768
39311284995928, 39311285003860, 7932
39311292663736, 39311292670704, 6968
39311378767700, 39311378776260, 8560
39311404124764, 39311404133104, 8340
39311410337224, 39311410344484, 7260
39311553662392, 39311553670388, 7996
39311617887572, 39311617895524, 7952
39311726404528, 39311726412584, 8056
39311747026940, 39311747034492, 7552
39311747947848, 39311747954324, 6476
39311768446752, 39311768454392, 7640
39311771890252, 39311771896964, 6712
39311792943108, 39311792950076, 6968
39311795832700, 39311795839460, 6760
39311816332956, 39311816340560, 7604
39311819777100, 39311819783728, 6628
39311840278556, 39311840285348, 6792
39311843974160, 39311843980964, 6804
39311864475772, 39311864483700, 7928
39311867662980, 39311867669412, 6432
39311888172252, 39311888179500, 7248
39311891604696, 39311891611224, 6528
39311912100280, 39311912108200, 7920
39311915548096, 39311915554864, 6768
39311936047628, 39311936055404, 7776
39311938547448, 39311938555264, 7816
39311949704100, 39311949712148, 8048
39311986392752, 39311986401140, 8388
39311993518168, 39311993526312, 8144
39312035079216, 39312035087088, 7872
39312035264440, 39312035271060, 6620
39312055762724, 39312055769776, 7052
39312058259368, 39312058266104, 6736
39312059207060, 39312059213512, 6452
39312079710408, 39312079717956, 7548
39312083149652, 39312083156300, 6648
39312103649924, 39312103657772, 7848
39312215543832, 39312215551916, 8084
39312226680468, 39312226688060, 7592
39312291461736, 39312291469440, 7704
39312334725472, 39312334733560, 8088
39312337283132, 39312337291148, 8016
39312344390064, 39312344396736, 6672
39312456316532, 39312456324356, 7824
39312478347676, 39312478357996, 10320
39312519530504, 39312519538424, 7920
39312530085732, 39312530092316, 6584
39312552113492, 39312552121652, 8160
39312554618492, 39312554626380, 7888
39312640707056, 39312640713912, 6856
39312662739920, 39312662746872, 6952
39312665237972, 39312665245916, 7944
39312673766888, 39312673776388, 9500
39312759871576, 39312759880748, 9172
39312959072080, 39312959083996, 11916
39313363775796, 39313363784452, 8656
39313506519828, 39313506528320, 8492
39313510993388, 39313511001676, 8288
39313575787552, 39313575795792, 8240
39313675520732, 39313675528648, 7916
39313788089300, 39313788097348, 8048
39313952136468, 39313952144600, 8132
39313988853492, 39313988861732, 8240
39314188946052, 39314188954028, 7976
39314336317732, 39314336326116, 8384
39314361685348, 39314361692316, 6968
39314398394932, 39314398402792, 7860
39314409557468, 39314409564276, 6808
39314519675388, 39314519683372, 7984
39314540737872, 39314540744516, 6644
39314577449936, 39314577458036, 8100
39314579949140, 39314579956856, 7716
39314605307136, 39314605315040, 7904
39314707846800, 39314707855048, 8248
39314820339072, 39314820347264, 8192
39314843482228, 39314843490324, 8096
39314986292636, 39314986300488, 7852
39315089375412, 39315089383616, 8204
39315201305316, 39315201313424, 8108
39315226665232, 39315226673384, 8152
39315248696472, 39315248704272, 7800
39315272386572, 39315272394664, 8092
39315372155276, 39315372163556, 8280
39315374654888, 39315374662736, 7848
39315517458680, 39315517467092, 8412
39315538527584, 39315538535604, 8020
39315648654748, 39315648662776, 8028
39315691907976, 39315691916000, 8024
39315715046000, 39315715053468, 7468
39315858456052, 39315858464000, 7948
39315958214940, 39315958222756, 7816
39315981322792, 39315981329252, 6460
39316281680996, 39316281688888, 7892
39316304272944, 39316304280924, 7980
39316326300580, 39316326308976, 8396
39316330022528, 39316330030488, 7960
39316441945724, 39316441953940, 8216
39316443021912, 39316443029620, 7708
39316468361860, 39316468369884, 8024
39316475488664, 39316475496600, 7936
39316633753180, 39316633761436, 8256
39316656879616, 39316656887308, 7692
39317083094600, 39317083102432, 7832
39317085611708, 39317085619808, 8100
39317107642756, 39317107650620, 7864
39317219508068, 39317219516104, 8036
39317242619840, 39317242627816, 7976
39317253778744, 39317253786616, 7872
39319323747072, 39319323758120, 11048
39319831444848, 39319831453912, 9064
39319833944412, 39319833952508, 8096
39320034067672, 39320034075880, 8208
39320056104184, 39320056112180, 7996
39320198886204, 39320198894472, 8268
39320224255396, 39320224263548, 8152
39320235397964, 39320235405924, 7960
39320300204660, 39320300212384, 7724
39320302703904, 39320302712040, 8136
39320388813976, 39320388822376, 8400
39320395942552, 39320395950596, 8044
39320507885828, 39320507893748, 7920
39320794496756, 39320794504896, 8140
39320881120404, 39320881128152, 7748
39321175292124, 39321175303500, 11376
39321251351936, 39321251360760, 8824
39321273941548, 39321273949916, 8368
39321285107932, 39321285114868, 6936
39321310472052, 39321310480548, 8496
39321396586256, 39321396594788, 8532
39321399106840, 39321399113920, 7080
39321410245116, 39321410251864, 6748
39321435602212, 39321435609128, 6916
39321522276328, 39321522284844, 8516
39321563298296, 39321563306120, 7824
39321564349056, 39321564355668, 6612
39321584853784, 39321584861780, 7996
39321591962488, 39321591969256, 6768
39321632995256, 39321633003408, 8152
39321711843720, 39321711852024, 8304
39321737303328, 39321737311296, 7968
39321880626508, 39321880634668, 8160
39321883126500, 39321883133068, 6568
39322026427500, 39322026435976, 8476
39322051800344, 39322051808140, 7796
39322137903616, 39322137911492, 7876
39322140402936, 39322140410832, 7896
39322160928852, 39322160936708, 7856
39322162865060, 39322162871760, 6700
39322183375248, 39322183382936, 7688
39322220076520, 39322220084880, 8360
39322222721064, 39322222727784, 6720
39322259980216, 39322259988316, 8100
39322280497836, 39322280506012, 8176
39322282578748, 39322282585492, 6744
39322303086820, 39322303093936, 7116
39322305585620, 39322305593444, 7824
39322306521600, 39322306528268, 6668
39322327034596, 39322327042288, 7692
39322330463808, 39322330470512, 6704
39322350974076, 39322350982284, 8208
39322450741676, 39322450749864, 8188
39322530178548, 39322530186160, 7612
39322573435276, 39322573443792, 8516
39322595468056, 39322595476180, 8124
39322718505352, 39322718512428, 7076
39322762339632, 39322762347260, 7628
39322862111612, 39322862119536, 7924
39322864614828, 39322864623008, 8180
39322871745448, 39322871753616, 8168
39323015095956, 39323015104372, 8416
39323101208852, 39323101216824, 7972
39323183235512, 39323183242464, 6952
39323269903532, 39323269911572, 8040
39323295271316, 39323295279408, 8092
39323302413324, 39323302421440, 8116
39323304923016, 39323304931092, 8076
39323326974180, 39323326981548, 7368
39323352342668, 39323352350512, 7844
39323416585144, 39323416593532, 8388
