39299162824508, 39299162832528, 8020
39299229651656, 39299229660144, 8488
39303238526164, 39303238530670, 4506
39303270447036, 39303270454470, 7434
39303316326088, 39303316330360, 4272
39303362217304, 39303362221596, 4292
39304040542816, 39304040546788, 3972
39304052250592, 39304052256764, 6172
39304063401320, 39304063406560, 5240
39304074554280, 39304074558428, 4148
39304085683328, 39304085687912, 4584
39304096834372, 39304096838380, 4008
39304107963748, 39304107968648, 4900
39304119113588, 39304119117636, 4048
39304130244048, 39304130248516, 4468
39304141400784, 39304141407760, 6976
39304284192176, 39304284198712, 6536
39304310121520, 39304310129800, 8280
39304353403524, 39304353412028, 8504
39304360535412, 39304360542496, 7084
39304365754684, 39304365756224, 1540
39304391104756, 39304391111152, 6396
39304497911988, 39304497919220, 7232
39304537355416, 39304537362704, 7288
39304649869332, 39304649881204, 11872
39304661026344, 39304661038232, 11888
39304672180776, 39304672192304, 11528
39304674686712, 39304674697352, 10640
39304818098336, 39304818109608, 11272
39304825232804, 39304825243972, 11168
39304889493352, 39304889502588, 9236
39304896630544, 39304896641400, 10856
39304996450860, 39304996460544, 9684
39305003564616, 39305003574156, 9540
39305068399852, 39305068410712, 10860
39305070906000, 39305070917196, 11196
39305182892668, 39305182903404, 10736
39305194064260, 39305194074544, 10284
39305258323652, 39305258333956, 10304
39305302174012, 39305302183576, 9564
39305304677976, 39305304688932, 10956
39305404524208, 39305404529652, 5444
39305468779272, 39305468785248, 5976
39305490821672, 39305490828120, 6448
39305497952216, 39305497957468, 5252
39305509112620, 39305509117764, 5144
39305621652144, 39305621658144, 6000
39305664943664, 39305664949904, 6240
39305672055312, 39305672061008, 5696
39305683219032, 39305683224464, 5432
39305795855360, 39305795861400, 6040
39305802986944, 39305802992456, 5512
39305902796544, 39305902803200, 6656
39305913942840, 39305913951156, 8316
39305957238928, 39305957244972, 6044
39305979285040, 39305979290088, 5048
39305990449780, 39305990456816, 7036
39306133871032, 39306133877084, 6052
39306145015828, 39306145022468, 6640
39306287866040, 39306287872072, 6032
39306299588340, 39306299595272, 6932
39306442421384, 39306442427436, 6052
39306464465684, 39306464474012, 8328
39306574445728, 39306574448952, 3224
39306653296272, 39306653301820, 5548
39306732192180, 39306732196932, 4752
39306811616596, 39306811621560, 4964
39306890507200, 39306890512148, 4948
39306969397952, 39306969402916, 4964
39307048857004, 39307048865784, 8780
39307060033264, 39307060040608, 7344
39307103330768, 39307103339612, 8844
39307123856368, 39307123861168, 4800
39307144363732, 39307144368652, 4920
39307164875816, 39307164880392, 4576
39307185404460, 39307185409380, 4920
39307205913696, 39307205918612, 4916
39307226421612, 39307226426488, 4876
39307246952476, 39307246957084, 4608
39307267458660, 39307267465440, 6780
39307274572360, 39307274580132, 7772
39307295667728, 39307295672188, 4460
39307316169188, 39307316177684, 8496
39307318667672, 39307318669088, 1416
39307339183772, 39307339189772, 6000
39307342610048, 39307342611148, 1100
39307363124764, 39307363132364, 7600
39307366553444, 39307366554584, 1140
39307387067096, 39307387074648, 7552
39307409111288, 39307409118744, 7456
39307429625636, 39307429630108, 4472
39307450136804, 39307450141276, 4472
39307470662696, 39307470667152, 4456
39307491168820, 39307491173232, 4412
39307511677432, 39307511681936, 4504
39307532200456, 39307532207196, 6740
39307534702960, 39307534710736, 7776
39307546424664, 39307546431800, 7136
39307632573976, 39307632582152, 8176
39307761572476, 39307761576256, 3780
39307772719260, 39307772727664, 8404
39307795318268, 39307795326348, 8080
39307919181788, 39307919185064, 3276
39307939670076, 39307939675804, 5728
39307960165756, 39307960170256, 4500
39307980663656, 39307980668436, 4780
39308001176392, 39308001180972, 4580
39308021678364, 39308021683120, 4756
39308042748272, 39308042753020, 4748
39308063275276, 39308063279648, 4372
39308083780040, 39308083784532, 4492
39308104285888, 39308104290788, 4900
39308124816604, 39308124820420, 3816
39308145317996, 39308145322924, 4928
39308165827780, 39308165832664, 4884
39308186337640, 39308186342072, 4432
39308206858428, 39308206863220, 4792
39308227363216, 39308227368004, 4788
39308247871172, 39308247875456, 4284
39308268395176, 39308268399800, 4624
39308289458744, 39308289463180, 4436
39308309964856, 39308309969344, 4488
39308330484396, 39308330488840, 4444
39308350991680, 39308350996520, 4840
39308371497284, 39308371501312, 4028
39308391999876, 39308392004040, 4164
39308412516320, 39308412520984, 4664
39308433015032, 39308433019524, 4492
39308453511744, 39308453515176, 3432
39308474014412, 39308474018460, 4048
39308494500832, 39308494505136, 4304
39308515002308, 39308515009444, 7136
39308537045748, 39308537053216, 7468
39308562975096, 39308562982580, 7484
39308747213136, 39308747216020, 2884
39308791133980, 39308791159256, 25276
39308890873940, 39308890876920, 2980
39308916224200, 39308916231872, 7672
39309059613948, 39309059620284, 6336
39309084997524, 39309085006456, 8932
39309096142380, 39309096149252, 6872
39309175061188, 39309175066600, 5412
39309186219796, 39309186228700, 8904
39309206742940, 39309206750452, 7512
39309286206340, 39309286211172, 4832
39309365092116, 39309365098876, 6760
39309376263784, 39309376272644, 8860
39309396788564, 39309396793552, 4988
39309417296808, 39309417301688, 4880
39309437831212, 39309437836120, 4908
39309458333524, 39309458338452, 4928
39309478838480, 39309478842784, 4304
39309499346076, 39309499350708, 4632
39309519864660, 39309519868916, 4256
39309540927644, 39309540932004, 4360
39309561455664, 39309561460000, 4336
39309581958944, 39309581963504, 4560
39309602464152, 39309602468828, 4676
39309622972968, 39309622977972, 5004
39309643499368, 39309643503436, 4068
39309664001324, 39309664009372, 8048
39309665025824, 39309665026944, 1120
39309685541324, 39309685548604, 7280
39309708666776, 39309708673872, 7096
39309719825908, 39309719833872, 7964
39309726960428, 39309726968320, 7892
39309813767416, 39309813774656, 7240
39309834285612, 39309834289928, 4316
39309854805524, 39309854812692, 7168
39309877931172, 39309877938696, 7524
39309889091388, 39309889099532, 8144
39309911132864, 39309911140464, 7600
39310053707872, 39310053715896, 8024
39310076861460, 39310076869036, 7576
39310102247064, 39310102255044, 7980
39310109360344, 39310109367032, 6688
39310132506284, 39310132513608, 7324
39310275331456, 39310275337000, 5544
39310387901716, 39310387907660, 5944
39310413281660, 39310413289476, 7816
39310424428352, 39310424435404, 7052
39310446477268, 39310446484120, 6852
39310453612084, 39310453619672, 7588
39310597012248, 39310597019196, 6948
39310608157008, 39310608165348, 8340
39310610657920, 39310610664776, 6856
39310617791844, 39310617799852, 8008
39310729732328, 39310729737984, 5656
39310794554792, 39310794562144, 7352
39310937388976, 39310937397428, 8452
39310960549312, 39310960556504, 7192
39310971693668, 39310971700860, 7192
39311080174344, 39311080181100, 6756
39311163158800, 39311163166928, 8128
39312196897464, 39312196900072, 2608
39312220031060, 39312220036796, 5736
39312243168060, 39312243173204, 5144
39312266286184, 39312266291064, 4880
39312289972360, 39312289976984, 4624
39312313106260, 39312313111088, 4828
39312336226512, 39312336231020, 4508
39312359361652, 39312359366460, 4808
39312382494060, 39312382499176, 5116
39312405599972, 39312405604912, 4940
39312428732008, 39312428736748, 4740
39312451843192, 39312451847736, 4544
39312474973848, 39312474978384, 4536
39312498087592, 39312498092276, 4684
39312521221084, 39312521225384, 4300
39312544904820, 39312544909148, 4328
39312568040428, 39312568045312, 4884
39312591152912, 39312591161164, 8252
39312598287888, 39312598295108, 7220
39312609431208, 39312609439480, 8272
39312609896196, 39312609897492, 1296
39312633017660, 39312633024920, 7260
39312669750704, 39312669757684, 6980
39312695118232, 39312695124532, 6300
39312718260136, 39312718267064, 6928
39312861603580, 39312861611072, 7492
39312884710420, 39312884717332, 6912
39312984481956, 39312984488868, 6912
39313009854836, 39313009862080, 7244
39313122401288, 39313122408592, 7304
39313181574544, 39313181579780, 5236
39313294113564, 39313294121896, 8332
39313305277692, 39313305284776, 7084
39313327320948, 39313327329240, 8292
39313352696352, 39313352703156, 6804
39313395984980, 39313395991628, 6648
39313407146968, 39313407153996, 7028
39313506954188, 39313506959476, 5288
39313550799368, 39313550806168, 6800
39313572841792, 39313572849444, 7652
39313598214076, 39313598221260, 7184
39313621345284, 39313621351708, 6424
39313623864968, 39313623870888, 5920
39313645905284, 39313645911668, 6384
39313669028060, 39313669034624, 6564
39313694405212, 39313694411972, 6760
39313794878356, 39313794883744, 5388
39313816919476, 39313816925848, 6372
39313853662300, 39313853667084, 4784
39313890383088, 39313890389376, 6288
39314002384148, 39314002390388, 6240
39314024996420, 39314025002524, 6104
39314045516700, 39314045521576, 4876
39314066031852, 39314066036436, 4584
39314086558916, 39314086563744, 4828
39314107068868, 39314107073760, 4892
39314129113856, 39314129120240, 6384
39314152268668, 39314152274672, 6004
39314177621752, 39314177627256, 5504
39314198161176, 39314198166072, 4896
39314218667612, 39314218672936, 5324
39314239175948, 39314239180524, 4576
39314259692572, 39314259697200, 4628
39314280778636, 39314280783040, 4404
39314301285580, 39314301290564, 4984
39314321815032, 39314321821264, 6232
39314386075100, 39314386081104, 6004
39314485907272, 39314485912876, 5604
39314598454228, 39314598460328, 6100
39314620493480, 39314620499836, 6356
39314720323192, 39314720329024, 5832
39314743467364, 39314743473112, 5748
39314822955184, 39314822960964, 5780
39314834105284, 39314834110200, 4916
39314913026376, 39314913032540, 6164
39314936156012, 39314936160928, 4916
39314947314616, 39314947318836, 4220
39315026785436, 39315026791292, 5856
39315169622736, 39315169629032, 6296
39315190163788, 39315190168548, 4760
39315210670116, 39315210676144, 6028
39315221832260, 39315221836436, 4176
39315242348168, 39315242352876, 4708
39315262859156, 39315262863984, 4828
39315283945044, 39315283949528, 4484
39315304452944, 39315304457880, 4936
39315341172196, 39315341178500, 6304
39315363211436, 39315363217604, 6168
39315386353840, 39315386360132, 6292
39315486175720, 39315486181792, 6072
39315506699780, 39315506705752, 5972
39315550549876, 39315550555884, 6008
39315572588240, 39315572594464, 6224
39315575108552, 39315575113896, 5344
39315586254076, 39315586259716, 5640
39315609404912, 39315609411004, 6092
39315673668688, 39315673673596, 4908
39315684826600, 39315684830992, 4392
39315687326292, 39315687332088, 5796
39315707851300, 39315707856256, 4956
39315728474012, 39315728478608, 4596
39315748982988, 39315748987528, 4540
39315769490572, 39315769494932, 4360
39315790575208, 39315790579836, 4628
39315811079960, 39315811083480, 3520
39315831583188, 39315831587896, 4708
39315852112328, 39315852118244, 5916
39315874152508, 39315874158612, 6104
39315897278968, 39315897284440, 5472
39315922653472, 39315922659392, 5920
39315943172628, 39315943176948, 4320
39315963678432, 39315963683096, 4664
39315984204748, 39315984208760, 4012
39316004712120, 39316004716500, 4380
39316025792600, 39316025797684, 5084
39316046306588, 39316046311228, 4640
39316066814008, 39316066818740, 4732
39316087318828, 39316087323484, 4656
39316107844700, 39316107849432, 4732
39316128351364, 39316128355752, 4388
39316148857232, 39316148862224, 4992
39316169376076, 39316169380420, 4344
39316189881428, 39316189886408, 4980
39316210384380, 39316210389012, 4632
39316230890032, 39316230895412, 5380
39316251415784, 39316251420908, 5124
39316272486704, 39316272494780, 8076
39316273060464, 39316273061512, 1048
39316293574548, 39316293582320, 7772
39316297000712, 39316297001684, 972
39316317514568, 39316317521884, 7316
39316320944012, 39316320945572, 1560
39316341456048, 39316341463480, 7432
39316343957984, 39316343965348, 7364
39316344885680, 39316344886720, 1040
39316365401236, 39316365408376, 7140
39316368828416, 39316368829388, 972
39316389342096, 39316389349008, 6912
39316468230800, 39316468237288, 6488
39316479393588, 39316479401640, 8052
39316501434020, 39316501442336, 8316
39316644832768, 39316644838816, 6048
39316645288820, 39316645295980, 7160
39316757258964, 39316757263760, 4796
39316869796396, 39316869803680, 7284
39316891842604, 39316891848992, 6388
39316902986052, 39316902992376, 6324
39316926173540, 39316926180056, 6516
39317038736696, 39317038744948, 8252
39317075475976, 39317075483644, 7668
39317086627908, 39317086635228, 7320
39317150864176, 39317150870368, 6192
39317162012672, 39317162019316, 6644
39317187376744, 39317187383636, 6892
39317207902152, 39317207907068, 4916
39317228407348, 39317228412180, 4832
39317248932060, 39317248936540, 4480
39317269992836, 39317269997248, 4412
39317290499256, 39317290503096, 3840
39317311016648, 39317311021192, 4544
39317331510884, 39317331515328, 4444
39317352013304, 39317352017676, 4372
39317372532944, 39317372537552, 4608
39317393037348, 39317393041996, 4648
39317413547148, 39317413551800, 4652
39317434055672, 39317434059844, 4172
39317454570972, 39317454575212, 4240
39317475051872, 39317475056168, 4296
39317495537420, 39317495541208, 3788
39317516594080, 39317516602400, 8320
39317518095400, 39317518096548, 1148
39317538604708, 39317538611732, 7024
39317542035872, 39317542037044, 1172
39317562545532, 39317562552264, 6732
39317565980688, 39317565981764, 1076
39317586497856, 39317586504220, 6364
39317606227664, 39317606234492, 6828
39317646110320, 39317646116452, 6132
39317657250908, 39317657258616, 7708
39317736242400, 39317736247084, 4684
39317747380404, 39317747385872, 5468
39317826841768, 39317826848000, 6232
39317847378708, 39317847383388, 4680
39317867890296, 39317867895052, 4756
39317888391828, 39317888396052, 4224
39317967291900, 39317967297852, 5952
39318004005508, 39318004011216, 5708
39318047844808, 39318047849512, 4704
39318084570668, 39318084575144, 4476
39318121291976, 39318121298064, 6088
39318141813800, 39318141819304, 5504
39318206061568, 39318206066840, 5272
39318249339724, 39318249345616, 5892
39318349697548, 39318349703488, 5940
39318413956140, 39318413962244, 6104
39318421067644, 39318421073332, 5688
39318441589664, 39318441594316, 4652
39318462114252, 39318462119908, 5656
39318464613756, 39318464617888, 4132
39318485129404, 39318485134988, 5584
39318496289260, 39318496294528, 5268
39318503399316, 39318503404760, 5444
39318615935428, 39318615940676, 5248
39318623047012, 39318623053716, 6704
39318701952388, 39318701957320, 4932
39318781404304, 39318781410988, 6684
39318806752620, 39318806758728, 6108
39318809270928, 39318809276432, 5504
39318832396308, 39318832402044, 5736
39318839528156, 39318839532984, 4828
39318850669644, 39318850674568, 4924
39318876036080, 39318876041568, 5488
39318988031548, 39318988037640, 6092
39319011175804, 39319011181788, 5984
39319022898384, 39319022902556, 4172
39319046017420, 39319046022288, 4868
39319157994468, 39319158000168, 5700
39319178534472, 39319178539168, 4696
39319199038888, 39319199043728, 4840
39319219541416, 39319219546016, 4600
39319240061952, 39319240065880, 3928
39319260565200, 39319260570152, 4952
39319281628528, 39319281635052, 6524
39319345894132, 39319345900252, 6120
39319371239964, 39319371245904, 5940
39319457377232, 39319457383552, 6320
39319468534808, 39319468540060, 5252
39319493903460, 39319493909084, 5624
39319594278808, 39319594283708, 4900
39319694086644, 39319694092592, 5948
39319717237808, 39319717243964, 6156
39319719835392, 39319719840448, 5056
39319799299284, 39319799305528, 6244
39319863554204, 39319863560236, 6032
39319888925004, 39319888930740, 5736
39319932206656, 39319932214668, 8012
39319943364184, 39319943369324, 5140
39320007621696, 39320007626932, 5236
39320051472000, 39320051477612, 5612
39320074619636, 39320074625640, 6004
39320085767756, 39320085774596, 6840
39320150041784, 39320150047272, 5488
39320186755356, 39320186760148, 4792
39320223461056, 39320223465644, 4588
39320260729540, 39320260734216, 4676
39320297453016, 39320297458236, 5220
39320334154740, 39320334162572, 7832
39320413048128, 39320413052904, 4776
39320491943852, 39320491949640, 5788
39320499074696, 39320499083680, 8984
39320521673180, 39320521680780, 7600
39320554748080, 39320554749236, 1156
39320561849968, 39320561858244, 8276
39320582368100, 39320582376132, 8032
39320582684584, 39320582685612, 1028
39320606625376, 39320606636384, 11008
39320630568232, 39320630581504, 13272
39320702426000, 39320702427804, 1804
39320722935484, 39320722941704, 6220
39320743443124, 39320743447952, 4828
39320764529792, 39320764534288, 4496
39320785033292, 39320785037928, 4636
39320805537508, 39320805541684, 4176
39320826034496, 39320826038876, 4380
39320847079188, 39320847084060, 4872
39320867578356, 39320867582776, 4420
39320888100556, 39320888104972, 4416
39320908603376, 39320908608052, 4676
39320929108884, 39320929112788, 3904
39320949601308, 39320949604824, 3516
39320970076128, 39320970079832, 3704
39320990535420, 39320990539360, 3940
39321011570048, 39321011577096, 7048
39321013655316, 39321013656824, 1508
39321034164740, 39321034172348, 7608
39321045310252, 39321045318160, 7908
39321067357540, 39321067364964, 7424
39321069877332, 39321069886192, 8860
39321076990608, 39321076994984, 4376
39321084111224, 39321084118328, 7104
39321148368168, 39321148375684, 7516
39321150868436, 39321150874156, 5720
39321263434432, 39321263440688, 6256
39321406264940, 39321406270228, 5288
39321549651956, 39321549657868, 5912
39321560813492, 39321560820608, 7116
39321660631976, 39321660636836, 4860
39321761081360, 39321761090040, 8680
39321781612768, 39321781617096, 4328
39321802137296, 39321802144448, 7152
39321827495780, 39321827503092, 7312
39321848040600, 39321848045100, 4500
39321868545068, 39321868549000, 3932
39321889052804, 39321889057264, 4460
39321909578628, 39321909582740, 4112
39321930076164, 39321930080512, 4348
39321950571780, 39321950576360, 4580
39321971072704, 39321971080928, 8224
39321971319412, 39321971320744, 1332
39321991830672, 39321991838264, 7592
39321994332192, 39321994339028, 6836
39321995261680, 39321995262900, 1220
39322016327356, 39322016335140, 7784
39322023465096, 39322023470324, 5228
39322043987092, 39322043991912, 4820
39322064494744, 39322064502136, 7392
39322067089020, 39322067090104, 1084
39322087604804, 39322087611832, 7028
39322091031876, 39322091032992, 1116
39322111548880, 39322111554664, 5784
39322114976552, 39322114977628, 1076
39322135488608, 39322135495668, 7060
39322270739468, 39322270745976, 6508
39322307461736, 39322307469808, 8072
39322418552896, 39322418559320, 6424
39322421054580, 39322421061864, 7284
39322428168396, 39322428175504, 7108
39322464910472, 39322464915220, 4748
39322501622196, 39322501627432, 5236
39322504699404, 39322504705848, 6444
39322541422248, 39322541429904, 7656
39322627574660, 39322627580648, 5988
39322727395700, 39322727401696, 5996
39322752778200, 39322752784056, 5856
39322755851312, 39322755858488, 7176
39322834754148, 39322834758876, 4728
39322913667276, 39322913673228, 5952
39322934189736, 39322934195284, 5548
39323046763924, 39323046770300, 6376
39323053879560, 39323053884932, 5372
39323132793376, 39323132798676, 5300
39323139901080, 39323139906180, 5100
39323239730216, 39323239736184, 5968
39323262352956, 39323262359028, 6072
39323341260560, 39323341265456, 4896
39299146193560, 39299146206116, 12556
39299229570564, 39299229572648, 2084
39299231786252, 39299231794676, 8424
39303338286952, 39303338295024, 8072
39303378181740, 39303378184524, 2784
39303464217104, 39303464226628, 9524
39303466719784, 39303466727668, 7884
39303510001124, 39303510008500, 7376
39303622513600, 39303622519796, 6196
39303765441704, 39303765448224, 6520
39303772551464, 39303772560424, 8960
39303795700760, 39303795708728, 7968
39303839553472, 39303839561216, 7744
39303951520828, 39303951529552, 8724
39303976901972, 39303976910452, 8480
39303997421768, 39303997426960, 5192
39304017928752, 39304017933448, 4696
39304038435360, 39304038441500, 6140
39304038534964, 39304038536352, 1388
39304059604592, 39304059609836, 5244
39304084968516, 39304084976056, 7540
39304105478880, 39304105483716, 4836
39304125974632, 39304125978996, 4364
39304146499424, 39304146504028, 4604
39304167008348, 39304167012420, 4072
39304187513424, 39304187518216, 4792
39304208014340, 39304208017856, 3516
39304621163824, 39304621166292, 2468
39304641660684, 39304641666420, 5736
39304662146272, 39304662150976, 4704
39304682648212, 39304682652744, 4532
39304703159044, 39304703163428, 4384
39304723656452, 39304723660992, 4540
39304744165612, 39304744170284, 4672
39304764661424, 39304764665604, 4180
39304785173348, 39304785177300, 3952
39304806235408, 39304806239864, 4456
39304826745104, 39304826749448, 4344
39304847242236, 39304847247000, 4764
39304867749428, 39304867753456, 4028
39304888248496, 39304888252972, 4476
39304908769724, 39304908774288, 4564
39304929273888, 39304929277880, 3992
39304949774600, 39304949779136, 4536
39304970269304, 39304970272968, 3664
39304990787936, 39304990792688, 4752
39305011287200, 39305011291752, 4552
39305031789960, 39305031793800, 3840
39305052873748, 39305052878280, 4532
39305073378564, 39305073382940, 4376
39305093876516, 39305093880824, 4308
39305114389284, 39305114393480, 4196
39305134885860, 39305134890180, 4320
39305155385540, 39305155389092, 3552
39305175903880, 39305175907356, 3476
39305196394872, 39305196399276, 4404
39305216899300, 39305216903528, 4228
39305237396628, 39305237400648, 4020
39305257913120, 39305257916608, 3488
39305278415036, 39305278419504, 4468
39305299466840, 39305299471316, 4476
39305319974144, 39305319978540, 4396
39305340481020, 39305340484620, 3600
39305360985252, 39305360988616, 3364
39305381507216, 39305381511364, 4148
39305402012092, 39305402016188, 4096
39305422505596, 39305422509540, 3944
39305443008024, 39305443012472, 4448
39305463532840, 39305463536984, 4144
39305484028736, 39305484032924, 4188
39305504526052, 39305504530192, 4140
39305525051768, 39305525056132, 4364
39305546107820, 39305546112128, 4308
39305566607600, 39305566611776, 4176
39305587127624, 39305587132108, 4484
39305607624328, 39305607628416, 4088
39305628125796, 39305628129940, 4144
39305648644136, 39305648648136, 4000
39305669168752, 39305669172880, 4128
39305689669980, 39305689674576, 4596
39305710181384, 39305710185948, 4564
39305730701328, 39305730705552, 4224
39305751304580, 39305751309132, 4552
39305771809836, 39305771813900, 4064
39305792324024, 39305792328152, 4128
39305813386432, 39305813390924, 4492
39305833884392, 39305833888960, 4568
39305854405012, 39305854409532, 4520
39305874900288, 39305874904740, 4452
39305895403572, 39305895407988, 4416
39305915912740, 39305915916920, 4180
39305936434612, 39305936438956, 4344
39305956936840, 39305956941428, 4588
39305977442060, 39305977446304, 4244
39305997964560, 39305997969000, 4440
39306018468836, 39306018473104, 4268
39306038968012, 39306038972868, 4856
39306060050988, 39306060055308, 4320
39306080556948, 39306080561324, 4376
39306101054744, 39306101058632, 3888
39306121584116, 39306121588668, 4552
39306142082452, 39306142087096, 4644
39306162581352, 39306162585596, 4244
39306183088460, 39306183092380, 3920
39306203607572, 39306203611624, 4052
39306224113692, 39306224117668, 3976
39306244620964, 39306244625152, 4188
39306265150920, 39306265157848, 6928
39306285659008, 39306285663112, 4104
39306306725784, 39306306730356, 4572
39306327240548, 39306327245048, 4500
39306347742272, 39306347746572, 4300
39306368251796, 39306368256300, 4504
39306388748956, 39306388753160, 4204
39306409264060, 39306409268700, 4640
39306429770572, 39306429775024, 4452
39306450272404, 39306450276748, 4344
39306470799480, 39306470804044, 4564
39306491292224, 39306491296504, 4280
39306511786552, 39306511791080, 4528
39306532279328, 39306532283380, 4052
39306553347424, 39306553351928, 4504
39306573850180, 39306573854280, 4100
39306594348396, 39306594352392, 3996
39306614855240, 39306614858968, 3728
39306635340300, 39306635344812, 4512
39306655823276, 39306655827640, 4364
39306676349548, 39306676353688, 4140
39306696849168, 39306696853780, 4612
39306717354928, 39306717358852, 3924
39306737862740, 39306737867100, 4360
39306758383772, 39306758387996, 4224
39306778879068, 39306778883552, 4484
39306799951940, 39306799956232, 4292
39306820452200, 39306820456676, 4476
39306840959052, 39306840963164, 4112
39306861466100, 39306861470732, 4632
39306881983876, 39306881988360, 4484
39306902490140, 39306902494476, 4336
39306923001948, 39306923006392, 4444
39306943507316, 39306943511704, 4388
39306964032516, 39306964037168, 4652
39306984525076, 39306984529756, 4680
39307005037884, 39307005046916, 9032
39307007406472, 39307007407660, 1188
39307027918432, 39307027924760, 6328
39307051524828, 39307051533512, 8684
39307058638532, 39307058647356, 8824
39307079166256, 39307079172708, 6452
39307104536612, 39307104542992, 6380
39307111666872, 39307111673748, 6876
39307211470980, 39307211477628, 6648
39307354844632, 39307354850736, 6104
39307454658744, 39307454664008, 5264
39307555000456, 39307555004760, 4304
39307654775120, 39307654783364, 8244
39307740875260, 39307740882644, 7384
39307853489564, 39307853497856, 8292
39307855992704, 39307855999640, 6936
39307982211000, 39307982217508, 6508
39307989339572, 39307989346136, 6564
39307991839396, 39307991845584, 6188
39308078530460, 39308078537344, 6884
39308221347896, 39308221354400, 6504
39308285598936, 39308285605904, 6968
39308297315940, 39308297323496, 7556
39308299816292, 39308299823132, 6840
39308385953144, 39308385960284, 7140
39308429220312, 39308429228532, 8220
39308452358128, 39308452365480, 7352
39308552682704, 39308552688732, 6028
39308695472592, 39308695477072, 4480
39308838740760, 39308838748324, 7564
39308860756636, 39308860763900, 7264
39308946887040, 39308946895168, 8128
39308972243352, 39308972250348, 6996
39308994291300, 39308994298064, 6764
39308996809004, 39308996814376, 5372
39309007951716, 39309007959676, 7960
39309031091560, 39309031098092, 6532
39309117780840, 39309117787920, 7080
39309260608716, 39309260615084, 6368
39309281130092, 39309281137628, 7536
39309281938352, 39309281939576, 1224
39309303002696, 39309303008872, 6176
39309305879312, 39309305880484, 1172
39309326386276, 39309326392672, 6396
39309412531396, 39309412538044, 6648
39309434569564, 39309434577656, 8092
39309457704476, 39309457711300, 6824
39309463503172, 39309463504268, 1096
39309485532384, 39309485539188, 6804
39309488030544, 39309488037060, 6516
39309495139148, 39309495146048, 6900
39309607680976, 39309607687532, 6556
39309630806656, 39309630813072, 6416
39309842546872, 39309842549884, 3012
39309849651524, 39309849657048, 5524
39309856764632, 39309856773680, 9048
39309877276448, 39309877284468, 8020
39309902646076, 39309902654116, 8040
39309988713224, 39309988719620, 6396
39310053474092, 39310053480300, 6208
39310060605276, 39310060612888, 7612
39310063111436, 39310063116936, 5500
39310149246720, 39310149253260, 6540
39310151745700, 39310151751200, 5500
39310215982348, 39310215989300, 6952
39310238021544, 39310238028440, 6896
39310249191952, 39310249198576, 6624
39310293037088, 39310293044204, 7116
39310295557196, 39310295563916, 6720
39310309429712, 39310309430896, 1184
39310317411292, 39310317412628, 1336
39310328553296, 39310328560636, 7340
39310347338576, 39310347340624, 2048
39310370464296, 39310370469756, 5460
39310372962400, 39310372968108, 5708
39310426806372, 39310426812608, 6236
39310539320844, 39310539327880, 7036
39310576036984, 39310576041376, 4392
39310612747028, 39310612751520, 4492
39310658605296, 39310658618500, 13204
39310695304552, 39310695325568, 21016
39310718424584, 39310718444972, 20388
39310725557792, 39310725574952, 17160
39310728067244, 39310728082676, 15432
39310753441360, 39310753461020, 19660
39310790748900, 39310790766780, 17880
39310796272520, 39310796283600, 11080
39310798783276, 39310798798464, 15188
39311358939316, 39311358942488, 3172
39311380975276, 39311380981404, 6128
39311403002972, 39311403008024, 5052
39311425026200, 39311425031108, 4908
39311447055872, 39311447060664, 4792
39311469078200, 39311469082680, 4480
39311491103928, 39311491109924, 5996
39311516458664, 39311516467020, 8356
39311537552940, 39311537557520, 4580
39311558058908, 39311558063300, 4392
39311578578908, 39311578587464, 8556
39311580406156, 39311580407416, 1260
39311600912976, 39311600920048, 7072
39311604347236, 39311604348296, 1060
39311624853248, 39311624860036, 6788
39311635995336, 39311636002988, 7652
39311656528972, 39311656533856, 4884
39311659029364, 39311659035828, 6464
39311679545100, 39311679549960, 4860
39311700044176, 39311700051116, 6940
39311700123792, 39311700124884, 1092
39311720627384, 39311720633472, 6088
39311723123232, 39311723129528, 6296
39311809937184, 39311809943584, 6400
39311846655968, 39311846663832, 7864
39311868699552, 39311868707376, 7824
39311951671880, 39311951677320, 5440
39312064167832, 39312064173732, 5900
39312128397248, 39312128403432, 6184
39312165129124, 39312165137588, 8464
39312190478796, 39312190485772, 6976
39312227207676, 39312227212536, 4860
39312263913644, 39312263920592, 6948
39312264719520, 39312264720644, 1124
39312301978488, 39312301985936, 7448
39312310608896, 39312310609952, 1056
39312347322240, 39312347329476, 7236
39312356496096, 39312356497164, 1068
39312393192080, 39312393199376, 7296
39312479310708, 39312479318856, 8148
39312481812908, 39312481820560, 7652
39312507183244, 39312507190204, 6960
39312607524100, 39312607531620, 7520
39312628052732, 39312628057332, 4600
39312648552736, 39312648557024, 4288
39312669057484, 39312669062060, 4576
39312689562896, 39312689567372, 4476
39312710084472, 39312710088816, 4344
39312730580888, 39312730584744, 3856
39312751069832, 39312751074176, 4344
39312771575124, 39312771579672, 4548
39312792633344, 39312792638028, 4684
39312813135824, 39312813139476, 3652
39312833634180, 39312833638020, 3840
39312854123952, 39312854127684, 3732
39312874608168, 39312874612540, 4372
39312895094480, 39312895102484, 8004
39312897614960, 39312897621112, 6152
39315349322164, 39315349325368, 3204
39315356431244, 39315356437264, 6020
39315363550796, 39315363555656, 4860
39315370651660, 39315370656528, 4868
39315377765688, 39315377770280, 4592
39315384864268, 39315384868288, 4020
39315391972892, 39315391977696, 4804
39315399071360, 39315399075440, 4080
39315406190392, 39315406194652, 4260
39315413307876, 39315413311408, 3532
39315420402424, 39315420405852, 3428
39315427524044, 39315427528416, 4372
39315434615236, 39315434619564, 4328
39315441732988, 39315441737348, 4360
39315448829996, 39315448834408, 4412
39315455938576, 39315455942872, 4296
39315463057020, 39315463061508, 4488
39315470158700, 39315470163128, 4428
39315477272908, 39315477277464, 4556
39315484370764, 39315484374372, 3608
39315491487592, 39315491492384, 4792
39315498585396, 39315498589152, 3756
39315505699572, 39315505702996, 3424
39315512788896, 39315512793124, 4228
39315519904844, 39315519909264, 4420
39315527578620, 39315527583244, 4624
39315534675460, 39315534679808, 4348
39315541793504, 39315541798084, 4580
39315548915580, 39315548919396, 3816
39315556014076, 39315556018396, 4320
39315563125668, 39315563131100, 5432
39315705910584, 39315705916892, 6308
39315713037252, 39315713042700, 5448
39315738505844, 39315738511712, 5868
39315749645804, 39315749651840, 6036
39315849973780, 39315849979956, 6176
39315886699176, 39315886704156, 4980
39315923393596, 39315923397916, 4320
39315960103976, 39315960108576, 4600
39315996796712, 39315996802536, 5824
39316109298156, 39316109304676, 6520
39316173543104, 39316173549228, 6124
39316198890024, 39316198896248, 6224
39316342247816, 39316342252804, 4988
39316485019184, 39316485025000, 5816
39316508144716, 39316508151208, 6492
39316534050460, 39316534057416, 6956
39316545215892, 39316545223860, 7968
39316552332828, 39316552338724, 5896
39316554853312, 39316554860012, 6700
39316598106144, 39316598114028, 7884
39316620149476, 39316620155948, 6472
39316645526816, 39316645534332, 7516
39316724388348, 39316724396164, 7816
39316727976448, 39316727977640, 1192
39316807396892, 39316807403716, 6824
39316850675896, 39316850683360, 7464
39317009318360, 39317009322252, 3892
39317035250560, 39317035257204, 6644
39317114100508, 39317114104648, 4140
39317192935732, 39317192943472, 7740
39317214972524, 39317214980424, 7900
39317222087032, 39317222095156, 8124
39317322420832, 39317322427800, 6968
39317333571884, 39317333578212, 6328
39317433367536, 39317433374480, 6944
39317497547328, 39317497554028, 6700
39317504670400, 39317504677704, 7304
39317604991828, 39317604997100, 5272
39317612121356, 39317612128204, 6848
39317724154268, 39317724159520, 5252
39317731266172, 39317731271500, 5328
39317796069784, 39317796076072, 6288
39317819195580, 39317819201648, 6068
39317821720584, 39317821725636, 5052
39317921516160, 39317921522340, 6180
39317942025012, 39317942029996, 4984
39317962531700, 39317962536408, 4708
39317983060060, 39317983065364, 5304
39318003559384, 39318003565936, 6552
39318027262272, 39318027268076, 5804
39318034365988, 39318034370088, 4100
39318054900544, 39318054905444, 4900
39318075408544, 39318075412768, 4224
39318095912044, 39318095917044, 5000
39318116408640, 39318116414180, 5540
39318195314744, 39318195320976, 6232
39318338713776, 39318338720464, 6688
39318375426200, 39318375432284, 6084
39318398568152, 39318398574376, 6224
39318441858036, 39318441864244, 6208
39318478575284, 39318478580556, 5272
39318501708884, 39318501714016, 5132
39318538974056, 39318538979936, 5880
39318617853244, 39318617859536, 6292
39318638366816, 39318638371812, 4996
39318658872332, 39318658877416, 5084
39318679389780, 39318679394484, 4704
39318699897444, 39318699902140, 4696
39318720387256, 39318720391640, 4384
39318740894080, 39318740898788, 4708
39318761425004, 39318761429908, 4904
39318782469528, 39318782475664, 6136
39318882262872, 39318882268248, 5376
39318884778884, 39318884783256, 4372
39318984592532, 39318984598608, 6076
39319009947980, 39319009953152, 5172
39319110326308, 39319110332924, 6616
39319189215020, 39319189219852, 4832
39319268650540, 39319268657036, 6496
39319294021380, 39319294027240, 5860
39319305163796, 39319305168984, 5188
39319384068372, 39319384073168, 4796
39319462929976, 39319462936080, 6104
39319486069432, 39319486075396, 5964
39319523363356, 39319523369060, 5704
39319525866020, 39319525871812, 5792
39319537008952, 39319537013320, 4368
39319560149560, 39319560155268, 5708
39319603441776, 39319603447584, 5808
39319746358068, 39319746364144, 6076
39319772287868, 39319772294112, 6244
39319795422188, 39319795428360, 6172
39319806582848, 39319806588768, 5920
39319892725756, 39319892731676, 5920
39319899832692, 39319899838476, 5784
39319902351368, 39319902357876, 6508
39319988481096, 39319988486060, 4964
39319995587460, 39319995593248, 5788
39320075046472, 39320075051416, 4944
39320153938304, 39320153944088, 5784
39320253734020, 39320253738560, 4540
39320354067604, 39320354073300, 5696
39320377212004, 39320377220804, 8800
39320379715228, 39320379722480, 7252
39320401753700, 39320401761492, 7792
39320403109364, 39320403110504, 1140
39320426229872, 39320426236668, 6796
39320469527664, 39320469536164, 8500
39320490052704, 39320490057024, 4320
39320511121456, 39320511126036, 4580
39320531632732, 39320531638948, 6216
39320534796128, 39320534797216, 1088
39320555311544, 39320555319388, 7844
39320586508948, 39320586516328, 7380
39320685957664, 39320685963500, 5836
39320688468904, 39320688474392, 5488
39320788791096, 39320788797308, 6212
39320791291340, 39320791295900, 4560
39320891581920, 39320891588828, 6908
39320891946700, 39320891948872, 2172
39320928656064, 39320928663308, 7244
39321041016756, 39321041025564, 8808
39321061556832, 39321061561220, 4388
39321082071144, 39321082079320, 8176
39321181843508, 39321181849548, 6040
39321188953372, 39321188960320, 6948
39321200124232, 39321200130840, 6608
39321300464816, 39321300471404, 6588
39321321010576, 39321321015116, 4540
39321341520260, 39321341524764, 4504
39321362014824, 39321362019604, 4780
39321382515784, 39321382520032, 4248
39321403031212, 39321403035996, 4784
39321423536440, 39321423540820, 4380
39321444038124, 39321444045780, 7656
39321444634560, 39321444635656, 1096
39321465137728, 39321465144472, 6744
39321468573508, 39321468574564, 1056
39321489085888, 39321489093160, 7272
39321491074004, 39321491080832, 6828
39321492517560, 39321492518604, 1044
39321513586088, 39321513591748, 5660
39321514680996, 39321514688180, 7184
39321578915872, 39321578921428, 5556
39321622175056, 39321622181508, 6452
39321658902976, 39321658907556, 4580
39321695610924, 39321695615888, 4964
39321732411384, 39321732416156, 4772
39321769674504, 39321769678744, 4240
39321806386744, 39321806394200, 7456
39323422137096, 39323422141168, 4072
39323433310368, 39323433315928, 5560
39323444456600, 39323444460220, 3620
39323455587704, 39323455591700, 3996
39323466722328, 39323466725256, 2928
39323477856052, 39323477859684, 3632
39323488975140, 39323488977968, 2828
39323500097048, 39323500100904, 3856
39323511785276, 39323511788052, 2776
39323522903832, 39323522907160, 3328
39323534039560, 39323534042772, 3212
39323545149676, 39323545153436, 3760
39323556269612, 39323556272700, 3088
39323567373856, 39323567376692, 2836
39323578503068, 39323578506440, 3372
39323589625768, 39323589628592, 2824
39299229739856, 39299229747184, 7328
39303318316684, 39303318319696, 3012
39303318335552, 39303318342616, 7064
39303370187212, 39303370190048, 2836
39303424056656, 39303424059572, 2916
39303447158380, 39303447167452, 9072
39303472503088, 39303472511464, 8376
39303475932140, 39303475933648, 1508
39303499039944, 39303499047416, 7472
39303599354544, 39303599361024, 6480
39303601872724, 39303601879668, 6944
39303687962332, 39303687969712, 7380
39303724660808, 39303724668504, 7696
39303825118560, 39303825126944, 8384
39303832228860, 39303832236584, 7724
39303896464960, 39303896473192, 8232
39303917001568, 39303917010248, 8680
39303953712684, 39303953719428, 6744
39303958721648, 39303958723036, 1388
39303995421816, 39303995429448, 7632
39303997923572, 39303997930456, 6884
39304005053704, 39304005061692, 7988
39304027101564, 39304027108880, 7316
39304086924272, 39304086930588, 6316
39304108958816, 39304108965788, 6972
39304152218124, 39304152226740, 8616
39304175364980, 39304175373404, 8424
39304299917256, 39304299919964, 2708
39304311054948, 39304311060672, 5724
39304322202240, 39304322210792, 8552
39304324704380, 39304324711464, 7084
39304610759956, 39304610768256, 8300
39304617888376, 39304617895012, 6636
39304639923980, 39304639932352, 8372
39304739696516, 39304739701216, 4700
39304839995876, 39304840001808, 5932
39304862026736, 39304862035044, 8308
39304905299808, 39304905307656, 7848
39305048627404, 39305048632912, 5508
39305091891960, 39305091898296, 6336
39305099016840, 39305099024832, 7992
39305177893360, 39305177898484, 5124
39305184997908, 39305185005768, 7860
39305187500160, 39305187507456, 7296
39305287264132, 39305287270632, 6500
39305298980820, 39305298986464, 5644
39305385110820, 39305385117352, 6532
39305527917396, 39305527922296, 4900
39305671271452, 39305671277512, 6060
39305673771848, 39305673777780, 5932
39305696914592, 39305696920060, 5468
39305840354312, 39305840360396, 6084
39305952293040, 39305952299036, 5996
39305954791756, 39305954799512, 7756
39305961922480, 39305961930664, 8184
39305985047980, 39305985056244, 8264
39306010423028, 39306010429716, 6688
39306017529148, 39306017534728, 5580
39306040662728, 39306040669384, 6656
39306043161060, 39306043167568, 6508
39306122650716, 39306122655936, 5220
39306145780480, 39306145787872, 7392
39306257742436, 39306257748356, 5920
39306280860316, 39306280868084, 7768
39306306779036, 39306306786908, 7872
39306328819812, 39306328826400, 6588
39306351960952, 39306351968096, 7144
39306395233380, 39306395240624, 7244
39306474119188, 39306474126272, 7084
39306517381976, 39306517388080, 6104
39306540490168, 39306540497472, 7304
39306563082536, 39306563090000, 7464
39307356597064, 39307356600100, 3036
39307359097944, 39307359104484, 6540
39307361587508, 39307361591664, 4156
39307364074148, 39307364078992, 4844
39307366583680, 39307366588296, 4616
39307369072308, 39307369075944, 3636
39307371560484, 39307371563916, 3432
39307374049452, 39307374056688, 7236
39307449534016, 39307449538892, 4876
39307528415928, 39307528423108, 7180
39307671754944, 39307671759792, 4848
39307815142832, 39307815148652, 5820
39307901193656, 39307901203424, 9768
39307926517800, 39307926524808, 7008
39308026269176, 39308026276364, 7188
39308052197992, 39308052205140, 7148
39308131095648, 39308131101684, 6036
39308138205640, 39308138213180, 7540
39308163577996, 39308163585296, 7300
39308174740060, 39308174746760, 6700
39308197864628, 39308197871088, 6460
39308200508444, 39308200509764, 1320
39308207611956, 39308207618772, 6816
39308227044792, 39308227051524, 6732
39308252416816, 39308252423816, 7000
39308395760752, 39308395764964, 4212
39308539033368, 39308539040012, 6644
39308562180568, 39308562188396, 7828
39308626442896, 39308626450968, 8072
39308637608192, 39308637615944, 7752
39308644721776, 39308644729368, 7592
39308671389492, 39308671406636, 17144
39308694519380, 39308694542988, 23608
39309355765976, 39309355769092, 3116
39309362876624, 39309362882804, 6180
39309369995252, 39309370000392, 5140
39309377093624, 39309377098324, 4700
39309384209828, 39309384214768, 4940
39309391309660, 39309391313300, 3640
39309398424952, 39309398430304, 5352
39309405524404, 39309405530180, 5776
39309430897592, 39309430905284, 7692
39309438025552, 39309438033624, 8072
39309449168272, 39309449175964, 7692
39309449536084, 39309449537404, 1320
39309474873972, 39309474881272, 7300
39309555472160, 39309555477716, 5556
39309580816288, 39309580823556, 7268
39309624105472, 39309624113456, 7984
39309688353528, 39309688360996, 7468
39309712724996, 39309712730752, 5756
39309736868024, 39309736871428, 3404
39309816381740, 39309816389596, 7856
39309818901288, 39309818907296, 6008
39309883126252, 39309883134532, 8280
39309903627068, 39309903634728, 7660
39309904396856, 39309904398048, 1192
39309924901092, 39309924908124, 7032
39309932009492, 39309932017476, 7984
39310054046888, 39310054049836, 2948
39310065191880, 39310065197800, 5920
39310076333864, 39310076341528, 7664
39310188263444, 39310188269580, 6136
39310213595896, 39310213604452, 8556
39310236729584, 39310236737596, 8012
39310323430532, 39310323436484, 5952
39310452362860, 39310452369188, 6328
39310475498928, 39310475506356, 7428
39310576801576, 39310576804532, 2956
39310602152632, 39310602159728, 7096
39310625296000, 39310625304020, 8020
39310768012656, 39310768019732, 7076
39310779173056, 39310779180548, 7492
39310786852308, 39310786860640, 8332
39310809963868, 39310809971072, 7204
39310846684324, 39310846688684, 4360
39310883375724, 39310883382780, 7056
39310890503152, 39310890508592, 5440
39310927205300, 39310927212216, 6916
39310929705408, 39310929712824, 7416
39311015845508, 39311015852840, 7332
39311144833284, 39311144839292, 6008
39311170200492, 39311170207616, 7124
39311172700372, 39311172706756, 6384
39311315998484, 39311316004800, 6316
39311352711676, 39311352716652, 4976
39311389414228, 39311389422920, 8692
39311391916220, 39311391924008, 7788
39311392853392, 39311392854648, 1256
39311429550460, 39311429557692, 7232
39311438741680, 39311438742760, 1080
39311475436876, 39311475445000, 8124
39311495951068, 39311495955920, 4852
39311516447852, 39311516451752, 3900
39311553723088, 39311553727980, 4892
39311590423608, 39311590428412, 4804
39311627108944, 39311627114044, 5100
39311663802752, 39311663810148, 7396
39311707066388, 39311707072324, 5936
39311718186544, 39311718194788, 8244
39311755001076, 39311755008384, 7308
39311759916584, 39311759917748, 1164
39311797166144, 39311797173540, 7396
39311906236552, 39311906242620, 6068
39311942933924, 39311942942204, 8280
39311963463832, 39311963468644, 4812
39311983952196, 39311983959376, 7180
39312009301260, 39312009310364, 9104
39312095962668, 39312095968296, 5628
39312137965868, 39312137973788, 7920
39312140467260, 39312140474488, 7228
39312160992680, 39312160997232, 4552
39312181487824, 39312181492712, 4888
39312201978312, 39312201982464, 4152
39312222473996, 39312222478580, 4584
39312242985648, 39312242990068, 4420
39312263485740, 39312263490208, 4468
39312284536232, 39312284540672, 4440
39312305051748, 39312305056432, 4684
39312325553604, 39312325558420, 4816
39312346050092, 39312346058044, 7952
39312346524424, 39312346525516, 1092
39312367028832, 39312367036012, 7180
39312379482732, 39312379490328, 7596
39312443695108, 39312443703904, 8796
39312480414684, 39312480419716, 5032
39312517106796, 39312517111260, 4464
39312554386180, 39312554390724, 4544
39312591070448, 39312591075048, 4600
39312627748788, 39312627756544, 7756
39312727512428, 39312727520152, 7724
39312770772172, 39312770778724, 6552
39312778456072, 39312778463968, 7896
39315341341144, 39315341344156, 3012
39315427465600, 39315427471896, 6296
39315513563772, 39315513568740, 4968
39315600205896, 39315600210628, 4732
39315686301800, 39315686306288, 4488
39315773074272, 39315773079096, 4824
39315859145976, 39315859150420, 4444
39315945224288, 39315945228604, 4316
39316031877904, 39316031882848, 4944
39316117990552, 39316117995328, 4776
39316204066764, 39316204071248, 4484
39316290716112, 39316290720636, 4524
39316376816000, 39316376820316, 4316
39316462889216, 39316462893876, 4660
39316549528392, 39316549532844, 4452
39316635609428, 39316635614056, 4628
39316721673660, 39316721678052, 4392
39316808336700, 39316808340992, 4292
39316894419280, 39316894423808, 4528
39316980501496, 39316980506000, 4504
39317067118624, 39317067122868, 4244
39317153194920, 39317153199988, 5068
39317239246148, 39317239250592, 4444
39317325866244, 39317325870820, 4576
39317411931876, 39317411936604, 4728
39317497966748, 39317497971100, 4352
39317584594536, 39317584599324, 4788
39317670658928, 39317670663608, 4680
39317756807044, 39317756811460, 4416
39317843506596, 39317843511408, 4812
39317929627648, 39317929632148, 4500
39318016293152, 39318016297812, 4660
39318102412308, 39318102416896, 4588
39318188537008, 39318188541404, 4396
39318275204748, 39318275209408, 4660
39318361315992, 39318361320660, 4668
39318447433656, 39318447438240, 4584
39318534126112, 39318534131092, 4980
39318620236504, 39318620243152, 6648
39318656950540, 39318656955104, 4564
39318693665404, 39318693671072, 5668
39318696166220, 39318696170852, 4632
39318732870944, 39318732875716, 4772
39318770145832, 39318770152088, 6256
39318777270556, 39318777275696, 5140
39318788409140, 39318788414304, 5164
39318825146372, 39318825151068, 4696
39318861849508, 39318861854288, 4780
39318898557740, 39318898562428, 4688
39318935288152, 39318935294944, 6792
39318946434836, 39318946440952, 6116
39318966977132, 39318966982916, 5784
39319053664944, 39319053671324, 6380
39319079043640, 39319079049420, 5780
39319115750460, 39319115757164, 6704
39319126910880, 39319126916212, 5332
39319129409868, 39319129414544, 4676
39319166136248, 39319166142744, 6496
39319173247100, 39319173251912, 4812
39319209954364, 39319209959116, 4752
39319246670068, 39319246675908, 5840
39319333359196, 39319333365736, 6540
39319353894712, 39319353899340, 4628
39319374399412, 39319374403924, 4512
39319394902560, 39319394907192, 4632
39319415406324, 39319415410896, 4572
39319435927628, 39319435932156, 4528
39319456424388, 39319456429080, 4692
39319476929780, 39319476934736, 4956
39319497449608, 39319497454320, 4712
39319518512832, 39319518517188, 4356
39319539012024, 39319539016920, 4896
39319559533456, 39319559538060, 4604
39319580035160, 39319580041612, 6452
39319587161372, 39319587167396, 6024
39319699122512, 39319699128632, 6120
39319735924992, 39319735930996, 6004
39319743053292, 39319743058080, 4788
39319780308156, 39319780313032, 4876
39319817006440, 39319817011100, 4660
39319824108084, 39319824113944, 5860
39319902970696, 39319902975104, 4408
39319981823408, 39319981829412, 6004
39320003853908, 39320003860408, 6500
39320027548848, 39320027554620, 5772
39320038705684, 39320038711748, 6064
39320045812264, 39320045817600, 5336
39320145583532, 39320145589272, 5740
39320168711604, 39320168717792, 6188
39320254823968, 39320254830080, 6112
39320262501516, 39320262509188, 7672
39320285627772, 39320285635760, 7988
39320310975352, 39320310982392, 7040
39320354248848, 39320354255104, 6256
39320454010152, 39320454016108, 5956
39320490716520, 39320490721112, 4592
39320527974092, 39320527978696, 4604
39320564663532, 39320564671560, 8028
39320575826344, 39320575835268, 8924
39320598958216, 39320598964856, 6640
39320601458432, 39320601464696, 6264
39320642554548, 39320642559380, 4832
39320702441264, 39320702444584, 3320
39320725567728, 39320725576820, 9092
39320838597436, 39320838606004, 8568
39320849733732, 39320849742296, 8564
39320928597372, 39320928604340, 6968
39321028776972, 39321028785348, 8376
39321112822548, 39321112828732, 6184
39321134852780, 39321134860492, 7712
39321178122500, 39321178128248, 5748
39321264768116, 39321264773664, 5548
39321271887792, 39321271895464, 7672
39321274391616, 39321274398876, 7260
39321317662372, 39321317670452, 8080
39321417429824, 39321417435632, 5808
39321424537012, 39321424544224, 7212
39321446560172, 39321446568264, 8092
39321539563164, 39321539570024, 6860
39321609802860, 39321609810580, 7720
39321635170448, 39321635178004, 7556
39321657201928, 39321657209552, 7624
39321721513424, 39321721521548, 8124
39321732673192, 39321732680960, 7768
39321819354112, 39321819362520, 8408
39321856080200, 39321856085224, 5024
39321991275724, 39321991278852, 3128
39322070703388, 39322070709372, 5984
39322149575824, 39322149580760, 4936
39322228438176, 39322228442860, 4684
39322307877100, 39322307883284, 6184
39322315005260, 39322315012828, 7568
39322351716392, 39322351724560, 8168
39322437843312, 39322437849252, 5940
39322502105108, 39322502111344, 6236
39322614614524, 39322614620964, 6440
39322621718320, 39322621724360, 6040
39322658446512, 39322658451732, 5220
39322695144960, 39322695151136, 6176
39322781831816, 39322781837904, 6088
39322802345636, 39322802350440, 4804
39322809475740, 39322809480456, 4716
39322831514204, 39322831520424, 6220
39322895757164, 39322895762412, 5248
39322917796960, 39322917802952, 5992
39322954510884, 39322954516788, 5904
39323033956568, 39323033962580, 6012
39323054470544, 39323054475416, 4872
39323074989872, 39323074996092, 6220
39323217793536, 39323217799416, 5880
39323255070980, 39323255075632, 4652
39323291791324, 39323291795512, 4188
39323403755248, 39323403761324, 6076
39299129820732, 39299129833116, 12384
39299229452032, 39299229467228, 15196
39303318311336, 39303318314504, 3168
39303318329768, 39303318336580, 6812
39303364203676, 39303364206452, 2776
39303463855804, 39303463866452, 10648
39303485908152, 39303485915536, 7384
39303616417140, 39303616424064, 6924
39303695258228, 39303695266936, 8708
39303751974104, 39303751983668, 9564
39303788797808, 39303788802932, 5124
39303826061776, 39303826066436, 4660
39303862755992, 39303862764408, 8416
39303866941360, 39303866942996, 1636
39303903641612, 39303903649932, 8320
39303929001168, 39303929008496, 7328
39303931503300, 39303931510680, 7380
39303938612940, 39303938619524, 6584
39303981888896, 39303981897268, 8372
39304005032584, 39304005041128, 8544
39304041742440, 39304041750676, 8236
39304154171148, 39304154178796, 7648
39304218408216, 39304218415704, 7488
39304318679728, 39304318687728, 8000
39304341821260, 39304341828400, 7140
39304461537348, 39304461544392, 7044
39305341446340, 39305341449392, 3052
39305364577548, 39305364583976, 6428
39305387711188, 39305387716104, 4916
39305410824156, 39305410829188, 5032
39305433949100, 39305433953412, 4312
39305457053908, 39305457058188, 4280
39305480178876, 39305480183428, 4552
39305503304844, 39305503309300, 4456
39305526410104, 39305526414492, 4388
39305550086956, 39305550091284, 4328
39305573207172, 39305573211676, 4504
39305596307728, 39305596312444, 4716
39305619432172, 39305619438684, 6512
39305705546696, 39305705551680, 4984
39305791733200, 39305791739496, 6296
39305835561884, 39305835567980, 6096
39305846715908, 39305846721852, 5944
39305989491908, 39305989498072, 6164
39306076175992, 39306076182128, 6136
39306140407008, 39306140413860, 6852
39306142908520, 39306142917844, 9324
39306221784636, 39306221789568, 4932
39306301203672, 39306301208768, 5096
39306380059052, 39306380067524, 8472
39306466164360, 39306466171960, 7600
39306578624564, 39306578631792, 7228
39306678334812, 39306678343084, 8272
39306701449252, 39306701457264, 8012
39306726815368, 39306726823344, 7976
39306770085124, 39306770091540, 6416
39306793761352, 39306793767604, 6252
39306819118572, 39306819125692, 7120
39306830279096, 39306830285720, 6624
39306853392724, 39306853400132, 7408
39306953171716, 39306953177208, 5492
39306964332664, 39306964340172, 7508
39306986353052, 39306986361800, 8748
39307073038540, 39307073044440, 5900
39307185004904, 39307185011192, 6288
39307207034304, 39307207043328, 9024
39307214148584, 39307214156256, 7672
39307225308500, 39307225316404, 7904
39307268571456, 39307268578576, 7120
39307291173548, 39307291181868, 8320
39307314300880, 39307314307728, 6848
39307325460448, 39307325467808, 7360
39307409118760, 39307409124844, 6084
39307434491860, 39307434500052, 8192
39307441608988, 39307441616160, 7172
39307505839068, 39307505846132, 7064
39307517013060, 39307517020464, 7404
39307542946964, 39307542953564, 6600
39307621805588, 39307621814152, 8564
39307628514048, 39307628521180, 7132
39307651631160, 39307651637412, 6252
39307694899092, 39307694905988, 6896
39307715395044, 39307715399916, 4872
39307735892252, 39307735896952, 4700
39307756471144, 39307756475468, 4324
39307776960660, 39307776965460, 4800
39307798041144, 39307798046304, 5160
39307818555216, 39307818560996, 5780
39307861807680, 39307861813580, 5900
39308126687568, 39308126691028, 3460
39308148722940, 39308148728680, 5740
39308170746444, 39308170751424, 4980
39308192779116, 39308192787120, 8004
39308195283064, 39308195289780, 6716
39308307777092, 39308307781572, 4480
39308419711688, 39308419718964, 7276
39308441743692, 39308441751504, 7812
39308489864724, 39308489869040, 4316
39308496979016, 39308496988720, 9704
39308499480120, 39308499486240, 6120
39308612002368, 39308612010432, 8064
39308635118732, 39308635124928, 6196
39308637635088, 39308637641960, 6872
39308663424240, 39308663433268, 9028
39308775358352, 39308775366052, 7700
39308836695204, 39308836702848, 7644
39308839207632, 39308839214832, 7200
39308862305676, 39308862313180, 7504
39308905564152, 39308905570972, 6820
39308916700256, 39308916707144, 6888
39308922792080, 39308922793320, 1240
39308945898208, 39308945904816, 6608
39309004085076, 39309004092232, 7156
39309083535712, 39309083542216, 6504
39309086035332, 39309086041732, 6400
39309129304152, 39309129311304, 7152
39309241248536, 39309241254440, 5904
39309282102920, 39309282109912, 6992
39309307237992, 39309307246320, 8328
39309447186056, 39309447190760, 4704
39309590501632, 39309590507464, 5832
39309593000648, 39309593007008, 6360
39309735788580, 39309735793424, 4844
39309879207764, 39309879215380, 7616
39309922470408, 39309922478492, 8084
39310024113860, 39310024116508, 2648
39310045180756, 39310045186052, 5296
39310065681212, 39310065686372, 5160
39310086197660, 39310086202408, 4748
39310106699952, 39310106704344, 4392
39310127197884, 39310127202564, 4680
39310147698312, 39310147702772, 4460
39310168216480, 39310168220564, 4084
39310188699652, 39310188704460, 4808
39310209190184, 39310209193892, 3708
39310229707024, 39310229711632, 4608
39310250206164, 39310250210476, 4312
39310270707352, 39310270711572, 4220
39310291776336, 39310291781040, 4704
39310312276380, 39310312281012, 4632
39310332782204, 39310332786568, 4364
39310353284808, 39310353289144, 4336
39310373809532, 39310373813692, 4160
39310394310888, 39310394315228, 4340
39310414814844, 39310414819020, 4176
39310435331484, 39310435335940, 4456
39310455832124, 39310455836204, 4080
39310476332964, 39310476336904, 3940
39310496818000, 39310496822444, 4444
39310517329892, 39310517334368, 4476
39310538381920, 39310538386464, 4544
39310558889368, 39310558893488, 4120
39310579396812, 39310579401600, 4788
39310599886600, 39310599891304, 4704
39310620384916, 39310620392872, 7956
39310622683460, 39310622684720, 1260
39310646636004, 39310646649708, 13704
39310742405136, 39310742408260, 3124
39310753543448, 39310753551644, 8196
39310797368180, 39310797375628, 7448
39310903803032, 39310903811740, 8708
39310929167428, 39310929174336, 6908
39310993411220, 39310993417948, 6728
39311005772788, 39311005773928, 1140
39311031128284, 39311031136144, 7860
39311068417984, 39311068426252, 8268
39311071616012, 39311071617088, 1076
39311108315676, 39311108321444, 5768
39311172546624, 39311172553276, 6652
39311284989024, 39311284995740, 6716
39311292655908, 39311292663528, 7620
39311378760744, 39311378767448, 6704
39311404116208, 39311404124564, 8356
39311410330032, 39311410337024, 6992
39311553655920, 39311553662192, 6272
39311617880572, 39311617887364, 6792
39311726397960, 39311726404332, 6372
39311747018316, 39311747026740, 8424
39311747946372, 39311747947644, 1272
39311768439048, 39311768446552, 7504
39311771888880, 39311771890056, 1176
39311792936564, 39311792942908, 6344
39311795831412, 39311795832496, 1084
39311816324992, 39311816332764, 7772
39311819775848, 39311819776900, 1052
39311840272716, 39311840278360, 5644
39311843968292, 39311843973964, 5672
39311864468360, 39311864475576, 7216
39311867661756, 39311867662784, 1028
39311888165068, 39311888172060, 6992
39311891603460, 39311891604500, 1040
39311912092332, 39311912100080, 7748
39311915546868, 39311915547896, 1028
39311936040536, 39311936047424, 6888
39311938539284, 39311938547256, 7972
39311949697092, 39311949703916, 6824
39311986384488, 39311986392552, 8064
39311993511268, 39311993517976, 6708
39312014015576, 39312014020056, 4480
39312035071620, 39312035078820, 7200
39312035263212, 39312035264240, 1028
39312055755484, 39312055762524, 7040
39312058254068, 39312058259148, 5080
39312059205580, 39312059206676, 1096
39312079702952, 39312079710216, 7264
39312083148272, 39312083149464, 1192
39312103642788, 39312103649728, 6940
39312215536116, 39312215543624, 7508
39312226672184, 39312226680272, 8088
39312291454532, 39312291461548, 7016
39312334717324, 39312334725268, 7944
39312337276436, 39312337282736, 6300
39312344383524, 39312344389584, 6060
39312456310360, 39312456316332, 5972
39312478339672, 39312478347468, 7796
39312519523476, 39312519530116, 6640
39312530084472, 39312530085536, 1064
39312552105568, 39312552113300, 7732
39312554610636, 39312554618292, 7656
39312640700336, 39312640706864, 6528
39312662734512, 39312662739724, 5212
39312665231256, 39312665237784, 6528
39312673759648, 39312673766684, 7036
39312759857664, 39312759871368, 13704
39312959068804, 39312959071844, 3040
39312995763132, 39312995769268, 6136
39313033015712, 39313033020868, 5156
39313069696644, 39313069701404, 4760
39313106375804, 39313106380748, 4944
39313143086204, 39313143091116, 4912
39313179770492, 39313179774992, 4500
39313216462692, 39313216467256, 4564
39313253138664, 39313253143156, 4492
39313290393248, 39313290397884, 4636
39313327083092, 39313327088180, 5088
39313363767044, 39313363775312, 8268
39313506513020, 39313506519632, 6612
39313510985208, 39313510993192, 7984
39313575781332, 39313575787360, 6028
39313675514008, 39313675520532, 6524
39313788082592, 39313788089096, 6504
39313808596780, 39313808601980, 5200
39313829111028, 39313829116152, 5124
39313849611984, 39313849617212, 5228
39313870118628, 39313870123352, 4724
39313890619032, 39313890623464, 4432
39313911137124, 39313911141596, 4472
39313931641656, 39313931646464, 4808
39313952130664, 39313952136268, 5604
39313988846840, 39313988853300, 6460
39314089175336, 39314089180188, 4852
39314188939512, 39314188945664, 6152
39314225641536, 39314225646472, 4936
39314262357400, 39314262362100, 4700
39314299608220, 39314299612800, 4580
39314336311528, 39314336317536, 6008
39314361680224, 39314361685144, 4920
39314398388328, 39314398394740, 6412
39314409551956, 39314409557280, 5324
39314446258120, 39314446262872, 4752
39314482962340, 39314482966836, 4496
39314519669024, 39314519675188, 6164
39314540733612, 39314540737672, 4060
39314577443820, 39314577449732, 5912
39314579943956, 39314579948936, 4980
39314605300284, 39314605306944, 6660
39314625816212, 39314625821160, 4948
39314646325052, 39314646329872, 4820
39314666824916, 39314666829668, 4752
39314687341784, 39314687346168, 4384
39314707841140, 39314707846600, 5460
39314820332772, 39314820338880, 6108
39314843475796, 39314843482028, 6232
39314986286172, 39314986292440, 6268
39315006796356, 39315006801372, 5016
39315027846808, 39315027851456, 4648
39315048367440, 39315048372148, 4708
39315068868248, 39315068873348, 5100
39315089370016, 39315089375220, 5204
39315201299120, 39315201305112, 5992
39315226658728, 39315226665032, 6304
39315248689884, 39315248696268, 6384
39315272380392, 39315272386376, 5984
39315372148924, 39315372155076, 6152
39315374649412, 39315374654684, 5272
39315517451780, 39315517458480, 6700
39315538521692, 39315538527392, 5700
39315575240400, 39315575244836, 4436
39315611939236, 39315611944060, 4824
39315648648808, 39315648654556, 5748
39315691901636, 39315691907776, 6140
39315715040008, 39315715045796, 5788
39315858449544, 39315858455852, 6308
39315958208980, 39315958214736, 5756
39315981317720, 39315981322592, 4872
39316081643944, 39316081649028, 5084
39316181379644, 39316181384968, 5324
39316281674500, 39316281680800, 6300
39316304266288, 39316304272744, 6456
39316326292004, 39316326300388, 8384
39316330015440, 39316330022332, 6892
39316441939684, 39316441945528, 5844
39316443013960, 39316443021716, 7756
39316468353408, 39316468361652, 8244
39316475481436, 39316475488464, 7028
39316554910048, 39316554915012, 4964
39316633747068, 39316633752788, 5720
39316656871092, 39316656879416, 8324
39316797096108, 39316797100980, 4872
39316939846408, 39316939850872, 4464
39317083086436, 39317083094404, 7968
39317085603724, 39317085611416, 7692
39317107635400, 39317107642468, 7068
39317219499648, 39317219507872, 8224
39317242611496, 39317242619644, 8148
39317253770380, 39317253778464, 8084
39319323743644, 39319323746712, 3068
39319345767672, 39319345774016, 6344
39319367788556, 39319367793296, 4740
39319389810144, 39319389815176, 5032
39319411833112, 39319411837804, 4692
39319433848204, 39319433852648, 4444
39319455864064, 39319455868824, 4760
39319477879452, 39319477884320, 4868
39319499895792, 39319499900440, 4648
39319522474352, 39319522478908, 4556
39319544495088, 39319544499612, 4524
39319566518532, 39319566523256, 4724
39319588534264, 39319588538596, 4332
39319610557284, 39319610562224, 4940
39319632576452, 39319632580808, 4356
39319654603816, 39319654608420, 4604
39319676620924, 39319676625388, 4464
39319698645784, 39319698650500, 4716
39319720780304, 39319720784812, 4508
39319742804252, 39319742809040, 4788
39319765378904, 39319765383616, 4712
39319787399588, 39319787404296, 4708
39319809421364, 39319809426068, 4704
39319831438256, 39319831444468, 6212
39319833938616, 39319833944212, 5596
39319933710500, 39319933715888, 5388
39320034061268, 39320034067480, 6212
39320056097576, 39320056103980, 6404
39320198879788, 39320198885996, 6208
39320224247076, 39320224255200, 8124
39320235389236, 39320235397768, 8532
39320300198360, 39320300204464, 6104
39320302696448, 39320302703716, 7268
39320388807944, 39320388813780, 5836
39320395934608, 39320395942352, 7744
39320507879884, 39320507885632, 5748
39320651254780, 39320651258852, 4072
39320794490812, 39320794496560, 5748
39320881112624, 39320881120120, 7496
39321175288024, 39321175291868, 3844
39321200637204, 39321200642612, 5408
39321225988300, 39321225993328, 5028
39321251342976, 39321251351608, 8632
39321273933300, 39321273941152, 7852
39321285100704, 39321285107728, 7024
39321310464648, 39321310471852, 7204
39321396580272, 39321396586048, 5776
39321399100328, 39321399106648, 6320
39321410238568, 39321410244920, 6352
39321435595656, 39321435602008, 6352
39321522268000, 39321522276136, 8136
39321542795372, 39321542800216, 4844
39321563290056, 39321563298104, 8048
39321564347584, 39321564348856, 1272
39321584846136, 39321584853588, 7452
39321591954896, 39321591962292, 7396
39321612480908, 39321612485600, 4692
39321632987736, 39321632994752, 7016
39321711837240, 39321711843524, 6284
39321737295016, 39321737303132, 8116
39321880620544, 39321880626296, 5752
39321883119780, 39321883126008, 6228
39322026421236, 39322026427304, 6068
39322051792048, 39322051799832, 7784
39322137897524, 39322137903424, 5900
39322140395556, 39322140402740, 7184
39322160920764, 39322160928652, 7888
39322162863392, 39322162864568, 1176
39322183368028, 39322183375048, 7020
39322220068816, 39322220076328, 7512
39322222719712, 39322222720864, 1152
39322259972300, 39322259980012, 7712
39322280490584, 39322280497632, 7048
39322282577376, 39322282578560, 1184
39322303080472, 39322303086436, 5964
39322305578764, 39322305585420, 6656
39322306520216, 39322306521188, 972
39322327027304, 39322327034396, 7092
39322330462348, 39322330463436, 1088
39322350967212, 39322350973880, 6668
39322450735768, 39322450741472, 5704
39322530172192, 39322530178352, 6160
39322573428912, 39322573435076, 6164
39322595461960, 39322595467856, 5896
39322615993260, 39322615998068, 4808
39322636483384, 39322636488020, 4636
39322656980576, 39322656985000, 4424
39322677482096, 39322677486588, 4492
39322698001284, 39322698006152, 4868
39322718500076, 39322718505148, 5072
39322762333236, 39322762339436, 6200
39322862105160, 39322862111412, 6252
39322864607208, 39322864614640, 7432
39322871740152, 39322871745252, 5100
39323015089392, 39323015095756, 6364
39323101202220, 39323101208644, 6424
39323121711040, 39323121715596, 4556
39323142201832, 39323142206804, 4972
39323162731888, 39323162736984, 5096
39323183230636, 39323183235308, 4672
39323269897116, 39323269903344, 6228
39323295263960, 39323295270692, 6732
39323302408516, 39323302413008, 4492
39323304918488, 39323304922532, 4044
39323326971180, 39323326973976, 2796
39323352338760, 39323352342472, 3712
39323416581564, 39323416584956, 3392
