145857250027308, 145857250038152, 10844
145857250089948, 145857250097352, 7404
145857250124184, 145857250131484, 7300
145857250202580, 145857250210604, 8024
145857250233796, 145857250240944, 7148
145857250272352, 145857250279340, 6988
145857250297640, 145857250304292, 6652
145859243506072, 145859243520580, 14508
145860037657028, 145860037661680, 4652
145860831657420, 145860831661816, 4396
145861625789028, 145861625793748, 4720
145862419840716, 145862419845120, 4404
145863213904500, 145863213909148, 4648
145864008042720, 145864008047288, 4568
145864802153336, 145864802157608, 4272
145865596110132, 145865596114504, 4372
145866390283840, 145866390288072, 4232
145867184419632, 145867184424064, 4432
145867978390044, 145867978394488, 4444
145868772498280, 145868772502468, 4188
145869566593068, 145869566597548, 4480
145870360763008, 145870360767208, 4200
145871154779120, 145871154783688, 4568
145871948892600, 145871948896776, 4176
145872742895964, 145872742900240, 4276
145873537015792, 145873537019856, 4064
145874331114648, 145874331119024, 4376
145875125185300, 145875125189632, 4332
145875919319248, 145875919323924, 4676
145876713400312, 145876713404932, 4620
145877507451408, 145877507455676, 4268
145878301656632, 145878301660800, 4168
145879095593324, 145879095597556, 4232
145879889794948, 145879889799392, 4444
145860223079100, 145860223094564, 15464
145861122886944, 145861122891476, 4532
145862062660208, 145862062664368, 4160
145863002361436, 145863002365572, 4136
145863942198356, 145863942202688, 4332
145864881918028, 145864881922540, 4512
145865821612472, 145865821616496, 4024
145866761314100, 145866761318548, 4448
145867701056064, 145867701060360, 4296
145868640877256, 145868640881588, 4332
145869580548388, 145869580552688, 4300
145870520274484, 145870520278840, 4356
145871460045304, 145871460049472, 4168
145872399819740, 145872399824020, 4280
145873339515676, 145873339520364, 4688
145874279321872, 145874279326468, 4596
145875218973248, 145875218977988, 4740
145876158759376, 145876158763604, 4228
145877098421780, 145877098425744, 3964
145878038156372, 145878038160648, 4276
145878977886308, 145878977890720, 4412
145879917698312, 145879917702420, 4108
145859325300580, 145859325312080, 11500
145860227072500, 145860227083340, 10840
145861210707180, 145861210718544, 11364
145862194345916, 145862194368644, 22728
145863177954288, 145863177958632, 4344
145864161589384, 145864161593432, 4048
145865145228188, 145865145232268, 4080
145866128952000, 145866128956392, 4392
145867112563900, 145867112568056, 4156
145868096173428, 145868096177736, 4308
145869079731072, 145869079735492, 4420
145870063445712, 145870063450068, 4356
145871047054140, 145871047058360, 4220
145872030683432, 145872030687816, 4384
145873014434592, 145873014438656, 4064
145873997929640, 145873997934056, 4416
145874981498508, 145874981502636, 4128
145875965173424, 145875965177424, 4000
145876948799116, 145876948803208, 4092
145877932403844, 145877932408444, 4600
145878916022740, 145878916027156, 4416
145879899745036, 145879899748988, 3952
145859333250488, 145859333262260, 11772
145860245014692, 145860245025748, 11056
145861246599540, 145861246610104, 10564
145862248224092, 145862248235420, 11328
145863249756508, 145863249767804, 11296
145864251483940, 145864251494020, 10080
145865252968360, 145865252979632, 11272
145866254566808, 145866254578604, 11796
145867256183948, 145867256195184, 11236
145868257723928, 145868257735660, 11732
145869259369884, 145869259381012, 11128
145870260933908, 145870260945888, 11980
145871262509964, 145871262521068, 11104
145872264106916, 145872264118744, 11828
145873265669452, 145873265680504, 11052
145874267332400, 145874267344312, 11912
145875268808124, 145875268819940, 11816
145876270389716, 145876270401152, 11436
145877272063716, 145877272074744, 11028
145878273591096, 145878273603028, 11932
145879275149076, 145879275160572, 11496
