29271589244644, 29271589247256, 2612
29271627228744, 29271627233496, 4752
29271676992840, 29271677000020, 7180
29271726831372, 29271726838500, 7128
29272450840212, 29272450843944, 3732
29272498346268, 29272498352032, 5764
29272545976196, 29272545981940, 5744
29272594278364, 29272594283936, 5572
29272641931300, 29272641936412, 5112
29272689478388, 29272689483004, 4616
29272833596408, 29272833616224, 19816
29272893420520, 29272893427904, 7384
29272953235416, 29272953269288, 33872
29273719062556, 29273719065824, 3268
29273766405108, 29273766410368, 5260
29273813809024, 29273813813988, 4964
29273861721000, 29273861725708, 4708
29273909257896, 29273909262116, 4220
29273956704308, 29273956709368, 5060
29274090016844, 29274090021448, 4604
29274269463440, 29274269468244, 4804
29274448942536, 29274448947556, 5020
29274628428020, 29274628432508, 4488
29274807950344, 29274807954728, 4384
29274987375324, 29274987381600, 6276
29275713182812, 29275713185640, 2828
29275730638156, 29275730643468, 5312
29275748145056, 29275748150096, 5040
29275765687092, 29275765692920, 5828
29275783232632, 29275783237828, 5196
29275800732100, 29275800736476, 4376
29275916590304, 29275916594592, 4288
29276052203084, 29276052209440, 6356
29276187834188, 29276187839144, 4956
29276409240244, 29276409243600, 3356
29276456824344, 29276456830028, 5684
29276602627172, 29276602666324, 39152
29276662472884, 29276662479076, 6192
29276722361740, 29276722367448, 5708
29277665536800, 29277665540564, 3764
29277696915604, 29277696920960, 5356
29277728187660, 29277728193516, 5856
29277759433160, 29277759438140, 4980
29277790717020, 29277790721540, 4520
29277822569000, 29277822573688, 4688
29277882887688, 29277882895308, 7620
29278068367904, 29278068372828, 4924
29278253866076, 29278253873184, 7108
29278439287740, 29278439294068, 6328
29278624754464, 29278624759564, 5100
29278762568952, 29278762572548, 3596
29278777425328, 29278777430028, 4700
29278806282040, 29278806286964, 4924
29278856136008, 29278856142616, 6608
29278905939348, 29278905945988, 6640
29278955886388, 29278955893664, 7276
29279005716848, 29279005723788, 6940
29279055529716, 29279055537116, 7400
29279105392184, 29279105398840, 6656
29279155235912, 29279155242488, 6576
29279205059660, 29279205066536, 6876
29279254946180, 29279254953012, 6832
29279304987220, 29279304994648, 7428
29279354716124, 29279354722856, 6732
29279404477972, 29279404484636, 6664
29279454459392, 29279454466552, 7160
29279504238128, 29279504245204, 7076
29279554112464, 29279554119476, 7012
29279603916452, 29279603923992, 7540
29279653823648, 29279653830156, 6508
29279703557528, 29279703565276, 7748
29279753498096, 29279753504512, 6416
29279803345264, 29279803352524, 7260
29279853113508, 29279853121152, 7644
29279903061584, 29279903068572, 6988
29279952826896, 29279952833604, 6708
29280002783228, 29280002790576, 7348
29280052555852, 29280052563192, 7340
29280102413684, 29280102420392, 6708
29280152267224, 29280152274732, 7508
29280202145920, 29280202153000, 7080
29280287882228, 29280287885140, 2912
29280311806388, 29280311813764, 7376
29280371628232, 29280371635112, 6880
29280431487328, 29280431493296, 5968
29280491319584, 29280491327080, 7496
29280551205136, 29280551213272, 8136
29280600993016, 29280601000840, 7824
29280650843908, 29280650850712, 6804
29280700719292, 29280700725880, 6588
29280750655560, 29280750663052, 7492
29280800499428, 29280800506588, 7160
29281695770240, 29281695773312, 3072
29281727084044, 29281727088248, 4204
29281758358124, 29281758363156, 5032
29281789578252, 29281789583344, 5092
29281821543764, 29281821548408, 4644
29281852857464, 29281852861848, 4384
29281963008268, 29281963015240, 6972
29282148469052, 29282148476272, 7220
29282333937692, 29282333944168, 6476
29282519434292, 29282519440536, 6244
29282704981396, 29282704988416, 7020
29282890416104, 29282890421920, 5816
29283075895616, 29283075901844, 6228
29283261270340, 29283261276688, 6348
29283446731960, 29283446739192, 7232
29283632154296, 29283632183556, 29260
29283817575740, 29283817582252, 6512
29284003035616, 29284003041024, 5408
29284188548888, 29284188557080, 8192
29284386035756, 29284386038848, 3092
29284499618092, 29284499658144, 40052
29285684183540, 29285684186552, 3012
29285715477892, 29285715482944, 5052
29285746803256, 29285746809516, 6260
29285778046348, 29285778052068, 5720
29285810024596, 29285810029376, 4780
29285841259336, 29285841263892, 4556
29285872712536, 29285872717704, 5168
29285904102812, 29285904107476, 4664
29286043188876, 29286043196372, 7496
29286069060868, 29286069067784, 6916
29286094981752, 29286095118140, 136388
29286120962072, 29286120968744, 6672
29286146831036, 29286146837628, 6592
29286172764300, 29286172772500, 8200
29286198749944, 29286198756688, 6744
29286224752176, 29286224758764, 6588
29286250754520, 29286250760976, 6456
29286276550576, 29286276557412, 6836
29286302423376, 29286302428848, 5472
29286328299680, 29286328305944, 6264
29286354311924, 29286354318256, 6332
29286380171932, 29286380177948, 6016
29286406116076, 29286406122884, 6808
29286432057632, 29286432063688, 6056
29286457967424, 29286457974032, 6608
29286483877396, 29286483884540, 7144
29286509862704, 29286509869368, 6664
29286535782168, 29286535788416, 6248
29286561640928, 29286561647404, 6476
29286587632996, 29286587639264, 6268
29286613490020, 29286613495664, 5644
29286639456536, 29286639463656, 7120
29286665320324, 29286665326616, 6292
29286691315728, 29286691322020, 6292
29286717222464, 29286717228264, 5800
29286743152704, 29286743159472, 6768
29286769066340, 29286769072824, 6484
29286795070052, 29286795076516, 6464
29286820982352, 29286820988848, 6496
29286846914600, 29286846921256, 6656
29286872814756, 29286872820948, 6192
29286898651908, 29286898658816, 6908
29286924699952, 29286924706492, 6540
29286950498764, 29286950505420, 6656
29286976590632, 29286976596412, 5780
29287002373748, 29287002380568, 6820
29287028290760, 29287028296840, 6080
29287054272228, 29287054278124, 5896
29287080214368, 29287080219652, 5284
29287106158852, 29287106165568, 6716
29287132098404, 29287132104736, 6332
29287157954644, 29287157959412, 4768
29287184066600, 29287184073196, 6596
29287209880748, 29287209887344, 6596
29287235785892, 29287235792916, 7024
29287261698492, 29287261705092, 6600
29287287655624, 29287287661376, 5752
29287313506284, 29287313512768, 6484
29287339485848, 29287339492260, 6412
29287365364756, 29287365370932, 6176
29287391277284, 29287391284416, 7132
29287417245956, 29287417251528, 5572
29287443304404, 29287443310788, 6384
29287469119224, 29287469126024, 6800
29287494958288, 29287494963564, 5276
29287520909184, 29287520915680, 6496
29287546846632, 29287546852560, 5928
29287572879720, 29287572886124, 6404
29287598740092, 29287598746400, 6308
29287624561636, 29287624568452, 6816
29287650520044, 29287650526668, 6624
29287676431296, 29287676452248, 20952
29287702247876, 29287702254240, 6364
29287728187912, 29287728195000, 7088
29287754116512, 29287754123636, 7124
29287780031772, 29287780038712, 6940
29287805973236, 29287805980320, 7084
29287831890000, 29287831897684, 7684
29287857832112, 29287857836944, 4832
29287883736684, 29287883742456, 5772
29287909692908, 29287909700644, 7736
29287935592064, 29287935599600, 7536
29287961534876, 29287961542728, 7852
29287987455928, 29287987463152, 7224
29288013414952, 29288013421912, 6960
29288039298732, 29288039306676, 7944
29288065306816, 29288065313432, 6616
29288091159136, 29288091166796, 7660
29288117108164, 29288117115284, 7120
29288143002768, 29288143008608, 5840
29288168939792, 29288168946768, 6976
29288194870776, 29288194877248, 6472
29288220776444, 29288220782776, 6332
29288246725696, 29288246744892, 19196
29288272739076, 29288272743876, 4800
29288298646016, 29288298652944, 6928
29288324498148, 29288324511448, 13300
29288350459840, 29288350466524, 6684
29288376352156, 29288376359344, 7188
29288402332440, 29288402338364, 5924
29288428202384, 29288428209112, 6728
29288454109412, 29288454116088, 6676
29288480070348, 29288480077240, 6892
29288506039424, 29288506046320, 6896
29288531887940, 29288531894532, 6592
29288557863892, 29288557871060, 7168
29288583757228, 29288583764228, 7000
29288609660316, 29288609667324, 7008
29288635583876, 29288635590488, 6612
29288661527944, 29288661534324, 6380
29289672595636, 29289672598768, 3132
29289688639436, 29289688644672, 5236
29289704812296, 29289704816704, 4408
29289720822016, 29289720827232, 5216
29289736850824, 29289736856644, 5820
29289752877280, 29289752884280, 7000
29289768839756, 29289768843956, 4200
29289785412248, 29289785417284, 5036
29289801396692, 29289801401336, 4644
29289817393496, 29289817398732, 5236
29289833380596, 29289833386268, 5672
29289849492516, 29289849496784, 4268
29289865563588, 29289865567984, 4396
29289881619748, 29289881624004, 4256
29289897730180, 29289897735352, 5172
29289913771720, 29289913777524, 5804
29289929817060, 29289929820820, 3760
29289945891640, 29289945896620, 4980
29289961962316, 29289961966840, 4524
29289978058144, 29289978062892, 4748
29289994126900, 29289994132028, 5128
29290010038960, 29290010042972, 4012
29290026059012, 29290026063812, 4800
29290072412744, 29290072416032, 3288
29290148122972, 29290148126104, 3132
29290183108228, 29290183114840, 6612
29290242986264, 29290242994064, 7800
29290268872744, 29290268880124, 7380
29290294935616, 29290294942320, 6704
29290320821156, 29290320827088, 5932
29290346633944, 29290346640844, 6900
29290372601744, 29290372608640, 6896
29290398591144, 29290398597872, 6728
29290424470176, 29290424476380, 6204
29290450346868, 29290450353320, 6452
29290476280296, 29290476286336, 6040
29290502234356, 29290502240820, 6464
29290528146880, 29290528153092, 6212
29290554023328, 29290554039000, 15672
29290579917260, 29290579923588, 6328
29290606016052, 29290606022452, 6400
29290631835540, 29290631840832, 5292
29290657795128, 29290657801080, 5952
29290683722008, 29290683728816, 6808
29290709593560, 29290709599704, 6144
29290735551472, 29290735558116, 6644
29290761563768, 29290761570324, 6556
29290787446840, 29290787453076, 6236
29290813288476, 29290813295024, 6548
29290839278256, 29290839283896, 5640
29290865268716, 29290865275260, 6544
29290891135112, 29290891141756, 6644
29290917025740, 29290917032476, 6736
29290942945948, 29290942953016, 7068
29290968903400, 29290968909752, 6352
29290994810884, 29290994817164, 6280
29291020691508, 29291020698276, 6768
29291046663076, 29291046669456, 6380
29291072606116, 29291072612492, 6376
29291098549872, 29291098555860, 5988
29291124384520, 29291124390436, 5916
29291150295280, 29291150301364, 6084
29291176352288, 29291176358396, 6108
29291202259676, 29291202265904, 6228
29291228073672, 29291228080092, 6420
29291254054988, 29291254061672, 6684
29291279968156, 29291279974240, 6084
29291305914432, 29291305920244, 5812
29291331820016, 29291331826116, 6100
29291357710668, 29291357716636, 5968
29291383659904, 29291383666560, 6656
29291409535532, 29291409541712, 6180
29291435573688, 29291435580236, 6548
29291461421840, 29291461428696, 6856
29291487312384, 29291487318300, 5916
29291513320544, 29291513327060, 6516
29291539190180, 29291539196240, 6060
29267584671372, 29267584678928, 7556
29271633130596, 29271633133684, 3088
29271637119424, 29271637124152, 4728
29271696909176, 29271696916192, 7016
29271788642556, 29271788645560, 3004
29271826501980, 29271826509400, 7420
29271904341148, 29271904343800, 2652
29271936181368, 29271936188796, 7428
29271996021288, 29271996026272, 4984
29272055849036, 29272055856532, 7496
29272115682156, 29272115694252, 12096
29272175499996, 29272175506068, 6072
29272225454944, 29272225461232, 6288
29272251284308, 29272251291424, 7116
29272835656840, 29272835660604, 3764
29272850315932, 29272850320632, 4700
29272864924764, 29272864929716, 4952
29272879659752, 29272879664840, 5088
29272894252736, 29272894256776, 4040
29272908878756, 29272908884020, 5264
29272923714880, 29272923720416, 5536
29272938423992, 29272938429420, 5428
29272953213284, 29272953216884, 3600
29272967974876, 29272967979184, 4308
29272982708220, 29272982713396, 5176
29272997581268, 29272997586088, 4820
29273012150864, 29273012155140, 4276
29273026947836, 29273026953048, 5212
29273041657952, 29273041662736, 4784
29273056310384, 29273056315820, 5436
29273172759284, 29273172761284, 2000
29273187375348, 29273187380544, 5196
29273202149492, 29273202154632, 5140
29273222491104, 29273222498480, 7376
29273272395424, 29273272400180, 4756
29273322281540, 29273322287164, 5624
29273416027704, 29273416030660, 2956
29273475775856, 29273475783128, 7272
29273611416944, 29273611422572, 5628
29273671165372, 29273671172364, 6992
29273730938960, 29273730945720, 6760
29273790784980, 29273790791988, 7008
29273850589192, 29273850596972, 7780
29273910583100, 29273910588952, 5852
29273936407528, 29273936413656, 6128
29273962290684, 29273962297792, 7108
29275709290196, 29275709293064, 2868
29275740455632, 29275740460904, 5272
29275771684252, 29275771688912, 4660
29275802798680, 29275802803000, 4320
29275834608264, 29275834612732, 4468
29275865877348, 29275865881988, 4640
29275897235348, 29275897240232, 4884
29275928358488, 29275928363284, 4796
29275959684508, 29275959689504, 4996
29275991021884, 29275991027140, 5256
29276022269444, 29276022273784, 4340
29276053581256, 29276053586468, 5212
29276213747772, 29276213752748, 4976
29276467023600, 29276467027136, 3536
29276484502728, 29276484507440, 4712
29276594665548, 29276594670520, 4972
29277703500580, 29277703503860, 3280
29277718078320, 29277718083028, 4708
29277732750360, 29277732755240, 4880
29277747475336, 29277747480616, 5280
29277762097088, 29277762102328, 5240
29277776724988, 29277776730044, 5056
29277791407500, 29277791413072, 5572
29277806086520, 29277806091416, 4896
29277821272560, 29277821277280, 4720
29277835986968, 29277835991744, 4776
29277850616056, 29277850621832, 5776
29277865267552, 29277865272436, 4884
29277879867768, 29277879871660, 3892
29277894502940, 29277894507032, 4092
29277909184320, 29277909188952, 4632
29277923863092, 29277923869288, 6196
29277938530160, 29277938534340, 4180
29277953235112, 29277953239620, 4508
29277967997688, 29277968003592, 5904
29277982671356, 29277982675348, 3992
29277997425332, 29277997430332, 5000
29278012176788, 29278012181164, 4376
29278027007892, 29278027012688, 4796
29278041645560, 29278041649364, 3804
29278056384616, 29278056388860, 4244
29278071683444, 29278071688176, 4732
29278086429844, 29278086434804, 4960
29278101011840, 29278101015736, 3896
29278115767092, 29278115771908, 4816
29278130601824, 29278130607676, 5852
29278145483792, 29278145489056, 5264
29278160104944, 29278160109844, 4900
29278207962760, 29278207969380, 6620
29278257871672, 29278257877980, 6308
29278307708864, 29278307713616, 4752
29278357527852, 29278357532208, 4356
29278407351608, 29278407358784, 7176
29279693672208, 29279693675192, 2984
29279709630300, 29279709635912, 5612
29279725586036, 29279725591208, 5172
29279741552428, 29279741562404, 9976
29279757515136, 29279757519548, 4412
29279773462452, 29279773466276, 3824
29279789545648, 29279789550860, 5212
29279806050420, 29279806055636, 5216
29279821992076, 29279821996756, 4680
29279837960104, 29279837964596, 4492
29279853891696, 29279853897340, 5644
29279869820592, 29279869824832, 4240
29279885874324, 29279885878920, 4596
29279901915764, 29279901920900, 5136
29279917887924, 29279917892916, 4992
29279933852744, 29279933858724, 5980
29279949793880, 29279949798132, 4252
29279965734832, 29279965739684, 4852
29279981765352, 29279981770572, 5220
29279997781836, 29279997786396, 4560
29280013708516, 29280013713992, 5476
29280029666536, 29280029670592, 4056
29280045689624, 29280045694068, 4444
29280062261156, 29280062265968, 4812
29280078286544, 29280078291016, 4472
29280094295200, 29280094300992, 5792
29280110221728, 29280110225884, 4156
29280126186100, 29280126190288, 4188
29280142162976, 29280142167848, 4872
29280192211280, 29280192216428, 5148
29280251998952, 29280252007132, 8180
29280301820300, 29280301826888, 6588
29280351739404, 29280351744336, 4932
29280401571592, 29280401578792, 7200
29280451449564, 29280451456328, 6764
29280501260708, 29280501265768, 5060
29281689930632, 29281689933416, 2784
29281705849156, 29281705854232, 5076
29281721884944, 29281721889968, 5024
29281737870544, 29281737876452, 5908
29281753925808, 29281753931208, 5400
29281769947328, 29281769954152, 6824
29281785884056, 29281785887740, 3684
29281802605784, 29281802611124, 5340
29281818632036, 29281818636468, 4432
29281834687600, 29281834692664, 5064
29281850661560, 29281850666840, 5280
29281866606240, 29281866610148, 3908
29281882649096, 29281882653124, 4028
29281898717124, 29281898721804, 4680
29281914734316, 29281914738860, 4544
29281930732568, 29281930738084, 5516
29281946797692, 29281946801668, 3976
29281962815424, 29281962820260, 4836
29281979013020, 29281979018284, 5264
29281995079660, 29281995084384, 4724
29282011078208, 29282011083904, 5696
29282026999216, 29282027003656, 4440
29282043062964, 29282043068604, 5640
29282059700300, 29282059704696, 4396
29282075850268, 29282075855124, 4856
29282091885172, 29282091889792, 4620
29282107901524, 29282107905292, 3768
29283685985564, 29283685988516, 2952
29283733273112, 29283733277632, 4520
29283780552676, 29283780556908, 4232
29283828514288, 29283828518848, 4560
29283875695364, 29283875700108, 4744
29283922987516, 29283922992220, 4704
29283970386140, 29283970390712, 4572
29284017807432, 29284017811776, 4344
29284065691088, 29284065696240, 5152
29284113198376, 29284113203204, 4828
29284160517456, 29284160521908, 4452
29284207970244, 29284207974696, 4452
29284320188124, 29284320194312, 6188
29284380024264, 29284380030992, 6728
29284439799460, 29284439806624, 7164
29287634610976, 29287634615052, 4076
29287682099988, 29287682105724, 5736
29287729327840, 29287729332604, 4764
29287776553176, 29287776557648, 4472
29287824263120, 29287824267860, 4740
29287871441452, 29287871446468, 5016
29287918696268, 29287918700612, 4344
29287966088384, 29287966093348, 4964
29288013299640, 29288013304416, 4776
29288061326528, 29288061330828, 4300
29288108625100, 29288108629992, 4892
29288155946312, 29288155950408, 4096
29288203317052, 29288203322160, 5108
29288250805456, 29288250810248, 4792
29288298899548, 29288298904056, 4508
29288346226956, 29288346231664, 4708
29288393656868, 29288393661840, 4972
29288441177832, 29288441183316, 5484
29288488516444, 29288488521228, 4784
29288536391060, 29288536395412, 4352
29288583730468, 29288583735256, 4788
29288631032256, 29288631037508, 5252
29288678388168, 29288678394172, 6004
29288725961744, 29288725966932, 5188
29288807119384, 29288807126640, 7256
29288986681068, 29288986687732, 6664
29289748441288, 29289748445060, 3772
29289763001628, 29289763006404, 4776
29289777661920, 29289777666940, 5020
29289792891924, 29289792897000, 5076
29289807454604, 29289807458892, 4288
29289822116088, 29289822120048, 3960
29289836714420, 29289836719272, 4852
29289851421424, 29289851426860, 5436
29289866076548, 29289866080508, 3960
29289880886464, 29289880891128, 4664
29289895556028, 29289895561104, 5076
29289910219816, 29289910223856, 4040
29289924885024, 29289924888796, 3772
29289939539600, 29289939545356, 5756
29289954301976, 29289954306412, 4436
29289969000560, 29289969005772, 5212
29289983784356, 29289983788040, 3684
29289998518748, 29289998523664, 4916
29290013300472, 29290013305248, 4776
29290027935352, 29290027939208, 3856
29290073374148, 29290073381148, 7000
29291662753776, 29291662756664, 2888
29291678676116, 29291678682432, 6316
29291694703688, 29291694708676, 4988
29291710654460, 29291710659544, 5084
29291726639924, 29291726644880, 4956
29291742558632, 29291742562592, 3960
29291758516260, 29291758520736, 4476
29291774489896, 29291774494676, 4780
29291791011128, 29291791015600, 4472
29291806943808, 29291806948324, 4516
29291822921176, 29291822926076, 4900
29291838866072, 29291838870080, 4008
29291854837348, 29291854842156, 4808
29291870798444, 29291870802960, 4516
29291886750116, 29291886755152, 5036
29291902733956, 29291902738560, 4604
29291918693836, 29291918697764, 3928
29291934729628, 29291934733960, 4332
29291950688040, 29291950694684, 6644
29291966694508, 29291966699244, 4736
29291982733948, 29291982739412, 5464
29291998709180, 29291998713184, 4004
29292014755772, 29292014760596, 4824
29267559284204, 29267559292416, 8212
29271639168768, 29271639171788, 3020
29271712839104, 29271712840996, 1892
29271848616592, 29271848623604, 7012
29271984079328, 29271984087084, 7756
29272119673508, 29272119681136, 7628
29272237380572, 29272237383592, 3020
29272253297132, 29272253302528, 5396
29272367033344, 29272367035940, 2596
29272389330520, 29272389336352, 5832
29272411372932, 29272411379088, 6156
29272433456332, 29272433461308, 4976
29272455746576, 29272455752848, 6272
29272477812832, 29272477819048, 6216
29272499799512, 29272499804748, 5236
29272521905540, 29272521910876, 5336
29272543892096, 29272543898240, 6144
29272565944100, 29272565949792, 5692
29272588654280, 29272588660420, 6140
29272610742916, 29272610748716, 5800
29272633027792, 29272633032612, 4820
29272655083120, 29272655088156, 5036
29272677064052, 29272677068540, 4488
29272699199904, 29272699205428, 5524
29272721301984, 29272721307060, 5076
29272743399160, 29272743404716, 5556
29272765364860, 29272765370248, 5388
29272787588440, 29272787594892, 6452
29272809850100, 29272809855768, 5668
29272832458052, 29272832463112, 5060
29272854498132, 29272854504116, 5984
29272876568932, 29272876573484, 4552
29272899398876, 29272899403880, 5004
29272925425708, 29272925430340, 4632
29272951292512, 29272951299244, 6732
29272977199284, 29272977206152, 6868
29273003168280, 29273003173160, 4880
29273029038736, 29273029046192, 7456
29273055042440, 29273055049432, 6992
29273080889308, 29273080896496, 7188
29273106870536, 29273106877388, 6852
29273132750308, 29273132757248, 6940
29273158682344, 29273158800120, 117776
29273184640204, 29273184645168, 4964
29273210521668, 29273210528860, 7192
29273236510580, 29273236517376, 6796
29273262403612, 29273262408832, 5220
29273288312488, 29273288318456, 5968
29273314275564, 29273314282796, 7232
29273709072092, 29273709075000, 2908
29273723639224, 29273723644384, 5160
29273738346600, 29273738351416, 4816
29273753019788, 29273753024284, 4496
29273767688556, 29273767692396, 3840
29273782428216, 29273782433960, 5744
29273797182332, 29273797187260, 4928
29273811808224, 29273811812784, 4560
29273826941180, 29273826944980, 3800
29273841686520, 29273841691592, 5072
29273870631672, 29273870636452, 4780
29275703231908, 29275703234776, 2868
29275719176192, 29275719180972, 4780
29275735128392, 29275735132696, 4304
29275751092632, 29275751098548, 5916
29275767064996, 29275767070280, 5284
29275782990776, 29275782994532, 3756
29275798988128, 29275798993608, 5480
29275815516584, 29275815521324, 4740
29275831514808, 29275831519368, 4560
29275847581136, 29275847585852, 4716
29275863596188, 29275863601084, 4896
29275879545320, 29275879549248, 3928
29275895526696, 29275895531260, 4564
29275911483824, 29275911488328, 4504
29275927458780, 29275927464140, 5360
29275943471484, 29275943476680, 5196
29275959483808, 29275959487572, 3764
29275975558016, 29275975562676, 4660
29275991587520, 29275991592364, 4844
29276007644524, 29276007649160, 4636
29276023613844, 29276023619088, 5244
29276039635104, 29276039639428, 4324
29276055618136, 29276055622592, 4456
29276072126572, 29276072131488, 4916
29276088073108, 29276088078092, 4984
29276104070124, 29276104074356, 4232
29276119975608, 29276119979420, 3812
29276136011780, 29276136016316, 4536
29276152120456, 29276152125008, 4552
29276168254628, 29276168259736, 5108
29276184253776, 29276184258152, 4376
29276200206056, 29276200209980, 3924
29276216267580, 29276216272412, 4832
29276232239932, 29276232244668, 4736
29276248218684, 29276248223724, 5040
29276264330784, 29276264335424, 4640
29276280310712, 29276280314728, 4016
29276296536304, 29276296541184, 4880
29276313117652, 29276313122500, 4848
29276329111272, 29276329116288, 5016
29276345127712, 29276345132768, 5056
29276363331396, 29276363337976, 6580
29276471066608, 29276471070036, 3428
29276584640348, 29276584647156, 6808
29279697595980, 29279697598736, 2756
29279715074792, 29279715080324, 5532
29279732584724, 29279732589756, 5032
29279750135724, 29279750140016, 4292
29279767683916, 29279767688228, 4312
29279785314744, 29279785319572, 4828
29279802838832, 29279802843432, 4600
29279820863140, 29279820867612, 4472
29279838391172, 29279838396568, 5396
29279855917104, 29279855921116, 4012
29279873466404, 29279873471104, 4700
29279891026968, 29279891031244, 4276
29279908637376, 29279908641900, 4524
29279926158388, 29279926162600, 4212
29279943704292, 29279943709548, 5256
29279961241076, 29279961246288, 5212
29279978755576, 29279978759464, 3888
29279996218968, 29279996222600, 3632
29280013783788, 29280013788052, 4264
29280031325988, 29280031330536, 4548
29280048910372, 29280048915020, 4648
29280066968680, 29280066973624, 4944
29280084530212, 29280084534876, 4664
29280102108492, 29280102113272, 4780
29280119675268, 29280119680204, 4936
29280137273496, 29280137279144, 5648
29280255972436, 29280255979576, 7140
29280391612124, 29280391616836, 4712
29280527291688, 29280527298708, 7020
29280662799772, 29280662807300, 7528
29280798420976, 29280798425940, 4964
29280934111236, 29280934117336, 6100
29281069707992, 29281069712468, 4476
29281205241024, 29281205247776, 6752
29281340857232, 29281340863380, 6148
29281685808268, 29281685811764, 3496
29281733135844, 29281733140620, 4776
29281807436032, 29281807442468, 6436
29281987012336, 29281987017224, 4888
29282166485336, 29282166492708, 7372
29282226295820, 29282226302548, 6728
29282286148628, 29282286153524, 4896
29282345882936, 29282345890204, 7268
29282395807412, 29282395813380, 5968
29282445586268, 29282445628912, 42644
29282495528992, 29282495533652, 4660
29282545309552, 29282545314228, 4676
29282595214156, 29282595218960, 4804
29282645056696, 29282645063704, 7008
29282694926136, 29282694932568, 6432
29282744776872, 29282744783248, 6376
29282794661688, 29282794668376, 6688
29282844505584, 29282844512072, 6488
29282894345500, 29282894352420, 6920
29282944245804, 29282944250544, 4740
29282994095588, 29282994099836, 4248
29283043998784, 29283044002928, 4144
29283093791736, 29283093796604, 4868
29283143618804, 29283143623696, 4892
29283193476772, 29283193484868, 8096
29283243360668, 29283243365744, 5076
29283293154140, 29283293159684, 5544
29283343064472, 29283343071668, 7196
29283392908248, 29283392913104, 4856
29283442808304, 29283442813104, 4800
29283492654392, 29283492659008, 4616
29283542498636, 29283542505424, 6788
29283592304332, 29283592311020, 6688
29283642134768, 29283642141008, 6240
29283691961968, 29283691968156, 6188
29283741801572, 29283741808424, 6852
29283791668340, 29283791674700, 6360
29283841503020, 29283841510384, 7364
29283891363156, 29283891371356, 8200
29283941217244, 29283941224796, 7552
29283991087120, 29283991093840, 6720
29284040942016, 29284040948864, 6848
29284090814208, 29284090820892, 6684
29284140761596, 29284140765876, 4280
29284447799384, 29284447802700, 3316
29284478974712, 29284478979856, 5144
29284559479524, 29284559495960, 16436
29284619297704, 29284619307656, 9952
29284679163288, 29284679178776, 15488
29284738948804, 29284738964912, 16108
29284788876368, 29284788883840, 7472
29284838679152, 29284838686232, 7080
29284888645344, 29284888651324, 5980
29284938372920, 29284938379816, 6896
29284988223224, 29284988229508, 6284
29285038087340, 29285038094100, 6760
29285087998800, 29285088005568, 6768
29285672216404, 29285672219760, 3356
29285689672508, 29285689677708, 5200
29285707278800, 29285707284092, 5292
29285724846244, 29285724851112, 4868
29285742436916, 29285742442720, 5804
29285815791404, 29285815797668, 6264
29285951390492, 29285951397300, 6808
29287666369576, 29287666372408, 2832
29287697521264, 29287697526692, 5428
29287728768880, 29287728773956, 5076
29287759953840, 29287759957660, 3820
29287791668732, 29287791673228, 4496
29287822831420, 29287822836104, 4684
29287854013044, 29287854017308, 4264
29287885216712, 29287885221168, 4456
29287916443340, 29287916447748, 4408
29287947678804, 29287947683824, 5020
29287978903788, 29287978908016, 4228
29288083160276, 29288083167308, 7032
29288268654568, 29288268662572, 8004
29288328463640, 29288328470464, 6824
29288388300032, 29288388306916, 6884
29288448128260, 29288448134984, 6724
29288507957684, 29288507964596, 6912
29288567789356, 29288567796420, 7064
29288627630184, 29288627636964, 6780
29288687610204, 29288687617920, 7716
29288713381136, 29288713387648, 6512
29288739319292, 29288739325180, 5888
29288765204164, 29288765210396, 6232
29288791175340, 29288791181504, 6164
29288817053248, 29288817059576, 6328
29288843002828, 29288843009688, 6860
29288868986680, 29288868993272, 6592
29288894913928, 29288894920168, 6240
29288920827384, 29288920833712, 6328
29288946689440, 29288946695236, 5796
29288972958004, 29288972964144, 6140
29288998591004, 29288998597588, 6584
29289024546312, 29289024552872, 6560
29289050484560, 29289050491092, 6532
29289662615084, 29289662618208, 3124
29289709949316, 29289709955208, 5892
29289757480080, 29289757485280, 5200
29289805580116, 29289805584764, 4648
29289884054972, 29289884060484, 5512
29290063473720, 29290063481232, 7512
29290123415676, 29290123423216, 7540
29290173148888, 29290173155184, 6296
29290223050364, 29290223056808, 6444
29291572359184, 29291572363232, 4048
29291620014380, 29291620020332, 5952
29291667527180, 29291667532772, 5592
29291714771468, 29291714776608, 5140
29291761965992, 29291761971328, 5336
29291809691392, 29291809695772, 4380
29291856866348, 29291856871056, 4708
29291904124644, 29291904129332, 4688
29291951524484, 29291951529108, 4624
29271706858628, 29271706862148, 3520
29271756686488, 29271756693744, 7256
29271816571636, 29271816578088, 6452
29271876367840, 29271876373700, 5860
29271926240244, 29271926244920, 4676
29271976093332, 29271976098388, 5056
29272025986328, 29272025991448, 5120
29272075788308, 29272075793020, 4712
29272125628592, 29272125635664, 7072
29272225451484, 29272225454988, 3504
29272339124028, 29272339127096, 3068
29272391014608, 29272391021960, 7352
29272526578340, 29272526582972, 4632
29272662102888, 29272662107972, 5084
29272797728528, 29272797735992, 7464
29272853572388, 29272853575212, 2824
29272933424988, 29272933429500, 4512
29273013112732, 29273013121340, 8608
29273068978292, 29273068984796, 6504
29273204557596, 29273204564900, 7304
29273340265856, 29273340271348, 5492
29273366062064, 29273366068824, 6760
29273392092620, 29273392097060, 4440
29273417924688, 29273417931656, 6968
29273443851748, 29273443859164, 7416
29273469806452, 29273469813364, 6912
29273495701272, 29273495708040, 6768
29273521730260, 29273521734880, 4620
29273547669076, 29273547676464, 7388
29273573582608, 29273573586936, 4328
29273599475196, 29273599481980, 6784
29273625329628, 29273625336432, 6804
29273651288684, 29273651293428, 4744
29273677146604, 29273677152852, 6248
29273703076860, 29273703081448, 4588
29273728963236, 29273728970048, 6812
29273754986916, 29273754993244, 6328
29273780852272, 29273780859324, 7052
29273806737216, 29273806743924, 6708
29273832658952, 29273832665944, 6992
29273858606532, 29273858613292, 6760
29273884495836, 29273884502340, 6504
29275695260452, 29275695263316, 2864
29275709876660, 29275709882464, 5804
29275724502632, 29275724508200, 5568
29275739124164, 29275739129188, 5024
29275753695888, 29275753699880, 3992
29275768333996, 29275768338528, 4532
29275782973544, 29275782978460, 4916
29275797589924, 29275797595012, 5088
29275812165420, 29275812170244, 4824
29275827383828, 29275827388252, 4424
29275841976384, 29275841981524, 5140
29275856609024, 29275856614244, 5220
29275871214856, 29275871219164, 4308
29275885816368, 29275885821088, 4720
29275900439532, 29275900445296, 5764
29275915077032, 29275915082424, 5392
29275929651628, 29275929655524, 3896
29275944338632, 29275944343852, 5220
29275959176192, 29275959180856, 4664
29275973807060, 29275973811028, 3968
29275988424120, 29275988428984, 4864
29276003119384, 29276003124108, 4724
29276017794424, 29276017799464, 5040
29276032404936, 29276032409020, 4084
29276047182008, 29276047186616, 4608
29276061924512, 29276061929252, 4740
29276077083420, 29276077088488, 5068
29276091677048, 29276091680736, 3688
29276106327880, 29276106332512, 4632
29276120990332, 29276120995628, 5296
29276135655856, 29276135660912, 5056
29276150273080, 29276150277104, 4024
29276165071952, 29276165076684, 4732
29276179819468, 29276179823944, 4476
29276194390864, 29276194394532, 3668
29276209092964, 29276209098244, 5280
29276223837112, 29276223841592, 4480
29276238494560, 29276238499480, 4920
29276253097168, 29276253101168, 4000
29276267865160, 29276267870076, 4916
29276282517480, 29276282522084, 4604
29276297240104, 29276297244940, 4836
29276311862612, 29276311866568, 3956
29276327162996, 29276327167840, 4844
29276341900556, 29276341905448, 4892
29276356838348, 29276356843312, 4964
29276371474896, 29276371478856, 3960
29276386225832, 29276386230444, 4612
29276401167208, 29276401171484, 4276
29276415877228, 29276415881644, 4416
29276430493540, 29276430497588, 4048
29276463081516, 29276463086404, 4888
29276512927176, 29276512932824, 5648
29276562789524, 29276562794064, 4540
29279681661808, 29279681665120, 3312
29279728955168, 29279728960460, 5292
29279776204080, 29279776208448, 4368
29279824080796, 29279824086044, 5248
29279871337528, 29279871341780, 4252
29279918679592, 29279918684368, 4776
29279965980176, 29279965985164, 4988
29280013340924, 29280013346004, 5080
29280061254572, 29280061259140, 4568
29280108515784, 29280108519508, 3724
29280155754344, 29280155758552, 4208
29280203296680, 29280203301572, 4892
29280251048252, 29280251052624, 4372
29280298397580, 29280298402160, 4580
29280346532268, 29280346537092, 4824
29280394043972, 29280394048744, 4772
29280441660672, 29280441666004, 5332
29280489225232, 29280489229836, 4604
29280536623888, 29280536628708, 4820
29280584626816, 29280584631264, 4448
29280631976360, 29280631981008, 4648
29280679400264, 29280679405164, 4900
29280726931208, 29280726935548, 4340
29280774430380, 29280774435000, 4620
29280910109924, 29280910114636, 4712
29281089658656, 29281089665232, 6576
29281269054572, 29281269058904, 4332
29281448681224, 29281448689312, 8088
29283672058692, 29283672061524, 2832
29283689583372, 29283689588488, 5116
29283707133324, 29283707138440, 5116
29283724689688, 29283724694740, 5052
29283742252932, 29283742257496, 4564
29283759793988, 29283759798712, 4724
29283777309592, 29283777314740, 5148
29283795371164, 29283795376052, 4888
29283812934592, 29283812939716, 5124
29283830444944, 29283830448968, 4024
29283847977368, 29283847982876, 5508
29283865544876, 29283865550496, 5620
29283883106040, 29283883111336, 5296
29283900695796, 29283900700064, 4268
29283918203328, 29283918208248, 4920
29283935722004, 29283935726500, 4496
29283953294788, 29283953300040, 5252
29283970825816, 29283970829656, 3840
29283988391948, 29283988396748, 4800
29284052999308, 29284053004148, 4840
29284451834744, 29284451837892, 3148
29284466475736, 29284466481192, 5456
29284481129648, 29284481134856, 5208
29284495816292, 29284495821608, 5316
29284510405692, 29284510409732, 4040
29284525031352, 29284525035856, 4504
29284539723744, 29284539728288, 4544
29284555003440, 29284555008536, 5096
29284589459964, 29284589475264, 15300
29284639256132, 29284639265196, 9064
29284689068244, 29284689077784, 9540
29285666239200, 29285666242224, 3024
29285682189276, 29285682194404, 5128
29285698179308, 29285698184472, 5164
29285714287556, 29285714292332, 4776
29285730334316, 29285730338928, 4612
29285746322812, 29285746328412, 5600
29285762319032, 29285762323036, 4004
29285778351940, 29285778356852, 4912
29285795084472, 29285795089012, 4540
29285811214388, 29285811219652, 5264
29285827276912, 29285827281904, 4992
29285843285136, 29285843289184, 4048
29285859343816, 29285859348472, 4656
29285875360808, 29285875366044, 5236
29285891557520, 29285891562408, 4888
29285907673612, 29285907677880, 4268
29285923678992, 29285923682624, 3632
29285939789384, 29285939794744, 5360
29285955879056, 29285955883892, 4836
29285971925492, 29285971929620, 4128
29285988017636, 29285988022348, 4712
29286004034340, 29286004038108, 3768
29286055180168, 29286055186276, 6108
29287658490316, 29287658493484, 3168
29287676015400, 29287676020416, 5016
29287693569960, 29287693575484, 5524
29287711101288, 29287711106216, 4928
29287728623276, 29287728628956, 5680
29287746137212, 29287746141060, 3848
29287763617668, 29287763622548, 4880
29287781249588, 29287781253852, 4264
29287799290208, 29287799295168, 4960
29287816793428, 29287816797380, 3952
29287834349548, 29287834354284, 4736
29287851848676, 29287851853516, 4840
29287869363268, 29287869367868, 4600
29287886888036, 29287886892924, 4888
29287985528820, 29287985535312, 6492
29288121064396, 29288121071224, 6828
29288256668052, 29288256675008, 6956
29288392279812, 29288392286524, 6712
29288527907192, 29288527928752, 21560
29288663611384, 29288663617336, 5952
29288799136860, 29288799143600, 6740
29288934776492, 29288934783640, 7148
29289070378428, 29289070384688, 6260
29289205967056, 29289205974564, 7508
29289232025148, 29289232031544, 6396
29289257862184, 29289257868684, 6500
29289283738956, 29289283744316, 5360
29289309781948, 29289309788068, 6120
29289335644640, 29289335651220, 6580
29289361618924, 29289361625428, 6504
29289387454060, 29289387460796, 6736
29289413423436, 29289413429620, 6184
29289439359540, 29289439366536, 6996
29289465200504, 29289465206196, 5692
29289491164944, 29289491171624, 6680
29289517135816, 29289517142248, 6432
29289543061244, 29289543067492, 6248
29289568937196, 29289568943736, 6540
29289594896900, 29289594903160, 6260
29289620744736, 29289620750464, 5728
29289646701308, 29289646707408, 6100
29289672603500, 29289672610388, 6888
29289698522368, 29289698528932, 6564
29289724450136, 29289724456664, 6528
29289750329988, 29289750336964, 6976
29289776251684, 29289776258464, 6780
29289802177340, 29289802184168, 6828
29289828093528, 29289828100124, 6596
29289854034532, 29289854041348, 6816
29289879968732, 29289879975368, 6636
29289905867328, 29289905873804, 6476
29289931802032, 29289931808884, 6852
29289957748360, 29289957754848, 6488
29289983644700, 29289983650728, 6028
29290009656232, 29290009662516, 6284
29290035544704, 29290035550968, 6264
29290061442840, 29290061449232, 6392
29290087445616, 29290087452240, 6624
29290113378264, 29290113384636, 6372
29290139299556, 29290139306632, 7076
29290165257560, 29290165263568, 6008
29290191091552, 29290191097188, 5636
29290217077128, 29290217083444, 6316
29291646911816, 29291646914776, 2960
29291661555316, 29291661561316, 6000
29291676204476, 29291676210384, 5908
29291690831212, 29291690835464, 4252
29291705407012, 29291705410828, 3816
29291720047416, 29291720052180, 4764
29291734709504, 29291734714664, 5160
29291749327704, 29291749333060, 5356
29291763932060, 29291763936136, 4076
29291779147480, 29291779151704, 4224
29291793780572, 29291793785768, 5196
29291808406836, 29291808411512, 4676
29291822975496, 29291822979704, 4208
29291837652052, 29291837657396, 5344
29291852263716, 29291852268064, 4348
29291866906284, 29291866912832, 6548
29291881558464, 29291881562676, 4212
29291896231072, 29291896235648, 4576
29291910938144, 29291910942724, 4580
29291925524540, 29291925529096, 4556
29291940225956, 29291940231504, 5548
29291954885300, 29291954890636, 5336
29291969545944, 29291969550628, 4684
29291984144756, 29291984148784, 4028
29291998849736, 29291998854828, 5092
29292013538728, 29292013543960, 5232
29292028767876, 29292028773816, 5940
29267551649912, 29267551657848, 7936
29267592568500, 29267592576432, 7932
29269584273168, 29269584276912, 3744
29269584332288, 29269584335864, 3576
29269584371300, 29269584373916, 2616
29269584409180, 29269584411724, 2544
29269584460824, 29269584463820, 2996
29269584485500, 29269584487020, 1520
29271577314768, 29271577322696, 7928
29271603324696, 29271603329228, 4532
29271629131588, 29271629137008, 5420
29271655076948, 29271655082468, 5520
29271680925460, 29271680931764, 6304
29271706831684, 29271706837972, 6288
29271732783668, 29271732790668, 7000
29271758742408, 29271758748872, 6464
29271784638680, 29271784644996, 6316
29271810629692, 29271810636356, 6664
29271836466908, 29271836473188, 6280
29271862425116, 29271862430596, 5480
29271888459092, 29271888465888, 6796
29271914281040, 29271914287104, 6064
29271940164212, 29271940170184, 5972
29271966165344, 29271966169960, 4616
29271992043624, 29271992048948, 5324
29272018063664, 29272018070200, 6536
29272043934672, 29272043940844, 6172
29272069808548, 29272069819820, 11272
29272095744364, 29272095750272, 5908
29272121798092, 29272121804392, 6300
29272147667520, 29272147673868, 6348
29272173550868, 29272173557248, 6380
29272199436172, 29272199442492, 6320
29272344994620, 29272344998708, 4088
29272360953480, 29272360958640, 5160
29272414909640, 29272414916896, 7256
29272474634036, 29272474639412, 5376
29272534438812, 29272534443700, 4888
29272594302348, 29272594307256, 4908
29272654138316, 29272654145192, 6876
29272713956740, 29272713962836, 6096
29272773797428, 29272773804772, 7344
29273401945316, 29273401948536, 3220
29273417933132, 29273417938596, 5464
29273433943960, 29273433948228, 4268
29273450040184, 29273450046152, 5968
29273466106292, 29273466111316, 5024
29273482151596, 29273482157224, 5628
29273498153436, 29273498157392, 3956
29273514163196, 29273514168068, 4872
29273551544920, 29273551549468, 4548
29273629338588, 29273629341316, 2728
29273746879104, 29273746884524, 5420
29273882567764, 29273882574648, 6884
29274018169748, 29274018175688, 5940
29274153738864, 29274153744456, 5592
29274289383636, 29274289390628, 6992
29274424942476, 29274424949664, 7188
29274560556076, 29274560563032, 6956
29274696197680, 29274696205132, 7452
29274831830932, 29274831836984, 6052
29274967551012, 29274967555496, 4484
29275103034040, 29275103040780, 6740
29275129011424, 29275129016408, 4984
29275154908928, 29275154915316, 6388
29275180821660, 29275180827852, 6192
29275206728592, 29275206735004, 6412
29275232635620, 29275232640692, 5072
29275258562528, 29275258568820, 6292
29275284520176, 29275284526472, 6296
29275310429948, 29275310436560, 6612
29275336362316, 29275336367864, 5548
29275362323724, 29275362329780, 6056
29275388276128, 29275388282708, 6580
29275414209024, 29275414215148, 6124
29275440103876, 29275440110284, 6408
29275465953464, 29275465959708, 6244
29275491885176, 29275491891536, 6360
29275517805932, 29275517812356, 6424
29275543796480, 29275543803368, 6888
29275569775972, 29275569780608, 4636
29275595581356, 29275595587772, 6416
29275621603304, 29275621609408, 6104
29275647445484, 29275647452316, 6832
29275673381560, 29275673387884, 6324
29275699316860, 29275699321552, 4692
29275725138524, 29275725145040, 6516
29275751131132, 29275751137604, 6472
29275777069044, 29275777073436, 4392
29275802902840, 29275802909324, 6484
29275828838168, 29275828845400, 7232
29275854759684, 29275854766072, 6388
29275880761700, 29275880766132, 4432
29275906618032, 29275906624980, 6948
29275932638720, 29275932644836, 6116
29275958534428, 29275958540900, 6472
29275984407460, 29275984413820, 6360
29276010328220, 29276010334528, 6308
29276036250856, 29276036256884, 6028
29276062249520, 29276062255348, 5828
29276088182520, 29276088188584, 6064
29276114075360, 29276114080140, 4780
29276139975264, 29276139981036, 5772
29276165910388, 29276165916476, 6088
29276191805248, 29276191811072, 5824
29276217740940, 29276217747488, 6548
29276479038908, 29276479042116, 3208
29276495047280, 29276495052452, 5172
29276542818680, 29276542823588, 4908
29277683470628, 29277683473616, 2988
29277699528740, 29277699533868, 5128
29277715585832, 29277715591856, 6024
29277731640020, 29277731645168, 5148
29277747609432, 29277747614076, 4644
29277763575912, 29277763581976, 6064
29277779512596, 29277779516876, 4280
29277795534248, 29277795539328, 5080
29277812123036, 29277812127756, 4720
29277828151608, 29277828156348, 4740
29277844155376, 29277844160468, 5092
29277860141376, 29277860146808, 5432
29277876265872, 29277876270268, 4396
29277892380684, 29277892385452, 4768
29277908377708, 29277908383676, 5968
29277924379512, 29277924384992, 5480
29277940383084, 29277940387928, 4844
29277956473480, 29277956478796, 5316
29277972603684, 29277972609220, 5536
29277988722976, 29277988727956, 4980
29278004842696, 29278004847548, 4852
29278038429784, 29278038435032, 5248
29278098303108, 29278098307372, 4264
29278158128480, 29278158135264, 6784
29278217946100, 29278217952800, 6700
29278277761556, 29278277767480, 5924
29278337671192, 29278337675832, 4640
29278397407852, 29278397412808, 4956
29278457207516, 29278457221412, 13896
29278507169028, 29278507174012, 4984
29278556969548, 29278556975880, 6332
29278606845928, 29278606852248, 6320
29278656661732, 29278656668380, 6648
29278706502672, 29278706509572, 6900
29278732613464, 29278732619864, 6400
29278758435964, 29278758442308, 6344
29278784305204, 29278784310960, 5756
29279677701928, 29279677703972, 2044
29279699647068, 29279699653940, 6872
29279721529924, 29279721535584, 5660
29279743430164, 29279743434972, 4808
29279765357080, 29279765363832, 6752
29279787354204, 29279787359260, 5056
29279809830156, 29279809834960, 4804
29279831788236, 29279831793088, 4852
29279853747308, 29279853752336, 5028
29279875695812, 29279875700776, 4964
29279897753300, 29279897758384, 5084
29279919727288, 29279919731632, 4344
29279941675580, 29279941679852, 4272
29279963621476, 29279963626380, 4904
29279985645456, 29279985650212, 4756
29280007697560, 29280007702312, 4752
29280029652460, 29280029657356, 4896
29280051655592, 29280051660356, 4764
29280074165872, 29280074170568, 4696
29280096165352, 29280096169832, 4480
29280118253824, 29280118259780, 5956
29280140216540, 29280140221096, 4556
29280162284008, 29280162289244, 5236
29280184374756, 29280184379188, 4432
29280206485288, 29280206490652, 5364
29280228753164, 29280228757940, 4776
29280250894276, 29280250899736, 5460
29280273049444, 29280273054800, 5356
29280295083456, 29280295088088, 4632
29280317659628, 29280317664308, 4680
29280339837568, 29280339843376, 5808
29280361855908, 29280361860972, 5064
29280383883464, 29280383888608, 5144
29280405958632, 29280405963536, 4904
29280427982680, 29280427987684, 5004
29280450149908, 29280450154764, 4856
29280472177152, 29280472181752, 4600
29280494155012, 29280494159880, 4868
29280516099692, 29280516104728, 5036
29280538214840, 29280538219896, 5056
29280560700960, 29280560705692, 4732
29280582803988, 29280582808484, 4496
29280604830820, 29280604836316, 5496
29280626900048, 29280626904528, 4480
29280648947020, 29280648952140, 5120
29280670967296, 29280670972672, 5376
29280693044672, 29280693049180, 4508
29280715124940, 29280715130668, 5728
29280737193704, 29280737199192, 5488
29280759236616, 29280759242012, 5396
29280781323104, 29280781328228, 5124
29280803884704, 29280803890020, 5316
29280825939700, 29280825945116, 5416
29280848162508, 29280848167512, 5004
29280870302220, 29280870306908, 4688
29280892602096, 29280892606848, 4752
29280914709104, 29280914713876, 4772
29280936763984, 29280936769076, 5092
29280958884176, 29280958889380, 5204
29280981195236, 29280981200224, 4988
29281003406824, 29281003412468, 5644
29281025572300, 29281025577748, 5448
29281047753324, 29281047758064, 4740
29281070296368, 29281070301620, 5252
29281092277456, 29281092282204, 4748
29281114367024, 29281114372132, 5108
29281136566436, 29281136571844, 5408
29281158774828, 29281158779896, 5068
29281180894684, 29281180899916, 5232
29281202920656, 29281202925924, 5268
29281225021776, 29281225026364, 4588
29281247208148, 29281247213392, 5244
29281269430216, 29281269435740, 5524
29281291607164, 29281291611420, 4256
29281314262780, 29281314267792, 5012
29281336441768, 29281336446892, 5124
29281358693900, 29281358699020, 5120
29281380780592, 29281380785504, 4912
29281402970644, 29281402975956, 5312
29281425208064, 29281425213304, 5240
29281447269932, 29281447275072, 5140
29281469386528, 29281469391812, 5284
29281491646912, 29281491651776, 4864
29281513974344, 29281513979612, 5268
29281536052096, 29281536057608, 5512
29281558716240, 29281558722428, 6188
29281580834972, 29281580841356, 6384
29281602932780, 29281602938144, 5364
29281625004484, 29281625010392, 5908
29281647254756, 29281647259072, 4316
29281669311656, 29281669317292, 5636
29281691355628, 29281691360988, 5360
29281713279284, 29281713284020, 4736
29281735236356, 29281735241392, 5036
29281757215828, 29281757221712, 5884
29281779355620, 29281779360100, 4480
29281801944532, 29281801949104, 4572
29281823927908, 29281823932708, 4800
29281845859388, 29281845864936, 5548
29281867950476, 29281867956028, 5552
29281890028612, 29281890033536, 4924
29281912082752, 29281912087356, 4604
29281934134188, 29281934138408, 4220
29281956292984, 29281956297756, 4772
29281978413212, 29281978417920, 4708
29282000421276, 29282000426696, 5420
29282022429636, 29282022434144, 4508
29282044524816, 29282044529676, 4860
29282067096300, 29282067101064, 4764
29282089197388, 29282089201976, 4588
29282111240176, 29282111245296, 5120
29282133576480, 29282133580928, 4448
29282155608920, 29282155613956, 5036
29282177718236, 29282177723352, 5116
29282199843488, 29282199848324, 4836
29282222004788, 29282222009996, 5208
29282244182372, 29282244187208, 4836
29282266278036, 29282266282832, 4796
29282288365668, 29282288370848, 5180
29282310983508, 29282310988504, 4996
29282333088160, 29282333092564, 4404
29282355247316, 29282355251948, 4632
29282377556864, 29282377561864, 5000
29282399691508, 29282399696216, 4708
29282421781316, 29282421786432, 5116
29282443882580, 29282443888396, 5816
29282466011880, 29282466016368, 4488
29282488151028, 29282488156596, 5568
29282510266340, 29282510271580, 5240
29282532455536, 29282532460124, 4588
29282555123544, 29282555128876, 5332
29282577434500, 29282577440672, 6172
29282599443992, 29282599449648, 5656
29282621570740, 29282621576640, 5900
29282643669048, 29282643675260, 6212
29282665812516, 29282665818432, 5916
29282688063944, 29282688069868, 5924
29282710304060, 29282710308640, 4580
29282732311664, 29282732317108, 5444
29282754483452, 29282754489484, 6032
29282776554872, 29282776561216, 6344
29282799327764, 29282799333428, 5664
29282821444764, 29282821449568, 4804
29282843491728, 29282843496128, 4400
29282865653308, 29282865658288, 4980
29282887697200, 29282887701952, 4752
29282909783676, 29282909788572, 4896
29282931784820, 29282931790900, 6080
29282954029284, 29282954034028, 4744
29282976025764, 29282976031056, 5292
29282998266872, 29282998271708, 4836
29283020485248, 29283020492044, 6796
29283042567728, 29283042573372, 5644
29283065105868, 29283065111396, 5528
29283087264020, 29283087268824, 4804
29283109198108, 29283109202724, 4616
29283131405164, 29283131411216, 6052
29283153411088, 29283153416264, 5176
29283175538196, 29283175544196, 6000
29283197908632, 29283197914056, 5424
29283219913496, 29283219918964, 5468
29283241934016, 29283241939040, 5024
29283264078812, 29283264084852, 6040
29283286129200, 29283286135248, 6048
29283308661744, 29283308666228, 4484
29283330753828, 29283330759740, 5912
29283352792396, 29283352797208, 4812
29283374923400, 29283374929212, 5812
29283397297584, 29283397303264, 5680
29283419494740, 29283419500532, 5792
29283441712312, 29283441717916, 5604
29283463840400, 29283463847012, 6612
29283485848452, 29283485854128, 5676
29283507913740, 29283507918684, 4944
29283530136880, 29283530141924, 5044
29283552686672, 29283552691728, 5056
29283574782620, 29283574787676, 5056
29283596945052, 29283596950636, 5584
29283619075844, 29283619081020, 5176
29283641239128, 29283641244648, 5520
29283663232508, 29283663237740, 5232
29283685222608, 29283685228184, 5576
29283707168808, 29283707174012, 5204
29283729206096, 29283729210416, 4320
29283751145544, 29283751150508, 4964
29283773149824, 29283773154924, 5100
29283795831848, 29283795836800, 4952
29283817943008, 29283817947708, 4700
29283839907640, 29283839912096, 4456
29283861850120, 29283861855060, 4940
29283883808264, 29283883812628, 4364
29283905800100, 29283905804484, 4384
29283927815972, 29283927820284, 4312
29283949856456, 29283949860964, 4508
29283971850580, 29283971855284, 4704
29283993787628, 29283993792512, 4884
29284015742816, 29284015746940, 4124
29284037956276, 29284037961440, 5164
29284060465688, 29284060470720, 5032
29284082435200, 29284082440460, 5260
29284104507444, 29284104511864, 4420
29284126485628, 29284126490852, 5224
29284148540808, 29284148545556, 4748
29284170635704, 29284170640780, 5076
29284192632776, 29284192637268, 4492
29284214605804, 29284214610996, 5192
29284236630936, 29284236637960, 7024
29284258837776, 29284258842492, 4716
29284280880380, 29284280885228, 4848
29284303357552, 29284303362784, 5232
29284325883584, 29284325888228, 4644
29284347907584, 29284347913896, 6312
29284370023396, 29284370028668, 5272
29284392237724, 29284392242712, 4988
29284414413576, 29284414418888, 5312
29284436582136, 29284436586724, 4588
29284458796636, 29284458801844, 5208
29284480742352, 29284480747448, 5096
29284502860920, 29284502866160, 5240
29284524938388, 29284524943392, 5004
29284547479356, 29284547483752, 4396
29284569622504, 29284569627736, 5232
29284591677184, 29284591681468, 4284
29284613772696, 29284613778420, 5724
29284635923960, 29284635928404, 4444
29284658068208, 29284658072324, 4116
29284680211480, 29284680216680, 5200
29284702533816, 29284702538312, 4496
29284724587432, 29284724592964, 5532
29284746950200, 29284746955444, 5244
29284772914432, 29284772921032, 6600
29284798825136, 29284798829912, 4776
29284824699088, 29284824705712, 6624
29284850643164, 29284850650364, 7200
29284876544408, 29284876549688, 5280
29284902477284, 29284902483716, 6432
29284928449640, 29284928455840, 6200
29284954409136, 29284954415516, 6380
29284980328620, 29284980335228, 6608
29285006312988, 29285006319180, 6192
29285032397848, 29285032402044, 4196
29285058077244, 29285058083024, 5780
29285084020448, 29285084026732, 6284
29285109958500, 29285109963368, 4868
29285135952564, 29285135959992, 7428
29285161785148, 29285161790068, 4920
29287658406368, 29287658409304, 2936
29287673029412, 29287673034816, 5404
29287687680744, 29287687684448, 3704
29287702306452, 29287702311160, 4708
29287716933972, 29287716937648, 3676
29287731566552, 29287731570888, 4336
29287746208356, 29287746213400, 5044
29287760822324, 29287760826692, 4368
29287775407824, 29287775411652, 3828
29287790604756, 29287790611364, 6608
29287805221536, 29287805226304, 4768
29287819824836, 29287819830560, 5724
29287834439596, 29287834443644, 4048
29287849029028, 29287849033692, 4664
29287863629908, 29287863634212, 4304
29287878224628, 29287878228624, 3996
29287892856972, 29287892861568, 4596
29287907457676, 29287907461852, 4176
29287922117536, 29287922122756, 5220
29287936691236, 29287936695076, 3840
29287951340848, 29287951344988, 4140
29287966071992, 29287966076636, 4644
29287980761476, 29287980766680, 5204
29287995322516, 29287995326588, 4072
29288009943960, 29288009948012, 4052
29288024602188, 29288024606428, 4240
29288039831836, 29288039836484, 4648
29288054426564, 29288054430296, 3732
29288069079632, 29288069083984, 4352
29288083721664, 29288083726044, 4380
29288098324452, 29288098329272, 4820
29288112938144, 29288112942240, 4096
29288127599564, 29288127605316, 5752
29288142245960, 29288142250868, 4908
29288156879476, 29288156883352, 3876
29288171585532, 29288171590328, 4796
29288186307356, 29288186311948, 4592
29288201036716, 29288201040904, 4188
29288215689364, 29288215693136, 3772
29288230372064, 29288230377060, 4996
29288245163724, 29288245168388, 4664
29288259827840, 29288259832672, 4832
29288274448940, 29288274452900, 3960
29288289701964, 29288289706396, 4432
29288304354540, 29288304359972, 5432
29288319041664, 29288319045776, 4112
29288333609680, 29288333614476, 4796
29288348245380, 29288348250352, 4972
29288362881660, 29288362885592, 3932
29288377580440, 29288377584184, 3744
29288392197084, 29288392201500, 4416
29288406878344, 29288406882348, 4004
29288421584564, 29288421589860, 5296
29288436199828, 29288436204592, 4764
29288451080004, 29288451084564, 4560
29288465722448, 29288465727024, 4576
29288480476080, 29288480481120, 5040
29288495073836, 29288495077736, 3900
29288509827964, 29288509832240, 4276
29288524491836, 29288524497016, 5180
29288539622932, 29288539629140, 6208
29288554369752, 29288554374616, 4864
29288569121140, 29288569125980, 4840
29288583812056, 29288583816912, 4856
29288598455180, 29288598460380, 5200
29288613169372, 29288613173292, 3920
29288627861152, 29288627865868, 4716
29288642515112, 29288642519556, 4444
29288657104012, 29288657107420, 3408
29288671853748, 29288671858620, 4872
29288686571280, 29288686576016, 4736
29288727309944, 29288727315740, 5796
29288777285852, 29288777292312, 6460
29288827063004, 29288827069352, 6348
29288876904644, 29288876909392, 4748
29288926786388, 29288926793576, 7188
29288976646312, 29288976653188, 6876
29289026504208, 29289026508980, 4772
29289076387384, 29289076393268, 5884
29289102357988, 29289102363996, 6008
29289128307500, 29289128312212, 4712
29289154173472, 29289154179772, 6300
29289180081428, 29289180088080, 6652
29291579298452, 29291579301532, 3080
29291596979264, 29291596984796, 5532
29291614658296, 29291614664964, 6668
29291632437292, 29291632442048, 4756
29291650017288, 29291650022912, 5624
29291667555692, 29291667561500, 5808
29291685091236, 29291685097760, 6524
29291702664596, 29291702670392, 5796
29291720173860, 29291720178832, 4972
29291737650580, 29291737654556, 3976
29291755201064, 29291755205072, 4008
29291772686116, 29291772691004, 4888
29291790745424, 29291790749620, 4196
29291808315144, 29291808320752, 5608
29291825824640, 29291825829204, 4564
29291843354532, 29291843359424, 4892
29291860882144, 29291860886336, 4192
29291878321224, 29291878325052, 3828
29291895860660, 29291895865216, 4556
29267575773768, 29267575785808, 12040
29271637123460, 29271637127176, 3716
29271762720256, 29271762727084, 6828
29271948172432, 29271948179688, 7256
29272133614532, 29272133621864, 7332
29272319062684, 29272319068372, 5688
29272504553164, 29272504560316, 7152
29272690066680, 29272690072116, 5436
29272875612460, 29272875614344, 1884
29273061031816, 29273061037136, 5320
29273246470080, 29273246474748, 4668
29273431899568, 29273431906492, 6924
29273617431792, 29273617438552, 6760
29273802748168, 29273802753116, 4948
29273988256000, 29273988263964, 7964
29274014260416, 29274014266776, 6360
29274040120628, 29274040127816, 7188
29274066084004, 29274066090216, 6212
29274091929520, 29274091934604, 5084
29274117849856, 29274117856260, 6404
29274143835916, 29274143842556, 6640
29274169696120, 29274169702272, 6152
29274195675732, 29274195682336, 6604
29274221592628, 29274221599440, 6812
29274247563968, 29274247570472, 6504
29274273435076, 29274273439384, 4308
29274299324872, 29274299331212, 6340
29274325219692, 29274325225740, 6048
29274351240256, 29274351246104, 5848
29274377186040, 29274377191736, 5696
29274403091536, 29274403097768, 6232
29274428977380, 29274428983964, 6584
29274454923536, 29274454929452, 5916
29274480843172, 29274480849620, 6448
29274506843264, 29274506849560, 6296
29274532835220, 29274532840584, 5364
29274558649512, 29274558653960, 4448
29274584502388, 29274584508784, 6396
29274610526188, 29274610531984, 5796
29274636401588, 29274636408796, 7208
29274662413672, 29274662419728, 6056
29274688228920, 29274688235176, 6256
29274714148840, 29274714156324, 7484
29274740046868, 29274740053128, 6260
29274766010556, 29274766014660, 4104
29274791945888, 29274791952080, 6192
29274817859352, 29274817865708, 6356
29274843750424, 29274843757428, 7004
29274869731060, 29274869738724, 7664
29274895688612, 29274895694384, 5772
29274921585356, 29274921592592, 7236
29274947527860, 29274947534176, 6316
29274973513508, 29274973520832, 7324
29274999328024, 29274999335532, 7508
29275025264612, 29275025271964, 7352
29275051250112, 29275051256628, 6516
29275077136360, 29275077143232, 6872
29275687363496, 29275687366596, 3100
29275734619376, 29275734624400, 5024
29275781838592, 29275781843064, 4472
29275829659964, 29275829664960, 4996
29275884752448, 29275884759188, 6740
29276064154724, 29276064161908, 7184
29276243687232, 29276243695120, 7888
29276269618972, 29276269624108, 5136
29276295519720, 29276295526072, 6352
29276321423444, 29276321429356, 5912
29276347428176, 29276347434448, 6272
29276373320928, 29276373327372, 6444
29276482942388, 29276482944748, 2360
29276504871348, 29276504876088, 4740
29276527025108, 29276527030448, 5340
29276549110548, 29276549115596, 5048
29276571730432, 29276571735600, 5168
29276593748068, 29276593753156, 5088
29276615771148, 29276615777620, 6472
29276637757808, 29276637763416, 5608
29276659922568, 29276659928448, 5880
29276682034240, 29276682039420, 5180
29276704204740, 29276704209912, 5172
29276726357088, 29276726362036, 4948
29276748452908, 29276748457868, 4960
29276770565288, 29276770569728, 4440
29276792645616, 29276792651412, 5796
29276815421088, 29276815426560, 5472
29276837535084, 29276837540852, 5768
29276859749644, 29276859755648, 6004
29276881868072, 29276881873408, 5336
29276904123588, 29276904128432, 4844
29276926240692, 29276926245500, 4808
29276948421360, 29276948426752, 5392
29276970511000, 29276970516600, 5600
29276995550688, 29276995556884, 6196
29277021386284, 29277021392048, 5764
29277047374716, 29277047381516, 6800
29277073465620, 29277073471912, 6292
29277099263752, 29277099270736, 6984
29277125161152, 29277125166064, 4912
29277151054428, 29277151061356, 6928
29277177040388, 29277177045728, 5340
29277202954936, 29277202961516, 6580
29277228946936, 29277228952696, 5760
29277254860756, 29277254865608, 4852
29277280792188, 29277280798704, 6516
29277306579448, 29277306585916, 6468
29277332565812, 29277332572260, 6448
29277358514920, 29277358521836, 6916
29277384420596, 29277384427168, 6572
29277410379156, 29277410384036, 4880
29277436292068, 29277436298856, 6788
29277462174332, 29277462181344, 7012
29277488094848, 29277488101460, 6612
29277514047308, 29277514053672, 6364
29277539965304, 29277539969928, 4624
29277565906644, 29277565912912, 6268
29277591859908, 29277591866112, 6204
29277617714848, 29277617719620, 4772
29277643643412, 29277643648828, 5416
29277669526668, 29277669533292, 6624
29277695420836, 29277695447784, 26948
29277721361780, 29277721368516, 6736
29277747339208, 29277747345628, 6420
29277773174616, 29277773181548, 6932
29277799114736, 29277799121308, 6572
29277825084808, 29277825091268, 6460
29277851077444, 29277851084044, 6600
29277876929848, 29277876934920, 5072
29277902810148, 29277902816224, 6076
29277928722952, 29277928729168, 6216
29277954699460, 29277954706276, 6816
29277980623092, 29277980630056, 6964
29278006500400, 29278006506844, 6444
29278032500180, 29278032505316, 5136
29278058949720, 29278058955320, 5600
29278084307596, 29278084313524, 5928
29278110231920, 29278110239668, 7748
29278136184584, 29278136191772, 7188
29278162085752, 29278162092264, 6512
29278187985656, 29278187991124, 5468
29278213950320, 29278213957028, 6708
29278239836132, 29278239841032, 4900
29278265763608, 29278265770292, 6684
29278291687244, 29278291693580, 6336
29278317617992, 29278317623224, 5232
29278343581768, 29278343588912, 7144
29278369530308, 29278369536744, 6436
29278395545276, 29278395551844, 6568
29278421349888, 29278421356196, 6308
29278447254176, 29278447260168, 5992
29278473149664, 29278473156004, 6340
29278499102488, 29278499109172, 6684
29278525100972, 29278525106912, 5940
29278551218976, 29278551223564, 4588
29278576961308, 29278576965976, 4668
29278602875496, 29278602880080, 4584
29278628733068, 29278628739836, 6768
29278654739284, 29278654745644, 6360
29278680600428, 29278680605372, 4944
29279673646200, 29279673649548, 3348
29279704957240, 29279704962488, 5248
29279736146332, 29279736151948, 5616
29279767285776, 29279767290800, 5024
29279798545116, 29279798550464, 5348
29279830226624, 29279830231936, 5312
29279922927084, 29279922932824, 5740
29280108374152, 29280108379208, 5056
29280293873936, 29280293880272, 6336
29280479383284, 29280479387792, 4508
29280664785120, 29280664790084, 4964
29280850281432, 29280850289628, 8196
29280900155536, 29280900160188, 4652
29280949977356, 29280949982196, 4840
29280999814268, 29280999820904, 6636
29281049818552, 29281049825400, 6848
29281099619916, 29281099627260, 7344
29281149464716, 29281149469860, 5144
29281199303172, 29281199309604, 6432
29281249136448, 29281249141140, 4692
29281299007472, 29281299012096, 4624
29281348845236, 29281348852088, 6852
29281398771336, 29281398776260, 4924
29281669918780, 29281669922180, 3400
29281684604504, 29281684609604, 5100
29281699275576, 29281699279236, 3660
29281713914612, 29281713919268, 4656
29281728482428, 29281728486300, 3872
29281747627256, 29281747632240, 4984
29281797476464, 29281797483276, 6812
29281847412120, 29281847418564, 6444
29281897298600, 29281897303348, 4748
29281947057548, 29281947064456, 6908
29281996909800, 29281996916512, 6712
29282046778168, 29282046800408, 22240
29282096677984, 29282096682804, 4820
29282146481984, 29282146489880, 7896
29282196379512, 29282196384944, 5432
29282246230692, 29282246235636, 4944
29282296229408, 29282296234296, 4888
29283662051676, 29283662055452, 3776
29283678050596, 29283678059948, 9352
29283694022040, 29283694026768, 4728
29283709988540, 29283709994004, 5464
29283726057276, 29283726062120, 4844
29283742053960, 29283742058932, 4972
29283758006156, 29283758009992, 3836
29283774049724, 29283774054152, 4428
29283790016712, 29283790020968, 4256
29283806515872, 29283806520436, 4564
29283822544312, 29283822549780, 5468
29283838501056, 29283838505236, 4180
29283854482420, 29283854487372, 4952
29283870542492, 29283870546716, 4224
29283886573444, 29283886578244, 4800
29283902562516, 29283902567748, 5232
29283918494896, 29283918498868, 3972
29283934490604, 29283934495404, 4800
29283950504168, 29283950508708, 4540
29283966461452, 29283966466580, 5128
29283982432676, 29283982438000, 5324
29283998394832, 29283998398852, 4020
29284014389736, 29284014394760, 5024
29284030415156, 29284030419828, 4672
29284047019580, 29284047024628, 5048
29284063019016, 29284063024312, 5296
29284079045828, 29284079049836, 4008
29284095160244, 29284095165220, 4976
29284111271636, 29284111276064, 4428
29284127391016, 29284127396128, 5112
29284143412124, 29284143417324, 5200
29284200580396, 29284200586944, 6548
29284260397340, 29284260403780, 6440
29284459741184, 29284459744460, 3276
29284477190876, 29284477195596, 4720
29284595389564, 29284595409412, 19848
29284731034148, 29284731049972, 15824
29284866628768, 29284866636236, 7468
29285002203180, 29285002210156, 6976
29285137792240, 29285137799812, 7572
29285187665004, 29285187673020, 8016
29285213655388, 29285213661900, 6512
29285239654556, 29285239661436, 6880
29285265429320, 29285265436040, 6720
29285291667344, 29285291673512, 6168
29285317325184, 29285317331900, 6716
29285343281568, 29285343287404, 5836
29285369181248, 29285369188060, 6812
29285395148184, 29285395154440, 6256
29285421095000, 29285421101848, 6848
29285446963300, 29285446969428, 6128
29285472867120, 29285472873580, 6460
29285498785864, 29285498792444, 6580
29285524731444, 29285524737996, 6552
29285550816604, 29285550823192, 6588
29285576574432, 29285576581408, 6976
29285602489344, 29285602495700, 6356
29285628369104, 29285628376084, 6980
29285654261868, 29285654268344, 6476
29285680174620, 29285680181340, 6720
29285706114724, 29285706121856, 7132
29285732066292, 29285732073096, 6804
29285757956292, 29285757962660, 6368
29285783873516, 29285783879944, 6428
29285809811692, 29285809818128, 6436
29285835718904, 29285835724724, 5820
29285861678464, 29285861685320, 6856
29285887550012, 29285887557288, 7276
29285913498068, 29285913505132, 7064
29285939506796, 29285939513152, 6356
29285965339292, 29285965345888, 6596
29285991285336, 29285991291984, 6648
29286017282680, 29286017289284, 6604
29287652450136, 29287652453380, 3244
29287668404024, 29287668409732, 5708
29287684357956, 29287684362008, 4052
29287700301936, 29287700305520, 3584
29287716308608, 29287716313596, 4988
29287732259712, 29287732264132, 4420
29287748205400, 29287748210340, 4940
29287764179000, 29287764183600, 4600
29287780167564, 29287780172736, 5172
29287796645644, 29287796650796, 5152
29287812606884, 29287812611592, 4708
29287828515560, 29287828519448, 3888
29287844469692, 29287844474224, 4532
29287860451832, 29287860456880, 5048
29287876399608, 29287876404248, 4640
29287892349460, 29287892354436, 4976
29287908290140, 29287908294460, 4320
29287924231644, 29287924236600, 4956
29287940240412, 29287940244800, 4388
29287956254112, 29287956259428, 5316
29287972243456, 29287972248500, 5044
29287988196400, 29287988200596, 4196
29288004195416, 29288004200176, 4760
29288020231620, 29288020236288, 4668
29288036838100, 29288036843332, 5232
29288052781104, 29288052786200, 5096
29288068743512, 29288068747576, 4064
29288084760120, 29288084765048, 4928
29288100702636, 29288100707292, 4656
29288116691300, 29288116695788, 4488
29288132673456, 29288132678696, 5240
29288148572584, 29288148576384, 3800
29288164552648, 29288164557336, 4688
29288180615264, 29288180619632, 4368
29288196656424, 29288196660584, 4160
29288212615352, 29288212620524, 5172
29291638858216, 29291638860948, 2732
29291670186512, 29291670191592, 5080
29291701536836, 29291701542692, 5856
29291732787192, 29291732792736, 5544
29291763966928, 29291763971412, 4484
29291795712580, 29291795717160, 4580
29291827027696, 29291827032144, 4448
29291858190704, 29291858195156, 4452
29291889440644, 29291889445164, 4520
29291920688336, 29291920692848, 4512
29291951986288, 29291951992096, 5808
29291983400752, 29291983405712, 4960
29292014634220, 29292014638660, 4440
29292046499004, 29292046504356, 5352
29292077842948, 29292077849696, 6748
29292109283760, 29292109289212, 5452
29292140828448, 29292140834964, 6516
29292172090248, 29292172095724, 5476
29292203782968, 29292203787936, 4968
29267567518508, 29267567527432, 8924
