146390096323420, 146390096335424, 12004
146390842397864, 146390842409312, 11448
146391375120852, 146391375131912, 11060
146391789317324, 146391789327004, 9680
146393086941864, 146393086951292, 9428
146393498712032, 146393498720828, 8796
146393872892788, 146393872901864, 9076
146394304245804, 146394304255488, 9684
146394685193692, 146394685204708, 11016
146394796832764, 146394796844296, 11532
146394912558284, 146394912569728, 11444
146396208457848, 146396208468020, 10172
146396298454168, 146396298463764, 9596
146396311398608, 146396311409736, 11128
146396526876840, 146396526886856, 10016
146397182707948, 146397182717992, 10044
146397767246400, 146397767255784, 9384
146397780132196, 146397780139492, 7296
146398338391048, 146398338401896, 10848
146398546457684, 146398546468492, 10808
146399300071136, 146399300081848, 10712
146400056184308, 146400056195400, 11092
146400257051088, 146400257061496, 10408
146400844781104, 146400844789824, 8720
146401058822292, 146401058832084, 9792
146401077222524, 146401077230644, 8120
146401731020356, 146401731030768, 10412
146402105869720, 146402105880124, 10404
146402933216928, 146402933228248, 11320
146403160509480, 146403160519296, 9816
146403673431028, 146403673441680, 10652
146403888454480, 146403888464488, 10008
146404069882636, 146404069893092, 10456
146404082807904, 146404082817592, 9688
146404737769200, 146404737778912, 9712
146405389266900, 146405389277460, 10560
146407614009700, 146407614021240, 11540
146408909104352, 146408909113244, 8892
146409525322460, 146409525333924, 11464
146409804654516, 146409804664932, 10416
146410031642516, 146410031652604, 10088
146410275522796, 146410275533980, 11184
146410498984460, 146410498998192, 13732
146410850135204, 146410850151088, 15884
146411059545020, 146411059559772, 14752
146388080663324, 146388080673808, 10484
146388080711504, 146388080718896, 7392
146388080751924, 146388080759240, 7316
146388080834816, 146388080842132, 7316
146388080916788, 146388080923684, 6896
146388081022872, 146388081030472, 7600
146388081051044, 146388081057752, 6708
146388081080540, 146388081087692, 7152
146388081109564, 146388081116104, 6540
146388081153636, 146388081160408, 6772
146388081177308, 146388081184328, 7020
146388081240452, 146388081247648, 7196
146388081265048, 146388081271832, 6784
146388081372380, 146388081379236, 6856
146388081423056, 146388081429556, 6500
146388081468476, 146388081475700, 7224
146388081497072, 146388081503940, 6868
146388081585760, 146388081592704, 6944
146390074473060, 146390074487124, 14064
146390074505212, 146390074512448, 7236
146390074526908, 146390074533772, 6864
146390074547316, 146390074554036, 6720
146390074566468, 146390074573148, 6680
146390074585964, 146390074592776, 6812
146390074605956, 146390074612904, 6948
146390074626396, 146390074633068, 6672
146390074645660, 146390074652568, 6908
146390074665156, 146390074672220, 7064
146390074684868, 146390074691492, 6624
146390778558424, 146390778569744, 11320
146391355180496, 146391355191308, 10812
146392921346636, 146392921358300, 11664
146392947051036, 146392947059168, 8132
146393155086664, 146393155094808, 8144
146393167944880, 146393167952632, 7752
146396823926156, 146396823937000, 10844
146397286078080, 146397286088932, 10852
146397486083932, 146397486092792, 8860
146398172706944, 146398172749000, 42056
146398438032212, 146398438042216, 10004
146399195991324, 146399196001116, 9792
146399808842796, 146399808853644, 10848
146400090060840, 146400090072112, 11272
146400102935504, 146400102943136, 7632
146400478265344, 146400478276036, 10692
146400568730788, 146400568740576, 9788
146400578858672, 146400578868804, 10132
146400759803968, 146400759813284, 9316
146400987635580, 146400987644400, 8820
146401996512780, 146401996522472, 9692
146402993065444, 146402993076068, 10624
146403647766140, 146403647775992, 9852
146404080430536, 146404080440820, 10284
146404839652400, 146404839661968, 9568
146405301537852, 146405301572224, 34372
146405886224704, 146405886234312, 9608
146406003838668, 146406003850236, 11568
146407297031256, 146407297041064, 9808
146408030959024, 146408030970868, 11844
146408263206628, 146408263217260, 10632
146409016542372, 146409016553144, 10772
146409315829976, 146409315840896, 10920
146409525453452, 146409525464908, 11456
146409938723240, 146409938733464, 10224
146410792299064, 146410792312064, 13000
146390168141628, 146390168152576, 10948
146390882314680, 146390882326804, 12124
146391458856328, 146391458867980, 11652
146392473123344, 146392473134128, 10784
146392563249404, 146392563258320, 8916
146392996677408, 146392996687052, 9644
146393227960696, 146393227968736, 8040
146393442384360, 146393442393216, 8856
146393623102324, 146393623110576, 8252
146393831122312, 146393831131268, 8956
146394653178268, 146394653189480, 11212
146395308800432, 146395308810716, 10284
146395524117644, 146395524127532, 9888
146395937742116, 146395937751648, 9532
146396697675096, 146396697684084, 8988
146398015087212, 146398015092056, 4844
146400912195272, 146400912206740, 11468
146401398903128, 146401398914048, 10920
146401626118856, 146401626128172, 9316
146401857519796, 146401857529040, 9244
146402065463516, 146402065470932, 7416
146402390509656, 146402390521880, 12224
146402502280504, 146402502291488, 10984
146402719758240, 146402719769328, 11088
146402979106028, 146402979117268, 11240
146403132726952, 146403132736288, 9336
146403145590976, 146403145598352, 7376
146403199923004, 146403199930580, 7576
146403479900556, 146403479912052, 11496
146403855944984, 146403855954432, 9448
146404708936176, 146404708947748, 11572
146405050123052, 146405050134276, 11224
146405425974076, 146405425984012, 9936
146405625810228, 146405625818304, 8076
146405715410736, 146405715418732, 7996
146406303089952, 146406303101768, 11816
146406315944476, 146406315952236, 7760
146406706148644, 146406706159636, 10992
146406920967276, 146406920976052, 8776
146407434442184, 146407434453016, 10832
146407723659152, 146407723669744, 10592
146408735172052, 146408735184472, 12420
146408748069592, 146408748079844, 10252
146409122854468, 146409122864120, 9652
146409529312332, 146409529322860, 10528
146410387236928, 146410387247008, 10080
146411237214332, 146411237225780, 11448
146390928176020, 146390928187388, 11368
146390938218052, 146390938222648, 4596
146391492764220, 146391492774388, 10168
146392254309864, 146392254319664, 9800
146392272204512, 146392272211932, 7420
146392487955828, 146392487966176, 10348
146392864386020, 146392864395816, 9796
146393449077584, 146393449088256, 10672
146393466953136, 146393466961340, 8204
146396905753600, 146396905764492, 10892
146397529515108, 146397529524400, 9292
146397743820244, 146397743830180, 9936
146397924499404, 146397924507608, 8204
146398154771592, 146398154783280, 11688
146398390162944, 146398390174252, 11308
146398604776152, 146398604785308, 9156
146398617679516, 146398617689228, 9712
146399048979880, 146399048989244, 9364
146399292018544, 146399292030280, 11736
146399363854736, 146399363865576, 10840
146399429780876, 146399429790596, 9720
146400904100592, 146400904112104, 11512
146402572079176, 146402572084124, 4948
146404894497404, 146404894507220, 9816
146405804943024, 146405804952936, 9912
146406235269868, 146406235281480, 11612
146406722092136, 146406722102816, 10680
146406911606656, 146406911617728, 11072
146407763555012, 146407763565928, 10916
146408070946340, 146408070959652, 13312
146408469872476, 146408469884180, 11704
146409124736652, 146409124746448, 9796
146409214387912, 146409214395580, 7668
146410989793184, 146410989804156, 10972
