40798923620644, 40798923659704, 39060
40799709730440, 40799709740184, 9744
40800501782872, 40800501785396, 2524
40800620229684, 40800620240900, 11216
40801874518220, 40801874530140, 11920
40802135916664, 40802135928092, 11428
40802882071940, 40802882082588, 10648
40803257168368, 40803257176340, 7972
40803670184716, 40803670192964, 8248
40803979455796, 40803979466212, 10416
40805477826216, 40805477829476, 3260
40806992163800, 40806992174440, 10640
40807329353816, 40807329364968, 11152
40809897193208, 40809897204080, 10872
40810723155816, 40810723164032, 8216
40811168098196, 40811168109792, 11596
40811253895608, 40811253903392, 7784
40811746725828, 40811746734016, 8188
40812022066832, 40812022076440, 9608
40813217173656, 40813217184152, 10496
40813326902204, 40813326912224, 10020
40814021257092, 40814021267060, 9968
40814416250132, 40814416258484, 8352
40815605430932, 40815605441416, 10484
40816042377816, 40816042387868, 10052
40816152118284, 40816152127268, 8984
40816253814612, 40816253823104, 8492
40816513196220, 40816513204788, 8568
40817113775600, 40817113786104, 10504
40817957769324, 40817957778896, 9572
40818023616300, 40818023625344, 9044
40818324827936, 40818324836764, 8828
40818861559684, 40818861568644, 8960
40818933387096, 40818933395780, 8684
40819262609940, 40819262624180, 14240
40819561883444, 40819561892284, 8840
40819811302376, 40819811313424, 11048
40819901082012, 40819901091392, 9380
40798917673608, 40798917681488, 7880
40798917711312, 40798917718816, 7504
40798917739032, 40798917746300, 7268
40798917759248, 40798917766240, 6992
40799827451756, 40799827459500, 7744
40800364116604, 40800364126780, 10176
40800584995008, 40800585004124, 9116
40802197749500, 40802197757224, 7724
40803779925384, 40803779933696, 8312
40804498151176, 40804498159036, 7860
40804743568296, 40804743578936, 10640
40805062808148, 40805062819924, 11776
40805254359880, 40805254369312, 9432
40805655410700, 40805655421256, 10556
40806012546276, 40806012556032, 9756
40806046463360, 40806046471200, 7840
40806349688840, 40806349699708, 10868
40807018107260, 40807018117808, 10548
40807105886120, 40807105894712, 8592
40807183580228, 40807183588132, 7904
40807480788272, 40807480796152, 7880
40808015722364, 40808015732612, 10248
40808213253332, 40808213263532, 10200
40810340071504, 40810340082152, 10648
40820238216260, 40820238219524, 3264
40800356131276, 40800356144864, 13588
40800511764128, 40800511773616, 9488
40801361735940, 40801361745900, 9960
40802086015336, 40802086024168, 8832
40802293465708, 40802293476316, 10608
40803945526700, 40803945530000, 3300
40805364093104, 40805364102304, 9200
40805914780868, 40805914792088, 11220
40806658953308, 40806658956404, 3096
40808336899148, 40808336910044, 10896
40808414711276, 40808414713568, 2292
40810332089140, 40810332098688, 9548
40811668903448, 40811668913004, 9556
40812219600560, 40812219611268, 10708
40812349227280, 40812349235228, 7948
40812893931300, 40812893941200, 9900
40814077126024, 40814077136472, 10448
40814869181700, 40814869190368, 8668
40815188412532, 40815188423468, 10936
40815389929912, 40815389940060, 10148
40815711165908, 40815711174200, 8292
40817155684252, 40817155695664, 11412
40817353206160, 40817353215632, 9472
40819029163580, 40819029173932, 10352
40798923616916, 40798923657916, 41000
40799931199960, 40799931209044, 9084
40800613518960, 40800613527660, 8700
40800852486936, 40800852495296, 8360
40800862855868, 40800862863044, 7176
40800944730232, 40800944738360, 8128
40801647059368, 40801647067960, 8592
40801766783016, 40801766794500, 11484
40801958318968, 40801958328604, 9636
40802145870272, 40802145878132, 7860
40802556834168, 40802556842328, 8160
40802716454912, 40802716465288, 10376
40802971847144, 40802971857912, 10768
40803466665768, 40803466673660, 7892
40803666193256, 40803666205068, 11812
40803759968824, 40803759976808, 7984
40804376442184, 40804376451888, 9704
40804615873640, 40804615881732, 8092
40805298243456, 40805298251892, 8436
40805565611772, 40805565621872, 10100
40805727236396, 40805727245056, 8660
40807127844504, 40807127855712, 11208
40807131441088, 40807131448512, 7424
40808640176600, 40808640188336, 11736
40808977395624, 40808977453000, 57376
40809054999740, 40809055007888, 8148
40809156947372, 40809156958844, 11472
40810084738248, 40810084749992, 11744
40810216431764, 40810216443220, 11456
40810743121760, 40810743132544, 10784
40811830521360, 40811830529940, 8580
40812105869732, 40812105881568, 11836
40812606616124, 40812606625088, 8964
40813107431488, 40813107440404, 8916
40813292980724, 40813292988880, 8156
40814157506292, 40814157515176, 8884
40814161112112, 40814161119624, 7512
40814599820416, 40814599830704, 10288
40815906707304, 40815906716588, 9284
40817163661396, 40817163671400, 10004
40817213541204, 40817213549904, 8700
40818175255316, 40818175266308, 10992
40818520367316, 40818520376012, 8696
40819827256596, 40819827266068, 9472
