40798923614896, 40798923620324, 5428
40799709725884, 40799709730248, 4364
40800501777080, 40800501782680, 5600
40800620200456, 40800620229496, 29040
40801874514948, 40801874518032, 3084
40802135913384, 40802135916472, 3088
40802882067652, 40802882071744, 4092
40803257164060, 40803257168176, 4116
40803670180292, 40803670184524, 4232
40803979451728, 40803979455604, 3876
40805477821164, 40805477826020, 4856
40806992160644, 40806992163604, 2960
40807329350768, 40807329353620, 2852
40809897189440, 40809897193004, 3564
40810194411060, 40810194417384, 6324
40810723153168, 40810723155624, 2456
40811168095144, 40811168098000, 2856
40811253889428, 40811253895416, 5988
40811746723300, 40811746725632, 2332
40812022064264, 40812022066640, 2376
40813217169976, 40813217173460, 3484
40813326899608, 40813326902024, 2416
40814021253764, 40814021256904, 3140
40814416247332, 40814416249932, 2600
40815605427124, 40815605430740, 3616
40816042375316, 40816042377624, 2308
40816152115376, 40816152118088, 2712
40816253812016, 40816253814420, 2404
40816513193332, 40816513196024, 2692
40817113763960, 40817113775408, 11448
40817957765884, 40817957769132, 3248
40818023609480, 40818023616104, 6624
40818324825284, 40818324827748, 2464
40818861542572, 40818861559496, 16924
40818933372540, 40818933386904, 14364
40819262605708, 40819262609748, 4040
40819561880484, 40819561883244, 2760
40819811285676, 40819811302176, 16500
40819901070384, 40819901081820, 11436
40798917634104, 40798917673416, 39312
40798917686392, 40798917711116, 24724
40798917723112, 40798917738836, 15724
40798917750140, 40798917759056, 8916
40799827446736, 40799827451560, 4824
40800364114904, 40800364116388, 1484
40800584986376, 40800584994812, 8436
40802197745004, 40802197749292, 4288
40803779922420, 40803779925188, 2768
40804498147616, 40804498150980, 3364
40804743565248, 40804743568104, 2856
40805062804976, 40805062807952, 2976
40805254345352, 40805254359684, 14332
40805655406660, 40805655410500, 3840
40806012539716, 40806012546080, 6364
40806046457584, 40806046463180, 5596
40806349685488, 40806349688648, 3160
40807018103884, 40807018107052, 3168
40807105879540, 40807105885928, 6388
40807183566872, 40807183580012, 13140
40807480775904, 40807480788072, 12168
40808015714444, 40808015722164, 7720
40808213249968, 40808213253136, 3168
40810340067876, 40810340071312, 3436
40811749248696, 40811749254208, 5512
40813158156660, 40813158160944, 4284
40814567783596, 40814567787812, 4216
40815976828532, 40815976834316, 5784
40817385664032, 40817385668316, 4284
40818794911440, 40818794916776, 5336
40820238208924, 40820238216064, 7140
40794833837964, 40794833846140, 8176
40794874071752, 40794874081272, 9520
40794890280720, 40794890289472, 8752
40800356127660, 40800356131084, 3424
40800356150056, 40800356157044, 6988
40800511760996, 40800511763944, 2948
40801361733396, 40801361735748, 2352
40802086010636, 40802086014860, 4224
40802293461872, 40802293465412, 3540
40803945520536, 40803945526412, 5876
40805364090248, 40805364092812, 2564
40805914777728, 40805914780668, 2940
40806658945572, 40806658953088, 7516
40808336895864, 40808336898948, 3084
40808414705356, 40808414711016, 5660
40810332085528, 40810332088864, 3336
40810784082904, 40810784088540, 5636
40811668901300, 40811668903256, 1956
40812219597228, 40812219600368, 3140
40812349224484, 40812349227096, 2612
40812893928676, 40812893931104, 2428
40814077121916, 40814077125828, 3912
40814869178368, 40814869181508, 3140
40815188409316, 40815188412336, 3020
40815389927236, 40815389929724, 2488
40815711163020, 40815711165716, 2696
40817155680168, 40817155684056, 3888
40817353192964, 40817353205964, 13000
40819029147312, 40819029163392, 16080
40794826360940, 40794826374668, 13728
40794841815024, 40794841824184, 9160
40794898362912, 40794898376172, 13260
40794906501556, 40794906510672, 9116
40794914438860, 40794914447744, 8884
40794929851040, 40794929860440, 9400
40798923611364, 40798923616590, 5226
40799931194308, 40799931199768, 5460
40800613516304, 40800613518772, 2468
40800852475320, 40800852486740, 11420
40800862847684, 40800862855680, 7996
40800944725648, 40800944730044, 4396
40801647054956, 40801647059176, 4220
40801766778708, 40801766782824, 4116
40801958314736, 40801958318780, 4044
40802145866220, 40802145870084, 3864
40802556828824, 40802556833972, 5148
40802716449700, 40802716454720, 5020
40802971842376, 40802971846956, 4580
40803466660008, 40803466665576, 5568
40803666188748, 40803666193060, 4312
40803759963144, 40803759968628, 5484
40804376436540, 40804376441992, 5452
40804615869404, 40804615873448, 4044
40805298241600, 40805298243260, 1660
40805565605296, 40805565611576, 6280
40805727232836, 40805727236200, 3364
40807127840240, 40807127844308, 4068
40807131431516, 40807131440892, 9376
40808640173424, 40808640176404, 2980
40808977390064, 40808977395224, 5160
40809054989400, 40809054999544, 10144
40809156944196, 40809156947176, 2980
40810084735264, 40810084738052, 2788
40810216424436, 40810216431568, 7132
40810743117784, 40810743121568, 3784
40811830514912, 40811830521168, 6256
40812105865984, 40812105869536, 3552
40812606613288, 40812606615928, 2640
40813107416260, 40813107431292, 15032
40813292978008, 40813292980532, 2524
40814157498144, 40814157506104, 7960
40814161104872, 40814161111916, 7044
40814599807328, 40814599820224, 12896
40815906695936, 40815906707112, 11176
40817163657744, 40817163661200, 3456
40817213526356, 40817213541008, 14652
40818175236944, 40818175255124, 18180
40818520355796, 40818520367124, 11328
40819827244728, 40819827256308, 11580
