147703920459056, 147703920471692, 12636
147704197691520, 147704197696388, 4868
147704247674192, 147704247679008, 4816
147704297389108, 147704297393948, 4840
147704347185500, 147704347190056, 4556
147704397037640, 147704397041400, 3760
147705914633424, 147705914644700, 11276
147706481104988, 147706481109616, 4628
147709907114712, 147709907125580, 10868
147710437473540, 147710437478028, 4488
147710573137716, 147710573141436, 3720
147710708701292, 147710708706032, 4740
147710844314916, 147710844319388, 4472
147710979904164, 147710979909092, 4928
147711115501176, 147711115506016, 4840
147711251224688, 147711251229120, 4432
147713249480968, 147713249491472, 10504
147713959324288, 147713959329432, 5144
147714019069320, 147714019081404, 12084
147714068921232, 147714068925368, 4136
147714118763760, 147714118767616, 3856
147714168632168, 147714168637020, 4852
147714218489488, 147714218493148, 3660
147714268412388, 147714268417132, 4744
147714318180768, 147714318185596, 4828
147714368063940, 147714368068952, 5012
147714417912004, 147714417916104, 4100
147714467743752, 147714467749132, 5380
147714517671656, 147714517676752, 5096
147714567486740, 147714567491696, 4956
147714617347800, 147714617352828, 5028
147714667196296, 147714667200904, 4608
147714717076040, 147714717081316, 5276
147714766875340, 147714766879912, 4572
147714816795860, 147714816800472, 4612
147714866606620, 147714866610588, 3968
147715885635540, 147715885646956, 11416
147717879798112, 147717879809448, 11336
147718166983420, 147718166988188, 4768
147718302591152, 147718302595412, 4260
147718438194908, 147718438199336, 4428
147718577768208, 147718577778644, 10436
147719874027364, 147719874038596, 11232
147721868188936, 147721868192896, 3960
147722352779484, 147722352783844, 4360
147722538334576, 147722538345492, 10916
147722564213404, 147722564218384, 4980
147722590131988, 147722590136872, 4884
147722616061804, 147722616066680, 4876
147723473643976, 147723473648500, 4524
147703916522424, 147703916532860, 10436
147705910788932, 147705910798432, 9500
147709901091204, 147709901101700, 10496
147710668875128, 147710668879224, 4096
147710854351608, 147710854355844, 4236
147711039739864, 147711039743988, 4124
147711225301484, 147711225305992, 4508
147713887414928, 147713887424740, 9812
147714370097776, 147714370102504, 4728
147714505661316, 147714505666076, 4760
147714641305232, 147714641309772, 4540
147714776936368, 147714776941220, 4852
147714912643068, 147714912647836, 4768
147715048125124, 147715048129976, 4852
147715183718360, 147715183722940, 4580
147715319272504, 147715319291568, 19064
147715454903008, 147715454907332, 4324
147715590551804, 147715590556460, 4656
147715726168664, 147715726173516, 4852
147715881758536, 147715881769428, 10892
147716047160544, 147716047164768, 4224
147717875837276, 147717875848652, 11376
147718605680824, 147718605685248, 4424
147718655666804, 147718655671148, 4344
147721864282032, 147721864292760, 10728
147723172464528, 147723172475960, 11432
147723232410424, 147723232415096, 4672
147703306316040, 147703306327712, 11672
147703386016812, 147703386026776, 9964
147703521615488, 147703521625308, 9820
147703657270408, 147703657282164, 11756
147703792854384, 147703792865724, 11340
147703928436320, 147703928440892, 4572
147704064045564, 147704064050252, 4688
147704199633448, 147704199637568, 4120
147704335279116, 147704335283352, 4236
147704470986300, 147704470989856, 3556
147705904688812, 147705904698524, 9712
147706491023864, 147706491035564, 11700
147706516869640, 147706516874240, 4600
147709901075912, 147709901086472, 10560
147711147457940, 147711147462476, 4536
147711207247608, 147711207252696, 5088
147711267093840, 147711267098608, 4768
147711326941120, 147711326953244, 12124
147711376876056, 147711376880864, 4808
147713879447068, 147713879458060, 10992
147714563567340, 147714563571592, 4252
147714748942792, 147714748946940, 4148
147714934489788, 147714934493884, 4096
147715119960608, 147715119964708, 4100
147715305377168, 147715305381264, 4096
147715490832048, 147715490836772, 4724
147715676270188, 147715676274144, 3956
147715861864700, 147715861874608, 9908
147715997293304, 147715997297340, 4036
147716132950336, 147716132954524, 4188
147717877938656, 147717877950056, 11400
147718272679344, 147718272683368, 4024
147718458108876, 147718458113332, 4456
147718641604752, 147718641616208, 11456
147719864042852, 147719864053392, 10540
147720350630008, 147720350634680, 4672
147720400797008, 147720400801656, 4648
147720450360328, 147720450364924, 4596
147720500152776, 147720500157108, 4332
147720550073184, 147720550076900, 3716
147720599912876, 147720599916524, 3648
147720650124320, 147720650128012, 3692
147720699675688, 147720699680364, 4676
147720749510372, 147720749522272, 11900
147720775464040, 147720775468800, 4760
147720801383980, 147720801388368, 4388
147720827362216, 147720827366508, 4292
147720853160740, 147720853186820, 26080
147721858233588, 147721858244580, 10992
147722099531904, 147722099536188, 4284
147722235132144, 147722235136648, 4504
147722370701596, 147722370705792, 4196
147722506342936, 147722506347504, 4568
147723258113716, 147723258124172, 10456
147701257127112, 147701257137496, 10384
147701257181924, 147701257189004, 7080
147701257216652, 147701257223912, 7260
147701257249336, 147701257256292, 6956
147701257362000, 147701257369060, 7060
147701257393964, 147701257400740, 6776
147703250466948, 147703250483116, 16168
147703276432684, 147703276436600, 3916
147703302294644, 147703302299160, 4516
147703328208720, 147703328213552, 4832
147703354174552, 147703354179464, 4912
147703380084492, 147703380089464, 4972
147703405966848, 147703405971432, 4584
147703431924456, 147703431929148, 4692
147703457779320, 147703457783984, 4664
147703483775020, 147703483780208, 5188
147703509714288, 147703509718900, 4612
147703535614480, 147703535619428, 4948
147703561583432, 147703561588008, 4576
147703587598904, 147703587603276, 4372
147703613385660, 147703613390372, 4712
147703639307932, 147703639312400, 4468
147703665253492, 147703665258156, 4664
147703691192720, 147703691197520, 4800
147703717059308, 147703717063756, 4448
147703743028280, 147703743033164, 4884
147703768947748, 147703768952712, 4964
147703794900560, 147703794905120, 4560
147703820783532, 147703820788196, 4664
147703846688660, 147703846693324, 4664
147703872702380, 147703872706112, 3732
147703898523036, 147703898527800, 4764
147703924433504, 147703924437156, 3652
147703950402760, 147703950406372, 3612
147703976296088, 147703976300856, 4768
147704002226000, 147704002230692, 4692
147704028170404, 147704028174188, 3784
147704054108584, 147704054113280, 4696
147704079999308, 147704080004192, 4884
147704105958492, 147704105963452, 4960
147704131857292, 147704131861776, 4484
147704157839360, 147704157843008, 3648
147704183697368, 147704183702180, 4812
147704209612600, 147704209617116, 4516
147704235622608, 147704235627468, 4860
147704261530464, 147704261535560, 5096
147704287388604, 147704287393488, 4884
147704313493144, 147704313497956, 4812
147704339248628, 147704339253000, 4372
147704365181456, 147704365186580, 5124
147704391085416, 147704391090648, 5232
147704417067628, 147704417072168, 4540
147704442974648, 147704442978452, 3804
147704468912872, 147704468917892, 5020
147704494773616, 147704494778392, 4776
147704520713880, 147704520718880, 5000
147705896718488, 147705896729336, 10848
147706098103400, 147706098108228, 4828
147706233712816, 147706233716556, 3740
147706369301928, 147706369305684, 3756
147707890891424, 147707890902344, 10920
147708485221300, 147708485225884, 4584
147708535036348, 147708535041020, 4672
147708584911344, 147708584916476, 5132
147710668781620, 147710668793396, 11776
147711506430184, 147711506434652, 4468
147711685951152, 147711685956036, 4884
147711865359860, 147711865364216, 4356
147712044808040, 147712044812492, 4452
147712224437116, 147712224448576, 11460
147712274200552, 147712274205236, 4684
147712324034064, 147712324038756, 4692
147712373920796, 147712373925364, 4568
147712423700064, 147712423704752, 4688
147712473593856, 147712473597576, 3720
147712523453248, 147712523458360, 5112
147712573332888, 147712573337220, 4332
147712623131056, 147712623197112, 66056
147712673005472, 147712673010516, 5044
147712722887500, 147712722892540, 5040
147712772743412, 147712772748540, 5128
147712822623140, 147712822628072, 4932
147712872476992, 147712872482032, 5040
147712922314908, 147712922319288, 4380
147712972134904, 147712972139400, 4496
147713021972388, 147713021976116, 3728
147713071822576, 147713071827124, 4548
147713121725220, 147713121730148, 4928
147713171628872, 147713171633760, 4888
147713221534652, 147713221538356, 3704
147713271315148, 147713271319632, 4484
147713321113528, 147713321118272, 4744
147713370976236, 147713370980908, 4672
147713420783908, 147713420789004, 5096
147713470726444, 147713470730172, 3728
147713520521728, 147713520526492, 4764
147713570391876, 147713570396540, 4664
147713620326260, 147713620331272, 5012
147713670049508, 147713670054584, 5076
147713719940908, 147713719945868, 4960
147713769827504, 147713769832396, 4892
147713819710736, 147713819715480, 4744
147713869525544, 147713869530328, 4784
147713919332508, 147713919337324, 4816
147713969187388, 147713969192144, 4756
147715865678272, 147715865689076, 10804
147716591609864, 147716591614384, 4520
147716651454400, 147716651459116, 4716
147716711377652, 147716711381540, 3888
147716771099004, 147716771103464, 4460
147716830886480, 147716830890916, 4436
147716890733224, 147716890736936, 3712
147716950559544, 147716950563964, 4420
147717010358368, 147717010362004, 3636
147717070197148, 147717070201676, 4528
147717130022908, 147717130027956, 5048
147717189835512, 147717189840104, 4592
147717249786780, 147717249798456, 11676
147717275726740, 147717275731488, 4748
147717301558540, 147717301563144, 4604
147717327484360, 147717327489292, 4932
147717353362752, 147717353366232, 3480
147717379345992, 147717379350472, 4480
147717405226324, 147717405231200, 4876
147717431192684, 147717431197368, 4684
147717457088072, 147717457092856, 4784
147717483027516, 147717483031016, 3500
147717508950924, 147717508955680, 4756
147717534835004, 147717534839444, 4440
147717560857984, 147717560862552, 4568
147717586716468, 147717586719960, 3492
147717612665864, 147717612669076, 3212
147717638581944, 147717638586460, 4516
147717664491804, 147717664495436, 3632
147717690384424, 147717690389360, 4936
147717716359156, 147717716363964, 4808
147717742282208, 147717742286688, 4480
147717768352032, 147717768356812, 4780
147717794145728, 147717794150236, 4508
147717820096588, 147717820101492, 4904
147717845997868, 147717846002540, 4672
147717871847292, 147717871851340, 4048
147717897746524, 147717897750852, 4328
147717923764452, 147717923768208, 3756
147717949597396, 147717949602240, 4844
147717975516068, 147717975519516, 3448
147718001451832, 147718001456620, 4788
147718027373056, 147718027377956, 4900
147718053398552, 147718053403168, 4616
147718079327332, 147718079331988, 4656
147718105141180, 147718105144764, 3584
147718131088544, 147718131092128, 3584
147718157004404, 147718157009040, 4636
147718182918860, 147718182923304, 4444
147718208849588, 147718208854380, 4792
147718234830752, 147718234835224, 4472
147718260701908, 147718260706380, 4472
147718286638092, 147718286642816, 4724
147718312653348, 147718312656864, 3516
147718338550420, 147718338555116, 4696
147718364395252, 147718364398776, 3524
147718390302128, 147718390306500, 4372
147718416281692, 147718416286612, 4920
147718442174040, 147718442178724, 4684
147718468226492, 147718468231472, 4980
147718494049296, 147718494052760, 3464
147718519917680, 147718519922476, 4796
147718545891056, 147718545895652, 4596
147718571777480, 147718571782156, 4676
147718597791040, 147718597795692, 4652
147718623648132, 147718623651564, 3432
147718649569472, 147718649574028, 4556
147718675618868, 147718675623604, 4736
147718701500776, 147718701505204, 4428
147718727432436, 147718727436060, 3624
147718753339036, 147718753343784, 4748
147718779200904, 147718779205696, 4792
147718805239528, 147718805244240, 4712
147718831111748, 147718831116480, 4732
147718857006796, 147718857011152, 4356
147718883021828, 147718883026424, 4596
147718908947952, 147718908952692, 4740
147718934839996, 147718934844680, 4684
147718960797148, 147718960802100, 4952
147718986694512, 147718986697784, 3272
147719012603884, 147719012608596, 4712
147719038452420, 147719038457060, 4640
147719064398176, 147719064402700, 4524
147719090496088, 147719090501052, 4964
147719116282560, 147719116286176, 3616
147719142237264, 147719142242152, 4888
147719168075124, 147719168079648, 4524
147719194064472, 147719194069236, 4764
147719220081360, 147719220084804, 3444
147719245906780, 147719245911532, 4752
147719271871292, 147719271875744, 4452
147719297775256, 147719297779772, 4516
147719323625364, 147719323630232, 4868
147719349633720, 147719349638800, 5080
147719375500528, 147719375505280, 4752
147719401402256, 147719401444788, 42532
147719427340696, 147719427345772, 5076
147719453325200, 147719453329988, 4788
147719479232264, 147719479237016, 4752
147719505189864, 147719505193400, 3536
147719531085664, 147719531090204, 4540
147719556983752, 147719556988356, 4604
147719582926856, 147719582931640, 4784
147719608790172, 147719608794736, 4564
147719634756580, 147719634761056, 4476
147719660714952, 147719660719428, 4476
147719686551204, 147719686556184, 4980
147719712521532, 147719712526808, 5276
147719738466296, 147719738471236, 4940
147719764404636, 147719764409420, 4784
147719790323284, 147719790328012, 4728
147719816162060, 147719816166712, 4652
147719842225232, 147719842229988, 4756
147719868178288, 147719868183012, 4724
147719893994704, 147719893999328, 4624
147719919865004, 147719919868508, 3504
147719945934416, 147719945939020, 4604
147719971741896, 147719971746604, 4708
147719997656620, 147719997661352, 4732
147720023631920, 147720023636776, 4856
147720049493540, 147720049498300, 4760
147720075455256, 147720075459464, 4208
147720101455508, 147720101460216, 4708
147720127416988, 147720127421708, 4720
147720153278288, 147720153282500, 4212
147720179259140, 147720179263436, 4296
147720205090736, 147720205095624, 4888
147720231063080, 147720231067680, 4600
147720256907080, 147720256911860, 4780
147720282849864, 147720282854288, 4424
147720308891704, 147720308896384, 4680
147720334675456, 147720334680540, 5084
147720360584988, 147720360589596, 4608
147720386602796, 147720386607348, 4552
147720412435956, 147720412440888, 4932
147720438354312, 147720438358964, 4652
147720464389148, 147720464393556, 4408
147720490254916, 147720490259704, 4788
147720516160060, 147720516163432, 3372
147720542067588, 147720542072420, 4832
147720568069612, 147720568073324, 3712
147720593992440, 147720593996928, 4488
147720619978336, 147720619983096, 4760
147720645784588, 147720645789076, 4488
147720671768552, 147720671771960, 3408
147720697660812, 147720697665596, 4784
147720723591168, 147720723596168, 5000
147721850304884, 147721850316060, 11176
147722344892572, 147722344896948, 4376
147722394775012, 147722394778788, 3776
147722444634572, 147722444639044, 4472
147722494381056, 147722494385636, 4580
147722544241480, 147722544246032, 4552
147722594103716, 147722594107612, 3896
147723425035276, 147723425046532, 11256
