146020435074864, 146020435086984, 12120
146021693995712, 146021694007760, 12048
146023048680392, 146023048684440, 4048
146024403516308, 146024403520560, 4252
146025758308736, 146025758313468, 4732
146027112960864, 146027112965076, 4212
146028467683700, 146028467688364, 4664
146029822365484, 146029822369928, 4444
146031177090064, 146031177094548, 4484
146032531808772, 146032531813068, 4296
146033886658788, 146033886663412, 4624
146035241330752, 146035241335608, 4856
146036596032300, 146036596036688, 4388
146037950776312, 146037950781052, 4740
146039305524344, 146039305558136, 33792
146040660225940, 146040660229992, 4052
146020401305792, 146020401316520, 10728
146021783755372, 146021783767500, 12128
146023228274552, 146023228279052, 4500
146024672750844, 146024672755212, 4368
146026117309428, 146026117313732, 4304
146027561805764, 146027561810024, 4260
146029006327620, 146029006331920, 4300
146030450868264, 146030450872640, 4376
146031895457820, 146031895462160, 4340
146033339966504, 146033339971276, 4772
146034784532132, 146034784536712, 4580
146036228996964, 146036229001184, 4220
146037673561420, 146037673565840, 4420
146039118021420, 146039118025584, 4164
146040562505836, 146040562510136, 4300
146020391180284, 146020391192856, 12572
146021803738964, 146021803750700, 11736
146023268234384, 146023268238288, 3904
146024732625108, 146024732629528, 4420
146026197143020, 146026197147544, 4524
146027661648488, 146027661653124, 4636
146029126042644, 146029126046792, 4148
146030590507112, 146030590511232, 4120
146032055101488, 146032055105952, 4464
146033519493212, 146033519497432, 4220
146034984033136, 146034984037340, 4204
146036448443024, 146036448446816, 3792
146037912866764, 146037912870792, 4028
146039377349144, 146039377353600, 4456
146040841816536, 146040841820964, 4428
146018345021584, 146018345032632, 11048
146018345084340, 146018345091400, 7060
146018345108920, 146018345115652, 6732
146018345201896, 146018345208864, 6968
146018345253460, 146018345260600, 7140
146018345282028, 146018345288816, 6788
146020339311084, 146020339324168, 13084
146021257130712, 146021257142928, 12216
146022174801912, 146022174814816, 12904
146023092612948, 146023092617428, 4480
146024010353976, 146024010357820, 3844
146024928155032, 146024928159356, 4324
146025845967896, 146025845972364, 4468
146026763820800, 146026763825288, 4488
146027681585948, 146027681590084, 4136
146028599380348, 146028599384564, 4216
146029517100444, 146029517104700, 4256
146030434921684, 146030434925728, 4044
146031352670436, 146031352674664, 4228
146032270455300, 146032270459496, 4196
146033188307848, 146033188311868, 4020
146034106136128, 146034106140536, 4408
146035023823832, 146035023828168, 4336
146035941684996, 146035941689056, 4060
146036859406624, 146036859411148, 4524
146037777231348, 146037777235084, 3736
146038695080024, 146038695084348, 4324
146039612854504, 146039612858508, 4004
146040530558792, 146040530562900, 4108
