146020435071628, 146020435074664, 3036
146021693990364, 146021693995508, 5144
146023048673280, 146023048680172, 6892
146024403508772, 146024403516104, 7332
146025758301764, 146025758308512, 6748
146027112953716, 146027112960648, 6932
146028467676464, 146028467683488, 7024
146029822358532, 146029822365268, 6736
146031177082944, 146031177089864, 6920
146032531802096, 146032531808560, 6464
146033886651848, 146033886658572, 6724
146035241323940, 146035241330536, 6596
146036596025028, 146036596032084, 7056
146037950768856, 146037950776096, 7240
146039305517268, 146039305524128, 6860
146040660218568, 146040660225744, 7176
146016312975568, 146016312983952, 8384
146016319947284, 146016319955528, 8244
146020401302312, 146020401305600, 3288
146021783747852, 146021783755176, 7324
146023228269804, 146023228274356, 4552
146024672743372, 146024672750628, 7256
146026117303648, 146026117309212, 5564
146027561798588, 146027561805552, 6964
146029006320624, 146029006327404, 6780
146030450862940, 146030450868048, 5108
146031895452976, 146031895457608, 4632
146033339959244, 146033339966276, 7032
146034784525060, 146034784531916, 6856
146036228992036, 146036228996768, 4732
146037673556608, 146037673561204, 4596
146039118016492, 146039118021200, 4708
146040562498976, 146040562505620, 6644
146016328024568, 146016328032820, 8252
146020391176704, 146020391180092, 3388
146021803731280, 146021803738768, 7488
146023268227896, 146023268234188, 6292
146024732618268, 146024732624896, 6628
146026197138252, 146026197142808, 4556
146027661641344, 146027661648268, 6924
146029126035564, 146029126042428, 6864
146030590499388, 146030590506896, 7508
146032055095924, 146032055101268, 5344
146033519486512, 146033519492996, 6484
146034984028232, 146034984032920, 4688
146036448436228, 146036448442816, 6588
146037912859160, 146037912866548, 7388
146039377341536, 146039377348932, 7396
146040841806332, 146040841813468, 7136
146016336598504, 146016336607164, 8660
146016352498884, 146016352507896, 9012
146018345017064, 146018345021324, 4260
146018345080520, 146018345084144, 3624
146018345107104, 146018345108724, 1620
146018345198748, 146018345201700, 2952
146018345250808, 146018345253268, 2460
146018345277372, 146018345281836, 4464
146020339303352, 146020339310892, 7540
146021257125436, 146021257130516, 5080
146022174793708, 146022174801696, 7988
146023092605248, 146023092612736, 7488
146024010349048, 146024010353764, 4716
146024928148348, 146024928154812, 6464
146025845960276, 146025845967680, 7404
146026763814696, 146026763820584, 5888
146027681580696, 146027681585732, 5036
146028599373996, 146028599380132, 6136
146029517092916, 146029517100252, 7336
146030434914764, 146030434921476, 6712
146031352663880, 146031352670220, 6340
146032270448040, 146032270455108, 7068
146033188300748, 146033188307632, 6884
146034106129280, 146034106135904, 6624
146035023817036, 146035023823616, 6580
146035941678560, 146035941684772, 6212
146036859399984, 146036859406408, 6424
146037777224372, 146037777231136, 6764
146038695063076, 146038695079808, 16732
146039612847800, 146039612854288, 6488
146040530551868, 146040530558576, 6708
