41005837730124, 41005837743992, 13868
41006020518492, 41006020529252, 10760
41006140232120, 41006140243452, 11332
41006834305332, 41006834314032, 8700
41006843774872, 41006843782472, 7600
41006949671156, 41006949679296, 8140
41007375306164, 41007375317448, 11284
41008069366368, 41008069375284, 8916
41008157425488, 41008157433140, 7652
41009005364388, 41009005376072, 11684
41009500176064, 41009500186244, 10180
41009737242616, 41009737250632, 8016
41009941066820, 41009941078364, 11544
41010425910276, 41010425920384, 10108
41011832515060, 41011832525900, 10840
41012755367288, 41012755375780, 8492
41013075558256, 41013075569924, 11668
41013181425280, 41013181433576, 8296
41013883587124, 41013883598540, 11416
41014279812476, 41014279821168, 8692
41014299306692, 41014299314144, 7452
41014711331448, 41014711340116, 8668
41014731815620, 41014731823408, 7788
41014837691544, 41014837699020, 7476
41015852820152, 41015852830820, 10668
41019843203640, 41019843214392, 10752
41020666536248, 41020666545972, 9724
41021761246776, 41021761254940, 8164
41021851416404, 41021851424564, 8160
41022516583636, 41022516592292, 8656
41023060786832, 41023060794948, 8116
41023081243476, 41023081251492, 8016
41024175400516, 41024175408928, 8412
41024408664908, 41024408673088, 8180
41025144102424, 41025144113032, 10608
41025495842728, 41025495850896, 8168
41025898654708, 41025898671208, 16500
41026185939172, 41026185949680, 10508
41002810844400, 41002810854952, 10552
41002810885452, 41002810892408, 6956
41002810917904, 41002810925188, 7284
41002810948272, 41002810955580, 7308
41002810979068, 41002810985888, 6820
41002811003960, 41002811010092, 6132
41002811030588, 41002811037468, 6880
41002811055792, 41002811062020, 6228
41002811082512, 41002811089548, 7036
41002811106912, 41002811113088, 6176
41002811133368, 41002811140604, 7236
41002811162932, 41002811169740, 6808
41002811192784, 41002811199960, 7176
41002811217272, 41002811223444, 6172
41002811243892, 41002811250484, 6592
41002811268656, 41002811274956, 6300
41002811295904, 41002811302908, 7004
41002811320332, 41002811326812, 6480
41002811347232, 41002811354072, 6840
41002811376008, 41002811383144, 7136
41002811400116, 41002811405980, 5864
41004805553492, 41004805566780, 13288
41004805583604, 41004805591144, 7540
41004805604300, 41004805610944, 6644
41004805624016, 41004805630984, 6968
41004805643876, 41004805651044, 7168
41004805662976, 41004805669792, 6816
41004805682444, 41004805689196, 6752
41004805701684, 41004805708136, 6452
41004805720968, 41004805727544, 6576
41004805739052, 41004805745968, 6916
41004805757984, 41004805764556, 6572
41004805776304, 41004805782820, 6516
41004805795064, 41004805801528, 6464
41004805813788, 41004805820424, 6636
41005503830950, 41005503865128, 34178
41005996577872, 41005996588432, 10560
41006347559404, 41006347568692, 9288
41006891268636, 41006891276904, 8268
41007445138224, 41007445148884, 10660
41007634675584, 41007634687432, 11848
41007871827972, 41007871836440, 8468
41007881292700, 41007881299780, 7080
41008424934872, 41008424943832, 8960
41008776524148, 41008776532696, 8548
41009067207628, 41009067219056, 11428
41009610714976, 41009610723436, 8460
41009962269984, 41009962278320, 8336
41011816552180, 41011816562904, 10724
41013175318728, 41013175328036, 9308
41013185278372, 41013185285832, 7460
41013581485736, 41013581493980, 8244
41013767908832, 41013767919876, 11044
41013875583496, 41013875595464, 11968
41014569400348, 41014569409216, 8868
41014994117124, 41014994125468, 8344
41015280689600, 41015280697640, 8040
41016133685040, 41016133694064, 9024
41016153168564, 41016153175484, 6920
41017006739580, 41017006748188, 8608
41017027192608, 41017027199572, 6964
41019835223420, 41019835234724, 11304
41022777025756, 41022777035632, 9876
41022978806444, 41022978814916, 8472
41023390211628, 41023390220356, 8728
41024055300176, 41024055307576, 7400
41024257060348, 41024257068992, 8644
41025150466860, 41025150476968, 10108
41026187932876, 41026187944220, 11344
41005860898764, 41005860910400, 11636
41006238010616, 41006238021232, 10616
41006445536948, 41006445545280, 8332
41007443130700, 41007443140740, 10040
41007660614344, 41007660625604, 11260
41008326000520, 41008326009308, 8788
41008345489516, 41008345496660, 7144
41008435556100, 41008435563656, 7556
41008456028128, 41008456035264, 7136
41008562518240, 41008562525896, 7656
41008997369500, 41008997378424, 8924
41009732688836, 41009732697372, 8536
41010242361268, 41010242372292, 11024
41010666720680, 41010666729356, 8676
41010757361420, 41010757368940, 7520
41010766813416, 41010766821176, 7760
41011310444440, 41011310453004, 8564
41012405042508, 41012405051248, 8740
41012592707204, 41012592718980, 11776
41013286752400, 41013286760820, 8420
41014055171656, 41014055183092, 11436
41014720501488, 41014720509640, 8152
41014729963404, 41014729970296, 6892
41015465203612, 41015465211632, 8020
41016264144864, 41016264153092, 8228
41016807855560, 41016807863056, 7496
41017045005880, 41017045014312, 8432
41019823263712, 41019823274576, 10864
41022992925852, 41022992935252, 9400
41023082975900, 41023082984420, 8520
41023818478820, 41023818487072, 8252
41023906538096, 41023906546152, 8056
41024258231100, 41024258239628, 8528
41025352643748, 41025352652436, 8688
41025528437788, 41025528451288, 13500
41004839407656, 41004839445992, 38336
41005729271268, 41005729280712, 9444
41006393414680, 41006393423532, 8852
41006482006380, 41006482014060, 7680
41006893279620, 41006893287620, 8000
41007824180744, 41007824191888, 11144
41008175130932, 41008175139160, 8228
41008586903176, 41008586910816, 7640
41009097131768, 41009097139664, 7896
41009116590072, 41009116597480, 7408
41009404406684, 41009404414968, 8284
41010912758668, 41010912769068, 10400
41011257934548, 41011257944528, 9980
41011494948848, 41011494957588, 8740
41011702334692, 41011702342368, 7676
41011722370064, 41011722377844, 7780
41012133798344, 41012133807436, 9092
41012179673408, 41012179680812, 7404
41012416762696, 41012416771252, 8556
41012841592656, 41012841600524, 7868
41012861067560, 41012861074620, 7060
41013272707584, 41013272716328, 8744
41013613797096, 41013613805208, 8112
41013945422324, 41013945434104, 11780
41014843277292, 41014843289144, 11852
41015386635788, 41015386644680, 8892
41015575538716, 41015575550648, 11932
41015926568712, 41015926577888, 9176
41016690833732, 41016690845504, 11772
41016700839288, 41016700847612, 8324
41017223555436, 41017223566412, 10976
41018075953892, 41018075962352, 8460
41018312830420, 41018312838456, 8036
41018400831204, 41018400838880, 7676
41018752215040, 41018752223840, 8800
41019416316628, 41019416325564, 8936
41020510642508, 41020510651772, 9264
41021363519936, 41021363528612, 8676
41021452111388, 41021452119316, 7928
41021863458992, 41021863467324, 8332
41021872923336, 41021872931000, 7664
41022224472080, 41022224480744, 8664
41023023240184, 41023023248804, 8620
41023042715612, 41023042722488, 6876
41023393514956, 41023393523284, 8328
41023601400756, 41023601407972, 7216
41023680004516, 41023680011580, 7064
41023699459488, 41023699466336, 6848
41024419214864, 41024419223056, 8192
41024537902276, 41024537909288, 7012
41024557358596, 41024557365172, 6576
41024646615504, 41024646623192, 7688
41024656075264, 41024656081980, 6716
41025454915948, 41025454923760, 7812
41026223844756, 41026223860108, 15352
