41000687221420, 41000687229928, 8508
41000728239192, 41000728247644, 8452
41000836427660, 41000836436464, 8804
41005837726688, 41005837729932, 3244
41005837749076, 41005837756116, 7040
41006140228752, 41006140231852, 3100
41006834295112, 41006834305072, 9960
41006843767364, 41006843774676, 7312
41006949662668, 41006949670964, 8296
41007375301296, 41007375305952, 4656
41008069357700, 41008069366144, 8444
41008157417252, 41008157425292, 8040
41009005360968, 41009005364172, 3204
41009500172920, 41009500175852, 2932
41009737234776, 41009737242420, 7644
41009941063876, 41009941066588, 2712
41010425907440, 41010425910088, 2648
41011832511944, 41011832514760, 2816
41012257461116, 41012257473812, 12696
41012755358596, 41012755366984, 8388
41013075555168, 41013075558044, 2876
41013181417228, 41013181425088, 7860
41013883567696, 41013883586536, 18840
41014279796992, 41014279812288, 15296
41014299295036, 41014299306500, 11464
41014711318840, 41014711331256, 12416
41014731804444, 41014731815428, 10984
41014837680196, 41014837691352, 11156
41015852816868, 41015852819812, 2944
41016546848972, 41016546854380, 5408
41019843200532, 41019843203444, 2912
41020255132988, 41020255138948, 5960
41020666528684, 41020666535868, 7184
41021761239436, 41021761246576, 7140
41021851407588, 41021851415868, 8280
41022516577392, 41022516583432, 6040
41023060777812, 41023060786604, 8792
41023081235924, 41023081243280, 7356
41024175394268, 41024175400304, 6036
41024408656596, 41024408664716, 8120
41025144093516, 41025144102132, 8616
41025495838684, 41025495842452, 3768
41025898650088, 41025898654492, 4404
41026185935552, 41026185938984, 3432
41000655092976, 41000655101480, 8504
41000678841708, 41000678849976, 8268
41000695189372, 41000695198044, 8672
41000711724200, 41000711732536, 8336
41000745195588, 41000745209168, 13580
41000761574580, 41000761583856, 9276
41000836286272, 41000836294672, 8400
41002810838692, 41002810844116, 5424
41002810882228, 41002810885244, 3016
41002810915148, 41002810917700, 2552
41002810945500, 41002810948060, 2560
41002810976028, 41002810978860, 2832
41002811002220, 41002811003756, 1536
41002811027756, 41002811030380, 2624
41002811054152, 41002811055588, 1436
41002811080004, 41002811082300, 2296
41002811105208, 41002811106708, 1500
41002811130804, 41002811133160, 2356
41002811160104, 41002811162728, 2624
41002811190084, 41002811192580, 2496
41002811215708, 41002811217072, 1364
41002811241284, 41002811243688, 2404
41002811267096, 41002811268452, 1356
41002811292964, 41002811295700, 2736
41002811318764, 41002811320124, 1360
41002811344700, 41002811347028, 2328
41002811373556, 41002811375808, 2252
41002811398536, 41002811399916, 1380
41004805548628, 41004805553284, 4656
41004805571668, 41004805583404, 11736
41004805594692, 41004805604104, 9412
41004805614808, 41004805623820, 9012
41004805634924, 41004805643684, 8760
41004805654716, 41004805662780, 8064
41004805673440, 41004805682244, 8804
41004805693004, 41004805701488, 8484
41004805712436, 41004805720784, 8348
41004805731268, 41004805738868, 7600
41004805749628, 41004805757788, 8160
41004805768068, 41004805776116, 8048
41004805786844, 41004805794868, 8024
41004805805796, 41004805813596, 7800
41005503823290, 41005503830616, 7326
41005996573192, 41005996577668, 4476
41006347546608, 41006347559144, 12536
41006891256980, 41006891268440, 11460
41007445134692, 41007445138020, 3328
41007634672472, 41007634675384, 2912
41007871817252, 41007871827784, 10532
41007881286248, 41007881292512, 6264
41008424926716, 41008424934688, 7972
41008776516592, 41008776523952, 7360
41009067201136, 41009067207420, 6284
41009610702440, 41009610714788, 12348
41009961700372, 41009962269796, 569424
41011816548676, 41011816551976, 3300
41012212850388, 41012212856700, 6312
41012608550928, 41012608556028, 5100
41013175315944, 41013175318520, 2576
41013185276612, 41013185278176, 1564
41013581478012, 41013581485540, 7528
41013767905576, 41013767908628, 3052
41013875580224, 41013875583292, 3068
41014569390536, 41014569400128, 9592
41014994109140, 41014994116932, 7792
41015280682552, 41015280689404, 6852
41016133678516, 41016133684788, 6272
41016153161600, 41016153168368, 6768
41017006730984, 41017006739388, 8404
41017027185508, 41017027192412, 6904
41019835219968, 41019835223188, 3220
41020570493772, 41020570500488, 6716
41021305755316, 41021305760656, 5340
41022041155224, 41022041159968, 4744
41022777018820, 41022777025524, 6704
41022978796652, 41022978806256, 9604
41023390203432, 41023390211436, 8004
41024055293052, 41024055299996, 6944
41024257053108, 41024257060156, 7048
41025150463892, 41025150466652, 2760
41026187929132, 41026187932664, 3532
41000836471436, 41000836480004, 8568
41005860895468, 41005860898560, 3092
41005860915464, 41005860921300, 5836
41006238006652, 41006238010424, 3772
41006445526300, 41006445536732, 10432
41007443128036, 41007443130488, 2452
41007660611276, 41007660614136, 2860
41008325991440, 41008326000272, 8832
41008345482356, 41008345489324, 6968
41008435548028, 41008435555904, 7876
41008456020696, 41008456027932, 7236
41008562511472, 41008562518044, 6572
41008997366212, 41008997369316, 3104
41009732679832, 41009732688640, 8808
41010242357972, 41010242361052, 3080
41010666711032, 41010666720488, 9456
41010757353848, 41010757361228, 7380
41010766805248, 41010766813220, 7972
41011310436884, 41011310444228, 7344
41012405035564, 41012405042324, 6760
41012592704084, 41012592706988, 2904
41013286743040, 41013286752088, 9048
41014055168460, 41014055171456, 2996
41014720492356, 41014720501280, 8924
41014729956740, 41014729963208, 6468
41015465195820, 41015465203400, 7580
41016264135916, 41016264144676, 8760
41016807845784, 41016807855276, 9492
41017044997596, 41017045005680, 8084
41019823260452, 41019823263500, 3048
41020219583912, 41020219590240, 6328
41020615383472, 41020615388216, 4744
41021011716420, 41021011721016, 4596
41021407507332, 41021407511924, 4592
41021803949296, 41021803954280, 4984
41022200346024, 41022200350796, 4772
41022596615176, 41022596619780, 4604
41022992919056, 41022992925668, 6612
41023082967100, 41023082975716, 8616
41023818470772, 41023818478628, 7856
41023906530068, 41023906537896, 7828
41024258223052, 41024258230908, 7856
41025352636208, 41025352643560, 7352
41025528433788, 41025528437548, 3760
41000836467012, 41000836474768, 7756
41004839402590, 41004839407324, 4734
41005729265764, 41005729271072, 5308
41006393404100, 41006393414484, 10384
41006481997688, 41006482006180, 8492
41006893271616, 41006893279420, 7804
41007824177480, 41007824180544, 3064
41008175122736, 41008175130732, 7996
41008586896064, 41008586902972, 6908
41009097129112, 41009097131572, 2460
41009116581016, 41009116589872, 8856
41009404404076, 41009404406488, 2412
41010912755384, 41010912758476, 3092
41011257929232, 41011257934356, 5124
41011494933992, 41011494948632, 14640
41011702322792, 41011702334488, 11696
41011722358080, 41011722369860, 11780
41012133788740, 41012133798140, 9400
41012179671892, 41012179673212, 1320
41012416755720, 41012416762496, 6776
41012841584312, 41012841592448, 8136
41012861061672, 41012861067356, 5684
41013272699660, 41013272707384, 7724
41013613789288, 41013613796900, 7612
41013945418484, 41013945422120, 3636
41014843274296, 41014843277096, 2800
41015386626688, 41015386635588, 8900
41015575535736, 41015575538520, 2784
41015926559160, 41015926568512, 9352
41016690830564, 41016690833540, 2976
41016700829844, 41016700839084, 9240
41017223552408, 41017223555240, 2832
41018075944148, 41018075953692, 9544
41018312821380, 41018312830220, 8840
41018400823040, 41018400830996, 7956
41018752207284, 41018752214836, 7552
41019416308304, 41019416316420, 8116
41020510635348, 41020510642296, 6948
41021363512960, 41021363519732, 6772
41021452103164, 41021452111188, 8024
41021863449996, 41021863458796, 8800
41021872916060, 41021872923128, 7068
41022224463920, 41022224471876, 7956
41023023232156, 41023023239988, 7832
41023042709304, 41023042715412, 6108
41023393506948, 41023393514756, 7808
41023601393716, 41023601400552, 6836
41023680003160, 41023680004312, 1152
41023699453688, 41023699459296, 5608
41024419208012, 41024419214660, 6648
41024537900864, 41024537902080, 1216
41024557353268, 41024557358392, 5124
41024646608500, 41024646615304, 6804
41024656069120, 41024656075060, 5940
41025454908136, 41025454915748, 7612
41026223840264, 41026223844560, 4296
