147859496487468, 147859496499004, 11536
147859548763740, 147859548776932, 13192
147860287237564, 147860287248572, 11008
147860446917228, 147860446927160, 9932
147860512574624, 147860512586376, 11752
147860614319820, 147860614331848, 12028
147860741906436, 147860741917360, 10924
147860760627800, 147860760636088, 8288
147860763184852, 147860763195220, 10368
147860797807740, 147860797817996, 10256
147860805880960, 147860805893208, 12248
147860841664608, 147860841676452, 11844
147860885568536, 147860885578772, 10236
147860897516180, 147860897524852, 8672
147860929394164, 147860929405440, 11276
147860971351544, 147860971362668, 11124
147861461826944, 147861461836652, 9708
147861774921648, 147861774925432, 3784
147862159888896, 147862159892916, 4020
147862367366112, 147862367375792, 9680
147862373126124, 147862373133292, 7168
147862391929376, 147862391939856, 10480
147862552633616, 147862552644976, 11360
147862696231364, 147862696242668, 11304
147862851801280, 147862851812536, 11256
147862908022192, 147862908031152, 8960
147862921600308, 147862921609604, 9296
147862971549744, 147862971554724, 4980
147863017407008, 147863017417628, 10620
147863039707536, 147863039716920, 9384
147863050499124, 147863050506620, 7496
147863119055788, 147863119066784, 10996
147863162944520, 147863162955364, 10844
147863292497088, 147863292508184, 11096
147863414226516, 147863414237440, 10924
147863519839988, 147863519844588, 4600
147865412327368, 147865412337160, 9792
147866427357224, 147866427368704, 11480
147866545059712, 147866545071708, 11996
147866574264836, 147866574275192, 10356
147866684677212, 147866684688640, 11428
147866802299636, 147866802311564, 11928
147866919988836, 147866920000216, 11380
147866939920348, 147866939929336, 8988
147867031697256, 147867031707840, 10584
147867133319620, 147867133330824, 11204
147867235052300, 147867235064196, 11896
147868641902096, 147868641913312, 11216
147869352926340, 147869352938160, 11820
147869388818876, 147869388823652, 4776
147869414563788, 147869414573592, 9804
147869424655468, 147869424666948, 11480
147869460568452, 147869460573372, 4920
147869496469356, 147869496472964, 3608
147869532499160, 147869532503912, 4752
147869568283652, 147869568288460, 4808
147869604215636, 147869604220608, 4972
147869640049476, 147869640054180, 4704
147870018911636, 147870018921744, 10108
147870100755132, 147870100765636, 10504
147870150622460, 147870150633896, 11436
147870278148028, 147870278159240, 11212
147870288951864, 147870288959908, 8044
147870383862988, 147870383873348, 10360
147870417805988, 147870417817576, 11588
147870545389756, 147870545400600, 10844
147870649108828, 147870649120220, 11392
147870718887068, 147870718898180, 11112
147870800657712, 147870800667748, 10036
147870808625240, 147870808633880, 8640
147870846579812, 147870846591792, 11980
147870950218300, 147870950229772, 11472
147870968197040, 147870968209264, 12224
147871395027604, 147871395038684, 11080
147871517742184, 147871517754568, 12384
147872569477904, 147872569481884, 3980
147873331367596, 147873331379080, 11484
147873427035868, 147873427047424, 11556
147873476883444, 147873476948464, 65020
147875421180816, 147875421191584, 10768
147875706402344, 147875706414264, 11920
147875764204572, 147875764215768, 11196
147875816061792, 147875816072848, 11056
147875957608040, 147875957618524, 10484
147875960129036, 147875960136896, 7860
147876033382124, 147876033393920, 11796
147876087327832, 147876087339768, 11936
147876214880932, 147876214893308, 12376
147876304627088, 147876304638572, 11484
147876336598576, 147876336609468, 10892
147876464167340, 147876464178284, 10944
147876482971540, 147876482980008, 8468
147876504069360, 147876504079960, 10600
147876591777436, 147876591789116, 11680
147876613823132, 147876613834068, 10936
147876693489104, 147876693500872, 11768
147876815136820, 147876815148536, 11716
147876855110520, 147876855121364, 10844
147876883689512, 147876883700060, 10548
147876942748652, 147876942758956, 10304
147876986690272, 147876986701996, 11724
147877026628144, 147877026638636, 10492
147877030529684, 147877030541764, 12080
147877047867992, 147877047876484, 8492
147877074422804, 147877074434080, 11276
147877124240360, 147877124251308, 10948
147877415430072, 147877415440148, 10076
147877600868088, 147877600873160, 5072
147877644862968, 147877644866520, 3552
147878113404276, 147878113414536, 10260
147878601930112, 147878601941244, 11132
147878925067540, 147878925072228, 4688
147879066577168, 147879066588980, 11812
147879224307168, 147879224319348, 12180
147879287942236, 147879287953424, 11188
147879310311944, 147879310322132, 10188
147879382666600, 147879382676356, 9756
147879439598680, 147879439610292, 11612
147859495608880, 147859495625080, 16200
147859525473480, 147859525485984, 12504
147859569433472, 147859569446144, 12672
147860404891528, 147860404902200, 10672
147860885517528, 147860885559884, 42356
147860973279948, 147860973291008, 11060
147861114984148, 147861114995168, 11020
147861224578064, 147861224588580, 10516
147861227084720, 147861227092912, 8192
147861302319968, 147861302331408, 11440
147861400115544, 147861400126328, 10784
147861455839984, 147861455851672, 11688
147861587453276, 147861587465240, 11964
147861627355876, 147861627367060, 11184
147861638134536, 147861638142692, 8156
147861808890728, 147861808901084, 10356
147861936485344, 147861936496656, 11312
147862064092224, 147862064103248, 11024
147862095984396, 147862095993560, 9164
147862118243248, 147862118252984, 9736
147862209808028, 147862209820052, 12024
147862245644708, 147862245655756, 11048
147862289438508, 147862289450172, 11664
147862385149972, 147862385161784, 11812
147862395927392, 147862395935408, 8016
147862454942024, 147862454954448, 12424
147862508828936, 147862508840152, 11216
147862526126952, 147862526136332, 9380
147862552623064, 147862552633480, 10416
147862596616056, 147862596620904, 4848
147863424115384, 147863424119648, 4264
147867153274720, 147867153278788, 4068
147870196402372, 147870196406428, 4056
147870918318584, 147870918323300, 4716
147871018069588, 147871018080692, 11104
147871063889124, 147871063943788, 54664
147871129772548, 147871129783460, 10912
147871239394044, 147871239429988, 35944
147871297220876, 147871297232424, 11548
147871347144004, 147871347148940, 4936
147871396922564, 147871396933988, 11424
147871446772376, 147871446777120, 4744
147871496811780, 147871496816516, 4736
147871616267372, 147871616277888, 10516
147871696080192, 147871696091452, 11260
147871771904240, 147871771915752, 11512
147871853611568, 147871853622184, 10616
147871913484124, 147871913495464, 11340
147872015105016, 147872015116052, 11036
147872060976032, 147872060986836, 10804
147872098868564, 147872098879860, 11296
147872238511116, 147872238521824, 10708
147872415952120, 147872415963384, 11264
147872438230884, 147872438240440, 9556
147872439824516, 147872439831612, 7096
147872462066596, 147872462076140, 9544
147872561525080, 147872561536104, 11024
147872671207644, 147872671218520, 10876
147872687131728, 147872687143584, 11856
147872782898796, 147872782910824, 12028
147872795851864, 147872795860732, 8868
147872798373472, 147872798381188, 7716
147872818723520, 147872818733936, 10416
147872862655792, 147872862668052, 12260
147872888558064, 147872888569428, 11364
147872924456808, 147872924467768, 10960
147872950388720, 147872950398320, 9600
147872994308204, 147872994312436, 4232
147873129955228, 147873129965852, 10624
147873313489120, 147873313500688, 11568
147873345348944, 147873345361236, 12292
147873351565084, 147873351573092, 8008
147873389231448, 147873389242804, 11356
147873406562860, 147873406571388, 8528
147873432979280, 147873432990764, 11484
147873462957892, 147873462968704, 10812
147873520746184, 147873520758112, 11928
147873550659428, 147873550670820, 11392
147873610551324, 147873610562448, 11124
147873732196360, 147873732206984, 10624
147873901643528, 147873901654192, 10664
147874015277440, 147874015288136, 10696
147874184858240, 147874184869516, 11276
147874312440016, 147874312451140, 11124
147874442051084, 147874442061784, 10700
147874583721328, 147874583731804, 10476
147874767149384, 147874767161004, 11620
147874769661536, 147874769669316, 7780
147874896825528, 147874896836276, 10748
147874919030704, 147874919040912, 10208
147874940617528, 147874940628268, 10740
147875022372148, 147875022383784, 11636
147875051519780, 147875051529432, 9652
147875054269984, 147875054282068, 12084
147875144007684, 147875144023636, 15952
147875387316612, 147875387327428, 10816
147875818028760, 147875818032780, 4020
147876021439344, 147876021450056, 10712
147876107170840, 147876107181632, 10792
147876248865208, 147876248875388, 10180
147876390458480, 147876390468708, 10228
147876500128856, 147876500139748, 10892
147876532014056, 147876532026176, 12120
147876621703784, 147876621714144, 10360
147876795217128, 147876795227476, 10348
147876797730240, 147876797737848, 7608
147876906915168, 147876906926844, 11676
147877052446192, 147877052458356, 12164
147877118259920, 147877118270240, 10320
147877162141312, 147877162151900, 10588
147877182171112, 147877182182940, 11828
147877206051872, 147877206063748, 11876
147877293834404, 147877293839284, 4880
147877321760200, 147877321771296, 11096
147877337651784, 147877337663112, 11328
147877395550804, 147877395562436, 11632
147877463234868, 147877463245340, 10472
147877598907652, 147877598917992, 10340
147877740473492, 147877740485080, 11588
147877783188756, 147877783197792, 9036
147877896016724, 147877896028452, 11728
147877918336768, 147877918346928, 10160
147878009733780, 147878009745120, 11340
147878039581688, 147878039592700, 11012
147878083491176, 147878083496112, 4936
147878123342504, 147878123352584, 10080
147878173198392, 147878173209648, 11256
147878237016148, 147878237026824, 10676
147878793378172, 147878793388576, 10404
147879047992804, 147879048003064, 10260
147879070235848, 147879070245780, 9932
147879092538736, 147879092550844, 12108
147879146375552, 147879146387716, 12164
147879178294212, 147879178305824, 11612
147879274072840, 147879274084192, 11352
147879343792304, 147879343803652, 11348
147879355787748, 147879355799076, 11328
147879487462196, 147879487473864, 11668
147857487868688, 147857487879332, 10644
147857487915968, 147857487923092, 7124
147857487951392, 147857487958840, 7448
147857487986292, 147857487993660, 7368
147857488020652, 147857488027272, 6620
147857488079068, 147857488086272, 7204
147857488155680, 147857488162736, 7056
147857488252152, 147857488258936, 6784
147857488277932, 147857488284692, 6760
147857488305724, 147857488312660, 6936
147859481900244, 147859481916352, 16108
147859481934304, 147859481942284, 7980
147859481955516, 147859481962612, 7096
147859517574884, 147859517586952, 12068
147859553388228, 147859553393084, 4856
147859589319140, 147859589324252, 5112
147859625284016, 147859625287728, 3712
147861228503788, 147861228514668, 10880
147862524714968, 147862524724884, 9916
147862668367012, 147862668378472, 11460
147862680798768, 147862680806664, 7896
147862684223240, 147862684230020, 6780
147862690560160, 147862690570292, 10132
147862857766768, 147862857778056, 11288
147862891705288, 147862891716332, 11044
147862979518736, 147862979529728, 10992
147863071182596, 147863071194760, 12164
147863252708952, 147863252720560, 11608
147863394269272, 147863394279888, 10616
147863442038020, 147863442048796, 10776
147863448255332, 147863448263324, 7992
147863473976080, 147863473987740, 11660
147863517863308, 147863517873888, 10580
147863613657500, 147863613669360, 11860
147863659513576, 147863659525276, 11700
147863725348460, 147863725359308, 10848
147863737282080, 147863737292912, 10832
147863781116804, 147863781127032, 10228
147863832981004, 147863832991072, 10068
147864004452300, 147864004463404, 11104
147864028355352, 147864028366448, 11096
147864128127880, 147864128138500, 10620
147864257772924, 147864257783772, 10848
147864377328996, 147864377341072, 12076
147864389849116, 147864389857576, 8460
147864560832408, 147864560843588, 11180
147864596787596, 147864596799836, 12240
147864619200440, 147864619210028, 9588
147864682550860, 147864682561884, 11024
147864754740176, 147864754750168, 9992
147864794150020, 147864794162216, 12196
147864878040200, 147864878050660, 10460
147864921827384, 147864921831936, 4552
147864937728940, 147864937739576, 10636
147864965812748, 147864965823900, 11152
147864973643328, 147864973655148, 11820
147865446325824, 147865446330088, 4264
147867304831316, 147867304835796, 4480
147869137491976, 147869137501448, 9472
147869173403692, 147869173408624, 4932
147869209297812, 147869209311972, 14160
147869428653088, 147869428664532, 11444
147870200379288, 147870200383376, 4088
147871069978884, 147871069989980, 11096
147871195563764, 147871195574796, 11032
147871257339308, 147871257343696, 4388
147871283368344, 147871283379844, 11500
147871327142540, 147871327147272, 4732
147871371033944, 147871371038772, 4828
147871420820524, 147871420830376, 9852
147872792834648, 147872792845640, 10992
147873267562744, 147873267572224, 9480
147873395178316, 147873395188672, 10356
147873482961144, 147873482964700, 3556
147873564808020, 147873564819420, 11400
147873582217424, 147873582225744, 8320
147873608439248, 147873608449688, 10440
147873625826788, 147873625836708, 9920
147873652500164, 147873652512576, 12412
147873732183756, 147873732195292, 11536
147873754442268, 147873754451032, 8764
147873803913588, 147873803924424, 10836
147873857747604, 147873857759856, 12252
147873985473708, 147873985485104, 11396
147874089120880, 147874089132336, 11456
147874138965912, 147874138971000, 5088
147874188771712, 147874188783464, 11752
147874238676768, 147874238681740, 4972
147874360362820, 147874360373884, 11064
147874442079004, 147874442090824, 11820
147874527849712, 147874527854732, 5020
147874573690188, 147874573701320, 11132
147874661500396, 147874661504392, 3996
147874705287812, 147874705299588, 11776
147874797028656, 147874797033608, 4952
147874836913528, 147874836925512, 11984
147874930633220, 147874930644116, 10896
147875072236700, 147875072246976, 10276
147875152090436, 147875152100948, 10512
147875213867908, 147875213878724, 10816
147875275671844, 147875275683348, 11504
147875371341124, 147875371352936, 11812
147875407225212, 147875407236396, 11184
147875536863608, 147875536874404, 10796
147875586809896, 147875586821336, 11440
147875758346808, 147875758357828, 11020
147875987524156, 147875987534372, 10216
147876047376056, 147876047387220, 11164
147876097245392, 147876097255964, 10572
147876188964148, 147876188975276, 11128
147876199805396, 147876199813600, 8204
147876328545360, 147876328556496, 11136
147877074513992, 147877074518100, 4108
147877403533200, 147877403543560, 10360
147877425493388, 147877425498360, 4972
147877469242492, 147877469247000, 4508
147877574933852, 147877574944660, 10808
147877604831692, 147877604841628, 9936
147877688618512, 147877688630532, 12020
147877732494784, 147877732506716, 11932
147877749793976, 147877749802224, 8248
147877776349828, 147877776361288, 11460
147877820249468, 147877820260712, 11244
147877864103316, 147877864108772, 5456
147877888049212, 147877888060148, 10936
147877913957744, 147877913968708, 10964
147877951870468, 147877951881720, 11252
147877995736752, 147877995740696, 3944
147878029679292, 147878029690188, 10896
147878040539168, 147878040547340, 8172
147878171209172, 147878171220216, 11044
147878188497804, 147878188505832, 8028
147878215085444, 147878215095588, 10144
147878258999972, 147878259011320, 11348
147879397715576, 147879397719972, 4396
147859507561240, 147859507572868, 11628
147859531485592, 147859531495308, 9716
147859581320580, 147859581325004, 4424
147859707023156, 147859707033968, 10812
147859952247108, 147859952257848, 10740
147860008081908, 147860008093204, 11296
147860081891592, 147860081902808, 11216
147860139831524, 147860139842428, 10904
147860205602496, 147860205613916, 11420
147860343141400, 147860343152872, 11472
147860486786860, 147860486791388, 4528
147861441888024, 147861441899040, 11016
147862227601188, 147862227611732, 10544
147863436064648, 147863436075116, 10468
147863454016244, 147863454024408, 8164
147863653481788, 147863653492980, 11192
147863809053004, 147863809063164, 10160
147864076240008, 147864076250668, 10660
147864112099764, 147864112104688, 4924
147864166039836, 147864166051196, 11360
147864289601304, 147864289612292, 10988
147864362695452, 147864362705912, 10460
147864365218860, 147864365226644, 7784
147864494995736, 147864495007824, 12088
147864513697856, 147864513706584, 8728
147864686462908, 147864686473556, 10648
147864814090756, 147864814102028, 11272
147864826547384, 147864826555580, 8196
147864834020588, 147864834032308, 11720
147864883887516, 147864883898392, 10876
147865011534164, 147865011545884, 11720
147865254868956, 147865254879780, 10824
147865368491812, 147865368502688, 10876
147865392395724, 147865392406340, 10616
147865506171420, 147865506182264, 10844
147865551917132, 147865551927520, 10388
147865619738024, 147865619749924, 11900
147865667595728, 147865667606896, 11168
147865779292408, 147865779302648, 10240
147865889092812, 147865889103272, 10460
147866134259716, 147866134270216, 10500
147866255858388, 147866255869204, 10816
147866361621844, 147866361632152, 10308
147866411415964, 147866411419724, 3760
147867153268620, 147867153289216, 20596
147867264972952, 147867264992024, 19072
147867394601196, 147867394611944, 10748
147868367711740, 147868367723060, 11320
147868698741380, 147868698753548, 12168
147868814501060, 147868814512376, 11316
147869151423192, 147869151432404, 9212
147869247272392, 147869247282188, 9796
147869255148176, 147869255159596, 11420
147869303003052, 147869303015276, 12224
147869372816564, 147869372827892, 11328
147869418769736, 147869418780168, 10432
147869492546896, 147869492559052, 12156
147869534373188, 147869534383572, 10384
147869620102584, 147869620113448, 10864
147869675966124, 147869675978036, 11912
147869721797764, 147869721810256, 12492
147869843629496, 147869843640144, 10648
147869872274024, 147869872284052, 10028
147869993098460, 147869993109440, 10980
147870098840184, 147870098852276, 12092
147870204427236, 147870204438316, 11080
147870230292308, 147870230302684, 10376
147870318038812, 147870318043440, 4628
147870361921224, 147870361932100, 10876
147870429707564, 147870429712008, 4444
147870535529740, 147870535541044, 11304
147870546834888, 147870546843104, 8216
147870575404652, 147870575459068, 54416
147870667040516, 147870667050768, 10252
147870778960392, 147870778970700, 10308
147870934385532, 147870934396296, 10764
147870976195376, 147870976206104, 10728
147871020058072, 147871020061452, 3380
147871151685220, 147871151697008, 11788
147871287228700, 147871287240232, 11532
147871373054172, 147871373066024, 11852
147871414852368, 147871414862912, 10544
147871458741884, 147871458758072, 16188
147871502613696, 147871502625332, 11636
147871546479664, 147871546490764, 11100
147871602340880, 147871602352588, 11708
147871721969924, 147871721981260, 11336
147871743958524, 147871743968416, 9892
147871765923516, 147871765935104, 11588
147871809742824, 147871809747596, 4772
147871945319760, 147871945330468, 10708
147872116855092, 147872116865080, 9988
147872160737456, 147872160749064, 11608
147872204600756, 147872204605352, 4596
147872230593016, 147872230603684, 10668
147872352236588, 147872352247388, 10800
147872424655272, 147872424665528, 10256
147872435512376, 147872435522524, 10148
147872547593560, 147872547605108, 11548
147873407141224, 147873407151808, 10584
147873612449568, 147873612460996, 11428
147873736161492, 147873736172412, 10920
147873748590580, 147873748598472, 7892
147873783967448, 147873783978692, 11244
147873827947524, 147873827959156, 11632
147873871711228, 147873871715912, 4684
147873915627704, 147873915639468, 11764
147875281624300, 147875281628600, 4300
147876220857404, 147876220861644, 4240
147876372475380, 147876372486072, 10692
147876416402188, 147876416406032, 3844
147876540007740, 147876540018504, 10764
147876635661592, 147876635679724, 18132
147876679533132, 147876679538008, 4876
147876809263180, 147876809272732, 9552
147876998609524, 147876998620964, 11440
147877142205696, 147877142210552, 4856
147877397524400, 147877397534548, 10148
147877778335844, 147877778340172, 4328
147877965780364, 147877965791392, 11028
147878095413080, 147878095424580, 11500
147878181227296, 147878181238312, 11016
147878225087608, 147878225099416, 11808
147878342711752, 147878342723216, 11464
147878390585240, 147878390595812, 10572
147878462358480, 147878462370072, 11592
147878566147448, 147878566159272, 11824
147878592001404, 147878592013100, 11696
147878691750420, 147878691761920, 11500
147879389632024, 147879389643020, 10996
147879445578716, 147879445583396, 4680
147879503309488, 147879503323744, 14256
