147859496483964, 147859496487160, 3196
147859548759928, 147859548763408, 3480
147860287233980, 147860287237212, 3232
147860293471156, 147860293476656, 5500
147860299710380, 147860299714352, 3972
147860305975176, 147860305978948, 3772
147860312294412, 147860312300352, 5940
147860319011160, 147860319014580, 3420
147860325303044, 147860325306256, 3212
147860331762816, 147860331767764, 4948
147860338015864, 147860338019144, 3280
147860344261824, 147860344265584, 3760
147860350541740, 147860350547172, 5432
147860356837208, 147860356840348, 3140
147860363050368, 147860363053456, 3088
147860369386420, 147860369390804, 4384
147860375677092, 147860375680332, 3240
147860381897960, 147860381901056, 3096
147860388188928, 147860388195592, 6664
147860394401964, 147860394406704, 4740
147860400638304, 147860400642468, 4164
147860406859952, 147860406864388, 4436
147860446912272, 147860446917016, 4744
147860512571408, 147860512574408, 3000
147860614316724, 147860614319636, 2912
147860741903648, 147860741906240, 2592
147860748187956, 147860748193932, 5976
147860754405876, 147860754410860, 4984
147860760620692, 147860760627612, 6920
147860763175364, 147860763184636, 9272
147860797800268, 147860797807536, 7268
147860805875976, 147860805880732, 4756
147860841658816, 147860841664392, 5576
147860885515488, 147860885568340, 52852
147860897511300, 147860897515984, 4684
147860929388404, 147860929393964, 5560
147860971344180, 147860971351328, 7148
147861461823996, 147861461826728, 2732
147861480506988, 147861480512076, 5088
147861499224840, 147861499229632, 4792
147861517971696, 147861517976552, 4856
147861536689956, 147861536694940, 4984
147861555391940, 147861555396952, 5012
147861574705608, 147861574710544, 4936
147861593450272, 147861593454672, 4400
147861612279864, 147861612284424, 4560
147861631019688, 147861631024592, 4904
147861649761424, 147861649766504, 5080
147861668483168, 147861668488308, 5140
147861687271360, 147861687276300, 4940
147861706174288, 147861706179676, 5388
147861724952952, 147861724957436, 4484
147861743897556, 147861743902444, 4888
147861774916452, 147861774921456, 5004
147862159886244, 147862159888572, 2328
147862178576616, 147862178581208, 4592
147862197407620, 147862197412284, 4664
147862216260236, 147862216265232, 4996
147862235082288, 147862235086708, 4420
147862253847364, 147862253852800, 5436
147862272584856, 147862272589608, 4752
147862291411132, 147862291416452, 5320
147862310788944, 147862310793724, 4780
147862329655432, 147862329674884, 19452
147862348523864, 147862348528984, 5120
147862367357092, 147862367365752, 8660
147862373124516, 147862373125932, 1416
147862391920092, 147862391929164, 9072
147862552629880, 147862552633244, 3364
147862575369472, 147862575374020, 4548
147862696228528, 147862696231140, 2612
147862714934464, 147862714939280, 4816
147862733744964, 147862733749832, 4868
147862851799300, 147862851801092, 1792
147862870478892, 147862870484120, 5228
147862889239188, 147862889244384, 5196
147862908012732, 147862908021976, 9244
147862921590556, 147862921600112, 9556
147862971531388, 147862971549544, 18156
147863017404048, 147863017406792, 2744
147863039698744, 147863039707316, 8572
147863050491960, 147863050498928, 6968
147863119040112, 147863119055592, 15480
147863162927196, 147863162944332, 17136
147863292495004, 147863292496896, 1892
147863414223620, 147863414226328, 2708
147863432946660, 147863432951848, 5188
147863451660872, 147863451665408, 4536
147863470382916, 147863470386716, 3800
147863519824300, 147863519839528, 15228
147865412323684, 147865412327036, 3352
147865454560704, 147865454565848, 5144
147865496722340, 147865496727164, 4824
147865538990064, 147865538994560, 4496
147865581672808, 147865581677644, 4836
147865624123196, 147865624127720, 4524
147865666403456, 147865666407820, 4364
147865708613952, 147865708618772, 4820
147865750917268, 147865750921772, 4504
147865793427580, 147865793432600, 5020
147865836437368, 147865836442172, 4804
147865878770100, 147865878774664, 4564
147865921259964, 147865921264464, 4500
147865963580204, 147865963585652, 5448
147866005808244, 147866005812780, 4536
147866048140992, 147866048145588, 4596
147866091027084, 147866091032620, 5536
147866133357252, 147866133363164, 5912
147866175601852, 147866175606632, 4780
147866218051144, 147866218056636, 5492
147866260355052, 147866260360584, 5532
147866427353576, 147866427356904, 3328
147866433573784, 147866433579044, 5260
147866439775344, 147866439779228, 3884
147866545056420, 147866545059408, 2988
147866574257060, 147866574264632, 7572
147866684674024, 147866684676884, 2860
147866690901812, 147866690906888, 5076
147866697119904, 147866697123620, 3716
147866802296964, 147866802299264, 2300
147866808514420, 147866808519428, 5008
147866814751920, 147866814755996, 4076
147866919986752, 147866919988480, 1728
147866926298396, 147866926303188, 4792
147866939914148, 147866939920152, 6004
147867031694128, 147867031697036, 2908
147867133316164, 147867133319400, 3236
147867235044188, 147867235052088, 7900
147868641898980, 147868641901904, 2924
147868684207900, 147868684212180, 4280
147868726336644, 147868726341956, 5312
147868768531304, 147868768536232, 4928
147868811437948, 147868811442392, 4444
147868853643344, 147868853648108, 4764
147868895859668, 147868895864632, 4964
147868938122116, 147868938126224, 4108
147868980429040, 147868980434012, 4972
147869022651888, 147869022656864, 4976
147869065458864, 147869065463996, 5132
147869107717776, 147869107722976, 5200
147869149972580, 147869149977512, 4932
147869192268372, 147869192272728, 4356
147869234593224, 147869234598676, 5452
147869352917560, 147869352926156, 8596
147869388811164, 147869388818684, 7520
147869414551164, 147869414563560, 12396
147869424648544, 147869424655248, 6704
147869460561160, 147869460568264, 7104
147869496463212, 147869496469144, 5932
147869532492408, 147869532498964, 6556
147869568276828, 147869568283460, 6632
147869604208688, 147869604215424, 6736
147869640042892, 147869640049284, 6392
147870018907860, 147870018911444, 3584
147870029752032, 147870029757648, 5616
147870040672472, 147870040677944, 5472
147870100746712, 147870100754936, 8224
147870150619492, 147870150622244, 2752
147870278144816, 147870278147820, 3004
147870288944260, 147870288951652, 7392
147870383855600, 147870383862796, 7196
147870417803912, 147870417805772, 1860
147870545386984, 147870545389544, 2560
147870564064984, 147870564070436, 5452
147870582799548, 147870582803968, 4420
147870601596164, 147870601601124, 4960
147870649101816, 147870649108400, 6584
147870718883760, 147870718886716, 2956
147870800649232, 147870800657404, 8172
147870808622608, 147870808625052, 2444
147870846576280, 147870846579440, 3160
147870950209936, 147870950217936, 8000
147870968189416, 147870968196684, 7268
147871395023672, 147871395027252, 3580
147871401257948, 147871401263048, 5100
147871407465144, 147871407469764, 4620
147871413665948, 147871413669884, 3936
147871419906516, 147871419911852, 5336
147871426105776, 147871426109672, 3896
147871432321732, 147871432325796, 4064
147871438645244, 147871438650268, 5024
147871444859740, 147871444863924, 4184
147871517738840, 147871517741872, 3032
147871535090400, 147871535095648, 5248
147871553007956, 147871553013548, 5592
147872569475392, 147872569477568, 2176
147872586772488, 147872586776900, 4412
147872604262064, 147872604267080, 5016
147872621592996, 147872621597700, 4704
147872639038444, 147872639043052, 4608
147872656442284, 147872656447056, 4772
147872673838736, 147872673843168, 4432
147872691201276, 147872691206128, 4852
147872708539112, 147872708543148, 4036
147872726028608, 147872726033860, 5252
147872743434460, 147872743439384, 4924
147872760906916, 147872760912324, 5408
147872778379512, 147872778385000, 5488
147872796280308, 147872796285756, 5448
147872813632208, 147872813637792, 5584
147872831034516, 147872831040196, 5680
147872848334232, 147872848338612, 4380
147872865752388, 147872865757452, 5064
147872883177608, 147872883182820, 5212
147872900611692, 147872900616752, 5060
147872918232464, 147872918237988, 5524
147872935603040, 147872935608248, 5208
147872952945824, 147872952951728, 5904
147872970314316, 147872970319076, 4760
147872987724464, 147872987727652, 3188
147873005099004, 147873005104216, 5212
147873022573072, 147873022577828, 4756
147873040458820, 147873040464100, 5280
147873057943392, 147873057948856, 5464
147873075521404, 147873075526120, 4716
147873093064564, 147873093070248, 5684
147873110757844, 147873110762872, 5028
147873128242268, 147873128247328, 5060
147873145686964, 147873145692220, 5256
147873163111304, 147873163116196, 4892
147873180686244, 147873180691220, 4976
147873198189780, 147873198194912, 5132
147873215661532, 147873215667592, 6060
147873331365436, 147873331367384, 1948
147873348786536, 147873348791924, 5388
147873366275564, 147873366280744, 5180
147873427025052, 147873427035672, 10620
147873433281600, 147873433287008, 5408
147873476874620, 147873476883044, 8424
147875421177564, 147875421180368, 2804
147875431948652, 147875431954076, 5424
147875442757656, 147875442762812, 5156
147875453555572, 147875453559824, 4252
147875464339220, 147875464344124, 4904
147875475117628, 147875475121552, 3924
147875485927896, 147875485932564, 4668
147875496701708, 147875496705728, 4020
147875507568444, 147875507573112, 4668
147875518343620, 147875518347512, 3892
147875529758664, 147875529763268, 4604
147875540543960, 147875540548920, 4960
147875551455088, 147875551459856, 4768
147875562272892, 147875562277664, 4772
147875573188256, 147875573192976, 4720
147875706400080, 147875706401960, 1880
147875764197488, 147875764204196, 6708
147875816058688, 147875816061436, 2748
147875957604656, 147875957607740, 3084
147875960119848, 147875960128672, 8824
147876033374524, 147876033381832, 7308
147876087325456, 147876087327476, 2020
147876214877748, 147876214880560, 2812
147876304620168, 147876304626780, 6612
147876336595484, 147876336598220, 2736
147876464164080, 147876464167044, 2964
147876470500396, 147876470505152, 4756
147876476734768, 147876476738976, 4208
147876482963388, 147876482971352, 7964
147876504062812, 147876504069168, 6356
147876591774100, 147876591777068, 2968
147876613815868, 147876613822804, 6936
147876693485572, 147876693488776, 3204
147876815133436, 147876815136516, 3080
147876855102956, 147876855110160, 7204
147876883675576, 147876883689152, 13576
147876942745604, 147876942748292, 2688
147876986681972, 147876986689908, 7936
147877026620552, 147877026627792, 7240
147877030521976, 147877030529380, 7404
147877047856100, 147877047867792, 11692
147877074414924, 147877074422384, 7460
147877124236876, 147877124240004, 3128
147877415426900, 147877415429744, 2844
147877432797948, 147877432803116, 5168
147877450235624, 147877450240580, 4956
147877467730776, 147877467735684, 4908
147877485116244, 147877485120700, 4456
147877502506140, 147877502510988, 4848
147877520018444, 147877520023768, 5324
147877538058856, 147877538063900, 5044
147877555494836, 147877555500244, 5408
147877572981728, 147877572986736, 5008
147877600859708, 147877600867896, 8188
147877644855140, 147877644862772, 7632
147878113400568, 147878113404080, 3512
147878115922016, 147878115926548, 4532
147878118421956, 147878118425232, 3276
147878601926836, 147878601929920, 3084
147878620728960, 147878620734276, 5316
147878639691592, 147878639696468, 4876
147878658513964, 147878658518848, 4884
147878677534952, 147878677540512, 5560
147878696474568, 147878696478968, 4400
147878715204588, 147878715209912, 5324
147878734114476, 147878734119192, 4716
147878752961808, 147878752967188, 5380
147878772552352, 147878772557608, 5256
147878791362364, 147878791367824, 5460
147878810118900, 147878810123116, 4216
147878828828232, 147878828832808, 4576
147878847559416, 147878847565004, 5588
147878866286224, 147878866291968, 5744
147878885074116, 147878885078736, 4620
147878925059636, 147878925067048, 7412
147879066573532, 147879066576836, 3304
147879095362984, 147879095367552, 4568
147879224298260, 147879224306952, 8692
147879287938812, 147879287942040, 3228
147879310302788, 147879310311748, 8960
147879382658860, 147879382666392, 7532
147879439583344, 147879439598492, 15148
147859495605532, 147859495608668, 3136
147859525467300, 147859525473276, 5976
147859569427548, 147859569433256, 5708
147860404887776, 147860404891312, 3536
147860447171436, 147860447177012, 5576
147860489497660, 147860489502968, 5308
147860531695140, 147860531700588, 5448
147860574779576, 147860574784956, 5380
147860617295152, 147860617300212, 5060
147860659574976, 147860659579760, 4784
147860702182884, 147860702188556, 5672
147860744632352, 147860744637996, 5644
147860885514920, 147860885517320, 2400
147860973275620, 147860973279736, 4116
147861114981036, 147861114983936, 2900
147861224574512, 147861224577860, 3348
147861227075516, 147861227084528, 9012
147861302314040, 147861302319720, 5680
147861400112728, 147861400115332, 2604
147861455832056, 147861455839772, 7716
147861587445856, 147861587453064, 7208
147861627352708, 147861627355656, 2948
147861638126172, 147861638134348, 8176
147861808887980, 147861808890512, 2532
147861936483188, 147861936485128, 1940
147862064089136, 147862064091980, 2844
147862095979636, 147862095984204, 4568
147862118228744, 147862118243020, 14276
147862209800776, 147862209807816, 7040
147862245625240, 147862245644516, 19276
147862289422232, 147862289438292, 16060
147862385146952, 147862385149780, 2828
147862395918488, 147862395927192, 8704
147862454926328, 147862454941820, 15492
147862508812548, 147862508828748, 16200
147862526107152, 147862526126764, 19612
147862552605908, 147862552622844, 16936
147862596598796, 147862596615840, 17044
147863424112912, 147863424115196, 2284
147863441383836, 147863441388576, 4740
147863458671596, 147863458676272, 4676
147863475968804, 147863475974060, 5256
147863493431940, 147863493437404, 5464
147863510884884, 147863510889896, 5012
147863528304416, 147863528309696, 5280
147863545628736, 147863545634208, 5472
147863563529572, 147863563533884, 4312
147863581003788, 147863581008556, 4768
147863598394420, 147863598399980, 5560
147863615745168, 147863615750708, 5540
147863633097288, 147863633102080, 4792
147863650554572, 147863650560428, 5856
147863667912348, 147863667922584, 10236
147863685261820, 147863685266988, 5168
147863702621540, 147863702626264, 4724
147863720008384, 147863720013072, 4688
147863737433884, 147863737438620, 4736
147863754893756, 147863754897976, 4220
147863772308960, 147863772314060, 5100
147863789716496, 147863789721660, 5164
147863807737764, 147863807742924, 5160
147863825113868, 147863825119112, 5244
147863842398864, 147863842403696, 4832
147863859809188, 147863859814368, 5180
147863877171320, 147863877177564, 6244
147863894576516, 147863894581772, 5256
147863912018020, 147863912023232, 5212
147863929401008, 147863929405808, 4800
147867153271904, 147867153274508, 2604
147867170557040, 147867170561920, 4880
147867187979720, 147867187984428, 4708
147867205453572, 147867205458052, 4480
147867222933480, 147867222939160, 5680
147867240396132, 147867240401400, 5268
147867257836080, 147867257841816, 5736
147867275207300, 147867275213040, 5740
147867292471524, 147867292475116, 3592
147867310528728, 147867310534164, 5436
147867328059908, 147867328065260, 5352
147867345422408, 147867345427068, 4660
147867362830784, 147867362835184, 4400
147867380347352, 147867380352104, 4752
147867397880588, 147867397885816, 5228
147867415270196, 147867415276216, 6020
147867432538228, 147867432542256, 4028
147867449835960, 147867449841748, 5788
147867467215328, 147867467220424, 5096
147867484649704, 147867484654456, 4752
147867502026652, 147867502031500, 4848
147867519458164, 147867519463044, 4880
147867536949564, 147867536954292, 4728
147867554863644, 147867554869264, 5620
147867572180800, 147867572185900, 5100
147867589641436, 147867589647400, 5964
147867607048960, 147867607054340, 5380
147867624448908, 147867624454248, 5340
147867641841296, 147867641846544, 5248
147867659239300, 147867659243844, 4544
147867676687080, 147867676691744, 4664
147867694107904, 147867694113280, 5376
147867711377864, 147867711381808, 3944
147867728735868, 147867728740480, 4612
147867746224400, 147867746228796, 4396
147867763610236, 147867763616216, 5980
147867780955720, 147867780961184, 5464
147867798983424, 147867798988412, 4988
147867816404536, 147867816409784, 5248
147867833795796, 147867833800848, 5052
147867851063036, 147867851067340, 4304
147867868397084, 147867868401936, 4852
147867885827120, 147867885832144, 5024
147867903308972, 147867903313820, 4848
147867920680052, 147867920685016, 4964
147867938087788, 147867938092668, 4880
147867955690004, 147867955695384, 5380
147867973082168, 147867973087584, 5416
147867990479092, 147867990483324, 4232
147868007859244, 147868007864096, 4852
147868025203684, 147868025208816, 5132
147868042736868, 147868042741480, 4612
147868060679720, 147868060685432, 5712
147868078093156, 147868078098192, 5036
147868095681988, 147868095687488, 5500
147868113124368, 147868113128848, 4480
147868130525672, 147868130530104, 4432
147868147854008, 147868147859376, 5368
147868165226420, 147868165231628, 5208
147868182654724, 147868182659376, 4652
147868200095836, 147868200100104, 4268
147868217532176, 147868217537532, 5356
147868234920484, 147868234925832, 5348
147868252202212, 147868252206848, 4636
147868269596784, 147868269601996, 5212
147868287026948, 147868287032460, 5512
147868304958348, 147868304963412, 5064
147868322278440, 147868322283260, 4820
147868339681464, 147868339686508, 5044
147868357111088, 147868357116012, 4924
147868374464800, 147868374469608, 4808
147868391786072, 147868391790344, 4272
147868409080036, 147868409084532, 4496
147868426421368, 147868426425804, 4436
147868443803940, 147868443808404, 4464
147868461178668, 147868461183168, 4500
147868478516748, 147868478521400, 4652
147868495889452, 147868495894600, 5148
147868513319260, 147868513325116, 5856
147868530635280, 147868530639396, 4116
147868548584468, 147868548588716, 4248
147868565926752, 147868565931672, 4920
147868583288712, 147868583293348, 4636
147868600634084, 147868600639220, 5136
147868617996576, 147868618001296, 4720
147868635417116, 147868635422780, 5664
147868652793336, 147868652798044, 4708
147868670159040, 147868670163128, 4088
147868687524316, 147868687529600, 5284
147868704892744, 147868704898284, 5540
147868722199216, 147868722205216, 6000
147868739524172, 147868739529364, 5192
147868756831036, 147868756836152, 5116
147868774249704, 147868774254016, 4312
147868791666664, 147868791670292, 3628
147868809630044, 147868809634384, 4340
147868827051948, 147868827056572, 4624
147868844427736, 147868844433116, 5380
147868861783396, 147868861788936, 5540
147868879088260, 147868879092120, 3860
147868896489340, 147868896494012, 4672
147868913842276, 147868913855772, 13496
147868931133524, 147868931137028, 3504
147868948490948, 147868948495284, 4336
147868965854272, 147868965859252, 4980
147868983182320, 147868983187532, 5212
147869000512936, 147869000517872, 4936
147869017796996, 147869017802204, 5208
147869035104788, 147869035109948, 5160
147869053035368, 147869053040928, 5560
147869070356244, 147869070360224, 3980
147869087756692, 147869087761616, 4924
147869105133464, 147869105138488, 5024
147869122476900, 147869122482336, 5436
147869139857756, 147869139862004, 4248
147869157146480, 147869157152480, 6000
147869174501032, 147869174506412, 5380
147869191882980, 147869191888184, 5204
147869209261792, 147869209265420, 3628
147869226585792, 147869226590868, 5076
147869244043144, 147869244047616, 4472
147870196399596, 147870196402152, 2556
147870213774920, 147870213780000, 5080
147870231150120, 147870231155292, 5172
147870248553400, 147870248558264, 4864
147870265968236, 147870265973184, 4948
147870283319492, 147870283324300, 4808
147870301305132, 147870301310384, 5252
147870318697548, 147870318703040, 5492
147870335992952, 147870335997472, 4520
147870353400604, 147870353405968, 5364
147870370742992, 147870370747352, 4360
147870388091056, 147870388095728, 4672
147870405376772, 147870405381732, 4960
147870422710232, 147870422715704, 5472
147870440021352, 147870440026104, 4752
147870457328352, 147870457333908, 5556
147870474760924, 147870474765132, 4208
147870492081916, 147870492086332, 4416
147870509448084, 147870509453252, 5168
147870526829156, 147870526833984, 4828
147870544737172, 147870544743084, 5912
147870562137936, 147870562143292, 5356
147870579456012, 147870579461508, 5496
147870596789416, 147870596794928, 5512
147870614127608, 147870614131564, 3956
147870631484716, 147870631489376, 4660
147870648895612, 147870648900304, 4692
147870666291988, 147870666296528, 4540
147870683881064, 147870683885920, 4856
147870701378924, 147870701384764, 5840
147870718770492, 147870718776444, 5952
147870736181564, 147870736187448, 5884
147870753566992, 147870753571144, 4152
147870770954264, 147870770958908, 4644
147870788403240, 147870788408276, 5036
147870806431072, 147870806436772, 5700
147870918316004, 147870918318384, 2380
147870935560212, 147870935564472, 4260
147870952984956, 147870952995208, 10252
147871018065820, 147871018069392, 3572
147871024287336, 147871024291752, 4416
147871063880780, 147871063888932, 8152
147871129769580, 147871129772352, 2772
147871239391176, 147871239393816, 2640
147871258116268, 147871258121672, 5404
147871276856552, 147871276860992, 4440
147871297213196, 147871297220684, 7488
147871347136512, 147871347143808, 7296
147871396915204, 147871396922368, 7164
147871446756864, 147871446772184, 15320
147871496809596, 147871496811564, 1968
147871616265256, 147871616267176, 1920
147871634979648, 147871634984712, 5064
147871653691240, 147871653696652, 5412
147871696072120, 147871696079980, 7860
147871771901344, 147871771904020, 2676
147871853603328, 147871853611376, 8048
147871913481148, 147871913483908, 2760
147872015101932, 147872015104824, 2892
147872060968492, 147872060975840, 7348
147872098860964, 147872098868368, 7404
147872238507984, 147872238510848, 2864
147872257221400, 147872257226156, 4756
147872276198372, 147872276203532, 5160
147872295637716, 147872295643696, 5980
147872415948940, 147872415951904, 2964
147872438222284, 147872438230652, 8368
147872439823080, 147872439824332, 1252
147872462059132, 147872462066396, 7264
147872561522100, 147872561524880, 2780
147872671204608, 147872671207428, 2820
147872677434824, 147872677439536, 4712
147872687129144, 147872687131532, 2388
147872782896432, 147872782898604, 2172
147872789627160, 147872789632528, 5368
147872795844148, 147872795851504, 7356
147872798365956, 147872798373280, 7324
147872818721856, 147872818723288, 1432
147872862647880, 147872862655504, 7624
147872888550340, 147872888557852, 7512
147872924454464, 147872924456616, 2152
147872950381796, 147872950388528, 6732
147872994300716, 147872994307988, 7272
147873129952216, 147873129955020, 2804
147873172262240, 147873172267992, 5752
147873313485540, 147873313488900, 3360
147873319723248, 147873319729016, 5768
147873345341716, 147873345348752, 7036
147873351552692, 147873351564892, 12200
147873389223272, 147873389231252, 7980
147873406535580, 147873406562668, 27088
147873432973716, 147873432979068, 5352
147873462952796, 147873462957640, 4844
147873520742668, 147873520745984, 3316
147873550653592, 147873550659232, 5640
147873610549220, 147873610551132, 1912
147873732185564, 147873732196164, 10600
147873749483480, 147873749488804, 5324
147873766895368, 147873766900132, 4764
147873784806808, 147873784811168, 4360
147873901640504, 147873901643340, 2836
147873907899500, 147873907904844, 5344
147874015274368, 147874015277248, 2880
147874033069848, 147874033074732, 4884
147874050370904, 147874050376684, 5780
147874067763036, 147874067767852, 4816
147874184855016, 147874184858044, 3028
147874312437832, 147874312439824, 1992
147874442048096, 147874442050888, 2792
147874583719396, 147874583721108, 1712
147874625974044, 147874625979848, 5804
147874767146276, 147874767149196, 2920
147874769652948, 147874769661340, 8392
147874896822476, 147874896825336, 2860
147874919022472, 147874919030480, 8008
147874940612140, 147874940617316, 5176
147875022368856, 147875022371956, 3100
147875051511824, 147875051519584, 7760
147875054264656, 147875054269788, 5132
147875144001836, 147875144007468, 5632
147875387313840, 147875387316424, 2584
147875404641392, 147875404646088, 4696
147875421954612, 147875421960928, 6316
147875439237332, 147875439242128, 4796
147875456525348, 147875456530112, 4764
147875473828540, 147875473833484, 4944
147875491125436, 147875491130544, 5108
147875508448148, 147875508453352, 5204
147875818026160, 147875818028548, 2388
147875835332980, 147875835337436, 4456
147875852659264, 147875852664016, 4752
147875870083756, 147875870088576, 4820
147875887439148, 147875887444248, 5100
147875904834812, 147875904839524, 4712
147875922260436, 147875922265148, 4712
147875939522312, 147875939527920, 5608
147875956850348, 147875956855184, 4836
147875974210756, 147875974216508, 5752
147875991552172, 147875991556944, 4772
147876021430820, 147876021439132, 8312
147876107167772, 147876107170648, 2876
147876248863120, 147876248864996, 1876
147876390455596, 147876390458296, 2700
147876500125500, 147876500128644, 3144
147876532007232, 147876532013840, 6608
147876621700784, 147876621703576, 2792
147876795214096, 147876795216948, 2852
147876797721152, 147876797730048, 8896
147876906911876, 147876906914968, 3092
147876924218732, 147876924224000, 5268
147876941637484, 147876941642604, 5120
147876959031076, 147876959036264, 5188
147877052442784, 147877052445996, 3212
147877118251644, 147877118259728, 8084
147877162133304, 147877162141120, 7816
147877182168308, 147877182170868, 2560
147877206043592, 147877206051680, 8088
147877293832344, 147877293834208, 1864
147877300080644, 147877300085500, 4856
147877321754928, 147877321760004, 5076
147877337646888, 147877337651592, 4704
147877395547764, 147877395550612, 2848
147877463226692, 147877463234660, 7968
147877598904512, 147877598907432, 2920
147877740471284, 147877740473296, 2012
147877783181464, 147877783188536, 7072
147877896011500, 147877896016508, 5008
147877918321640, 147877918336560, 14920
147878009727524, 147878009733592, 6068
147878039575648, 147878039581500, 5852
147878083485324, 147878083490892, 5568
147878123334824, 147878123342316, 7492
147878173195156, 147878173198180, 3024
147878237008544, 147878237015952, 7408
147878793375952, 147878793377980, 2028
147878835591220, 147878835598436, 7216
147878877795952, 147878877801088, 5136
147878920233176, 147878920238484, 5308
147878962581004, 147878962585472, 4468
147879004903912, 147879004909084, 5172
147879047983712, 147879047992608, 8896
147879070226908, 147879070235616, 8708
147879092531924, 147879092538524, 6600
147879146367884, 147879146375244, 7360
147879178288612, 147879178294016, 5404
147879274070552, 147879274072572, 2020
147879343783784, 147879343792124, 8340
147879355780056, 147879355787548, 7492
147879487450500, 147879487461936, 11436
147855495999912, 147855496013828, 13916
147857487864888, 147857487868380, 3492
147857487912296, 147857487915768, 3472
147857487948712, 147857487951196, 2484
147857487983252, 147857487985940, 2688
147857488017484, 147857488020260, 2776
147857488076512, 147857488078876, 2364
147857488152752, 147857488155320, 2568
147857488249268, 147857488251772, 2504
147857488275408, 147857488277740, 2332
147857488302708, 147857488305532, 2824
147859481893508, 147859481899904, 6396
147859481921508, 147859481933932, 12424
147859481946284, 147859481955232, 8948
147859517567172, 147859517574576, 7404
147859553381296, 147859553387900, 6604
147859589314124, 147859589318828, 4704
147859625279352, 147859625283828, 4476
147861228499920, 147861228503576, 3656
147861245752596, 147861245757740, 5144
147861263099132, 147861263104172, 5040
147861280549776, 147861280555200, 5424
147861298009432, 147861298014884, 5452
147861315957856, 147861315963324, 5468
147861333500076, 147861333505204, 5128
147861351576144, 147861351581560, 5416
147861368985776, 147861368991868, 6092
147861386305848, 147861386310076, 4228
147861403768848, 147861403774628, 5780
147861421137340, 147861421142560, 5220
147861438486448, 147861438491928, 5480
147861455846660, 147861455851836, 5176
147861473126460, 147861473130976, 4516
147861490482180, 147861490487376, 5196
147861507748168, 147861507752324, 4156
147861525045112, 147861525049764, 4652
147861542364148, 147861542369264, 5116
147861559681800, 147861559686576, 4776
147861577578292, 147861577582664, 4372
147861594897392, 147861594902504, 5112
147861612205648, 147861612210444, 4796
147861629520348, 147861629525280, 4932
147861646792024, 147861646796184, 4160
147861664106012, 147861664110668, 4656
147861681455672, 147861681459952, 4280
147861698924884, 147861698929312, 4428
147861716305968, 147861716310800, 4832
147861733678036, 147861733683380, 5344
147861751146328, 147861751151344, 5016
147861768566004, 147861768571164, 5160
147861785912024, 147861785916480, 4456
147861803330980, 147861803335696, 4716
147861821302816, 147861821308068, 5252
147861838730400, 147861838734456, 4056
147861856114596, 147861856119868, 5272
147861873528332, 147861873533696, 5364
147861890958628, 147861890965352, 6724
147861908337312, 147861908343744, 6432
147861925664024, 147861925668432, 4408
147861943102184, 147861943107812, 5628
147861960492652, 147861960497616, 4964
147861977941516, 147861977946612, 5096
147861995304656, 147861995310076, 5420
147862012678608, 147862012685024, 6416
147862029999760, 147862030005696, 5936
147862047347924, 147862047352144, 4220
147862065285916, 147862065290716, 4800
147862082674544, 147862082679416, 4872
147862100052148, 147862100057068, 4920
147862117370420, 147862117376372, 5952
147862134719928, 147862134725264, 5336
147862152170672, 147862152175616, 4944
147862169517312, 147862169523076, 5764
147862186840180, 147862186844440, 4260
147862204159300, 147862204164164, 4864
147862221590428, 147862221595216, 4788
147862238989968, 147862238994572, 4604
147862256305476, 147862256310288, 4812
147862524711480, 147862524714764, 3284
147862530934756, 147862530939652, 4896
147862537143500, 147862537147332, 3832
147862543338216, 147862543342432, 4216
147862549600288, 147862549605700, 5412
147862555800984, 147862555805876, 4892
147862562553916, 147862562560220, 6304
147862668364760, 147862668366792, 2032
147862674594688, 147862674599912, 5224
147862680791144, 147862680798404, 7260
147862684221568, 147862684222768, 1200
147862690551884, 147862690559772, 7888
147862857756772, 147862857766436, 9664
147862891689496, 147862891704908, 15412
147862979515540, 147862979518344, 2804
147863071165708, 147863071182256, 16548
147863252705620, 147863252708608, 2988
147863394266148, 147863394268908, 2760
147863400499896, 147863400504940, 5044
147863406706084, 147863406709924, 3840
147863442035328, 147863442037640, 2312
147863448246332, 147863448255052, 8720
147863473964624, 147863473975744, 11120
147863517850184, 147863517863100, 12916
147863613655324, 147863613657132, 1808
147863619929448, 147863619934560, 5112
147863659511480, 147863659513380, 1900
147863725346580, 147863725348248, 1668
147863737274684, 147863737281888, 7204
147863781109748, 147863781116616, 6868
147863832978112, 147863832980792, 2680
147864004449332, 147864004452108, 2776
147864028347356, 147864028355136, 7780
147864128125092, 147864128127660, 2568
147864257770176, 147864257772708, 2532
147864264036112, 147864264041444, 5332
147864270233180, 147864270237516, 4336
147864377326480, 147864377328732, 2252
147864383588252, 147864383593416, 5164
147864389841592, 147864389848744, 7152
147864560829316, 147864560832072, 2756
147864596779820, 147864596787308, 7488
147864619185152, 147864619200128, 14976
147864682547900, 147864682550500, 2600
147864754731172, 147864754739832, 8660
147864794141744, 147864794149660, 7916
147864878031908, 147864878039860, 7952
147864921819712, 147864921827020, 7308
147864937721432, 147864937728744, 7312
147864965806400, 147864965812552, 6152
147864973635236, 147864973642940, 7704
147865446323728, 147865446325508, 1780
147865471915256, 147865471920436, 5180
147865497606044, 147865497610836, 4792
147865523246900, 147865523251728, 4828
147865548983576, 147865548988232, 4656
147865575135868, 147865575140468, 4600
147865600831176, 147865600835980, 4804
147865626533380, 147865626538844, 5464
147865652297032, 147865652301460, 4428
147865677882548, 147865677886596, 4048
147865703571616, 147865703576408, 4792
147865729286980, 147865729291968, 4988
147865754958148, 147865754962728, 4580
147865780713924, 147865780718696, 4772
147865807030800, 147865807036188, 5388
147865832686848, 147865832691636, 4788
147865858376036, 147865858381304, 5268
147865884011524, 147865884015620, 4096
147865909862296, 147865909866824, 4528
147865935536368, 147865935541836, 5468
147865961305796, 147865961311316, 5520
147865986954340, 147865986959724, 5384
147866012626628, 147866012632288, 5660
147866038302788, 147866038307616, 4828
147866064537620, 147866064542568, 4948
147866090371688, 147866090377528, 5840
147866115984904, 147866115990132, 5228
147866141650092, 147866141654348, 4256
147866167306476, 147866167312184, 5708
147866192906200, 147866192911212, 5012
147866218689136, 147866218694308, 5172
147866244560320, 147866244565656, 5336
147866270306912, 147866270312176, 5264
147866295860984, 147866295866124, 5140
147866322057180, 147866322062048, 4868
147866348012092, 147866348016960, 4868
147866373807500, 147866373812544, 5044
147866399407180, 147866399411780, 4600
147866424991052, 147866424996160, 5108
147866450662740, 147866450667652, 4912
147866476299624, 147866476303912, 4288
147866502028440, 147866502033040, 4600
147866527943860, 147866527948912, 5052
147866554202244, 147866554207260, 5016
147867304828972, 147867304831092, 2120
147867330620076, 147867330625212, 5136
147867356383020, 147867356387848, 4828
147867382185024, 147867382190396, 5372
147867407914152, 147867407918688, 4536
147867433514316, 147867433518580, 4264
147867459091336, 147867459095964, 4628
147867484756692, 147867484761736, 5044
147867510499996, 147867510504664, 4668
147867536240172, 147867536245024, 4852
147867562381052, 147867562386104, 5052
147867588131520, 147867588137320, 5800
147867613740736, 147867613746652, 5916
147867639609024, 147867639613548, 4524
147867665330752, 147867665335816, 5064
147867690994640, 147867690999860, 5220
147867716690836, 147867716695916, 5080
147867742331956, 147867742337560, 5604
147867768129864, 147867768134976, 5112
147867793770180, 147867793775768, 5588
147867820040904, 147867820045992, 5088
147867845736468, 147867845741264, 4796
147867871376624, 147867871381896, 5272
147867897075976, 147867897080500, 4524
147867922879344, 147867922884380, 5036
147867948751080, 147867948756072, 4992
147867974428116, 147867974432704, 4588
147868000122872, 147868000128244, 5372
147868025794032, 147868025798784, 4752
147868052144548, 147868052149320, 4772
147868077885912, 147868077891144, 5232
147868103809088, 147868103813488, 4400
147868129591396, 147868129597208, 5812
147868155200208, 147868155204604, 4396
147868180812288, 147868180816764, 4476
147868206719100, 147868206724280, 5180
147868232375888, 147868232380460, 4572
147868258050676, 147868258057052, 6376
147868283728804, 147868283733696, 4892
147868310050816, 147868310055488, 4672
147868335725060, 147868335730160, 5100
147868361468700, 147868361473376, 4676
147868387158584, 147868387163984, 5400
147868412769544, 147868412774912, 5368
147868438412296, 147868438416704, 4408
147868464035360, 147868464039844, 4484
147868489680364, 147868489684760, 4396
147868515500108, 147868515504960, 4852
147868541111280, 147868541116304, 5024
147868567303820, 147868567308320, 4500
147868592870208, 147868592875264, 5056
147868618565448, 147868618569992, 4544
147868644212148, 147868644217496, 5348
147868669879164, 147868669884864, 5700
147868695540752, 147868695546420, 5668
147868721153304, 147868721157808, 4504
147868746790576, 147868746794972, 4396
147868772383256, 147868772387772, 4516
147868798609520, 147868798614396, 4876
147868824258656, 147868824263084, 4428
147868849916996, 147868849921824, 4828
147868875509160, 147868875514152, 4992
147868901150484, 147868901154872, 4388
147868926848356, 147868926852976, 4620
147868952466124, 147868952471208, 5084
147868978058812, 147868978063616, 4804
147869003613424, 147869003618096, 4672
147869029273368, 147869029278356, 4988
147869055414436, 147869055418756, 4320
147869081118128, 147869081122576, 4448
147869106896600, 147869106901240, 4640
147869137484524, 147869137491760, 7236
147869173395796, 147869173403480, 7684
147869209290164, 147869209297620, 7456
147869428649796, 147869428652872, 3076
147869501007748, 147869501013028, 5280
147869573785632, 147869573790240, 4608
147870200377032, 147870200379068, 2036
147870272492112, 147870272496912, 4800
147870345255092, 147870345259832, 4740
147870417285580, 147870417291292, 5712
147870489542676, 147870489547188, 4512
147870562301780, 147870562306720, 4940
147870634307968, 147870634312688, 4720
147870706721920, 147870706727344, 5424
147871069974596, 147871069978560, 3964
147871098699124, 147871098704172, 5048
147871127422016, 147871127427688, 5672
147871195555416, 147871195563400, 7984
147871257336956, 147871257338916, 1960
147871283361104, 147871283368024, 6920
147871327134856, 147871327142248, 7392
147871371026040, 147871371033488, 7448
147871420817724, 147871420820196, 2472
147872792830940, 147872792834368, 3428
147872821374216, 147872821380004, 5788
147872849961424, 147872849965852, 4428
147872878606832, 147872878611708, 4876
147872907271668, 147872907276340, 4672
147872936001268, 147872936005804, 4536
147872964696216, 147872964700264, 4048
147872993546968, 147872993551444, 4476
147873022215828, 147873022219672, 3844
147873051521528, 147873051527244, 5716
147873080280496, 147873080285100, 4604
147873109050032, 147873109054512, 4480
147873137709080, 147873137713492, 4412
147873267560432, 147873267562440, 2008
147873395176080, 147873395178004, 1924
147873482958432, 147873482960936, 2504
147873564800128, 147873564807836, 7708
147873582204856, 147873582216972, 12116
147873608431872, 147873608438916, 7044
147873625811852, 147873625826448, 14596
147873652491576, 147873652499740, 8164
147873732180312, 147873732183408, 3096
147873754433732, 147873754441912, 8180
147873803905584, 147873803913280, 7696
147873857743984, 147873857747248, 3264
147873985470412, 147873985473316, 2904
147874004175176, 147874004180764, 5588
147874022923928, 147874022928972, 5044
147874042232560, 147874042237908, 5348
147874089112684, 147874089120652, 7968
147874138958420, 147874138965720, 7300
147874188764424, 147874188771516, 7092
147874238646756, 147874238676576, 29820
147874360359604, 147874360362596, 2992
147874377646056, 147874377651624, 5568
147874395077076, 147874395081652, 4576
147874412574852, 147874412579348, 4496
147874442071096, 147874442078524, 7428
147874527847240, 147874527849336, 2096
147874545669800, 147874545677356, 7556
147874573682776, 147874573689972, 7196
147874661498392, 147874661500204, 1812
147874678788400, 147874678793256, 4856
147874705280616, 147874705287500, 6884
147874797026028, 147874797028280, 2252
147874814348004, 147874814352808, 4804
147874836905832, 147874836913312, 7480
147874930629956, 147874930633024, 3068
147875072234464, 147875072236508, 2044
147875152087192, 147875152090240, 3048
147875213864644, 147875213867692, 3048
147875275663792, 147875275671656, 7864
147875371333760, 147875371340908, 7148
147875407216996, 147875407225016, 8020
147875536855704, 147875536863392, 7688
147875586806780, 147875586809708, 2928
147875758343696, 147875758346616, 2920
147875987521304, 147875987523964, 2660
147876047368632, 147876047375840, 7208
147876097242592, 147876097245200, 2608
147876188955932, 147876188963940, 8008
147876199793952, 147876199805208, 11256
147876328535728, 147876328545176, 9448
147877074510916, 147877074513800, 2884
147877116764484, 147877116769348, 4864
147877158930368, 147877158934664, 4296
147877201279212, 147877201284016, 4804
147877243627028, 147877243631800, 4772
147877286514652, 147877286520088, 5436
147877328893984, 147877328899036, 5052
147877403530136, 147877403532952, 2816
147877425486764, 147877425493196, 6432
147877469240600, 147877469242272, 1672
147877574930504, 147877574933628, 3124
147877604827644, 147877604831484, 3840
147877688609788, 147877688618324, 8536
147877732487044, 147877732494592, 7548
147877749782480, 147877749793768, 11288
147877776341448, 147877776349620, 8172
147877820241508, 147877820249260, 7752
147877864095324, 147877864103084, 7760
147877888041156, 147877888049016, 7860
147877913955560, 147877913957548, 1988
147877951862528, 147877951870248, 7720
147877995729752, 147877995736572, 6820
147878029672192, 147878029679096, 6904
147878040527876, 147878040538976, 11100
147878171200236, 147878171208980, 8744
147878188488704, 147878188497612, 8908
147878215076192, 147878215085252, 9060
147878258992184, 147878258999780, 7596
147879397713696, 147879397715356, 1660
147879414975456, 147879414980308, 4852
147879432324532, 147879432329860, 5328
147879449694084, 147879449699152, 5068
147879467051820, 147879467056528, 4708
147879484473384, 147879484477904, 4520
147879501821220, 147879501826084, 4864
147879519678528, 147879519683368, 4840
147879536994132, 147879536998468, 4336
147879554479536, 147879554486312, 6776
147879571933096, 147879571938836, 5740
147879589365432, 147879589370956, 5524
147879606835532, 147879606839984, 4452
147879624412880, 147879624417676, 4796
147879641910476, 147879641916488, 6012
147879659310788, 147879659316636, 5848
147879676625956, 147879676630000, 4044
147879694040472, 147879694044624, 4152
147879711692652, 147879711698200, 5548
147879729124756, 147879729133296, 8540
147879746616932, 147879746622088, 5156
147879764141432, 147879764146348, 4916
147879782199184, 147879782204240, 5056
147879799854596, 147879799860268, 5672
147879817310948, 147879817314252, 3304
147879834834980, 147879834840608, 5628
147879852424268, 147879852428880, 4612
147855463515800, 147855463524404, 8604
147855480115520, 147855480123716, 8196
147859507558032, 147859507561052, 3020
147859531477916, 147859531485384, 7468
147859581313500, 147859581320384, 6884
147859707020072, 147859707022952, 2880
147859779295672, 147859779300824, 5152
147859952244220, 147859952246752, 2532
147860008074776, 147860008081520, 6744
147860081888588, 147860081891228, 2640
147860139823832, 147860139831188, 7356
147860205599076, 147860205602300, 3224
147860343135804, 147860343141072, 5268
147860486780908, 147860486786540, 5632
147861441884772, 147861441887788, 3016
147861464144668, 147861464149844, 5176
147861486302644, 147861486306852, 4208
147861508451048, 147861508455480, 4432
147861530652268, 147861530656964, 4696
147861552812400, 147861552817400, 5000
147861575549756, 147861575554532, 4776
147861597786240, 147861597791532, 5292
147861620050028, 147861620054680, 4652
147861642324736, 147861642330028, 5292
147862227597916, 147862227600976, 3060
147862238370464, 147862238374796, 4332
147862249139904, 147862249145824, 5920
147862259938700, 147862259942992, 4292
147863436061412, 147863436064292, 2880
147863438576900, 147863438582552, 5652
147863441068724, 147863441072536, 3812
147863443559648, 147863443563916, 4268
147863446067316, 147863446072332, 5016
147863448566040, 147863448569892, 3852
147863451055248, 147863451058420, 3172
147863454009116, 147863454016048, 6932
147863653478488, 147863653481424, 2936
147863672224344, 147863672228844, 4500
147863691080916, 147863691085796, 4880
147863809050140, 147863809052672, 2532
147863834816772, 147863834822076, 5304
147863860497240, 147863860502884, 5644
147863886228264, 147863886233712, 5448
147863912025944, 147863912030784, 4840
147863937826168, 147863937831520, 5352
147863963913468, 147863963919172, 5704
147863989719472, 147863989725468, 5996
147864015647652, 147864015652836, 5184
147864041354116, 147864041358880, 4764
147864076232504, 147864076239812, 7308
147864112091948, 147864112099580, 7632
147864166036404, 147864166039620, 3216
147864289598620, 147864289601092, 2472
147864362685952, 147864362695244, 9292
147864365211800, 147864365218672, 6872
147864494992708, 147864494995524, 2816
147864501234000, 147864501239216, 5216
147864507472140, 147864507477024, 4884
147864513690044, 147864513697660, 7616
147864686459996, 147864686462692, 2696
147864814087584, 147864814090540, 2956
147864820339076, 147864820344268, 5192
147864826539056, 147864826546928, 7872
147864834012740, 147864834020264, 7524
147864883883780, 147864883887228, 3448
147865011530724, 147865011533872, 3148
147865084343004, 147865084348168, 5164
147865254866192, 147865254868740, 2548
147865261116932, 147865261122188, 5256
147865368488676, 147865368491440, 2764
147865392387484, 147865392395184, 7700
147865506163924, 147865506171048, 7124
147865551914148, 147865551916820, 2672
147865619731992, 147865619737544, 5552
147865667589748, 147865667595428, 5680
147865779289420, 147865779292028, 2608
147865889089852, 147865889092484, 2632
147865961370916, 147865961375708, 4792
147866134256416, 147866134259504, 3088
147866255855200, 147866255858172, 2972
147866274561912, 147866274567368, 5456
147866293291256, 147866293296052, 4796
147866312681492, 147866312686384, 4892
147866361613784, 147866361621388, 7604
147866411411200, 147866411415504, 4304
147867153265420, 147867153268400, 2980
147867155775468, 147867155781936, 6468
147867158262808, 147867158267188, 4380
147867160751892, 147867160756204, 4312
147867163245772, 147867163249200, 3428
147867264969828, 147867264972580, 2752
147867394598104, 147867394600716, 2612
147868367707692, 147868367711428, 3736
147868396211672, 147868396217216, 5544
147868424772792, 147868424782652, 9860
147868453373180, 147868453377604, 4424
147868481927084, 147868481931352, 4268
147868510590488, 147868510595544, 5056
147868539181804, 147868539186188, 4384
147868568345024, 147868568350636, 5612
147868596878120, 147868596883080, 4960
147868698737780, 147868698740904, 3124
147868814493368, 147868814500684, 7316
147869151420296, 147869151422836, 2540
147869153921456, 147869153927028, 5572
147869247265940, 147869247272180, 6240
147869255145060, 147869255147980, 2920
147869302995212, 147869303002860, 7648
147869372814344, 147869372816352, 2008
147869418766936, 147869418769528, 2592
147869492544064, 147869492546676, 2612
147869534371036, 147869534372968, 1932
147869620099568, 147869620102372, 2804
147869675957532, 147869675965932, 8400
147869721794388, 147869721797560, 3172
147869843626516, 147869843629304, 2788
147869872265988, 147869872273820, 7832
147869993095412, 147869993098248, 2836
147870098837984, 147870098839968, 1984
147870105130824, 147870105135692, 4868
147870111343140, 147870111347172, 4032
147870204424940, 147870204427040, 2100
147870210649292, 147870210653784, 4492
147870230284312, 147870230292096, 7784
147870318036568, 147870318038336, 1768
147870324234872, 147870324239680, 4808
147870361913208, 147870361921008, 7800
147870429705248, 147870429707348, 2100
147870535527144, 147870535529544, 2400
147870546826256, 147870546834692, 8436
147870575395456, 147870575404432, 8976
147870667033396, 147870667040324, 6928
147870778957468, 147870778960176, 2708
147870798212336, 147870798217032, 4696
147870817027544, 147870817031968, 4424
147870934382580, 147870934385332, 2752
147870940588024, 147870940592684, 4660
147870946793812, 147870946797376, 3564
147870976188884, 147870976195188, 6304
147871020036284, 147871020057884, 21600
147871151682352, 147871151685028, 2676
147871168992932, 147871168998212, 5280
147871287225320, 147871287228316, 2996
147871373050996, 147871373053804, 2808
147871414849344, 147871414852056, 2712
147871458732236, 147871458741504, 9268
147871502605956, 147871502613376, 7420
147871546471312, 147871546479328, 8016
147871602337668, 147871602340512, 2844
147871721961516, 147871721969616, 8100
147871743955624, 147871743958340, 2716
147871765915828, 147871765923160, 7332
147871809735620, 147871809742504, 6884
147871945316600, 147871945319424, 2824
147871987506676, 147871987512960, 6284
147872116847120, 147872116854900, 7780
147872160730008, 147872160737268, 7260
147872204593660, 147872204600540, 6880
147872230590040, 147872230592796, 2756
147872352233844, 147872352236376, 2532
147872424647764, 147872424655060, 7296
147872435503900, 147872435512184, 8284
147872547585720, 147872547593344, 7624
147873407138160, 147873407141012, 2852
147873417931944, 147873417937224, 5280
147873428785348, 147873428791064, 5716
147873439660172, 147873439664992, 4820
147873450462436, 147873450467324, 4888
147873461247888, 147873461251080, 3192
147873612446152, 147873612449316, 3164
147873618710876, 147873618716572, 5696
147873624907196, 147873624911168, 3972
147873631145724, 147873631150036, 4312
147873736158568, 147873736161300, 2732
147873742383656, 147873742389144, 5488
147873748582468, 147873748590216, 7748
147873783959292, 147873783967112, 7820
147873827941488, 147873827947164, 5676
147873871703080, 147873871710872, 7792
147873915619516, 147873915627412, 7896
147875281621708, 147875281624012, 2304
147875287885316, 147875287890624, 5308
147875294181024, 147875294185948, 4924
147875300385480, 147875300389204, 3724
147875306712824, 147875306718792, 5968
147875312942916, 147875312946764, 3848
147875319141824, 147875319146536, 4712
147875325405504, 147875325410436, 4932
147875331661652, 147875331664888, 3236
147875337945784, 147875337948892, 3108
147875344233796, 147875344238592, 4796
147875350460296, 147875350464068, 3772
147875356675548, 147875356678820, 3272
147875362990408, 147875362995712, 5304
147875369263180, 147875369267308, 4128
147875375543360, 147875375546968, 3608
147875381866068, 147875381871184, 5116
147875388067532, 147875388071004, 3472
147875394260596, 147875394264568, 3972
147875400465672, 147875400469184, 3512
147875406710432, 147875406715092, 4660
147875412906100, 147875412910464, 4364
147875419109796, 147875419113648, 3852
147875425345172, 147875425350404, 5232
147875431557936, 147875431561524, 3588
147875437760276, 147875437764660, 4384
147875444010244, 147875444015036, 4792
147875450208696, 147875450212448, 3752
147875456408636, 147875456412668, 4032
147875462631372, 147875462636152, 4780
147875468837152, 147875468840884, 3732
147875475061096, 147875475064840, 3744
147875481261440, 147875481265032, 3592
147875487499364, 147875487503768, 4404
147875493721052, 147875493724792, 3740
147875499922492, 147875499926160, 3668
147876220854800, 147876220857204, 2404
147876227098168, 147876227102672, 4504
147876233367868, 147876233371772, 3904
147876239580744, 147876239584404, 3660
147876245936788, 147876245941660, 4872
147876252139636, 147876252143692, 4056
147876258353992, 147876258357176, 3184
147876264650716, 147876264654964, 4248
147876270863544, 147876270867528, 3984
147876277635080, 147876277638172, 3092
147876283878936, 147876283884536, 5600
147876290081764, 147876290085040, 3276
147876296294316, 147876296298244, 3928
147876302539300, 147876302544456, 5156
147876308761068, 147876308765488, 4420
147876314976060, 147876314979164, 3104
147876321220472, 147876321225532, 5060
147876327432232, 147876327436288, 4056
147876333653888, 147876333658840, 4952
147876372469152, 147876372475192, 6040
147876416395696, 147876416402008, 6312
147876540005736, 147876540007524, 1788
147876557399520, 147876557405088, 5568
147876574866064, 147876574871480, 5416
147876592344964, 147876592350496, 5532
147876635654404, 147876635661224, 6820
147876679526184, 147876679532756, 6572
147876809260148, 147876809262832, 2684
147876881551340, 147876881556932, 5592
147876998602420, 147876998609332, 6912
147877142198420, 147877142205504, 7084
147877397521696, 147877397524152, 2456
147877426124572, 147877426129636, 5064
147877778333468, 147877778335648, 2180
147877806849636, 147877806854300, 4664
147877835400684, 147877835405540, 4856
147877965777920, 147877965780032, 2112
147878095410652, 147878095412724, 2072
147878181224680, 147878181226972, 2292
147878225084668, 147878225087308, 2640
147878342708360, 147878342711452, 3092
147878348924156, 147878348928812, 4656
147878355123792, 147878355128692, 4900
147878390577044, 147878390584880, 7836
147878462355372, 147878462358260, 2888
147878566138852, 147878566147152, 8300
147878591969388, 147878592001060, 31672
147878691742160, 147878691750052, 7892
147879389628516, 147879389631732, 3216
147879400412172, 147879400416928, 4756
147879411246528, 147879411251060, 4532
147879422012220, 147879422016812, 4592
147879432880100, 147879432885608, 5508
147879445571016, 147879445578384, 7368
147879503305764, 147879503309220, 3456
