145935603859624, 145935603881588, 21964
145940034781952, 145940034784680, 2728
145940354032096, 145940354038096, 6000
145941076216924, 145941076221340, 4416
145941798486772, 145941798491492, 4720
145942520904656, 145942520909492, 4836
145943242983080, 145943242990120, 7040
145943965272388, 145943965278092, 5704
145944687501924, 145944687507320, 5396
145945409858960, 145945409863772, 4812
145946132088700, 145946132093272, 4572
145946854366700, 145946854372968, 6268
145947576548500, 145947576554700, 6200
145948298877588, 145948298882132, 4544
145949021078076, 145949021084404, 6328
145949743370920, 145949743376076, 5156
145950465582448, 145950465587776, 5328
145951187874896, 145951187879832, 4936
145951910122628, 145951910127164, 4536
145952632438592, 145952632443764, 5172
145953354705732, 145953354712440, 6708
145954076976976, 145954076983480, 6504
145954799141984, 145954799149076, 7092
145955521426540, 145955521431544, 5004
145956243737116, 145956243742092, 4976
145956965935376, 145956965939960, 4584
145957688206284, 145957688211184, 4900
145958410456612, 145958410461184, 4572
145959132697944, 145959132703076, 5132
145959854995416, 145959855000116, 4700
145935596380096, 145935596392744, 12648
145935611917212, 145935611926032, 8820
145935628636352, 145935628644548, 8196
145940030860780, 145940030863840, 3060
145940759032724, 145940759039504, 6780
145941886368844, 145941886375452, 6608
145943013581672, 145943013588660, 6988
145944140898444, 145944140904580, 6136
145945268193200, 145945268199572, 6372
145946395529360, 145946395535812, 6452
145947522735752, 145947522740880, 5128
145948649993196, 145948650000016, 6820
145949777282820, 145949777289856, 7036
145950904570264, 145950904576784, 6520
145952031829052, 145952031836220, 7168
145953159146480, 145953159148380, 1900
145954286409376, 145954286413836, 4460
145955413710688, 145955413715392, 4704
145956541012620, 145956541017440, 4820
145957668259836, 145957668266568, 6732
145958795519772, 145958795538120, 18348
145959922796364, 145959922802960, 6596
145939697726696, 145939697729936, 3240
145940774955092, 145940774961028, 5936
145941918221856, 145941918225996, 4140
145943061558200, 145943061563032, 4832
145944204700360, 145944204706620, 6260
145945347965728, 145945347970540, 4812
145946491183864, 145946491189084, 5220
145947634418632, 145947634425404, 6772
145948777693136, 145948777699800, 6664
145949920919424, 145949920925928, 6504
145951064218932, 145951064223548, 4616
145952207478724, 145952207483396, 4672
145953350749080, 145953350753944, 4864
145954493934828, 145954493941784, 6956
145955637117480, 145955637124348, 6868
145956780361188, 145956780367724, 6536
145957923660936, 145957923665632, 4696
145959066923408, 145959066927924, 4516
145960210108964, 145960210114888, 5924
145939645744480, 145939645747308, 2828
145940816863696, 145940816871224, 7528
145942001973324, 145942001980496, 7172
145943187123996, 145943187129432, 5436
145944372389904, 145944372396228, 6324
145945557560840, 145945557565400, 4560
145946742547132, 145946742553024, 5892
145947927710592, 145947927716732, 6140
145949112861452, 145949112866648, 5196
145950298097724, 145950298102452, 4728
145951483152128, 145951483158988, 6860
145952668273676, 145952668280560, 6884
145953853437808, 145953853463532, 25724
145955038664148, 145955038665844, 1696
145956223710860, 145956223718088, 7228
145957408926596, 145957408934412, 7816
145958593998780, 145958594005648, 6868
145959779165364, 145959779172064, 6700
