21913520801824, 21913520807378, 5554
21913560705318, 21913560715544, 10226
21913610567072, 21913610572656, 5584
21913660450168, 21913660455368, 5200
21913710332212, 21913710337384, 5172
21913760212556, 21913760218436, 5880
21915037111488, 21915037115036, 3548
21915052970184, 21915052975732, 5548
21915068835892, 21915068839784, 3892
21915084703200, 21915084706928, 3728
21915101160080, 21915101163980, 3900
21915117037032, 21915117040880, 3848
21915132910324, 21915132914052, 3728
21915148770312, 21915148773808, 3496
21915164655592, 21915164659200, 3608
21915180530240, 21915180533924, 3684
21915196402668, 21915196406324, 3656
21915212272004, 21915212275212, 3208
21915228140708, 21915228144324, 3616
21915244001896, 21915244005328, 3432
21915259863980, 21915259867584, 3604
21915275732424, 21915275736224, 3800
21915291605876, 21915291609484, 3608
21915307478056, 21915307482092, 4036
21915323349872, 21915323353624, 3752
21915339782984, 21915339786964, 3980
21915355655740, 21915355659656, 3916
21915371532048, 21915371535624, 3576
21915387402408, 21915387405964, 3556
21915403278904, 21915403282424, 3520
21915419146684, 21915419150272, 3588
21915435002736, 21915435006584, 3848
21915450870400, 21915450873648, 3248
21915466748680, 21915466752468, 3788
21917032309824, 21917032313124, 3300
21917079328408, 21917079333404, 4996
21917126913148, 21917126917224, 4076
21917173922388, 21917173926408, 4020
21917220943204, 21917220947184, 3980
21917267957344, 21917267961020, 3676
21917314946020, 21917314949684, 3664
21917362513432, 21917362517824, 4392
21917409532292, 21917409536580, 4288
21917456529840, 21917456533500, 3660
21917503520424, 21917503524136, 3712
21917550506832, 21917550510612, 3780
21921026682812, 21921026684968, 2156
21921074252184, 21921074257456, 5272
21921121285520, 21921121289636, 4116
21921168282680, 21921168286180, 3500
21921215280752, 21921215284420, 3668
21921262283640, 21921262287344, 3704
21921309265332, 21921309268580, 3248
21921356831684, 21921356835084, 3400
21921403811032, 21921403815024, 3992
21921450792920, 21921450797068, 4148
21921497792764, 21921497796924, 4160
21921544767024, 21921544770792, 3768
21921592328872, 21921592332984, 4112
21921639330908, 21921639334684, 3776
21921686322340, 21921686326132, 3792
21921733320020, 21921733323940, 3920
21921780297792, 21921780301748, 3956
21921827858032, 21921827861588, 3556
21921874856000, 21921874859388, 3388
21921921829844, 21921921833376, 3532
21921968814972, 21921968818524, 3552
21922015798300, 21922015801872, 3572
21922062804528, 21922062808148, 3620
21922110349696, 21922110353608, 3912
21922157326264, 21922157329620, 3356
21922204322760, 21922204326776, 4016
21922309644172, 21922309658184, 14012
21924173183656, 21924173187332, 3676
21924190615780, 21924190620412, 4632
21924208052936, 21924208056612, 3676
21924225480688, 21924225484284, 3596
21924242892616, 21924242896232, 3616
21924260319492, 21924260323140, 3648
21924277744848, 21924277748552, 3704
21924295171732, 21924295174952, 3220
21924312581524, 21924312585132, 3608
21924330563960, 21924330567488, 3528
21924347994876, 21924347998368, 3492
21924365426516, 21924365429952, 3436
21924382858884, 21924382862240, 3356
21924400272448, 21924400275528, 3080
21924417705304, 21924417708760, 3456
21924435140108, 21924435143568, 3460
21924500364960, 21924500372212, 7252
21924636037400, 21924636044812, 7412
21924771712416, 21924771719728, 7312
21924907318404, 21924907324676, 6272
21925042994740, 21925043000576, 5836
21925178675124, 21925178681080, 5956
21925314354276, 21925314360960, 6684
21925450031184, 21925450037900, 6716
21927008263012, 21927008265864, 2852
21927039308472, 21927039313332, 4860
21927070913072, 21927070916832, 3760
21927101939196, 21927101943052, 3856
21927132984232, 21927132988032, 3800
21927164027956, 21927164031612, 3656
21927195067896, 21927195071756, 3860
21927226109852, 21927226113484, 3632
21927257129552, 21927257133248, 3696
21927288160080, 21927288163828, 3748
21927427265212, 21927427272264, 7052
21929003456488, 21929003459596, 3108
21929050467020, 21929050471576, 4556
21929098046268, 21929098050308, 4040
21929145043316, 21929145046972, 3656
21929192063364, 21929192067252, 3888
21929239064904, 21929239068268, 3364
21929286048792, 21929286052348, 3556
21929333587620, 21929333591132, 3512
21929380569688, 21929380573324, 3636
21929427549832, 21929427553336, 3504
21929474548764, 21929474552504, 3740
21929521534288, 21929521538016, 3728
21929671866924, 21929671875348, 8424
21929721746704, 21929721752156, 5452
21929771628668, 21929771647448, 18780
21929821511004, 21929821527488, 16484
21929871390664, 21929871403752, 13088
21929921273236, 21929921286384, 13148
21929971154852, 21929971171136, 16284
21930021036772, 21930021049824, 13052
21930070925684, 21930070941900, 16216
21930120805932, 21930120818748, 12816
21930170687776, 21930170700556, 12780
21932997831068, 21932997834012, 2944
21933028878324, 21933028882916, 4592
21933060483508, 21933060487256, 3748
21933091513416, 21933091517124, 3708
21933122553456, 21933122557056, 3600
21933153594488, 21933153598080, 3592
21933184624572, 21933184628516, 3944
21933215659144, 21933215662496, 3352
21933246675324, 21933246678708, 3384
21933277718152, 21933277721664, 3512
21933309309352, 21933309312768, 3416
21933340339472, 21933340343112, 3640
21933371380424, 21933371384212, 3788
21933402401800, 21933402405472, 3672
21933433452940, 21933433455968, 3028
21933464467792, 21933464471640, 3848
21933495515356, 21933495519008, 3652
21933526542008, 21933526545364, 3356
21933558205188, 21933558208964, 3776
21913534774138, 21913534778924, 4786
21913570664964, 21913570669600, 4636
21913630524684, 21913630528856, 4172
21913690406078, 21913690412684, 6606
21913750239760, 21913750243732, 3972
21913810094676, 21913810102048, 7372
21913859973516, 21913859978580, 5064
21913909856456, 21913909861828, 5372
21913959738360, 21913959743608, 5248
21914009617836, 21914009623156, 5320
21914059503676, 21914059508968, 5292
21914109383588, 21914109388992, 5404
21914159297392, 21914159309752, 12360
21914185228684, 21914185234992, 6308
21914211164192, 21914211170844, 6652
21914237082832, 21914237087240, 4408
21914263020796, 21914263024400, 3604
21914288979472, 21914288986412, 6940
21914314897164, 21914314900908, 3744
21914340833784, 21914340838852, 5068
21914366776224, 21914366779768, 3544
21914392733284, 21914392739464, 6180
21914418652316, 21914418656184, 3868
21914444589628, 21914444593384, 3756
21914470528208, 21914470532328, 4120
21914496467456, 21914496471340, 3884
21914522407436, 21914522411448, 4012
21914548362644, 21914548369312, 6668
21914574299518, 21914574306052, 6534
21914600218696, 21914600223536, 4840
21914626160940, 21914626165128, 4188
21914652098504, 21914652102676, 4172
21914678055012, 21914678061998, 6986
21914703988684, 21914703995192, 6508
21914729933812, 21914729940232, 6420
21914755871452, 21914755877618, 6166
21914781790040, 21914781794068, 4028
21915033122416, 21915033125764, 3348
21915047641836, 21915047646984, 5148
21915062164880, 21915062168192, 3312
21915076684000, 21915076687324, 3324
21915091791116, 21915091794944, 3828
21915106311260, 21915106314900, 3640
21915120841596, 21915120845064, 3468
21915156834508, 21915156838952, 4444
21915206710912, 21915206717708, 6796
21915256591976, 21915256598596, 6620
21917028315908, 21917028319128, 3220
21917045748992, 21917045754316, 5324
21917063185620, 21917063189356, 3736
21917081190776, 21917081194728, 3952
21917098635444, 21917098639388, 3944
21917116061344, 21917116065108, 3764
21917133504996, 21917133509032, 4036
21917150952072, 21917150955980, 3908
21917168389604, 21917168393440, 3836
21917185808404, 21917185812292, 3888
21917203252488, 21917203256256, 3768
21917220689048, 21917220692936, 3888
21917238125532, 21917238128952, 3420
21917255548972, 21917255552400, 3428
21917272986616, 21917272990464, 3848
21917309640792, 21917309647452, 6660
21917445319744, 21917445325812, 6068
21917580999456, 21917581007212, 7756
21917640858884, 21917640863916, 5032
21917700716888, 21917700722156, 5268
21917750596596, 21917750601508, 4912
21917800476764, 21917800481604, 4840
21917850360448, 21917850366016, 5568
21917900242036, 21917900247452, 5416
21917950122088, 21917950127248, 5160
21918000005144, 21918000010592, 5448
21918049949212, 21918049956544, 7332
21918075849572, 21918075855912, 6340
21918101782738, 21918101791644, 8906
21918127724832, 21918127731912, 7080
21919023507324, 21919023510640, 3316
21919054548020, 21919054553280, 5260
21919086156360, 21919086160544, 4184
21919117186024, 21919117190104, 4080
21919148227872, 21919148231648, 3776
21919179263164, 21919179267000, 3836
21919262943000, 21919262947360, 4360
21919448493584, 21919448499132, 5548
21919634053344, 21919634058732, 5388
21919819611804, 21919819617420, 5616
21920005172324, 21920005177976, 5652
21920190732988, 21920190738388, 5400
21921018697732, 21921018702540, 4808
21921036132672, 21921036137944, 5272
21921053575492, 21921053579296, 3804
21921071572452, 21921071575992, 3540
21921089024764, 21921089028320, 3556
21921106445920, 21921106449592, 3672
21921123886864, 21921123890680, 3816
21921244157376, 21921244163160, 5784
21921379835656, 21921379842296, 6640
21921515512384, 21921515518508, 6124
21921651192352, 21921651198188, 5836
21921786869348, 21921786889240, 19892
21921922546480, 21921922570952, 24472
21922058225472, 21922058250328, 24856
21922193902968, 21922193928484, 25516
21923013889740, 21923013892712, 2972
21923060872336, 21923060877292, 4956
21923108397084, 21923108400872, 3788
21923155383188, 21923155386532, 3344
21923202374124, 21923202377272, 3148
21923249349412, 21923249352688, 3276
21923387010408, 21923387028568, 18160
21923436887696, 21923436900824, 13128
21923486769496, 21923486782136, 12640
21923536650660, 21923536663556, 12896
21923586532660, 21923586539708, 7048
21923636413460, 21923636420032, 6572
21923686294748, 21923686301224, 6476
21923736177212, 21923736184160, 6948
21923786058888, 21923786065276, 6388
21923835942164, 21923835949364, 7200
21923885846864, 21923885881392, 34528
21923911771584, 21923911780578, 8994
21923937710918, 21923937720024, 9106
21923963645498, 21923963653812, 8314
21923989586272, 21923989593864, 7592
21924015525084, 21924015533178, 8094
21924041464018, 21924041471572, 7554
21924067400658, 21924067409258, 8600
21924093343038, 21924093350918, 7880
21924119280538, 21924119288784, 8246
21924145216078, 21924145223912, 7834
21924171155744, 21924171164098, 8354
21924197077060, 21924197081876, 4816
21924223017828, 21924223022988, 5160
21924248954836, 21924248959628, 4792
21924274890572, 21924274895540, 4968
21924300830192, 21924300835060, 4868
21924326768344, 21924326773348, 5004
21924352708260, 21924352712912, 4652
21924378644680, 21924378649560, 4880
21924404583404, 21924404588272, 4868
21924430522888, 21924430527992, 5104
21924456479658, 21924456488044, 8386
21924482417032, 21924482424478, 7446
21924508338660, 21924508343956, 5296
21924534274412, 21924534279560, 5148
21924560214392, 21924560219752, 5360
21924586151928, 21924586157016, 5088
21924612090868, 21924612097008, 6140
21924638031692, 21924638036636, 4944
21924663969832, 21924663974688, 4856
21924689907420, 21924689912324, 4904
21924715847172, 21924715852176, 5004
21924741784040, 21924741788904, 4864
21924767723140, 21924767727964, 4824
21924793661644, 21924793666484, 4840
21924819599840, 21924819604636, 4796
21924845536700, 21924845541424, 4724
21924871409236, 21924871415936, 6700
21924897342044, 21924897346764, 4720
21924923277140, 21924923282344, 5204
21924949216444, 21924949221740, 5296
21924975171838, 21924975180738, 8900
21925001093788, 21925001099572, 5784
21925027032820, 21925027038480, 5660
21925052969764, 21925052975296, 5532
21925078909400, 21925078914520, 5120
21925104849924, 21925104855200, 5276
21925130787016, 21925130792868, 5852
21925156724732, 21925156729984, 5252
21927004274024, 21927004277292, 3268
21927020152028, 21927020157244, 5216
21927036032020, 21927036035724, 3704
21927051904352, 21927051908436, 4084
21927068362112, 21927068365620, 3508
21927084236016, 21927084239844, 3828
21927100108764, 21927100112484, 3720
21927115959200, 21927115963040, 3840
21927131839040, 21927131842784, 3744
21927147712784, 21927147716512, 3728
21927163586340, 21927163590292, 3952
21927179469368, 21927179472932, 3564
21927195355360, 21927195359344, 3984
21927211225944, 21927211229096, 3152
21927227104508, 21927227108412, 3904
21927242975828, 21927242979552, 3724
21927258844536, 21927258848308, 3772
21927274709996, 21927274713528, 3532
21927290584812, 21927290588380, 3568
21927307017720, 21927307021448, 3728
21927322894136, 21927322897308, 3172
21927338751724, 21927338755780, 4056
21927354608272, 21927354612064, 3792
21927370480076, 21927370483560, 3484
21927386339020, 21927386342408, 3388
21927402186980, 21927402190360, 3380
21927418053784, 21927418057216, 3432
21927433928648, 21927433932408, 3760
21927449796536, 21927449800236, 3700
21927465662640, 21927465666368, 3728
21927481517492, 21927481520832, 3340
21927497385768, 21927497389468, 3700
21927513251348, 21927513254896, 3548
21927529102892, 21927529106340, 3448
21927544946112, 21927544949948, 3836
21927561380320, 21927561383760, 3440
21927577238184, 21927577241736, 3552
21927593103452, 21927593106864, 3412
21927608961876, 21927608965576, 3700
21927624814408, 21927624818452, 4044
21927640657024, 21927640660636, 3612
21927656516220, 21927656519740, 3520
21927696632484, 21927696639192, 6708
21927756509644, 21927756520458, 10814
21927816367784, 21927816378812, 11028
21927876230658, 21927876281824, 51166
21927926109924, 21927926120358, 10434
21927975987812, 21927976021872, 34060
21928025871138, 21928025881604, 10466
21928075751784, 21928075786596, 34812
21928125633138, 21928125643352, 10214
21928175517078, 21928175551844, 34766
21928225395664, 21928225405838, 10174
21928275278198, 21928275289198, 11000
21928325164012, 21928325198288, 34276
21928375041052, 21928375074644, 33592
21928424926238, 21928424936304, 10066
21928474804532, 21928474815112, 10580
21928524688712, 21928524698704, 9992
21928574567672, 21928574579152, 11480
21928624450592, 21928624460458, 9866
21928674332752, 21928674366536, 33784
21928724215332, 21928724249992, 34660
21928774097998, 21928774130968, 32970
21928823978132, 21928824013168, 35036
21928873784032, 21928873817992, 33960
21928923667638, 21928923701904, 34266
21928973547732, 21928973558684, 10952
21929023409244, 21929023415760, 6516
21929073291816, 21929073298836, 7020
21929123172912, 21929123178900, 5988
21929173052960, 21929173059460, 6500
21929222936376, 21929222942632, 6256
21929272817772, 21929272824360, 6588
21929322700184, 21929322706768, 6584
21929372580292, 21929372586748, 6456
21929422462228, 21929422468204, 5976
21929472342932, 21929472349540, 6608
21929522225748, 21929522231940, 6192
21929572108128, 21929572114672, 6544
21929621988720, 21929621995224, 6504
21929751677036, 21929751680660, 3624
21929851445344, 21929851462620, 17276
21930031012892, 21930031026284, 13392
21930994655572, 21930994659436, 3864
21931009208612, 21931009213676, 5064
21931023750776, 21931023755048, 4272
21931038292016, 21931038295908, 3892
21931053405760, 21931053409664, 3904
21931067944736, 21931067948584, 3848
21931082493520, 21931082497316, 3796
21931097016468, 21931097019808, 3340
21931111543084, 21931111546496, 3412
21931126078836, 21931126082240, 3404
21931140620664, 21931140624160, 3496
21931155148148, 21931155151344, 3196
21931169678944, 21931169682620, 3676
21931184213888, 21931184217244, 3356
21931198713380, 21931198716696, 3316
21931213215364, 21931213219036, 3672
21931227727100, 21931227730300, 3200
21931242268908, 21931242272532, 3624
21931256794868, 21931256798292, 3424
21931271312196, 21931271314956, 2760
21931285828980, 21931285832388, 3408
21931300925752, 21931300929268, 3516
21931317885436, 21931317896912, 11476
21931367773060, 21931367786068, 13008
21931417654120, 21931417667292, 13172
21932989847972, 21932989851304, 3332
21933005713360, 21933005718220, 4860
21933021594260, 21933021598052, 3792
21933037478056, 21933037481932, 3876
21933053922832, 21933053926372, 3540
21933069798004, 21933069801852, 3848
21933085680628, 21933085684276, 3648
21933101527976, 21933101531380, 3404
21933117406124, 21933117409572, 3448
21933133281048, 21933133284240, 3192
21933149147592, 21933149150980, 3388
21933165016120, 21933165020200, 4080
21933180904116, 21933180907608, 3492
21933196779028, 21933196782608, 3580
21933212646104, 21933212649812, 3708
21933228511632, 21933228514836, 3204
21933244379352, 21933244382880, 3528
21933260247764, 21933260251176, 3412
21933276118296, 21933276121832, 3536
21933292542116, 21933292545456, 3340
21933308410656, 21933308414172, 3516
21933324300196, 21933324303788, 3592
21933340174472, 21933340177804, 3332
21933356046756, 21933356050452, 3696
21933371918268, 21933371921772, 3504
21933387786132, 21933387789792, 3660
21933403658884, 21933403662224, 3340
21933419537660, 21933419541116, 3456
21933435411204, 21933435414860, 3656
21933451283120, 21933451286920, 3800
21933467157516, 21933467161136, 3620
21933483037444, 21933483040688, 3244
21933498899732, 21933498903176, 3444
21933514764912, 21933514768704, 3792
21933530651180, 21933530655064, 3884
21913536766544, 21913536771698, 5154
21913646481412, 21913646487220, 5808
21913782163064, 21913782167704, 4640
21913917836116, 21913917843464, 7348
21914053516044, 21914053521940, 5896
21914235090592, 21914235093604, 3012
21914249623552, 21914249628936, 5384
21914264150576, 21914264154796, 4220
21914308915152, 21914308922264, 7112
21914358797480, 21914358804516, 7036
21914476516476, 21914476519296, 2820
21914588258972, 21914588263648, 4676
21914767824644, 21914767829304, 4660
21914947326132, 21914947330620, 4488
21915126899940, 21915126904920, 4980
21915306473512, 21915306479604, 6092
21915356349996, 21915356355592, 5596
21915406232284, 21915406238400, 6116
21915456116424, 21915456123164, 6740
21915482054812, 21915482058656, 3844
21915508013584, 21915508021378, 7794
21915533950484, 21915533957838, 7354
21915559870812, 21915559874512, 3700
21915585830204, 21915585837244, 7040
21915611746504, 21915611750448, 3944
21915637705132, 21915637710952, 5820
21915663645264, 21915663651858, 6594
21915689582778, 21915689589184, 6406
21915715520624, 21915715526804, 6180
21915741441416, 21915741445552, 4136
21915767377904, 21915767381960, 4056
21915793317204, 21915793321340, 4136
21915819274724, 21915819280904, 6180
21917020338680, 21917020341920, 3240
21917036211164, 21917036216112, 4948
21917052089856, 21917052094060, 4204
21917067963620, 21917067967444, 3824
21917084420992, 21917084424924, 3932
21917100297888, 21917100301928, 4040
21917116175828, 21917116179736, 3908
21917132032596, 21917132036308, 3712
21917147913164, 21917147917052, 3888
21917163791860, 21917163795656, 3796
21917179668180, 21917179672156, 3976
21917195548500, 21917195552308, 3808
21917211422604, 21917211426444, 3840
21917227292296, 21917227296328, 4032
21917243163160, 21917243166780, 3620
21917259040652, 21917259044068, 3416
21917274914616, 21917274918468, 3852
21917290783796, 21917290787044, 3248
21917306650960, 21917306654380, 3420
21917322529868, 21917322533776, 3908
21917338959752, 21917338963388, 3636
21917354831468, 21917354835096, 3628
21917370707380, 21917370711128, 3748
21917386580064, 21917386583484, 3420
21917402455424, 21917402459248, 3824
21917418331392, 21917418335072, 3680
21917434221452, 21917434224980, 3528
21917461287524, 21917461294372, 6848
21917521149556, 21917521154492, 4936
21919015530384, 21919015533492, 3108
21919032954296, 21919032959176, 4880
21919050388284, 21919050392408, 4124
21919067825364, 21919067829096, 3732
21919085808896, 21919085812696, 3800
21919103214776, 21919103218512, 3736
21919120644404, 21919120648396, 3992
21919138075656, 21919138079472, 3816
21919155502116, 21919155506064, 3948
21919172912332, 21919172916048, 3716
21919190344740, 21919190348544, 3804
21919207773396, 21919207777048, 3652
21919225199420, 21919225202812, 3392
21919344740004, 21919344746064, 6060
21919480415772, 21919480421880, 6108
21919616095704, 21919616101476, 5772
21919751772156, 21919751777880, 5724
21919887452304, 21919887458140, 5836
21920023130064, 21920023136180, 6116
21920158807464, 21920158813084, 5620
21920294486208, 21920294492832, 6624
21920344367800, 21920344372708, 4908
21921010720916, 21921010724008, 3092
21921041754636, 21921041759372, 4736
21921073355524, 21921073359568, 4044
21921104385048, 21921104389036, 3988
21921135430940, 21921135434728, 3788
21921304020632, 21921304025308, 4676
21921489576496, 21921489582372, 5876
21921675135400, 21921675141592, 6192
21921860694668, 21921860716992, 22324
21922046253200, 21922046282120, 28920
21922231812048, 21922231832800, 20752
21923005908040, 21923005911100, 3060
21923021771036, 21923021775752, 4716
21923037637488, 21923037641336, 3848
21923053500260, 21923053503668, 3408
21923069930892, 21923069934760, 3868
21923085795004, 21923085798400, 3396
21923101646872, 21923101650672, 3800
21923117510680, 21923117514448, 3768
21923133378900, 21923133382288, 3388
21923149248204, 21923149252044, 3840
21923165114028, 21923165117620, 3592
21923180979068, 21923180982736, 3668
21923196851808, 21923196855416, 3608
21923212717128, 21923212720632, 3504
21923228578140, 21923228581436, 3296
21923267290548, 21923267303920, 13372
21923327148980, 21923327166304, 17324
21924501674160, 21924501676720, 2560
21924517549772, 21924517554680, 4908
21924533407200, 21924533411316, 4116
21924549253772, 21924549257680, 3908
21924565663672, 21924565667244, 3572
21924581519772, 21924581523400, 3628
21924597374512, 21924597378108, 3596
21924613240236, 21924613243988, 3752
21924629100388, 21924629103956, 3568
21924644971964, 21924644975724, 3760
21924660837448, 21924660841024, 3576
21924676704356, 21924676707888, 3532
21924692573088, 21924692576644, 3556
21924708435908, 21924708439648, 3740
21924724304288, 21924724307836, 3548
21924740175336, 21924740178924, 3588
21924756037316, 21924756041084, 3768
21924771899976, 21924771903704, 3728
21924787766908, 21924787770536, 3628
21924803615348, 21924803621928, 6580
21924820041352, 21924820045040, 3688
21924835893364, 21924835896840, 3476
21924851749304, 21924851752360, 3056
21924867696940, 21924867700532, 3592
21924883558084, 21924883561972, 3888
21924899420272, 21924899423268, 2996
21924943239460, 21924943246684, 7224
21925003096804, 21925003103460, 6656
21925062957608, 21925062964700, 7092
21925122813048, 21925122819452, 6404
21925182681496, 21925182689416, 7920
21925208602580, 21925208608328, 5748
21925234541924, 21925234546692, 4768
21925260479652, 21925260484884, 5232
21925286418512, 21925286423412, 4900
21925312359132, 21925312364308, 5176
21925338294676, 21925338299896, 5220
21925364234704, 21925364239572, 4868
21925390173268, 21925390178504, 5236
21925416110272, 21925416114964, 4692
21925442048984, 21925442054284, 5300
21925467988004, 21925467992800, 4796
21925493925456, 21925493930584, 5128
21925519864296, 21925519868912, 4616
21925545802272, 21925545807712, 5440
21926996294872, 21926996298004, 3132
21927013722980, 21927013727912, 4932
21927031160588, 21927031164088, 3500
21927048590384, 21927048593832, 3448
21927066583700, 21927066587624, 3924
21927083993384, 21927083997288, 3904
21927101417544, 21927101421184, 3640
21927118846932, 21927118850504, 3572
21927136279496, 21927136282988, 3492
21927153692016, 21927153695536, 3520
21927171117896, 21927171121648, 3752
21927188550000, 21927188553644, 3644
21927213777388, 21927213784448, 7060
21927349449256, 21927349456968, 7712
21927485126088, 21927485132436, 6348
21928991483640, 21928991486796, 3156
21929022520180, 21929022524720, 4540
21929054112856, 21929054116792, 3936
21929085136028, 21929085139756, 3728
21929116168224, 21929116171740, 3516
21929147202400, 21929147205924, 3524
21929178211804, 21929178215556, 3752
21929209240848, 21929209244484, 3636
21929240244728, 21929240248328, 3600
21929282795292, 21929282802096, 6804
21929468348364, 21929468355892, 7528
21929653907888, 21929653915204, 7316
21929839467720, 21929839484624, 16904
21930025027704, 21930025041808, 14104
21930210587456, 21930210602340, 14884
21930390161988, 21930390179284, 17296
21930569735244, 21930569750420, 15176
21930986676744, 21930986679304, 2560
21931004098256, 21931004103024, 4768
21931021528216, 21931021532264, 4048
21931038954488, 21931038958428, 3940
21931148288300, 21931148305836, 17536
21931283965400, 21931283979624, 14224
21931419645460, 21931419659376, 13916
21931555322892, 21931555335632, 12740
21931690999208, 21931691011488, 12280
21931826678652, 21931826695300, 16648
21931962355820, 21931962367984, 12164
21932098034380, 21932098048432, 14052
21932233711920, 21932233728496, 16576
21932369390628, 21932369407028, 16400
21932505067920, 21932505079556, 11636
21932640746092, 21932640757676, 11584
21932776424440, 21932776438328, 13888
21932912029640, 21932912043908, 14268
21933047707144, 21933047720576, 13432
21933183385116, 21933183397596, 12480
21933319062392, 21933319079472, 17080
21933454739464, 21933454752808, 13344
21933590417512, 21933590429880, 12368
21909508908904, 21909508920804, 11900
21913658464428, 21913658468272, 3844
21913758218532, 21913758220324, 1792
21913869967160, 21913869971904, 4744
21914049524892, 21914049530788, 5896
21914219125444, 21914219128504, 3060
21914324874496, 21914324879604, 5108
21914460554296, 21914460559088, 4792
21914596230008, 21914596235584, 5576
21914731906392, 21914731912736, 6344
21914867583184, 21914867589652, 6468
21915003188744, 21915003194684, 5940
21915138867436, 21915138872968, 5532
21915274546996, 21915274553608, 6612
21915300484740, 21915300489340, 4600
21915326424132, 21915326428172, 4040
21915352358844, 21915352363944, 5100
21915378300936, 21915378304612, 3676
21915404239624, 21915404243784, 4160
21915430178428, 21915430182308, 3880
21917012357600, 21917012361156, 3556
21917026906392, 21917026912104, 5712
21917041448416, 21917041452796, 4380
21917055987628, 21917055991420, 3792
21917070542604, 21917070546580, 3976
21917085644796, 21917085648660, 3864
21917100200048, 21917100203868, 3820
21917114740392, 21917114744100, 3708
21917129278288, 21917129281956, 3668
21917143816320, 21917143820016, 3696
21917158373744, 21917158377448, 3704
21917172911768, 21917172915348, 3580
21917187446076, 21917187449644, 3568
21917202004292, 21917202008228, 3936
21917216536284, 21917216539796, 3512
21917231074832, 21917231078504, 3672
21917245610008, 21917245613544, 3536
21917260168828, 21917260172716, 3888
21917274704644, 21917274708220, 3576
21917289234548, 21917289237872, 3324
21917303777292, 21917303780924, 3632
21917318307460, 21917318311028, 3568
21917333399612, 21917333403460, 3848
21917347952728, 21917347956236, 3508
21917362488336, 21917362492076, 3740
21917377017964, 21917377021664, 3700
21917391576620, 21917391580032, 3412
21917406112900, 21917406116484, 3584
21917420657588, 21917420661140, 3552
21917435198528, 21917435202236, 3708
21917449748412, 21917449752224, 3812
21917464272568, 21917464275976, 3408
21917478799108, 21917478802500, 3392
21917493340476, 21917493343756, 3280
21917507867516, 21917507870800, 3284
21917522395556, 21917522399180, 3624
21917536932484, 21917536936140, 3656
21917551479380, 21917551482960, 3580
21917566008576, 21917566012000, 3424
21917581110048, 21917581113868, 3820
21917595637744, 21917595641420, 3676
21917610158220, 21917610161976, 3756
21917624679740, 21917624682984, 3244
21917639207440, 21917639210832, 3392
21917653725820, 21917653729296, 3476
21921002738592, 21921002741740, 3148
21921018604036, 21921018609396, 5360
21921034480864, 21921034484760, 3896
21921050359168, 21921050363132, 3964
21921066239736, 21921066243740, 4004
21921082691740, 21921082695792, 4052
21921098571276, 21921098575124, 3848
21921114423356, 21921114426952, 3596
21921130306900, 21921130310968, 4068
21921146186508, 21921146190236, 3728
21921162059792, 21921162063284, 3492
21921177928600, 21921177932184, 3584
21921193799176, 21921193802652, 3476
21921209669416, 21921209672744, 3328
21921225534948, 21921225538488, 3540
21921241399440, 21921241403184, 3744
21921257272392, 21921257276412, 4020
21921273143892, 21921273147668, 3776
21921289018576, 21921289022080, 3504
21921304892132, 21921304895948, 3816
21921321315332, 21921321319024, 3692
21921337183920, 21921337187408, 3488
21921353045004, 21921353048396, 3392
21921368909672, 21921368913220, 3548
21921384767208, 21921384770880, 3672
21921400631872, 21921400634984, 3112
21921416498972, 21921416502512, 3540
21921432361720, 21921432365092, 3372
21921448229208, 21921448232860, 3652
21921464095352, 21921464099104, 3752
21921479970120, 21921479973876, 3756
21921495839868, 21921495843700, 3832
21921511717548, 21921511721348, 3800
21921527577548, 21921527580656, 3108
21921543421712, 21921543427276, 5564
21921559287212, 21921559291196, 3984
21921575721364, 21921575724816, 3452
21921591582876, 21921591586436, 3560
21921607456184, 21921607459480, 3296
21921623320092, 21921623323496, 3404
21921639163276, 21921639166336, 3060
21921655024500, 21921655028320, 3820
21921670892348, 21921670895876, 3528
21921686757520, 21921686761436, 3916
21921702632164, 21921702636020, 3856
21921718496592, 21921718500240, 3648
21921734358088, 21921734362100, 4012
21921750222716, 21921750226104, 3388
21921766087248, 21921766090924, 3676
21921781961232, 21921781964932, 3700
21921797827840, 21921797831312, 3472
21921813697420, 21921813700772, 3352
21921830122084, 21921830125840, 3756
21921845991160, 21921845995048, 3888
21921861870576, 21921861875652, 5076
21921877735736, 21921877739288, 3552
21921893605508, 21921893608852, 3344
21921909478572, 21921909482492, 3920
21921925335256, 21921925338896, 3640
21921941196640, 21921941200516, 3876
21921957062380, 21921957065364, 2984
21921972928036, 21921972931468, 3432
21921988793220, 21921988796540, 3320
21922004669560, 21922004673296, 3736
21922020545652, 21922020549144, 3492
21922036408388, 21922036411188, 2800
21922052281032, 21922052284900, 3868
21922068703008, 21922068706936, 3928
21922084568420, 21922084571756, 3336
21922100434932, 21922100438344, 3412
21922116292644, 21922116296652, 4008
21922132154432, 21922132158116, 3684
21922148017912, 21922148021512, 3600
21922163874324, 21922163877768, 3444
21922179733880, 21922179737708, 3828
21922195599716, 21922195603632, 3916
21922249780980, 21922249800164, 19184
21924993121156, 21924993124328, 3172
21925024131080, 21925024135812, 4732
21925055141848, 21925055146484, 4636
21925086684688, 21925086688144, 3456
21925117688488, 21925117691800, 3312
21925148689532, 21925148692468, 2936
21925179696264, 21925179700272, 4008
21925210712140, 21925210715872, 3732
21925241711052, 21925241714480, 3428
21925272741884, 21925272745708, 3824
21925303755156, 21925303758812, 3656
21925335356952, 21925335360876, 3924
21925366377200, 21925366380920, 3720
21925397392744, 21925397396332, 3588
21925428428088, 21925428431832, 3744
21925459450156, 21925459453768, 3612
21925490488460, 21925490492100, 3640
21925571753244, 21925571761096, 7852
21925597680032, 21925597685404, 5372
21925623633278, 21925623641692, 8414
21925649572064, 21925649580718, 8654
21925675512112, 21925675519852, 7740
21925701452972, 21925701461638, 8666
21925727371036, 21925727376148, 5112
21925753314240, 21925753320048, 5808
21925779267058, 21925779275144, 8086
21925805204432, 21925805213092, 8660
21925831145512, 21925831153398, 7886
21925857081564, 21925857090058, 8494
21925883021292, 21925883028824, 7532
21925908943980, 21925908949540, 5560
21925934880116, 21925934884956, 4840
21925960835318, 21925960843924, 8606
21925986771398, 21925986779072, 7674
21926012715078, 21926012723844, 8766
21926038649738, 21926038657412, 7674
21926064589612, 21926064598132, 8520
21926090508316, 21926090513268, 4952
21926116449952, 21926116455072, 5120
21926142402212, 21926142410498, 8286
21926168343438, 21926168352672, 9234
21926194282598, 21926194290358, 7760
21926220217438, 21926220226184, 8746
21926246155764, 21926246163804, 8040
21926272080648, 21926272085884, 5236
21926298019584, 21926298025004, 5420
21926323974712, 21926323983444, 8732
21926349913438, 21926349921658, 8220
21926375849458, 21926375858484, 9026
21926401791752, 21926401800124, 8372
21926427726598, 21926427735284, 8686
21926453649024, 21926453655704, 6680
21926479586836, 21926479592116, 5280
21926505544332, 21926505552858, 8526
21926531481144, 21926531490352, 9208
21926557965760, 21926557970796, 5036
21926583360132, 21926583371498, 11366
21926609298538, 21926609306612, 8074
21926635218188, 21926635223464, 5276
21926661157184, 21926661162120, 4936
21926687114778, 21926687123392, 8614
21926713052318, 21926713059932, 7614
21926738990324, 21926738998552, 8228
21926764925412, 21926764933498, 8086
21926790864464, 21926790873158, 8694
21926816788152, 21926816792800, 4648
21926842725888, 21926842730780, 4892
21926868621392, 21926868675492, 54100
21926894547552, 21926894556184, 8632
21926920484098, 21926920492152, 8054
21926946428512, 21926946437212, 8700
21926972359978, 21926972368118, 8140
21926998282796, 21926998287988, 5192
21927024219136, 21927024224308, 5172
21927050159448, 21927050165056, 5608
21927076098380, 21927076103452, 5072
21927102036608, 21927102041756, 5148
21927127974848, 21927127979960, 5112
21927153912252, 21927153917216, 4964
21927179850952, 21927179855956, 5004
21927205790128, 21927205796248, 6120
21927231726904, 21927231732004, 5100
21927257666868, 21927257671760, 4892
21927283603552, 21927283608908, 5356
21927309542488, 21927309547700, 5212
21927335479044, 21927335484600, 5556
21927361419808, 21927361424904, 5096
21927387358704, 21927387363872, 5168
21927413299232, 21927413304368, 5136
21927439235528, 21927439240644, 5116
21927465172692, 21927465178212, 5520
21927491112544, 21927491117660, 5116
21928983504612, 21928983508020, 3408
21929000923956, 21929000929464, 5508
21929018348928, 21929018352664, 3736
21929035781656, 21929035785580, 3924
21929053775424, 21929053778976, 3552
21929071189968, 21929071193484, 3516
21929088623676, 21929088626724, 3048
21929106060368, 21929106063804, 3436
21929123490588, 21929123494416, 3828
21929140900440, 21929140903616, 3176
21929158328080, 21929158331676, 3596
21929175759328, 21929175763020, 3692
21929248874920, 21929248882128, 7208
21929384545948, 21929384553608, 7660
21929520226680, 21929520234012, 7332
21929655903760, 21929655909764, 6004
21929791581236, 21929791598160, 16924
21929927259948, 21929927274076, 14128
21930062936080, 21930062953132, 17052
21930198614752, 21930198628544, 13792
21930334293476, 21930334310516, 17040
21930469973588, 21930469985380, 11792
21930978697488, 21930978700408, 2920
21931025681200, 21931025686288, 5088
21931073210544, 21931073214768, 4224
21931120152736, 21931120156368, 3632
21931287959724, 21931287974596, 14872
21931347815604, 21931347829480, 13876
21931407673944, 21931407687448, 13504
21931467538664, 21931467552684, 14020
21931517418888, 21931517431888, 13000
21931567300188, 21931567317456, 17268
21931617180568, 21931617193624, 13056
21931667062168, 21931667074620, 12452
21931716944984, 21931716958104, 13120
21931766825700, 21931766838584, 12884
21931816709232, 21931816726040, 16808
21931866588904, 21931866601964, 13060
21931916470516, 21931916483304, 12788
21931966351988, 21931966364912, 12924
21932016233704, 21932016246596, 12892
21932066116672, 21932066133556, 16884
21932115997968, 21932116010864, 12896
21932165878432, 21932165891284, 12852
21932215760884, 21932215773876, 12992
21932265642532, 21932265655512, 12980
21932315525020, 21932315542140, 17120
21932365404724, 21932365417532, 12808
21932415286556, 21932415299428, 12872
21932465168576, 21932465181084, 12508
21932515050300, 21932515063224, 12924
21932564932488, 21932564942264, 9776
21932614813352, 21932614826264, 12912
21932664695232, 21932664707580, 12348
21932714577088, 21932714589844, 12756
21932764457952, 21932764470744, 12792
21932814341104, 21932814358040, 16936
21932864148520, 21932864161256, 12736
21932914030364, 21932914046396, 16032
21932963912212, 21932963924944, 12732
21933013793296, 21933013806960, 13664
21933063675196, 21933063692496, 17300
21933113556176, 21933113569232, 13056
21933163437252, 21933163450512, 13260
21933213319744, 21933213332480, 12736
21933263200568, 21933263213664, 13096
21933313084144, 21933313100916, 16772
21933362964464, 21933362977288, 12824
21933412846680, 21933412859564, 12884
21933462727888, 21933462740876, 12988
21933512609788, 21933512622380, 12592
21911516990248, 21911516995548, 5300
21911517032276, 21911517035320, 3044
21911517062980, 21911517065576, 2596
21911517091288, 21911517094064, 2776
21911517120628, 21911517123136, 2508
21911517148464, 21911517150828, 2364
21913510872920, 21913510878492, 5572
21913536765838, 21913536773464, 7626
21913562685812, 21913562689644, 3832
21913589038660, 21913589042652, 3992
21913614565872, 21913614572552, 6680
21913640500120, 21913640503944, 3824
21913666436448, 21913666440708, 4260
21913692375576, 21913692379644, 4068
21913718313672, 21913718317640, 3968
21913744272132, 21913744278804, 6672
21913770187340, 21913770191028, 3688
21913796128588, 21913796132508, 3920
21913822070168, 21913822074360, 4192
21913848017418, 21913848025472, 8054
21913873945628, 21913873949152, 3524
21913899882996, 21913899886904, 3908
21913925822024, 21913925825548, 3524
21913951776764, 21913951782792, 6028
21913977719678, 21913977725732, 6054
21914003657104, 21914003663038, 5934
21914029594184, 21914029601498, 7314
21914055514088, 21914055517720, 3632
21914081451996, 21914081455816, 3820
21914107399484, 21914107408044, 8560
21914133350092, 21914133356532, 6440
21914233103564, 21914233107352, 3788
21914408678792, 21914408683824, 5032
21914458552676, 21914458558164, 5488
21914508434292, 21914508439620, 5328
21914558316228, 21914558321500, 5272
21914608200248, 21914608205876, 5628
21914658080560, 21914658086404, 5844
21914707962964, 21914707969080, 6116
21914757845880, 21914757851656, 5776
21914807733948, 21914807741636, 7688
21914833672224, 21914833673552, 1328
21914859618998, 21914859628492, 9494
21914885562724, 21914885569558, 6834
21914911432852, 21914911488900, 56048
21914937366424, 21914937373064, 6640
21914963285916, 21914963289928, 4012
21914989225748, 21914989229344, 3596
21915015161272, 21915015165564, 4292
21915041099084, 21915041103200, 4116
21915067037784, 21915067041576, 3792
21915092974776, 21915092979564, 4788
21915118918664, 21915118922384, 3720
21915144854252, 21915144858608, 4356
21915170791604, 21915170795180, 3576
21915196731692, 21915196735924, 4232
21915222671652, 21915222675760, 4108
21915248607916, 21915248611780, 3864
21915320440320, 21915320443828, 3508
21915486047956, 21915486052920, 4964
21915545899572, 21915545905228, 5656
21915605769668, 21915605774108, 4440
21915665627628, 21915665629364, 1736
21915725484880, 21915725489400, 4520
21915785342924, 21915785347168, 4244
21915845228558, 21915845259076, 30518
21915871149138, 21915871155792, 6654
21915897091258, 21915897098024, 6766
21917008366660, 21917008369856, 3196
21917039377112, 21917039382508, 5396
21917070403372, 21917070407320, 3948
21917101972428, 21917101976628, 4200
21917132991888, 21917132995748, 3860
21917164029616, 21917164033176, 3560
21917195040020, 21917195044212, 4192
21917226064400, 21917226067916, 3516
21917407409284, 21917407415080, 5796
21917592970032, 21917592976168, 6136
21917778528296, 21917778533928, 5632
21917964089020, 21917964094556, 5536
21919003554608, 21919003557800, 3192
21919018086484, 21919018092168, 5684
21919032613000, 21919032617660, 4660
21919047147332, 21919047151268, 3936
21919061681640, 21919061685296, 3656
21919076770764, 21919076774652, 3888
21919091297424, 21919091301064, 3640
21919105841172, 21919105844848, 3676
21919120358184, 21919120361592, 3408
21919134875872, 21919134879816, 3944
21919149415280, 21919149418960, 3680
21919163936216, 21919163939900, 3684
21919178466088, 21919178469680, 3592
21919192997504, 21919193001308, 3804
21919207534576, 21919207538200, 3624
21919222054792, 21919222058620, 3828
21919236578792, 21919236582408, 3616
21919251122076, 21919251125528, 3452
21919265638656, 21919265642032, 3376
21919280147104, 21919280150456, 3352
21919294655640, 21919294658724, 3084
21919309187548, 21919309191076, 3528
21919323706288, 21919323709876, 3588
21919338790444, 21919338794116, 3672
21919353316108, 21919353319516, 3408
21919367835972, 21919367839600, 3628
21919382347152, 21919382350696, 3544
21919396876376, 21919396879520, 3144
21919446505928, 21919446512368, 6440
21919496385676, 21919496391988, 6312
21919546266056, 21919546272272, 6216
21919596148460, 21919596154760, 6300
21919646029288, 21919646035524, 6236
21919695911892, 21919695917880, 5988
21919745792540, 21919745798716, 6176
21919795674912, 21919795681168, 6256
21919845556836, 21919845563024, 6188
21919895438380, 21919895444700, 6320
21919945318676, 21919945324924, 6248
21919995202316, 21919995208264, 5948
21920045082548, 21920045088896, 6348
21920094965156, 21920094971412, 6256
21920144845996, 21920144852180, 6184
21920194727620, 21920194733648, 6028
21920244609148, 21920244615260, 6112
21920998748980, 21920998752120, 3140
21921013282776, 21921013287908, 5132
21921027812760, 21921027816556, 3796
21921042348336, 21921042352052, 3716
21921056907264, 21921056910792, 3528
21921071999840, 21921072003576, 3736
21921086549896, 21921086553564, 3668
21921101086904, 21921101090652, 3748
21921115620680, 21921115624316, 3636
21921130158320, 21921130161852, 3532
21921144704988, 21921144708388, 3400
21921159230148, 21921159233556, 3408
21921173761796, 21921173765320, 3524
21921188305672, 21921188309156, 3484
21921202830940, 21921202834212, 3272
21921217349324, 21921217352628, 3304
21921231875028, 21921231878652, 3624
21921246422800, 21921246426388, 3588
21921292050064, 21921292056404, 6340
21921341931936, 21921341938576, 6640
21921391813660, 21921391819904, 6244
21921441694724, 21921441700840, 6116
21921491576352, 21921491582944, 6592
21921541457532, 21921541464024, 6492
21921591339688, 21921591346480, 6792
21921641221928, 21921641228132, 6204
21921691102680, 21921691109200, 6520
21921740984336, 21921740993972, 9636
21921790865712, 21921790885076, 19364
21921840747412, 21921840775960, 28548
21921890628944, 21921890652916, 23972
21921940511324, 21921940535436, 24112
21921990392652, 21921990416400, 23748
21922040272736, 21922040296224, 23488
21922090159476, 21922090186944, 27468
21922140037176, 21922140061056, 23880
21922189918340, 21922189942168, 23828
21922239799808, 21922239818536, 18728
21922289683180, 21922289696184, 13004
21922339565136, 21922339581928, 16792
21922389446052, 21922389459076, 13024
21922439326192, 21922439339116, 12924
21922489208088, 21922489220804, 12716
21922539090568, 21922539103352, 12784
21922588972352, 21922588989616, 17264
21922638853020, 21922638865696, 12676
21922688735908, 21922688748880, 12972
21922738616076, 21922738628712, 12636
21922788498700, 21922788511340, 12640
21922838380120, 21922838397444, 17324
21922888188660, 21922888201464, 12804
21922938070448, 21922938083204, 12756
21922987951236, 21922987963856, 12620
21923037833364, 21923037846908, 13544
21923087716068, 21923087733412, 17344
21923137596508, 21923137609780, 13272
21923187477908, 21923187491040, 13132
21923237359716, 21923237372696, 12980
21923287241620, 21923287254596, 12976
21923337123644, 21923337141032, 17388
21924989130564, 21924989133808, 3244
21925036076988, 21925036081740, 4752
21925083572192, 21925083576060, 3868
21925130486356, 21925130490096, 3740
21925177420940, 21925177424220, 3280
21925224352892, 21925224356492, 3600
21925271307008, 21925271310576, 3568
21925318812160, 21925318815872, 3712
21925365746204, 21925365750100, 3896
21925412703708, 21925412707564, 3856
21925459657548, 21925459661212, 3664
21925506616132, 21925506619584, 3452
21925553540712, 21925553544328, 3616
21925721386188, 21925721393424, 7236
21925900963316, 21925900970264, 6948
21926080534748, 21926080541960, 7212
21926260108788, 21926260115644, 6856
21926439682928, 21926439690060, 7132
21926619257460, 21926619264676, 7216
21926798829184, 21926798835948, 6764
21926978330300, 21926978337032, 6732
21927157903892, 21927157911628, 7736
21927337476800, 21927337484368, 7568
21927517053828, 21927517062224, 8396
21927542987720, 21927542992884, 5164
21927568925832, 21927568930824, 4992
21927594865560, 21927594870964, 5404
21928983502052, 21928983504204, 2152
21929005305852, 21929005310740, 4888
21929027129124, 21929027133056, 3932
21929048955568, 21929048959244, 3676
21929071346764, 21929071350352, 3588
21929093158004, 21929093161644, 3640
21929114978904, 21929114982332, 3428
21929136804140, 21929136808064, 3924
21929158626468, 21929158630176, 3708
21929180448044, 21929180451732, 3688
21929202260576, 21929202264240, 3664
21929224068932, 21929224072756, 3824
21929245872264, 21929245875980, 3716
21929267692204, 21929267695620, 3416
21929289493244, 21929289496148, 2904
21929311856888, 21929311860168, 3280
21929333664580, 21929333668100, 3520
21929355462980, 21929355466420, 3440
21929377261856, 21929377265140, 3284
21929399069452, 21929399072992, 3540
21929420882932, 21929420886656, 3724
21929442695964, 21929442699140, 3176
21929464511472, 21929464514784, 3312
21929486318356, 21929486322144, 3788
21929508112016, 21929508115500, 3484
21929529919908, 21929529923300, 3392
21929552291376, 21929552294948, 3572
21929574095336, 21929574098996, 3660
21929595868804, 21929595872596, 3792
21929617648584, 21929617651852, 3268
21929639431004, 21929639434252, 3248
21929661214836, 21929661218260, 3424
21929683028392, 21929683031404, 3012
21929704804772, 21929704808124, 3352
21929726585568, 21929726588772, 3204
21929748379420, 21929748382808, 3388
21929770189104, 21929770192736, 3632
21929792006072, 21929792009632, 3560
21929814362000, 21929814365564, 3564
21929836178944, 21929836182184, 3240
21929857988256, 21929857991784, 3528
21929879807548, 21929879810876, 3328
21929901606444, 21929901610112, 3668
21929923395040, 21929923398392, 3352
21929945186488, 21929945190520, 4032
21929966968608, 21929966971848, 3240
21929988772460, 21929988775564, 3104
21930010571664, 21930010575060, 3396
21930032381852, 21930032385828, 3976
21930054750424, 21930054754000, 3576
21930076554860, 21930076558424, 3564
21930098348156, 21930098351812, 3656
21930120139996, 21930120143724, 3728
21930141950896, 21930141953968, 3072
21930163748464, 21930163751836, 3372
21930185558472, 21930185561632, 3160
21930207351672, 21930207355068, 3396
21930229158076, 21930229161708, 3632
21930250967788, 21930250971332, 3544
21930272778964, 21930272782472, 3508
21930294576400, 21930294580088, 3688
21930316936968, 21930316940472, 3504
21930338739308, 21930338742784, 3476
21930360550792, 21930360554476, 3684
21930382360900, 21930382364400, 3500
21930404174080, 21930404177908, 3828
21930425983372, 21930425987016, 3644
21930447799040, 21930447802444, 3404
21930469594704, 21930469598248, 3544
21930491380388, 21930491383812, 3424
21930513152876, 21930513156248, 3372
21930534960984, 21930534964220, 3236
21930557321496, 21930557324976, 3480
21930579105812, 21930579109316, 3504
21930600895584, 21930600899080, 3496
21930622667704, 21930622671248, 3544
21930644456660, 21930644460392, 3732
21930666250756, 21930666254240, 3484
21930688044688, 21930688047620, 2932
21930709842188, 21930709845624, 3436
21930731640612, 21930731643864, 3252
21930753443392, 21930753446732, 3340
21930775238536, 21930775244172, 5636
21930797019056, 21930797022696, 3640
21930819394360, 21930819397692, 3332
21930841198516, 21930841202180, 3664
21930863081620, 21930863085040, 3420
21930884860416, 21930884863348, 2932
21930906652524, 21930906655928, 3404
21930928436996, 21930928440408, 3412
21930950237924, 21930950241264, 3340
21930972020704, 21930972024880, 4176
21930993829876, 21930993834552, 4676
21931015644488, 21931015648340, 3852
21931037464856, 21931037468680, 3824
21931059843220, 21931059846456, 3236
21931081658456, 21931081661816, 3360
21931103454880, 21931103458252, 3372
21931125262924, 21931125266380, 3456
21931147072684, 21931147075872, 3188
21931168882232, 21931168886076, 3844
21931190669424, 21931190672976, 3552
21931212448172, 21931212451456, 3284
21931234231280, 21931234234512, 3232
21931256027396, 21931256030456, 3060
21931277812140, 21931277815480, 3340
21931300173128, 21931300176980, 3852
21931321959100, 21931321962340, 3240
21931343724028, 21931343727652, 3624
21931365514804, 21931365518268, 3464
21931387304060, 21931387307020, 2960
21931409081280, 21931409084924, 3644
21931430878456, 21931430881544, 3088
21931452660664, 21931452664084, 3420
21931474445396, 21931474448872, 3476
21931496235276, 21931496238736, 3460
21931518011756, 21931518015552, 3796
21931539809344, 21931539813088, 3744
21931562147436, 21931562150756, 3320
21931583958692, 21931583961920, 3228
21931605734220, 21931605737708, 3488
21931627526448, 21931627530156, 3708
21931649312180, 21931649315508, 3328
21931671093264, 21931671096944, 3680
21931692866736, 21931692870460, 3724
21931714655972, 21931714658940, 2968
21931736445824, 21931736448760, 2936
21931758235828, 21931758239080, 3252
21931780025940, 21931780029536, 3596
21931802364552, 21931802368240, 3688
21931824156744, 21931824160448, 3704
21931845950832, 21931845954276, 3444
21931867726516, 21931867730408, 3892
21931889526448, 21931889530188, 3740
21931911310080, 21931911313416, 3336
21931933112796, 21931933115900, 3104
21931954898184, 21931954901932, 3748
21931976692740, 21931976696440, 3700
21931998471952, 21931998475744, 3792
21932020253784, 21932020257372, 3588
21932042031136, 21932042034780, 3644
21932064374808, 21932064378156, 3348
21932086166676, 21932086169768, 3092
21932107939944, 21932107943324, 3380
21932129731740, 21932129735216, 3476
21932151506644, 21932151510092, 3448
21932173293044, 21932173296600, 3556
21932195085460, 21932195088888, 3428
21932216863808, 21932216867788, 3980
21932238666892, 21932238670592, 3700
21932260451996, 21932260455208, 3212
21932282255292, 21932282258140, 2848
21932304587936, 21932304591132, 3196
21932326376760, 21932326380376, 3616
21932348159964, 21932348163240, 3276
21932369942628, 21932369946448, 3820
21932391738368, 21932391741932, 3564
21932413521236, 21932413524780, 3544
21932435312348, 21932435315252, 2904
21932457082880, 21932457086140, 3260
21932478880260, 21932478883884, 3624
21932500660576, 21932500663868, 3292
21932522461028, 21932522464524, 3496
21932544800860, 21932544804288, 3428
21932566590492, 21932566594252, 3760
21932588386972, 21932588390588, 3616
21932610169760, 21932610173048, 3288
21932631969524, 21932631972424, 2900
21932653760896, 21932653764324, 3428
21932675544996, 21932675548476, 3480
21932697323500, 21932697327068, 3568
21932719110748, 21932719114400, 3652
21932740904296, 21932740907576, 3280
21932762684628, 21932762688040, 3412
21932784484636, 21932784487668, 3032
21932806833884, 21932806837132, 3248
21932828634348, 21932828637916, 3568
21932850511012, 21932850514472, 3460
21932872312292, 21932872315844, 3552
21932894099924, 21932894103356, 3432
21932915860376, 21932915864268, 3892
21932937663324, 21932937666924, 3600
21932959435760, 21932959440256, 4496
21932981236976, 21932981239952, 2976
21933003043308, 21933003046412, 3104
21933024855104, 21933024858580, 3476
21933047228196, 21933047231656, 3460
21933069050564, 21933069054148, 3584
21933090861732, 21933090865460, 3728
21933112678668, 21933112682300, 3632
21933134499556, 21933134502984, 3428
21933156307184, 21933156310508, 3324
21933178123240, 21933178126368, 3128
21933199931648, 21933199935000, 3352
21933221737612, 21933221741212, 3600
21933243548600, 21933243551732, 3132
21933265355644, 21933265359240, 3596
21933287160240, 21933287163760, 3520
21933309525480, 21933309529352, 3872
21933331344760, 21933331347864, 3104
21933353152412, 21933353155812, 3400
21933374974312, 21933374977740, 3428
21933396765984, 21933396769616, 3632
21933418569416, 21933418573124, 3708
21933440393664, 21933440397008, 3344
21933462192608, 21933462195924, 3316
21933484004360, 21933484007912, 3552
21933505819048, 21933505822680, 3632
21933527633212, 21933527636588, 3376
21933550036836, 21933550040072, 3236
21933571870808, 21933571874212, 3404
21933593676636, 21933593680016, 3380
21933615489012, 21933615492244, 3232
21933637296996, 21933637301452, 4456
21933659072636, 21933659076084, 3448
21933680874284, 21933680878156, 3872
21933702657340, 21933702660376, 3036
21933724434836, 21933724438160, 3324
21933746208004, 21933746211460, 3456
21933767997940, 21933768001400, 3460
21933789789640, 21933789793264, 3624
21933812158716, 21933812162108, 3392
21933833947896, 21933833950872, 2976
21933855724028, 21933855727500, 3472
21933877508052, 21933877511004, 2952
21933899309924, 21933899313344, 3420
21933921116084, 21933921119536, 3452
21909492874164, 21909492882856, 8692
21913538751924, 21913538755560, 3636
21913696366988, 21913696371320, 4332
21913881923428, 21913881929816, 6388
21914067481348, 21914067486900, 5552
21914253039992, 21914253045272, 5280
21914438602720, 21914438608184, 5464
21914624160412, 21914624166464, 6052
21914809720828, 21914809726272, 5444
21914995207788, 21914995214196, 6408
21915180770308, 21915180774624, 4316
21915366324852, 21915366330744, 5892
21915551885092, 21915551890604, 5512
21915737447828, 21915737453268, 5440
21915923024524, 21915923036552, 12028
21915948967432, 21915948973772, 6340
21915974905824, 21915974913372, 7548
21916000844444, 21916000850518, 6074
21916026782104, 21916026788584, 6480
21916052720572, 21916052727152, 6580
21916078659752, 21916078666938, 7186
21916104590812, 21916104599364, 8552
21916130536564, 21916130545624, 9060
21916156477538, 21916156483652, 6114
21916182415544, 21916182421672, 6128
21916208350558, 21916208356592, 6034
21916234290644, 21916234297244, 6600
21916260229338, 21916260235418, 6080
21916286168838, 21916286175532, 6694
21916312106212, 21916312112244, 6032
21916338037898, 21916338046118, 8220
21916363982898, 21916363989192, 6294
21916389921984, 21916389927672, 5688
21916415856558, 21916415862418, 5860
21916441797192, 21916441803172, 5980
21916467734052, 21916467740344, 6292
21916493673658, 21916493680372, 6714
21916519612792, 21916519618524, 5732
21916545552838, 21916545559698, 6860
21916571491658, 21916571497604, 5946
21916597422824, 21916597431478, 8654
21916623369324, 21916623376098, 6774
21916649306344, 21916649312318, 5974
21916675242972, 21916675249058, 6086
21916701183978, 21916701189858, 5880
21916727120724, 21916727126438, 5714
21916753060724, 21916753067512, 6788
21916778998544, 21916779004592, 6048
21916804931772, 21916804938524, 6752
21916831271152, 21916831275144, 3992
21916856818712, 21916856829138, 10426
21916882752238, 21916882758318, 6080
21916908619144, 21916908629558, 10414
21916934556384, 21916934562592, 6208
21916960493544, 21916960499532, 5988
21916986431092, 21916986437444, 6352
21917012352576, 21917012356772, 4196
21917038288636, 21917038292440, 3804
21917064226116, 21917064229736, 3620
21917090159924, 21917090164884, 4960
21917116102572, 21917116106380, 3808
21917142042892, 21917142046432, 3540
21917167979096, 21917167982836, 3740
21917193919540, 21917193923240, 3700
21917219859868, 21917219864924, 5056
21917245796244, 21917245799776, 3532
21917271734764, 21917271739232, 4468
21917297673020, 21917297677036, 4016
21917323610992, 21917323614708, 3716
21917349545412, 21917349550748, 5336
21917375487552, 21917375492656, 5104
21917401426792, 21917401430456, 3664
21917427366372, 21917427371576, 5204
21917453303348, 21917453307148, 3800
21917479241736, 21917479245964, 4228
21917505179288, 21917505183336, 4048
21917531118976, 21917531122680, 3704
21917557058112, 21917557062380, 4268
21917582995540, 21917582999216, 3676
21917608934540, 21917608938548, 4008
21917634872284, 21917634876164, 3880
21917660810744, 21917660814760, 4016
21917686771738, 21917686778432, 6694
21917712688392, 21917712692424, 4032
21917738645804, 21917738651932, 6128
21917764563436, 21917764567396, 3960
21917790504456, 21917790508388, 3932
21917816459604, 21917816465984, 6380
21917842395184, 21917842404224, 9040
21917868337138, 21917868343838, 6700
21917894279004, 21917894285704, 6700
21917920216784, 21917920224192, 7408
21917946152944, 21917946159818, 6874
21917972073320, 21917972076984, 3664
21917998031758, 21917998038204, 6446
21918023970352, 21918023977184, 6832
21918999592818, 21918999598018, 5200
21919021425432, 21919021430464, 5032
21919043249100, 21919043253024, 3924
21919065082160, 21919065086116, 3956
21919087475932, 21919087479940, 4008
21919109291032, 21919109294480, 3448
21919131097096, 21919131100892, 3796
21919152908500, 21919152912572, 4072
21919174719032, 21919174722892, 3860
21919196543008, 21919196546884, 3876
21919218357056, 21919218360572, 3516
21919240177912, 21919240181520, 3608
21919261979408, 21919261982960, 3552
21919283780544, 21919283783996, 3452
21919305583644, 21919305587380, 3736
21919327943728, 21919327947228, 3500
21919349751084, 21919349754600, 3516
21919371562440, 21919371566112, 3672
21919393370696, 21919393374116, 3420
21919415185696, 21919415189216, 3520
21919436972044, 21919436975736, 3692
21919458770732, 21919458774384, 3652
21919480565192, 21919480569096, 3904
21919502365044, 21919502368724, 3680
21919524142520, 21919524146112, 3592
21919545925888, 21919545929516, 3628
21919567723492, 21919567726856, 3364
21919590064452, 21919590067984, 3532
21919611862608, 21919611865748, 3140
21919633656360, 21919633659896, 3536
21919655449456, 21919655452944, 3488
21919677249548, 21919677252884, 3336
21919699031688, 21919699035216, 3528
21919720829640, 21919720832944, 3304
21919742612820, 21919742616244, 3424
21919764422904, 21919764426048, 3144
21919786215048, 21919786218396, 3348
21919808004756, 21919808008340, 3584
21919830334264, 21919830337980, 3716
21919852136452, 21919852140180, 3728
21919873923940, 21919873927496, 3556
21919895705416, 21919895708832, 3416
21919917510000, 21919917513468, 3468
21919939265880, 21919939269384, 3504
21919961055932, 21919961059068, 3136
21919982840336, 21919982843752, 3416
21920004639536, 21920004642912, 3376
21920026430068, 21920026433688, 3620
21920048238740, 21920048242276, 3536
21920070030532, 21920070034020, 3488
21920092363692, 21920092367024, 3332
21920114153892, 21920114157524, 3632
21920135926328, 21920135929684, 3356
21920157724204, 21920157727704, 3500
21920179523488, 21920179527100, 3612
21920201317060, 21920201320692, 3632
21920223125532, 21920223129108, 3576
21920244904216, 21920244907828, 3612
21920266699856, 21920266703248, 3392
21920288468716, 21920288471912, 3196
21920310265704, 21920310269196, 3492
21920332620608, 21920332624124, 3516
21920354434592, 21920354438348, 3756
21920376215704, 21920376219288, 3584
21920398009472, 21920398013412, 3940
21920419814308, 21920419817724, 3416
21920441606228, 21920441609672, 3444
21920463398356, 21920463401796, 3440
21920485185544, 21920485188988, 3444
21920506975544, 21920506978664, 3120
21920528760080, 21920528763476, 3396
21920550557868, 21920550561312, 3444
21920572902916, 21920572906476, 3560
21920594688988, 21920594692408, 3420
21920616488268, 21920616491648, 3380
21920638286800, 21920638290244, 3444
21920660082768, 21920660086328, 3560
21920681895916, 21920681899344, 3428
21920703695160, 21920703698128, 2968
21920725492636, 21920725495940, 3304
21920747273500, 21920747276940, 3440
21920769064588, 21920769067932, 3344
21920790856356, 21920790859728, 3372
21920812638888, 21920812642316, 3428
21920834994096, 21920834997604, 3508
21920856790452, 21920856793804, 3352
21920878707776, 21920878711232, 3456
21920900501900, 21920900505316, 3416
21920922304864, 21920922308216, 3352
21920944100000, 21920944103368, 3368
21920965901132, 21920965904608, 3476
21920987700204, 21920987704608, 4404
21921009504404, 21921009507428, 3024
21921031328016, 21921031331564, 3548
21921053158168, 21921053161944, 3776
21921075550672, 21921075554464, 3792
21921097387412, 21921097391040, 3628
21921119219832, 21921119223384, 3552
21921141056380, 21921141059856, 3476
21921162887652, 21921162890992, 3340
21921184703460, 21921184706660, 3200
21921206525992, 21921206529324, 3332
21921228344352, 21921228347832, 3480
21921250167564, 21921250171268, 3704
21921271972092, 21921271975424, 3332
21921293793772, 21921293797324, 3552
21921315617952, 21921315621696, 3744
21921338011244, 21921338014896, 3652
21921359810768, 21921359814792, 4024
21921381616864, 21921381620460, 3596
21921403433196, 21921403436668, 3472
21921425249916, 21921425253352, 3436
21921447069920, 21921447073480, 3560
21921468894132, 21921468897616, 3484
21921490708868, 21921490712720, 3852
21921512542172, 21921512545720, 3548
21921534354812, 21921534358296, 3484
21921556170056, 21921556172956, 2900
21921578533152, 21921578536604, 3452
21921600355832, 21921600359556, 3724
21921622170872, 21921622174372, 3500
21921643989472, 21921643993036, 3564
21921665800920, 21921665804568, 3648
21921687620024, 21921687623472, 3448
21921709444580, 21921709448088, 3508
21921731255004, 21921731258248, 3244
21921753065564, 21921753069192, 3628
21921774865480, 21921774868744, 3264
21921796677116, 21921796681856, 4740
21921818502800, 21921818506756, 3956
21921840904436, 21921840908468, 4032
21921862727848, 21921862731492, 3644
21921884538668, 21921884541984, 3316
21921906365748, 21921906368956, 3208
21921928167436, 21921928170756, 3320
21921949987444, 21921949990940, 3496
21921971806876, 21921971810136, 3260
21921993622112, 21921993625800, 3688
21922015443168, 21922015446464, 3296
21922037260540, 21922037263876, 3336
21922059081388, 21922059085368, 3980
21922081451660, 21922081455004, 3344
21922103271880, 21922103275396, 3516
21922125084440, 21922125087936, 3496
21922146894128, 21922146897400, 3272
21922168705696, 21922168709072, 3376
21922190515528, 21922190519452, 3924
21922212341500, 21922212345216, 3716
21922234131960, 21922234135244, 3284
21922255936504, 21922255939520, 3016
21922277715324, 21922277718908, 3584
21922299475084, 21922299478472, 3388
21922321829080, 21922321832412, 3332
21922343611312, 21922343614676, 3364
21922365398208, 21922365402060, 3852
21922387164392, 21922387167740, 3348
21922408955328, 21922408959084, 3756
21922430730112, 21922430733560, 3448
21922452519708, 21922452523472, 3764
21922474313776, 21922474317176, 3400
21922496100636, 21922496104564, 3928
21922517890068, 21922517893712, 3644
21922539663564, 21922539667532, 3968
21922561458600, 21922561462196, 3596
21922583788980, 21922583792456, 3476
21922605591020, 21922605594100, 3080
21922627367764, 21922627371012, 3248
21922649164024, 21922649167664, 3640
21922670950176, 21922670953672, 3496
21922692733940, 21922692737644, 3704
21922714515148, 21922714518584, 3436
21922736288552, 21922736291912, 3360
21922758089292, 21922758092256, 2964
21922779871544, 21922779874732, 3188
21922801673412, 21922801676948, 3536
21922824015788, 21922824019212, 3424
21922845807716, 21922845811468, 3752
21922867598116, 21922867601632, 3516
21922889485780, 21922889489792, 4012
21922911291648, 21922911295392, 3744
21922933078480, 21922933081624, 3144
21922954873520, 21922954876480, 2960
21922976649348, 21922976653848, 4500
21922998442184, 21922998445812, 3628
21923020236880, 21923020240264, 3384
21923042040268, 21923042044052, 3784
21923063849216, 21923063852680, 3464
21923086194520, 21923086198300, 3780
21923108011152, 21923108014592, 3440
21923129824076, 21923129827308, 3232
21923151634496, 21923151638292, 3796
21923173421520, 21923173425016, 3496
21923195237576, 21923195241276, 3700
21923217053676, 21923217057224, 3548
21923238857376, 21923238861108, 3732
21923260663728, 21923260667456, 3728
21923282461232, 21923282464468, 3236
21923304265308, 21923304268372, 3064
21923326601372, 21923326604748, 3376
21923348403228, 21923348406292, 3064
21923370189104, 21923370192592, 3488
21923391960560, 21923391964016, 3456
21923413741892, 21923413745604, 3712
21923435525196, 21923435528780, 3584
21923457322328, 21923457325252, 2924
21923479102432, 21923479105624, 3192
21923500898916, 21923500902448, 3532
21923522690008, 21923522693452, 3444
21923548620116, 21923548623984, 3868
21923574572318, 21923574582184, 9866
21923600496936, 21923600500620, 3684
21923626454464, 21923626460778, 6314
21923652393612, 21923652399532, 5920
21923678334112, 21923678339912, 5800
21923704276278, 21923704283052, 6774
21923730206144, 21923730212152, 6008
21923756148758, 21923756154578, 5820
21923782085584, 21923782091298, 5714
21923808027684, 21923808034052, 6368
21923833956004, 21923833966084, 10080
21923859899192, 21923859906252, 7060
21924546258592, 21924546261792, 3200
21924560786496, 21924560791840, 5344
21924575859180, 21924575863160, 3980
21924590385944, 21924590389688, 3744
21924604904336, 21924604908064, 3728
21924619421200, 21924619424940, 3740
21924633941540, 21924633945176, 3636
21924648473456, 21924648477240, 3784
21924662988908, 21924662992428, 3520
21924677512760, 21924677516436, 3676
21924692046152, 21924692049752, 3600
21924706555432, 21924706559056, 3624
21924721077264, 21924721080836, 3572
21924735599200, 21924735602916, 3716
21924750139416, 21924750143032, 3616
21924764662548, 21924764666004, 3456
21924779190368, 21924779193960, 3592
21924793741384, 21924793745156, 3772
21924808259304, 21924808262728, 3424
21924833573072, 21924833580108, 7036
21924883382532, 21924883389272, 6740
21924933263844, 21924933271128, 7284
21924983145352, 21924983152052, 6700
21925033026760, 21925033033744, 6984
21925082908796, 21925082915740, 6944
21925132789036, 21925132796060, 7024
21926980334796, 21926980336904, 2108
21926994866064, 21926994871112, 5048
21927009392828, 21927009396792, 3964
21927023923964, 21927023927756, 3792
21927038466256, 21927038469988, 3732
21927052988912, 21927052992664, 3752
21927068078716, 21927068082492, 3776
21927082616704, 21927082620312, 3608
21927097141988, 21927097145500, 3512
21927111661372, 21927111664996, 3624
21927126208860, 21927126212532, 3672
21927140723524, 21927140727276, 3752
21927155246652, 21927155250256, 3604
21927169775344, 21927169778904, 3560
21927184321160, 21927184324860, 3700
21927198855416, 21927198858980, 3564
21927213375332, 21927213378580, 3248
21927227909148, 21927227912508, 3360
21927242429632, 21927242432716, 3084
21927256947456, 21927256950744, 3288
21927271462760, 21927271466120, 3360
21927285993304, 21927285996628, 3324
21927300517360, 21927300521008, 3648
21927315613260, 21927315616748, 3488
21927330136160, 21927330139644, 3484
21927344642840, 21927344646196, 3356
21927359153896, 21927359157156, 3260
21927373690636, 21927373693932, 3296
21927388201728, 21927388205220, 3492
21927402710776, 21927402714292, 3516
21927417221240, 21927417224696, 3456
21927431754188, 21927431757516, 3328
21927446272000, 21927446275488, 3488
21927460795080, 21927460798620, 3540
21927475319128, 21927475322620, 3492
21927489832372, 21927489835828, 3456
21927504349168, 21927504352924, 3756
21927518860920, 21927518864712, 3792
21927533386804, 21927533390396, 3592
21927547894556, 21927547897924, 3368
21927562979896, 21927562983600, 3704
21927577492784, 21927577496444, 3660
21927592006212, 21927592009636, 3424
21927606512392, 21927606515992, 3600
21927621030648, 21927621034228, 3580
21927635545588, 21927635549144, 3556
21927650057332, 21927650061052, 3720
21927664563672, 21927664567552, 3880
21927679076064, 21927679079072, 3008
21927693573608, 21927693576476, 2868
21927708092660, 21927708096208, 3548
21927726583364, 21927726594858, 11494
21927776463472, 21927776474552, 11080
21927826325308, 21927826332172, 6864
21929767640848, 21929767644176, 3328
21929783503400, 21929783509372, 5972
21929799364656, 21929799368288, 3632
21929815788164, 21929815791912, 3748
21929831644676, 21929831648208, 3532
21929847502588, 21929847506076, 3488
21929863340100, 21929863343664, 3564
21929879206580, 21929879210072, 3492
21929895063068, 21929895066776, 3708
21929910912168, 21929910915784, 3616
21929926763112, 21929926766444, 3332
21929942623476, 21929942626596, 3120
21929958465772, 21929958469368, 3596
21929974315028, 21929974318344, 3316
21929990171252, 21929990174872, 3620
21930006021900, 21930006025368, 3468
21930021867640, 21930021871300, 3660
21930037725036, 21930037728276, 3240
21930054132740, 21930054136148, 3408
21930069988548, 21930069991968, 3420
21930085842768, 21930085846036, 3268
21930101680108, 21930101683808, 3700
21930117516536, 21930117519840, 3304
21930133365124, 21930133368596, 3472
21930149215652, 21930149219220, 3568
21930165064588, 21930165068156, 3568
21930180918560, 21930180922144, 3584
21930196768088, 21930196771828, 3740
21930212617896, 21930212621540, 3644
21930228455608, 21930228458760, 3152
21930244312056, 21930244315808, 3752
21930260177832, 21930260181572, 3740
21930276024448, 21930276027708, 3260
21930291880616, 21930291883328, 2712
21930308287672, 21930308291112, 3440
21930324138460, 21930324141884, 3424
21930339991044, 21930339994880, 3836
21930355851620, 21930355855132, 3512
21930371698588, 21930371702096, 3508
21930387551764, 21930387555412, 3648
21930403407488, 21930403411368, 3880
21930419274428, 21930419278160, 3732
21930435140556, 21930435144280, 3724
21930450991888, 21930450995332, 3444
21930509883548, 21930509896824, 13276
21930970715292, 21930970718308, 3016
21930986571660, 21930986576668, 5008
21931002445072, 21931002448716, 3644
21931018313508, 21931018317444, 3936
21931034183912, 21931034187764, 3852
21931050619640, 21931050623204, 3564
21931066484552, 21931066488268, 3716
21931082328464, 21931082332712, 4248
21931108389212, 21931108402644, 13432
21931168246796, 21931168260108, 13312
21931228105148, 21931228118332, 13184
21932965907044, 21932965910036, 2992
21933012862908, 21933012867848, 4940
21933060385464, 21933060389408, 3944
21933107319108, 21933107322532, 3424
21933154261280, 21933154265036, 3756
21933201201304, 21933201205156, 3852
21933248142520, 21933248146352, 3832
21933295650196, 21933295654004, 3808
21933342588136, 21933342591884, 3748
21933389521504, 21933389525132, 3628
21933436466216, 21933436469876, 3660
21933483425884, 21933483429668, 3784
21933530368292, 21933530372008, 3716
21933622346212, 21933622364276, 18064
21909485382324, 21909485394604, 12280
21909500728804, 21909500742068, 13264
21909516986240, 21909517000044, 13804
21909524249620, 21909524258548, 8928
