40349370725048, 40349370733080, 8032
40349377812500, 40349377821468, 8968
40349385746936, 40349385756016, 9080
40349401757276, 40349401770492, 13216
40353445137350, 40353445141864, 4514
40354199338290, 40354199344750, 6460
40354995422836, 40354995426592, 3756
40355791466976, 40355791468176, 1200
40356587572892, 40356587576768, 3876
40357383617164, 40357383620924, 3760
40358179722800, 40358179727012, 4212
40358975830528, 40358975834464, 3936
40359771871156, 40359771876616, 5460
40360567977688, 40360567981632, 3944
40361364024292, 40361364028024, 3732
40362160131824, 40362160135772, 3948
40362956235936, 40362956240488, 4552
40363752282192, 40363752286108, 3916
40364548384388, 40364548389604, 5216
40365344431824, 40365344436128, 4304
40366140539568, 40366140543660, 4092
40366936645252, 40366936649100, 3848
40367732690024, 40367732694276, 4252
40368528794916, 40368528796216, 1300
40369324839324, 40369324843340, 4016
40370120946308, 40370120950140, 3832
40370917052060, 40370917056092, 4032
40371713097928, 40371713102060, 4132
40372509200512, 40372509205656, 5144
40373305247392, 40373305251572, 4180
40374101353588, 40374101357436, 3848
40353441140030, 40353441144876, 4846
40354211285088, 40354211290676, 5588
40355019362164, 40355019366896, 4732
40355827381680, 40355827386228, 4548
40356635458728, 40356635463268, 4540
40357443474036, 40357443478768, 4732
40358251546792, 40358251551848, 5056
40359059625104, 40359059631028, 5924
40359867645824, 40359867650644, 4820
40360675722160, 40360675727044, 4884
40361483739284, 40361483743304, 4020
40362291818544, 40362291822908, 4364
40363099917070, 40363099948660, 31590
40363907912540, 40363907917268, 4728
40364715990232, 40364715995032, 4800
40365524006788, 40365524010788, 4000
40366332077672, 40366332083176, 5504
40367140161776, 40367140166280, 4504
40367948177012, 40367948181836, 4824
40368756255944, 40368756260488, 4544
40369564270804, 40369564275080, 4276
40370372348964, 40370372353932, 4968
40371180425152, 40371180429856, 4704
40371988443368, 40371988448200, 4832
40372796519420, 40372796523884, 4464
40373604532664, 40373604537772, 5108
40353433162650, 40353433167184, 4534
40354327008236, 40354327013948, 5712
40355250813748, 40355250818656, 4908
40356174555924, 40356174560452, 4528
40357098358940, 40357098363440, 4500
40358022099180, 40358022103352, 4172
40358945985760, 40358945990224, 4464
40359869636608, 40359869642420, 5812
40360793441344, 40360793446860, 5516
40361717187004, 40361717191472, 4468
40362640985596, 40362640990540, 4944
40363564724856, 40363564730092, 5236
40364488554890, 40364488562170, 7280
40365412268524, 40365412274612, 6088
40366336069952, 40366336076088, 6136
40367259877576, 40367259881892, 4316
40368183616052, 40368183620784, 4732
40369107414784, 40369107420484, 5700
40370031161304, 40370031165864, 4560
40370954958780, 40370954964292, 5512
40371878700164, 40371878705448, 5284
40372802501284, 40372802506948, 5664
40373726247212, 40373726251368, 4156
40349416727320, 40349416735368, 8048
40353425180276, 40353425184970, 4694
40354682188116, 40354682195804, 7688
40355961060212, 40355961066008, 5796
40357240016744, 40357240022408, 5664
40358518912924, 40358518918004, 5080
40359797811212, 40359797815284, 4072
40361076765576, 40361076771244, 5668
40362355662208, 40362355667552, 5344
40363634562664, 40363634566964, 4300
40364913515268, 40364913520700, 5432
40366192414768, 40366192418612, 3844
40367471310840, 40367471314812, 3972
40368750282510, 40368750291416, 8906
40370029166664, 40370029170808, 4144
40371308058564, 40371308064508, 5944
40372587017576, 40372587022396, 4820
40373865910748, 40373865916116, 5368
