40313461491436, 40313461526096, 34660
40314580800800, 40314580809076, 8276
40315741981132, 40315741983656, 2524
40316903216932, 40316903220188, 3256
40318064411890, 40318064417290, 5400
40319225680396, 40319225683532, 3136
40320386808360, 40320386811556, 3196
40321548001870, 40321548005784, 3914
40322709241370, 40322709269888, 28518
40323870416976, 40323870420790, 3814
40325031653664, 40325031682600, 28936
40326192834604, 40326192839704, 5100
40327354047388, 40327354050440, 3052
40328515244204, 40328515273004, 28800
40329676400236, 40329676403308, 3072
40330837637612, 40330837640732, 3120
40331998813176, 40331998816216, 3040
40333160049624, 40333160052680, 3056
40334321225448, 40334321229520, 4072
40313537337320, 40313537351868, 14548
40314800279668, 40314800287236, 7568
40316180934756, 40316180937524, 2768
40317561590040, 40317561592656, 2616
40318942299324, 40318942301916, 2592
40320322980650, 40320322985204, 4554
40321703613376, 40321703615900, 2524
40323084327180, 40323084330452, 3272
40324464977388, 40324464980084, 2696
40325845656950, 40325845661216, 4266
40327226374464, 40327226400804, 26340
40328607004816, 40328607008052, 3236
40329987658512, 40329987661012, 2500
40331368373324, 40331368376540, 3216
40332749048890, 40332749054370, 5480
40334129680404, 40334129683032, 2628
