40309418825632, 40309418841488, 15856
40309426021724, 40309426031228, 9504
40313461486504, 40313461491124, 4620
40314580795200, 40314580800608, 5408
40315741976768, 40315741980940, 4172
40316903212216, 40316903216732, 4516
40318064402504, 40318064411564, 9060
40319225647516, 40319225680204, 32688
40320386803440, 40320386808172, 4732
40321547992970, 40321548001550, 8580
40322709233776, 40322709241044, 7268
40323870409624, 40323870416656, 7032
40325031644256, 40325031653344, 9088
40326192826890, 40326192834284, 7394
40327354042760, 40327354047204, 4444
40328515234890, 40328515243890, 9000
40329676395620, 40329676400044, 4424
40330837632872, 40330837637416, 4544
40331998808616, 40331998812984, 4368
40333160045032, 40333160049432, 4400
40334321218540, 40334321225260, 6720
40313537306956, 40313537312564, 5608
40314800273348, 40314800279468, 6120
40316180928948, 40316180934492, 5544
40317561585496, 40317561589852, 4356
40318942293728, 40318942299116, 5388
40320322972984, 40320322980236, 7252
40321703608928, 40321703613184, 4256
40323084321388, 40323084326988, 5600
40324464971928, 40324464977196, 5268
40325845647996, 40325845656624, 8628
40327226367450, 40327226374150, 6700
40328606999840, 40328607004568, 4728
40329987653636, 40329987658320, 4684
40331368367372, 40331368373132, 5760
40332749039024, 40332749048470, 9446
40334129674616, 40334129680204, 5588
