40273914805230, 40273914841056, 35826
40274912403652, 40274912412696, 9044
40275909972324, 40275909982744, 10420
40277627853596, 40277627890288, 36692
40278318202284, 40278318238252, 35968
40279623015376, 40279623026144, 10768
40280263585196, 40280263595440, 10244
40281618210192, 40281618221880, 11688
40283613420570, 40283613458468, 37898
40286298945456, 40286298956540, 11084
40287300565496, 40287300576048, 10552
40289598974464, 40289598985208, 10744
40290407104344, 40290407114888, 10544
40291442610564, 40291442639360, 28796
40293589359176, 40293589370884, 11708
40294549077608, 40294549087572, 9964
40273876884110, 40273876898170, 14060
40274874494080, 40274874502604, 8524
40275917949624, 40275917959432, 9808
40276945535530, 40276945572408, 36878
40277981012056, 40277981047420, 35364
40279016520828, 40279016530692, 9864
40280052022996, 40280052059348, 36352
40281087553756, 40281087595676, 41920
40282123033304, 40282123068992, 35688
40283158569904, 40283158618112, 48208
40284194013716, 40284194016604, 2888
40285229551580, 40285229554680, 3100
40286265026800, 40286265036868, 10068
40287599792596, 40287599803784, 11188
40288336044740, 40288336055356, 10616
40289371574416, 40289371577780, 3364
40291590181472, 40291590192636, 11164
40292478089004, 40292478126760, 37756
40293513559096, 40293513564724, 5628
40295125724070, 40295125778996, 54926
40273878889264, 40273878926196, 36932
40275127890652, 40275127898156, 7504
40276416763148, 40276416771952, 8804
40277705636252, 40277705645360, 9108
40278994595056, 40278994599524, 4468
40280283444016, 40280283446544, 2528
40281572315504, 40281572318576, 3072
40282861273084, 40282861302592, 29508
40284150120964, 40284150123608, 2644
40285439054648, 40285439057720, 3072
40286727926168, 40286727928748, 2580
40288016825396, 40288016829784, 4388
40289305756276, 40289305761484, 5208
40290594601916, 40290594605060, 3144
40291883487668, 40291883490552, 2884
40293172431464, 40293172436950, 5486
40294461299930, 40294461304356, 4426
