40676829840750, 40676829877064, 36314
40677478272276, 40677478281952, 9676
40677927205512, 40677927213952, 8440
40678190576784, 40678190588504, 11720
40678455944892, 40678455956312, 11420
40678882869920, 40678882881380, 11460
40679206099420, 40679206107500, 8080
40679595177256, 40679595188564, 11308
40680026150244, 40680026158232, 7988
40680307488024, 40680307499384, 11360
40680842147692, 40680842157580, 9888
40680949886588, 40680949895776, 9188
40681755968388, 40681755978044, 9656
40682095164556, 40682095175984, 11428
40682779486912, 40682779490232, 3320
40683533679532, 40683533682684, 3152
40684196109748, 40684196121692, 11944
40684287894800, 40684287906112, 11312
40685042028652, 40685042036352, 7700
40685796235668, 40685796238900, 3232
40686550378980, 40686550381420, 2440
40687304586408, 40687304589608, 3200
40688615413692, 40688615425104, 11412
40689928280928, 40689928292200, 11272
40690367234232, 40690367244764, 10532
40690686418844, 40690686429548, 10704
40690991703100, 40690991714228, 11128
40691522430672, 40691522439404, 8732
40691581643280, 40691581651016, 7736
40691704004324, 40691704015784, 11460
40692226760328, 40692226770744, 10416
40692348473300, 40692348484672, 11372
40692416314776, 40692416326548, 11772
40692817313420, 40692817322412, 8992
40692855195436, 40692855203472, 8036
40693056728156, 40693056737952, 9796
40693266226260, 40693266237704, 11444
40693581467228, 40693581477704, 10476
40694144136884, 40694144148304, 11420
40694517252424, 40694517262780, 10356
40694762606940, 40694762616748, 9808
40695249759024, 40695249768208, 9184
40696484497208, 40696484506416, 9208
40697318465352, 40697318477728, 12376
40697428192668, 40697428203476, 10808
40676829834976, 40676829874420, 39444
40677480266492, 40677480275456, 8964
40678657409576, 40678657420344, 10768
40679148243000, 40679148246232, 3232
40679834618180, 40679834629056, 10876
40680349376588, 40680349384308, 7720
40681211278580, 40681211289124, 10544
40681550460936, 40681550471780, 10844
40682236823848, 40682236834584, 10736
40682647790016, 40682647800716, 10700
40682751543340, 40682751552116, 8776
40683270316936, 40683270328280, 11344
40683888837048, 40683888847620, 10572
40683952684724, 40683952692680, 7956
40684642984148, 40684642995140, 10992
40685153765700, 40685153773676, 7976
40686354909248, 40686354916988, 7740
40687031248788, 40687031259740, 10952
40687555986252, 40687555995820, 9568
40688633366880, 40688633377412, 10532
40691863616636, 40691863627620, 10984
40692170884404, 40692170893756, 9352
40692817301092, 40692817312612, 11520
40693198378384, 40693198387028, 8644
40693663269132, 40693663279176, 10044
40693822892236, 40693822903732, 11496
40693840857264, 40693840865136, 7872
40694036404704, 40694036415864, 11160
40694267836160, 40694267846388, 10228
40694553099224, 40694553109184, 9960
40694774583504, 40694774594996, 11492
40695275387048, 40695275397548, 10500
40695335603732, 40695335611448, 7716
40695616565972, 40695616575812, 9840
40695955758104, 40695955769404, 11300
40696031599636, 40696031608116, 8480
40696506455068, 40696506466268, 11200
40696677980820, 40696677991904, 11084
40697339356504, 40697339368200, 11696
40697550470564, 40697550486812, 16248
40697741452332, 40697741467868, 15536
40677416441544, 40677416479700, 38156
40677484255084, 40677484257252, 2168
40678228501448, 40678228512400, 10952
40679212087524, 40679212090652, 3128
40680433184220, 40680433192528, 8308
40681089555736, 40681089565628, 9892
40681354925044, 40681354935972, 10928
40681974768580, 40681974776920, 8340
40682679712588, 40682679723708, 11120
40682931123776, 40682931133996, 10220
40684170162024, 40684170172160, 10136
40684377681532, 40684377691232, 9700
40684840509584, 40684840519532, 9948
40685006114636, 40685006124068, 9432
40685299416764, 40685299425244, 8480
40685532875840, 40685532886868, 11028
40685923934760, 40685923945104, 10344
40686005744840, 40686005755760, 10920
40686265121488, 40686265132376, 10888
40686594273360, 40686594281520, 8160
40686841700564, 40686841711920, 11356
40686997335724, 40686997346272, 10548
40687406343508, 40687406351532, 8024
40687729581400, 40687729592536, 11136
40688625385104, 40688625395556, 10452
40689245918084, 40689245928628, 10544
40689567142636, 40689567153692, 11056
40690151747168, 40690151755724, 8556
40691131361624, 40691131364992, 3368
40692386383092, 40692386393828, 10736
40695600605380, 40695600608944, 3564
40696354808908, 40696354812112, 3204
40697108956708, 40697108959936, 3228
40677420428516, 40677420472916, 44400
40677500216908, 40677500219164, 2256
40678228496656, 40678228508760, 12104
40678304339124, 40678304347932, 8808
40678960690588, 40678960700636, 10048
40679603156316, 40679603164712, 8396
40679698926120, 40679698934136, 8016
40680437171180, 40680437174456, 3276
40681031693960, 40681031702960, 9000
40681219248868, 40681219257168, 8300
40681378868380, 40681378879964, 11584
40681736016524, 40681736026860, 10336
40681903444648, 40681903453220, 8572
40682252796808, 40682252807972, 11164
40682444334264, 40682444345656, 11392
40682619868276, 40682619879988, 11712
40683156578740, 40683156586540, 7800
40683354116172, 40683354127616, 11444
40683868881964, 40683868891648, 9684
40684068417436, 40684068429148, 11712
40684427555656, 40684427566292, 10636
40685325363380, 40685325374928, 11548
40685377242532, 40685377254048, 11516
40686610238960, 40686610246656, 7696
40687763491504, 40687763499516, 8012
40688160551396, 40688160562996, 11600
40688525677900, 40688525687636, 9736
40688685240328, 40688685252060, 11732
40688842864424, 40688842876012, 11588
40689595077416, 40689595087028, 9612
40689958212476, 40689958222880, 10404
40690512899856, 40690512910824, 10968
40691159291272, 40691159299108, 7836
40692360432844, 40692360436076, 3232
40693224327072, 40693224336796, 9724
40694213968148, 40694213978052, 9904
40695327264932, 40695327276156, 11224
40695386478028, 40695386486420, 8392
40695796137124, 40695796147504, 10380
40696003642420, 40696003651440, 9020
40696019600388, 40696019607812, 7424
40696476517396, 40696476527132, 9736
40697316179808, 40697316189304, 9496
40697707538432, 40697707554172, 15740
