40672740134160, 40672740148972, 14812
40672751129280, 40672751138564, 9284
40672758487984, 40672758498228, 10244
40676829835250, 40676829840436, 5186
40677478265968, 40677478272080, 6112
40677927202304, 40677927205324, 3020
40678190573560, 40678190576600, 3040
40678455941844, 40678455944700, 2856
40678882863124, 40678882869728, 6604
40679206095192, 40679206099232, 4040
40679595172132, 40679595177064, 4932
40680026145916, 40680026150052, 4136
40680307483292, 40680307487832, 4540
40680842145016, 40680842147496, 2480
40680949883492, 40680949886392, 2900
40681755965884, 40681755968196, 2312
40682095161208, 40682095164360, 3152
40682779482036, 40682779486720, 4684
40683533673264, 40683533679340, 6076
40684196106028, 40684196109556, 3528
40684287890144, 40684287894608, 4464
40685042022916, 40685042028464, 5548
40685796229768, 40685796235472, 5704
40686550373944, 40686550378780, 4836
40687304580432, 40687304586216, 5784
40688615410348, 40688615413496, 3148
40689221676880, 40689221683260, 6380
40689928277632, 40689928280736, 3104
40690367231588, 40690367234036, 2448
40690686414556, 40690686418656, 4100
40690991698420, 40690991702904, 4484
40691522428108, 40691522430476, 2368
40691581633888, 40691581643092, 9204
40691703996788, 40691704004128, 7340
40692226757116, 40692226760136, 3020
40692348468660, 40692348473108, 4448
40692416310444, 40692416314584, 4140
40692817299764, 40692817313228, 13464
40692855189452, 40692855195244, 5792
40693056724724, 40693056727956, 3232
40693266218652, 40693266226068, 7416
40693581464416, 40693581467032, 2616
40694144122048, 40694144136684, 14636
40694517248476, 40694517252232, 3756
40694762590740, 40694762606752, 16012
40695249736732, 40695249758840, 22108
40696484494488, 40696484497016, 2528
40697318461596, 40697318465156, 3560
40697428189972, 40697428192424, 2452
40672670063592, 40672670071720, 8128
40672741965684, 40672741977100, 11416
40676829828430, 40676829834636, 6206
40677480260016, 40677480266300, 6284
40678657405464, 40678657409304, 3840
40679148235780, 40679148242424, 6644
40679834613872, 40679834617884, 4012
40680349370644, 40680349376396, 5752
40681211274292, 40681211278224, 3932
40681550458948, 40681550460736, 1788
40682236821044, 40682236823616, 2572
40682647786592, 40682647789664, 3072
40682751536616, 40682751542964, 6348
40683270311944, 40683270316644, 4700
40683888830552, 40683888836840, 6288
40683952680232, 40683952684440, 4208
40684642980248, 40684642983744, 3496
40685153760880, 40685153765508, 4628
40686354904768, 40686354909060, 4292
40687031244616, 40687031248500, 3884
40687555979604, 40687555986060, 6456
40688633363528, 40688633366636, 3108
40689253687172, 40689253693752, 6580
40689873332668, 40689873337248, 4580
40690493448780, 40690493452576, 3796
40691113259912, 40691113264084, 4172
40691863613384, 40691863616340, 2956
40692170881740, 40692170884224, 2484
40692817296948, 40692817300672, 3724
40693198375580, 40693198378196, 2616
40693663266364, 40693663268884, 2520
40693822888928, 40693822891928, 3000
40693840841904, 40693840857076, 15172
40694036386792, 40694036404416, 17624
40694267832944, 40694267835808, 2864
40694553087936, 40694553098740, 10804
40694774569444, 40694774583124, 13680
40695275383164, 40695275386732, 3568
40695335595444, 40695335603432, 7988
40695616563088, 40695616565732, 2644
40695955754932, 40695955757888, 2956
40696031589356, 40696031599272, 9916
40696506447132, 40696506454864, 7732
40696677972860, 40696677980592, 7732
40697339352040, 40697339355988, 3948
40697550466220, 40697550470368, 4148
40697741443140, 40697741452064, 8924
40672740408868, 40672740433632, 24764
40677416435310, 40677416441230, 5920
40677484249132, 40677484254892, 5760
40678228498032, 40678228501256, 3224
40679212082320, 40679212087332, 5012
40680433181388, 40680433184040, 2652
40681089552816, 40681089555540, 2724
40681354921852, 40681354924844, 2992
40681974759536, 40681974768380, 8844
40682679709456, 40682679712388, 2932
40682931120704, 40682931123588, 2884
40684170159060, 40684170161828, 2768
40684377678180, 40684377681344, 3164
40684840506980, 40684840509388, 2408
40685006108460, 40685006114448, 5988
40685299414104, 40685299416572, 2468
40685532862352, 40685532875652, 13300
40685923926152, 40685923934568, 8416
40686005736592, 40686005744644, 8052
40686265113296, 40686265121296, 8000
40686594270564, 40686594273164, 2600
40686841686800, 40686841700356, 13556
40686997316984, 40686997335532, 18548
40687406337472, 40687406343312, 5840
40687729573844, 40687729581208, 7364
40688625381824, 40688625384916, 3092
40688700683232, 40688700688644, 5412
40689245914052, 40689245917888, 3836
40689567135196, 40689567142444, 7248
40690151744304, 40690151746980, 2676
40691131353284, 40691131361444, 8160
40692386379444, 40692386382896, 3452
40693006837344, 40693006842464, 5120
40693626694560, 40693626698564, 4004
40694247114424, 40694247117900, 3476
40694867098392, 40694867102196, 3804
40695600598044, 40695600605188, 7144
40696354801596, 40696354808716, 7120
40697108949880, 40697108956516, 6636
40672742478640, 40672742489060, 10420
40677420422310, 40677420428036, 5726
40677500211464, 40677500216616, 5152
40678228490524, 40678228496172, 5648
40678304329536, 40678304338932, 9396
40678960689164, 40678960690396, 1232
40679603151188, 40679603156040, 4852
40679698921584, 40679698925840, 4256
40680437165976, 40680437170848, 4872
40681031688012, 40681031693768, 5756
40681219246232, 40681219248676, 2444
40681378865148, 40681378868152, 3004
40681736014016, 40681736016332, 2316
40681903434468, 40681903444456, 9988
40682252789200, 40682252796432, 7232
40682444329328, 40682444334052, 4724
40682619863356, 40682619868064, 4708
40683156573004, 40683156578548, 5544
40683354112724, 40683354115820, 3096
40683868876384, 40683868881768, 5384
40684068412756, 40684068417144, 4388
40685325360208, 40685325363164, 2956
40685377237516, 40685377242056, 4540
40686610234668, 40686610238684, 4016
40687763488748, 40687763491288, 2540
40688160548300, 40688160551136, 2836
40688525675456, 40688525677712, 2256
40688685236992, 40688685240036, 3044
40688842861180, 40688842864040, 2860
40689595072712, 40689595076908, 4196
40689958207544, 40689958212136, 4592
40690512892264, 40690512899520, 7256
40691159284472, 40691159291080, 6608
40692360426640, 40692360432620, 5980
40693224324384, 40693224326888, 2504
40694213955952, 40694213967948, 11996
40695327260868, 40695327264596, 3728
40695386468428, 40695386477836, 9408
40695796134216, 40695796136848, 2632
40696003639836, 40696003642228, 2392
40696019598572, 40696019600124, 1552
40696476514616, 40696476517200, 2584
40697316169980, 40697316179556, 9576
40697707522124, 40697707538152, 16028
