38791633368316, 38791633379948, 11632
38791824912240, 38791824922848, 10608
38791998498680, 38791998510076, 11396
38792096275556, 38792096286924, 11368
38792245905468, 38792245917144, 11676
38792285820480, 38792285831472, 10992
38792363643268, 38792363654308, 11040
38792475370136, 38792475381440, 11304
38792537223672, 38792537234460, 10788
38792664918108, 38792664929456, 11348
38792914328180, 38792914338872, 10692
38793065896392, 38793065907208, 10816
38793103817644, 38793103828576, 10932
38793295354780, 38793295364892, 10112
38793441003764, 38793441014844, 11080
38793570696528, 38793570707328, 10800
38793696396316, 38793696407624, 11308
38793869982640, 38793869994116, 11476
38793999674656, 38793999686100, 11444
38794021624764, 38794021631728, 6964
38794051550744, 38794051552900, 2156
38794107421300, 38794107429120, 7820
38794281003692, 38794281013560, 9868
38794290980820, 38794290987892, 7072
38794320907100, 38794320909252, 2152
38794350836452, 38794350838396, 1944
38794386753428, 38794386761524, 8096
38794532406444, 38794532416376, 9932
38794705992568, 38794706003920, 11352
38794863619756, 38794863629040, 9284
38795535959852, 38795535969924, 10072
38795887124084, 38795887133996, 9912
38796072685072, 38796072695504, 10432
38796182423792, 38796182434764, 10972
38796413868840, 38796413872036, 3196
38796603416072, 38796603427476, 11404
38797251820428, 38797251830904, 10476
38797634914400, 38797634924832, 10432
38797794524112, 38797794534456, 10344
38797820469256, 38797820480552, 11296
38797900645852, 38797900657788, 11936
38798598609312, 38798598619716, 10404
38798660470924, 38798660474168, 3244
38798690398652, 38798690401728, 3076
38798720327572, 38798720330560, 2988
38798750246420, 38798750249468, 3048
38798780177524, 38798780179836, 2312
38800593801832, 38800593812024, 10192
38802050284256, 38802050295032, 10776
38802233837672, 38802233848768, 11096
38802311456388, 38802311464252, 7864
38802373514472, 38802373525488, 11016
38802437359856, 38802437371196, 11340
38802489241876, 38802489252932, 11056
38802604957996, 38802604968940, 10944
38802766570876, 38802766580812, 9936
38802788514368, 38802788522340, 7972
38802918207016, 38802918215316, 8300
38802952078600, 38802952089664, 11064
38803043862760, 38803043873928, 11168
38803075785372, 38803075796500, 11128
38803125663864, 38803125675048, 11184
38803271312216, 38803271321784, 9568
38803357111592, 38803357122796, 11204
38803438918084, 38803438929352, 11268
38803466854764, 38803466865844, 11080
38804564242964, 38804564253660, 10696
38805274481740, 38805274492196, 10456
38805497961688, 38805497964912, 3224
38805613679388, 38805613682744, 3356
38806579376472, 38806579386832, 10360
38807507116980, 38807507127268, 10288
38807928185764, 38807928196872, 11108
38807991958752, 38807991968636, 9884
38808043841300, 38808043852288, 10988
38808159565072, 38808159575952, 10880
38808221415720, 38808221426748, 11028
38808275288772, 38808275299756, 10984
38808391006052, 38808391017212, 11160
38808568585052, 38808568595656, 10604
38808629521764, 38808629532884, 11120
38808680326728, 38808680338156, 11428
38808738181020, 38808738190784, 9764
38808853907848, 38808853911008, 3160
38808977556996, 38808977568460, 11464
38809137171060, 38809137181492, 10432
38809203017472, 38809203028388, 10916
38809332708552, 38809332719136, 10584
38809374613680, 38809374624680, 11000
38809528238728, 38809528246660, 7932
38809604061188, 38809604072560, 11372
38809671899532, 38809671910648, 11116
38809723781836, 38809723792956, 11120
38809759697836, 38809759708544, 10708
38809847488220, 38809847499196, 10976
38809919318044, 38809919328620, 10576
38810116838240, 38810116849312, 11072
38810147964816, 38810147972860, 8044
38810198652788, 38810198663744, 10956
38810286443056, 38810286454076, 11020
38810310385708, 38810310396920, 11212
38810374235832, 38810374246480, 10648
38810462023984, 38810462027124, 3140
38810505922016, 38810505932956, 10940
38810549830964, 38810549842852, 11888
38810637610768, 38810637622260, 11492
38810701457476, 38810701468712, 11236
38810896984800, 38810896994452, 9652
38810962765384, 38810962776684, 11300
38811092456940, 38811092468088, 11148
38811176276792, 38811176288140, 11348
38811288001208, 38811288012468, 11260
38792263870008, 38792263884000, 13992
38797662847952, 38797662851348, 3396
38798550723100, 38798550734320, 11220
38798656479208, 38798656490484, 11276
38798762220044, 38798762223412, 3368
38798867974800, 38798867978156, 3356
38798973664320, 38798973667512, 3192
38799999220476, 38799999223896, 3420
38804683948632, 38804683951760, 3128
38804789693744, 38804789696920, 3176
38805330348000, 38805330359144, 11144
38805394209468, 38805394220588, 11120
38805485987400, 38805485999160, 11760
38805711440748, 38805711451012, 10264
38805885032840, 38805885044092, 11252
38806058622176, 38806058633220, 11044
38806160379908, 38806160391372, 11464
38806288082700, 38806288093236, 10536
38806413772200, 38806413784004, 11804
38806511546008, 38806511556892, 10884
38806643224488, 38806643236076, 11588
38806768932200, 38806768943020, 10820
38806898622876, 38806898633972, 11096
38806920518660, 38806920530008, 11348
38806950447092, 38806950450680, 3588
38806980375512, 38806980379176, 3664
38807006309216, 38807006319896, 10680
38807132002508, 38807132014080, 11572
38807159939936, 38807159948244, 8308
38807181890256, 38807181898400, 8144
38808570580096, 38808570590928, 10832
38808686307632, 38808686310828, 3196
38808716238568, 38808716241624, 3056
38808756142900, 38808756146196, 3296
38808776096416, 38808776107404, 10988
38808806023816, 38808806026868, 3052
38808835953248, 38808835956280, 3032
38808857894248, 38808857905196, 10948
38808987528044, 38808987538064, 10020
38809027430224, 38809027437796, 7572
38809085299260, 38809085310064, 10804
38809201028588, 38809201039256, 10668
38809316750432, 38809316753548, 3116
38809432474468, 38809432477544, 3076
38809618029352, 38809618032676, 3324
38809663922436, 38809663933516, 11080
38809779646956, 38809779657964, 11008
38809895371760, 38809895382468, 10708
38809955229604, 38809955240668, 11064
38810011098328, 38810011109060, 10732
38810168717624, 38810168728720, 11096
38810242547924, 38810242558460, 10536
38810358270468, 38810358281200, 10732
38810473988344, 38810473996048, 7704
38810589719484, 38810589730404, 10920
38810705443400, 38810705454248, 10848
38810821168008, 38810821178820, 10812
38810962772644, 38810962783912, 11268
38810988711984, 38810988722568, 10584
38811076500864, 38811076503832, 2968
38811182018640, 38811182029976, 11336
38789154596112, 38789154606768, 10656
38789154638696, 38789154645712, 7016
38789154669176, 38789154676004, 6828
38789154698880, 38789154705808, 6928
38789154729132, 38789154736336, 7204
38789154754452, 38789154760708, 6256
38789154781788, 38789154788772, 6984
38789154810596, 38789154817672, 7076
38789154839968, 38789154846904, 6936
38791148596740, 38791148606516, 9776
38791148623196, 38791148630452, 7256
38791178469084, 38791178505768, 36684
38791208393676, 38791208397584, 3908
38791238328664, 38791238332310, 3646
38791268232096, 38791268234240, 2144
38791298161576, 38791298163868, 2292
38791328091088, 38791328093268, 2180
38791344055364, 38791344063716, 8352
38792375609148, 38792375620080, 10932
38794141349468, 38794141360092, 10624
38796202382512, 38796202393872, 11360
38796348031628, 38796348042768, 11140
38796453770032, 38796453780924, 10892
38796475722872, 38796475731640, 8768
38796505648792, 38796505650912, 2120
38796561522188, 38796561531344, 9156
38796613402420, 38796613413792, 11372
38796625374100, 38796625385216, 11116
38796655300388, 38796655303520, 3132
38796685222780, 38796685225952, 3172
38796703177268, 38796703185100, 7832
38796790977808, 38796790988836, 11028
38796804946176, 38796804957420, 11244
38796876771940, 38796876783324, 11384
38797295717452, 38797295728708, 11256
38797447355452, 38797447367428, 11976
38797463329508, 38797463340592, 11084
38797473292148, 38797473303760, 11612
38797493245428, 38797493253644, 8216
38797523187240, 38797523190572, 3332
38797553176460, 38797553187348, 10888
38797557124496, 38797557176692, 52196
38797583033428, 38797583044952, 11524
38797650868712, 38797650880268, 11556
38797666426180, 38797666433944, 7764
38797732682560, 38797732694680, 12120
38797792528212, 38797792538412, 10200
38797908262684, 38797908274228, 11544
38798021983264, 38798021993420, 10156
38798159654528, 38798159665896, 11368
38798198178860, 38798198186208, 7348
38798207535136, 38798207541984, 6848
38798246054160, 38798246061288, 7128
38798323272380, 38798323284008, 11628
38798383130072, 38798383141688, 11616
38798462938880, 38798462950716, 11836
38798578665668, 38798578676864, 11196
38798612582444, 38798612594140, 11696
38798774190160, 38798774198816, 8656
38798844024564, 38798844036428, 11864
38798869962060, 38798869970076, 8016
38798899889432, 38798899891560, 2128
38798929759332, 38798929761416, 2084
38798959690052, 38798959697420, 7368
38798969665412, 38798969673344, 7932
38799147243476, 38799147251744, 8268
38799292900196, 38799292911244, 11048
38799318838396, 38799318849864, 11468
38799348762928, 38799348765164, 2236
38799398643696, 38799398652376, 8680
38799524348452, 38799524358808, 10356
38799669999992, 38799670011600, 11608
38799799692544, 38799799703608, 11064
38799925416544, 38799925453404, 36860
38800100977368, 38800100988500, 11132
38800132077544, 38800132085300, 7756
38800190767316, 38800190778828, 11512
38800246637500, 38800246649288, 11788
38800276564360, 38800276567772, 3412
38800581833320, 38800581844232, 10912
38800753429212, 38800753432640, 3428
38802523160340, 38802523171284, 10944
38803470845728, 38803470856740, 11012
38803622474552, 38803622485840, 11288
38803662390200, 38803662401328, 11128
38803851928856, 38803851940332, 11476
38803928954448, 38803928962236, 7788
38804103328900, 38804103340464, 11564
38804137246860, 38804137255132, 8272
38804211071956, 38804211080832, 8876
38804324802992, 38804324811528, 8536
38804346749384, 38804346757316, 7932
38804376676548, 38804376678772, 2224
38804406606156, 38804406608244, 2088
38804436531472, 38804436538772, 7300
38804532307292, 38804532316268, 8976
38804572226468, 38804572237396, 10928
38804669985504, 38804669997224, 11720
38804675971976, 38804675983148, 11172
38804701915444, 38804701927172, 11728
38804771749252, 38804771760384, 11132
38804885467132, 38804885478592, 11460
38805011110644, 38805011120860, 10216
38805174718140, 38805174728616, 10476
38805256533032, 38805256544064, 11032
38805364277248, 38805364288684, 11436
38805422147928, 38805422159220, 11292
38805553831856, 38805553843212, 11356
38805617689048, 38805617700360, 11312
38805743370828, 38805743381096, 10268
38805813215548, 38805813227632, 12084
38805843136108, 38805843139560, 3452
38805873064824, 38805873068056, 3232
38806575386024, 38806575396564, 10540
38809224970368, 38809224973896, 3528
38791214389430, 38791214426572, 37142
38791264266890, 38791264302212, 35322
38791413906410, 38791413969756, 63346
38791447804920, 38791447812324, 7404
38791477734368, 38791477736468, 2100
38791507661736, 38791507663972, 2236
38791537589620, 38791537596936, 7316
38791567518976, 38791567521384, 2408
38791597447432, 38791597449696, 2264
38791627376340, 38791627383752, 7412
38791657305196, 38791657307500, 2304
38791719160796, 38791719169316, 8520
38791848856304, 38791848867432, 11128
38791978549268, 38791978560900, 11632
38792092270360, 38792092280780, 10420
38792114220644, 38792114228492, 7848
38792202037436, 38792202089716, 52280
38792289803284, 38792289806560, 3276
38792593086212, 38792593096492, 10280
38794588278500, 38794588281836, 3336
38796561526964, 38796561538216, 11252
38797686788212, 38797686799512, 11300
38797702737684, 38797702745060, 7376
38797792539216, 38797792541764, 2548
38797822454748, 38797822462700, 7952
38797852380296, 38797852382332, 2036
38797882311944, 38797882313924, 1980
38797912239648, 38797912247520, 7872
38797922229420, 38797922237864, 8444
38797996050720, 38797996062696, 11976
38798083833068, 38798083844572, 11504
38798211532976, 38798211543952, 10976
38798351200440, 38798351211352, 10912
38798540748312, 38798540751640, 3328
38798730291956, 38798730300276, 8320
38798919846848, 38798919854644, 7796
38798991624328, 38798991636080, 11752
38799019561332, 38799019572128, 10796
38799049482900, 38799049485996, 3096
38799079415404, 38799079418592, 3188
38799109333492, 38799109344412, 10920
38799139261040, 38799139268896, 7856
38799193133672, 38799193142068, 8396
38799318837528, 38799318847628, 10100
38799464490004, 38799464501352, 11348
38799488434220, 38799488445424, 11204
38799572246828, 38799572257996, 11168
38799697933312, 38799697944488, 11176
38799751816544, 38799751828060, 11516
38799839619350, 38799839624670, 5320
38799867609656, 38799867621316, 11660
38799927398716, 38799927410332, 11616
38800278564704, 38800278575264, 10560
38800338416648, 38800338428412, 11764
38800529957248, 38800529967652, 10404
38800545914636, 38800545922264, 7628
38800575843120, 38800575845188, 2068
38800605769476, 38800605771872, 2396
38800635698656, 38800635700732, 2076
38800665628048, 38800665635652, 7604
38800737461100, 38800737469532, 8432
38800936924416, 38800936936064, 11648
38801020739908, 38801020751256, 11348
38801074609780, 38801074621500, 11720
38801204285736, 38801204297516, 11780
38801329987008, 38801329998124, 11116
38801419783724, 38801419795440, 11716
38801507569444, 38801507579784, 10340
38801659211788, 38801659223264, 11476
38801788897668, 38801788908068, 10400
38801902626068, 38801902637512, 11444
38802555083360, 38802555094108, 10748
38802972030260, 38802972041320, 11060
38803183529632, 38803183541188, 11556
38803325182472, 38803325193224, 10752
38803468843772, 38803468855208, 11436
38803658393312, 38803658405384, 12072
38804548277312, 38804548286420, 9108
38804835591224, 38804835602204, 10980
38805031065336, 38805031073496, 8160
38805057555848, 38805057563380, 7532
38805226599700, 38805226611140, 11440
38805481985824, 38805481995312, 9488
38805513918208, 38805513926636, 8428
38805543841876, 38805543844152, 2276
38805573773112, 38805573775420, 2308
38805603702552, 38805603710340, 7788
38805687496428, 38805687505344, 8916
38805721418304, 38805721426272, 7968
38805809206692, 38805809214364, 7672
38805897003112, 38805897006284, 3172
38806559424800, 38806559435184, 10384
38807233771236, 38807233782080, 10844
38807427299564, 38807427311088, 11524
38807553000508, 38807553011520, 11012
38807682692356, 38807682703608, 11252
38807812387164, 38807812397924, 10760
38807938081956, 38807938093344, 11388
38808385027640, 38808385038972, 11332
38808490796330, 38808490849856, 53526
38809957230440, 38809957240968, 10528
38810481979400, 38810481989736, 10336
38810671516764, 38810671526648, 9884
38810731385448, 38810731395816, 10368
38810813190500, 38810813201980, 11480
38810861073996, 38810861085412, 11416
38811050554564, 38811050562612, 8048
38811240104744, 38811240114572, 9828
