40230783606088, 40230783612884, 6796
40232778809968, 40232778814984, 5016
40232778849488, 40232778851304, 1816
40234773139950, 40234773149156, 9206
40235495418056, 40235495426696, 8640
40236217626160, 40236217630764, 4604
40236939923548, 40236939925520, 1972
40237662148584, 40237662156704, 8120
40238384409672, 40238384414696, 5024
40239106711504, 40239106719276, 7772
40239828925044, 40239828933644, 8600
40240551188316, 40240551193500, 5184
40241273494610, 40241273502116, 7506
40241995717804, 40241995725016, 7212
40242717976024, 40242717980400, 4376
40243440279570, 40243440286744, 7174
40244162500310, 40244162507550, 7240
40244884758712, 40244884763136, 4424
40245607000356, 40245607008390, 8034
40246329281696, 40246329289156, 7460
40247051539724, 40247051545196, 5472
40247773778456, 40247773787196, 8740
40248496064356, 40248496071924, 7568
40249218327452, 40249218331868, 4416
40249940567896, 40249940575330, 7434
40250662831152, 40250662835288, 4136
40251385128170, 40251385135524, 7354
40252107350916, 40252107358296, 7380
40252829614012, 40252829618272, 4260
40253551908650, 40253551917724, 9074
40254274131950, 40254274141056, 9106
40254996392312, 40254996397892, 5580
40230785270560, 40230785278716, 8156
40234793088124, 40234793093176, 5052
40235882419476, 40235882424760, 5284
40236991779796, 40236991786712, 6916
40238101083052, 40238101087272, 4220
40239210442776, 40239210447232, 4456
40240319759184, 40240319768470, 9286
40241429104076, 40241429108652, 4576
40242538425650, 40242538458180, 32530
40243647704080, 40243647708656, 4576
40244757079770, 40244757089190, 9420
40245866360592, 40245866366132, 5540
40246975744856, 40246975751736, 6880
40248085023404, 40248085027792, 4388
40249194397464, 40249194406630, 9166
40250303679296, 40250303684776, 5480
40251413044780, 40251413049464, 4684
40252522340760, 40252522346352, 5592
40253631644832, 40253631649276, 4444
40254741021504, 40254741028416, 6912
