147664036668448, 147664036678832, 10384
147664080429700, 147664080434152, 4452
147664150261932, 147664150265900, 3968
147664317753008, 147664317764372, 11364
147664429411356, 147664429422960, 11604
147664441414236, 147664441426208, 11972
147664537179204, 147664537189436, 10232
147664662721592, 147664662732472, 10880
147664768462416, 147664768473900, 11484
147666030916496, 147666030926300, 9804
147666463457676, 147666463463064, 5388
147666676830936, 147666676835316, 4380
147666762636444, 147666762648344, 11900
147666822472340, 147666822476972, 4632
147666892201032, 147666892212692, 11660
147666954078604, 147666954088852, 10248
147667025820108, 147667025830176, 10068
147667099691712, 147667099703328, 11616
147667211352792, 147667211364100, 11308
147667332966492, 147667332978212, 11720
147667460596968, 147667460608336, 11368
147667542452376, 147667542463356, 10980
147667686015448, 147667686027040, 11592
147667797658184, 147667797669628, 11444
147667925306976, 147667925318304, 11328
147668024922476, 147668024933276, 10800
147668048893108, 147668048903408, 10300
147668138628828, 147668138639792, 10964
147668198486776, 147668198491728, 4952
147668435401604, 147668435412872, 11268
147668824650840, 147668824655236, 4396
147670019205100, 147670019215364, 10264
147670412032340, 147670412036888, 4548
147670717184236, 147670717195536, 11300
147670878604976, 147670878615524, 10548
147670920758080, 147670920768540, 10460
147670990425136, 147670990436276, 11140
147671117992824, 147671118003996, 11172
147671229611476, 147671229623648, 12172
147671369230672, 147671369241528, 10856
147671548741156, 147671548752364, 11208
147671640446572, 147671640457432, 10860
147671851810324, 147671851821468, 11144
147671979450272, 147671979461524, 11252
147672087120196, 147672087131456, 11260
147672248647408, 147672248651592, 4184
147672555718936, 147672555729984, 11048
147672735278060, 147672735288944, 10884
147672930681680, 147672930693076, 11396
147673072278740, 147673072289548, 10808
147673213889864, 147673213894416, 4552
147674007509616, 147674007520432, 10816
147675006599948, 147675006611072, 11124
147675196067488, 147675196078088, 10600
147675210088972, 147675210101060, 12088
147675230213164, 147675230225104, 11940
147675281893320, 147675281905720, 12400
147675353670612, 147675353682300, 11688
147675373581288, 147675373591728, 10440
147675425440260, 147675425452128, 11868
147675497217784, 147675497222520, 4736
147675527128460, 147675527139656, 11196
147675568967724, 147675568979116, 11392
147676001815288, 147676001826960, 11672
147676251042412, 147676251047072, 4660
147677010795228, 147677010806832, 11604
147677076591776, 147677076606504, 14728
147677126436212, 147677126447420, 11208
147677148469436, 147677148480840, 11404
147677220229736, 147677220234376, 4640
147677292032992, 147677292044692, 11700
147677351816252, 147677351886348, 70096
147677437588496, 147677437599680, 11184
147677523308560, 147677523319996, 11436
147677662891232, 147677662902100, 10868
147677676856156, 147677676864496, 8340
147677774711492, 147677774722464, 10972
147677830417424, 147677830441672, 24248
147677888322516, 147677888332440, 9924
147677995984300, 147677995994936, 10636
147678027849736, 147678027861768, 12032
147678137521132, 147678137540332, 19200
147678169499804, 147678169510680, 10876
147678291119960, 147678291130280, 10320
147678475334328, 147678475345456, 11128
147678693893600, 147678693904740, 11140
147678727816376, 147678727821408, 5032
147679431852624, 147679431863280, 10656
147679926300980, 147679926312300, 11320
147680063923228, 147680063928008, 4780
147681290347348, 147681290357856, 10508
147681485790328, 147681485800796, 10468
147681597446252, 147681597531848, 85596
147681713094824, 147681713145744, 50920
147681858675508, 147681858687512, 12004
147681970338028, 147681970349716, 11688
147682042147628, 147682042151192, 3564
147682203667016, 147682203678320, 11304
147682315420532, 147682315431396, 10864
147682424998700, 147682425009896, 11196
147683071166472, 147683071177848, 11376
147683178886156, 147683178897236, 11080
147683252632200, 147683252643592, 11392
147683374236952, 147683374248292, 11340
147683401260444, 147683401268524, 8080
147683512017340, 147683512028360, 11020
147683555845388, 147683555856092, 10704
147683665416308, 147683665428084, 11776
147683717352900, 147683717364724, 11824
147683978506640, 147683978516892, 10252
147684112109672, 147684112121108, 11436
147664012680376, 147664012691532, 11156
147664082414564, 147664082426420, 11856
147664154219560, 147664154265184, 45624
147664293894152, 147664293906184, 12032
147664359632440, 147664359642848, 10408
147664417524504, 147664417535604, 11100
147664529184624, 147664529196236, 11612
147664718613916, 147664718623528, 9612
147664860270344, 147664860275164, 4820
147666026741524, 147666026752244, 10720
147666246109228, 147666246120164, 10936
147666283996988, 147666284008452, 11464
147666357789808, 147666357816772, 26964
147666467498004, 147666467508788, 10784
147666834462528, 147666834472588, 10060
147667001932428, 147667001942704, 10276
147667125583636, 147667125594660, 11024
147667235317264, 147667235328400, 11136
147668021039252, 147668021049196, 9944
147668210394716, 147668210399336, 4620
147668268327032, 147668268338040, 11008
147668320148744, 147668320159516, 10772
147668338130104, 147668338142364, 12260
147668407926384, 147668407931048, 4664
147668477737480, 147668477748832, 11352
147668497616932, 147668497627964, 11032
147668533477564, 147668533489752, 12188
147668661127384, 147668661139140, 11756
147668695074292, 147668695086784, 12492
147668770861584, 147668770872488, 10904
147668856712104, 147668856722852, 10748
147670017209012, 147670017219752, 10740
147670326248436, 147670326259344, 10908
147670452008280, 147670452019324, 11044
147670537650212, 147670537661824, 11612
147670665314996, 147670665325944, 10948
147670776933056, 147670776944620, 11564
147670908598084, 147670908608820, 10736
147670950450492, 147670950462216, 11724
147671024205520, 147671024216324, 10804
147671060131776, 147671060143560, 11784
147671133955808, 147671133966436, 10628
147671263517952, 147671263540908, 22956
147671279540892, 147671279552800, 11908
147671399199336, 147671399210356, 11020
147671441084208, 147671441096108, 11900
147671576659156, 147671576670892, 11736
147671602590380, 147671602602140, 11760
147671728186856, 147671728197632, 10776
147671764181072, 147671764193148, 12076
147671790017524, 147671790028896, 11372
147671835878992, 147671835891856, 12864
147671907734760, 147671907746324, 11564
147672001454232, 147672001465416, 11184
147672091097340, 147672091108260, 10920
147672266607400, 147672266620144, 12744
147672338437556, 147672338450436, 12880
147672404209264, 147672404219592, 10328
147672515877388, 147672515888864, 11476
147672645480560, 147672645492192, 11632
147672685406212, 147672685417496, 11284
147672745207848, 147672745212156, 4308
147672773107932, 147672773118216, 10284
147672866830052, 147672866840420, 10368
147672916770336, 147672916781556, 11220
147672944635200, 147672944647208, 12008
147673014567440, 147673014578716, 11276
147673070288000, 147673070298652, 10652
147673110156080, 147673110166836, 10756
147673164083928, 147673164094996, 11068
147673223841904, 147673223853612, 11708
147673238498900, 147673238507060, 8160
147673283673432, 147673283684440, 11008
147673365470776, 147673365481568, 10792
147673497111544, 147673497121332, 9788
147673638630684, 147673638635536, 4852
147673780206260, 147673780210632, 4372
147673921820056, 147673921824556, 4500
147674149128260, 147674149138536, 10276
147674262830096, 147674262841864, 11768
147674420377324, 147674420388576, 11252
147674599804900, 147674599884280, 79380
147674675636312, 147674675647604, 11292
147674787378988, 147674787389948, 10960
147674829183780, 147674829194688, 10908
147674898955816, 147674898960448, 4632
147675012650580, 147675012662364, 11784
147675124362412, 147675124372912, 10500
147675249944704, 147675249954968, 10264
147675329710232, 147675329721360, 11128
147675461330736, 147675461341384, 10648
147675991772636, 147675991784392, 11756
147676141319136, 147676141323416, 4280
147677956034012, 147677956044628, 10616
147678753756532, 147678753766304, 9772
147679437722296, 147679437734308, 12012
147679629198920, 147679629209512, 10592
147679740880428, 147679740891288, 10860
147679866548436, 147679866560172, 11736
147679876630696, 147679876642248, 11552
147679966198892, 147679966203744, 4852
147680020011360, 147680020021640, 10280
147680091855044, 147680091865228, 10184
147680173623988, 147680173634740, 10752
147680301267516, 147680301279340, 11824
147680424850904, 147680424862084, 11180
147680548504940, 147680548515896, 10956
147680692122768, 147680692133832, 11064
147680857570732, 147680857581632, 10900
147681748974668, 147681748985568, 10900
147682018180796, 147682018185452, 4656
147682078017560, 147682078022440, 4880
147682442953088, 147682442964064, 10976
147682626515160, 147682626525164, 10004
147682700372812, 147682700384156, 11344
147682748123384, 147682748135804, 12420
147682831871852, 147682831883008, 11156
147682909619164, 147682909631188, 12024
147682963513576, 147682963524636, 11060
147683378342252, 147683378353608, 11356
147683573787656, 147683573798616, 10960
147683633514424, 147683633526056, 11632
147683693401300, 147683693406116, 4816
147683829074412, 147683829085824, 11412
147683914765764, 147683914777620, 11856
147683972544272, 147683972555908, 11636
147684040397136, 147684040412964, 15828
147664024681732, 147664024695532, 13800
147664142247776, 147664142258500, 10724
147664289917732, 147664289929060, 11328
147664369609008, 147664369621184, 12176
147664505227232, 147664505237980, 10748
147664549032712, 147664549043920, 11208
147664609021852, 147664609026392, 4540
147664636829732, 147664636841804, 12072
147664668721384, 147664668732212, 10828
147664728637768, 147664728642140, 4372
147664778406324, 147664778416036, 9712
147664931991524, 147664932002952, 11428
147665005751320, 147665005762248, 10928
147665143419792, 147665143430408, 10616
147666018808868, 147666018819544, 10676
147666485418204, 147666485429420, 11216
147666595152944, 147666595163308, 10364
147666668888556, 147666668900444, 11888
147666774583156, 147666774594496, 11340
147666928136208, 147666928140544, 4336
147667081913000, 147667081924116, 11116
147667253179740, 147667253190924, 11184
147667313016268, 147667313027636, 11368
147667384859140, 147667384871244, 12104
147667476562048, 147667476573124, 11076
147667564402940, 147667564414004, 11064
147667707957164, 147667707968644, 11480
147667833638060, 147667833648228, 10168
147667849532652, 147667849543736, 11084
147667959231168, 147667959242260, 11092
147668003008208, 147668003019300, 11092
147668142749332, 147668142760152, 10820
147668156574232, 147668156584336, 10104
147668212576336, 147668212588060, 11724
147668310183588, 147668310196544, 12956
147668372023000, 147668372033976, 10976
147668463653560, 147668463664344, 10784
147668786702644, 147668786713796, 11152
147668910377608, 147668910389284, 11676
147669040011204, 147669040022520, 11316
147669249466796, 147669249477972, 11176
147669390987140, 147669390991092, 3952
147669532642948, 147669532647340, 4392
147669674133224, 147669674137496, 4272
147670007163216, 147670007174664, 11448
147670196699280, 147670196711208, 11928
147670356255548, 147670356266164, 10616
147670431971484, 147670431982784, 11300
147670501783396, 147670501794556, 11160
147670571569260, 147670571573596, 4336
147670781028048, 147670781038500, 10452
147672003349416, 147672003359800, 10384
147673088198684, 147673088209020, 10336
147673247726200, 147673247738036, 11836
147673343488548, 147673343499228, 10680
147673401264408, 147673401276540, 12132
147673428407092, 147673428417432, 10340
147673487087552, 147673487098896, 11344
147673530957600, 147673530968276, 10676
147673558940584, 147673558951004, 10420
147673630697148, 147673630701460, 4312
147673684480312, 147673684491092, 10780
147673838031868, 147673838036608, 4740
147673991574512, 147673991578720, 4208
147675355697600, 147675355707736, 10136
147677603067524, 147677603071604, 4080
147677744702844, 147677744707220, 4376
147677992014988, 147677992025904, 10916
147678029916292, 147678029926964, 10672
147678205419320, 147678205429132, 9812
147678219368104, 147678219379048, 10944
147678275178484, 147678275190520, 12036
147678316988576, 147678317003680, 15104
147678408690744, 147678408701252, 10508
147678504478108, 147678504488992, 10884
147678632076356, 147678632148392, 72036
147678709843400, 147678709854888, 11488
147678871466576, 147678871477544, 10968
147678959186784, 147678959197772, 10988
147679070890296, 147679070901016, 10720
147679146613884, 147679146624996, 11112
147679206414776, 147679206419120, 4344
147679974142580, 147679974152424, 9844
147680301261708, 147680301272696, 10988
147680424883784, 147680424893552, 9768
147680538536836, 147680538547220, 10384
147680552554056, 147680552565884, 11828
147680648308060, 147680648319292, 11232
147680773852812, 147680773863600, 10788
147680881634808, 147680881644848, 10040
147681972340220, 147681972351076, 10856
147682283585800, 147682283590252, 4452
147682756023416, 147682756034232, 10816
147682855829808, 147682855841624, 11816
147682915629360, 147682915639616, 10256
147682975448680, 147682975453348, 4668
147683093101036, 147683093112012, 10976
147683232672648, 147683232682628, 9980
147683320547328, 147683320557828, 10500
147683394217668, 147683394229780, 12112
147683454067136, 147683454077528, 10392
147683513853176, 147683513857956, 4780
147683649480340, 147683649492112, 11772
147683753287684, 147683753298428, 10744
147683813024652, 147683813029120, 4468
147683872873696, 147683872877988, 4292
147683932726036, 147683932731144, 5108
147683992520876, 147683992525452, 4576
147662018278596, 147662018288968, 10372
147662018324092, 147662018331268, 7176
147662018350724, 147662018357320, 6596
147662018399612, 147662018407068, 7456
147662018433868, 147662018441372, 7504
147662018460180, 147662018466840, 6660
147662018501580, 147662018508920, 7340
147662018537060, 147662018543848, 6788
147662018564308, 147662018570864, 6556
147664010766712, 147664010780616, 13904
147664010799120, 147664010806548, 7428
147664070518656, 147664070529356, 10700
147664130334128, 147664130338420, 4292
147664200115968, 147664200126528, 10560
147664517173568, 147664517184040, 10472
147664752616360, 147664752627296, 10936
147664800387664, 147664800399988, 12324
147664965868204, 147664965879160, 10956
147665091585868, 147665091597820, 11952
147665195199480, 147665195209676, 10196
147665338781540, 147665338791404, 9864
147665426592312, 147665426600240, 7928
147665625931712, 147665625942908, 11196
147665751678656, 147665751690468, 11812
147665869305984, 147665869316860, 10876
147665897585640, 147665897596004, 10364
147665949048700, 147665949061084, 12384
147666012838604, 147666012849404, 10800
147666116492648, 147666116496908, 4260
147666248119508, 147666248123688, 4180
147666796541180, 147666796551304, 10124
147666932165396, 147666932176620, 11224
147667061902008, 147667061913708, 11700
147667121563820, 147667121568204, 4384
147667181385784, 147667181397304, 11520
147667247288916, 147667247300208, 11292
147667458679036, 147667458689704, 10668
147667572252388, 147667572263028, 10640
147667660029252, 147667660040436, 11184
147667719857616, 147667719867360, 9744
147667815651880, 147667815656156, 4276
147667839535632, 147667839546876, 11244
147667899348792, 147667899353156, 4364
147668028918668, 147668028930012, 11344
147668078810640, 147668078821612, 10972
147668553383852, 147668553395108, 11256
147668641127208, 147668641138768, 11560
147668687022144, 147668687034268, 12124
147668756838724, 147668756850336, 11612
147668826632516, 147668826636920, 4404
147668950314924, 147668950325712, 10788
147669061990864, 147669062000456, 9592
147669107515792, 147669107526536, 10744
147669143699272, 147669143710204, 10932
147669231499636, 147669231510580, 10944
147669275340712, 147669275351316, 10604
147669385087688, 147669385098092, 10404
147669538533668, 147669538544972, 11304
147669670203312, 147669670207788, 4476
147669999269248, 147669999280204, 10956
147670112863808, 147670112875068, 11260
147670184662508, 147670184667656, 5148
147670256486264, 147670256491068, 4804
147670374104736, 147670374109300, 4564
147670400110532, 147670400120024, 9492
147670481826076, 147670481830400, 4324
147670543631496, 147670543642636, 11140
147670615469736, 147670615481340, 11604
147670681251992, 147670681262924, 10932
147670784979592, 147670784990420, 10828
147670850749652, 147670850753780, 4128
147671993428544, 147671993438204, 9660
147672326425856, 147672326430736, 4880
147673247775328, 147673247786440, 11112
147673465142560, 147673465153600, 11040
147673522976548, 147673522988096, 11548
147673582760416, 147673582805904, 45488
147673642659608, 147673642664172, 4564
147673762591208, 147673762602324, 11116
147673822039756, 147673822051488, 11732
147673881908304, 147673881912068, 3764
147673941734340, 147673941738924, 4584
147674001548368, 147674001552788, 4420
147675499190568, 147675499194768, 4200
147675975779948, 147675975791780, 11832
147676035727280, 147676035731604, 4324
147676095498788, 147676095510064, 11276
147676171231000, 147676171243204, 12204
147676215120584, 147676215132316, 11732
147676380797040, 147676380808824, 11784
147676448426344, 147676448438016, 11672
147676605997352, 147676606008308, 10956
147676719659800, 147676719670952, 11152
147676835284116, 147676835295548, 11432
147676961019116, 147676961029696, 10580
147677074669212, 147677074680212, 11000
147677132430320, 147677132441256, 10936
147677202264724, 147677202275872, 11148
147677272142240, 147677272146600, 4360
147677297993536, 147677298004304, 10768
147677341892076, 147677341902988, 10912
147677363776352, 147677363788560, 12208
147677411740264, 147677411750460, 10196
147677435544700, 147677435555736, 11036
147677471474312, 147677471484600, 10288
147677507456836, 147677507468124, 11288
147677531282728, 147677531293080, 10352
147677579112972, 147677579123104, 10132
147677591149112, 147677591161076, 11964
147677973971040, 147677973982260, 11220
147678081674676, 147678081685520, 10844
147678153607368, 147678153611040, 3672
147678275156668, 147678275167156, 10488
147678357026256, 147678357037828, 11572
147678518411060, 147678518424156, 13096
147678735763004, 147678735773320, 10316
147679079449644, 147679079454616, 4972
147679443704460, 147679443708588, 4128
147679585314092, 147679585318504, 4412
147679726935036, 147679726939156, 4120
147679970163704, 147679970174952, 11248
147680133784240, 147680133795572, 11332
147680782051672, 147680782062464, 10792
147681964388472, 147681964399008, 10536
147683761272596, 147683761282976, 10380
147683902811920, 147683902824016, 12096
147684092288908, 147684092298916, 10008
