39143932443250, 39143932479656, 36406
39144052131268, 39144052142800, 11532
39144121180852, 39144121189928, 9076
39144137233532, 39144137240976, 7444
39144293574272, 39144293582900, 8628
39144354004212, 39144354012804, 8592
39144379236432, 39144379244672, 8240
39144432755984, 39144432763944, 7960
39144520301832, 39144520310316, 8484
39144551547124, 39144551555872, 8748
39144560185888, 39144560193860, 7972
39144638057964, 39144638066556, 8592
39144643388992, 39144643397040, 8048
39144743493240, 39144743501624, 8384
39144748825000, 39144748833116, 8116
39144757462832, 39144757470608, 7776
39144762132572, 39144762139404, 6832
39144861695064, 39144861703304, 8240
39144867028456, 39144867036032, 7576
39144875667436, 39144875675280, 7844
39144954117800, 39144954126000, 8200
39144985338328, 39144985346676, 8348
39145011250352, 39145011258548, 8196
39145016582256, 39145016589020, 6764
39145094463304, 39145094470440, 7136
39145111743208, 39145111751296, 8088
39145132996616, 39145133004712, 8096
39145137690792, 39145137698696, 7904
39145162926392, 39145162934640, 8248
39145168257356, 39145168265204, 7848
39145270288184, 39145270296540, 8356
39145275617000, 39145275623640, 6640
39145280291160, 39145280297828, 6668
39145285619596, 39145285627484, 7888
39145299109864, 39145299118140, 8276
39145398641460, 39145398648636, 7176
39145500697480, 39145500705464, 7984
39145578590060, 39145578597288, 7228
39145680629616, 39145680637960, 8344
39145685941452, 39145685949356, 7904
39145694595092, 39145694603084, 7992
39145699268336, 39145699275024, 6688
39145707898184, 39145707904872, 6688
39145713225792, 39145713233724, 7932
39145812811456, 39145812820072, 8616
39145890707292, 39145890715052, 7760
39145906663036, 39145906671084, 8048
39145908607460, 39145908615100, 7640
39145913277128, 39145913283664, 6536
39145923928536, 39145923935556, 7020
39146002358232, 39146002365216, 6984
39146007688516, 39146007696144, 7628
39146009629536, 39146009636068, 6532
39146014941232, 39146014949124, 7892
39146077420972, 39146077428948, 7976
39146131609904, 39146131618172, 8268
39146233656920, 39146233665100, 8180
39146247149216, 39146247157044, 7828
39146255786652, 39146255794544, 7892
39146260459772, 39146260467648, 7876
39146264338972, 39146264347528, 8556
39146277861324, 39146277869012, 7688
39146280702544, 39146280709396, 6852
39146282625840, 39146282633660, 7820
39146304643672, 39146304650492, 6820
39146306566648, 39146306572988, 6340
39146562235724, 39146562245544, 9820
39146570879880, 39146570887916, 8036
39146572822664, 39146572829392, 6728
39146672255884, 39146672263628, 7744
39146677477780, 39146677484760, 6980
39146690950504, 39146690957640, 7136
39146778478764, 39146778487228, 8464
39146870293768, 39146870302416, 8648
39146880929156, 39146880937240, 8084
39147052819432, 39147052828076, 8644
39147066341580, 39147066350128, 8548
39147083620996, 39147083628972, 7976
39147137720164, 39147137727892, 7728
39147172259436, 39147172267568, 8132
39147174575980, 39147174582584, 6604
39147183211428, 39147183219268, 7840
39147187887500, 39147187895448, 7948
39147194527148, 39147194534080, 6932
39147203160580, 39147203168412, 7832
39147216654032, 39147216662444, 8412
39147221969800, 39147221977444, 7644
39147309540316, 39147309547772, 7456
39147387185668, 39147387192696, 7028
39147391853820, 39147391861156, 7336
39147403826800, 39147403833636, 6836
39147415999728, 39147416006568, 6840
39147428531108, 39147428538928, 7820
39147441937968, 39147441944884, 6916
39147453926924, 39147453933904, 6980
39147454019196, 39147454026900, 7704
39147553566148, 39147553574568, 8420
39147555513180, 39147555520896, 7716
39148447490620, 39148447501256, 10636
39148517015744, 39148517024352, 8608
39148579489588, 39148579497752, 8164
39148661766560, 39148661774424, 7864
39148675817756, 39148675825924, 8168
39148707057436, 39148707065508, 8072
39148761158572, 39148761166684, 8112
39148769346160, 39148769354596, 8436
39148868820556, 39148868827916, 7360
39148900028832, 39148900036948, 8116
39149056343972, 39149056352196, 8224
39149076011608, 39149076014800, 3192
39149101947180, 39149101950316, 3136
39149113929648, 39149113939088, 9440
39149202008624, 39149202017420, 8796
39149203964084, 39149203971804, 7720
39149756378408, 39149756389120, 10712
39149953553468, 39149953562488, 9020
39150065646348, 39150065657876, 11528
39150107546864, 39150107557816, 10952
39150112973564, 39150112980968, 7404
39150144198804, 39150144206640, 7836
39150232291708, 39150232300732, 9024
39150234235708, 39150234244028, 8320
39150340927152, 39150340938328, 11176
39150419167552, 39150419175988, 8436
39150450379696, 39150450388196, 8500
39150463899228, 39150463907896, 8668
39150640213368, 39150640225540, 12172
39150734466488, 39150734475224, 8736
39150743106616, 39150743114656, 8040
39150943490752, 39150943500704, 9952
39150980685088, 39150980693304, 8216
39150985390800, 39150985398144, 7344
39150990700388, 39150990707356, 6968
39151285238752, 39151285247284, 8532
39151290551680, 39151290559784, 8104
39151302543136, 39151302550316, 7180
39151304630172, 39151304638356, 8184
39151313269908, 39151313276932, 7024
39151410785616, 39151410794024, 8408
39151423345008, 39151423353316, 8308
39151442347388, 39151442355068, 7680
39151455819012, 39151455827088, 8076
39151460514120, 39151460522148, 8028
39151514618656, 39151514626732, 8076
39151562548292, 39151562555500, 7208
39151567223812, 39151567231824, 8012
39151572553136, 39151572559884, 6748
39151584548576, 39151584555428, 6852
39151589858752, 39151589866708, 7956
39151591941052, 39151591947852, 6800
39151603931504, 39151603938376, 6872
39151609241316, 39151609248328, 7012
39151617879148, 39151617885932, 6784
39151629870460, 39151629877920, 7460
39151643816904, 39151643823672, 6768
39151655801400, 39151655808216, 6816
39151672307464, 39151672314580, 7116
39151684299508, 39151684306292, 6784
39151689611084, 39151689619224, 8140
39151789180604, 39151789189260, 8656
39151794514672, 39151794522752, 8080
39151820421272, 39151820428812, 7540
39151831055360, 39151831062152, 6792
39151839708800, 39151839716616, 7816
39151843347960, 39151843354728, 6768
39151851981540, 39151851988972, 7432
39151863299828, 39151863307768, 7940
39151868615680, 39151868622396, 6716
39151877270404, 39151877278188, 7784
39151883250980, 39151883257920, 6940
39151888563108, 39151888569736, 6628
39151933418440, 39151933426560, 8120
39151937295044, 39151937302688, 7644
39151968526684, 39151968534448, 7764
39153742772080, 39153742782728, 10648
39155040531824, 39155040541532, 9708
39155054053288, 39155054061820, 8532
39155059364396, 39155059372412, 8016
39155061309164, 39155061315792, 6628
39155071962272, 39155071970264, 7992
39155073907352, 39155073915188, 7836
39155087383260, 39155087391184, 7924
39155165850192, 39155165858128, 7936
39155167792392, 39155167798992, 6600
39155181285404, 39155181293436, 8032
39155186598396, 39155186606084, 7688
39155361703532, 39155361711516, 7984
39155362556916, 39155362564588, 7672
39155371205360, 39155371211996, 6636
39155459259376, 39155459267284, 7908
39155747946772, 39155747957252, 10480
39155848859164, 39155848868024, 8860
39155860846424, 39155860854592, 8168
39155869485252, 39155869493200, 7948
39155894745744, 39155894753856, 8112
39155908820128, 39155908828436, 8308
39156009317364, 39156009329244, 11880
39156046529492, 39156046538184, 8692
39156053203180, 39156053210100, 6920
39156058513496, 39156058521504, 8008
39156063209092, 39156063216384, 7292
39156088445616, 39156088452860, 7244
39156119773788, 39156119781832, 8044
39156207877832, 39156207886068, 8236
39156208777704, 39156208786052, 8348
39156222278112, 39156222285992, 7880
39156223947184, 39156223953932, 6748
39156249202984, 39156249209908, 6924
39156273170832, 39156273179128, 8296
39156286663168, 39156286669968, 6800
39156298650648, 39156298658872, 8224
39156329891920, 39156329899852, 7932
39156383998628, 39156384006760, 8132
39156486053032, 39156486061956, 8924
39156499573896, 39156499581632, 7736
39156513069660, 39156513077312, 7652
39156544314768, 39156544322432, 7664
39156598432636, 39156598440828, 8192
39156666233992, 39156666244712, 10720
39156697434456, 39156697442512, 8056
39156702118268, 39156702125424, 7156
39156845367836, 39156845380000, 12164
39156851182112, 39156851189688, 7576
39157737144792, 39157737155668, 10876
39158035316164, 39158035325072, 8908
39158048817404, 39158048824652, 7248
39158054131396, 39158054139456, 8060
39158066128280, 39158066136116, 7836
39158083419940, 39158083427240, 7300
39158095508880, 39158095515832, 6952
39158104147592, 39158104154496, 6904
39158116140532, 39158116148156, 7624
39158121470212, 39158121478364, 8152
39158128153948, 39158128160928, 6980
39158140141056, 39158140148764, 7708
39158165939060, 39158165947044, 7984
39158220070484, 39158220077772, 7288
39158245297840, 39158245305052, 7212
39158251858792, 39158251861976, 3184
39158275812172, 39158275815168, 2996
39158281791568, 39158281801748, 10180
39158359665156, 39158359673748, 8592
39158461676252, 39158461684708, 8456
39158466354176, 39158466362252, 8076
39161727527584, 39161727537916, 10332
39162498780992, 39162498789804, 8812
39162500725968, 39162500734072, 8104
39162531967960, 39162531974808, 6848
39162533910488, 39162533918676, 8188
39162635403540, 39162635411432, 7892
39162644591436, 39162644598920, 7484
39162646534108, 39162646542176, 8068
39162671787400, 39162671795272, 7872
39162673730652, 39162673738560, 7908
39162687219832, 39162687227936, 8104
39162774742392, 39162774750420, 8028
39162776685172, 39162776692076, 6904
39162801935988, 39162801943116, 7128
39162890048120, 39162890056008, 7888
39162914023860, 39162914031908, 8048
39162918715608, 39162918723448, 7840
39162927355368, 39162927362348, 6980
39162939350612, 39162939358740, 8128
39162944684548, 39162944692144, 7596
39162946626116, 39162946633104, 6988
39162955265356, 39162955272496, 7140
39162956538276, 39162956544956, 6680
39162961847732, 39162961854420, 6688
39162972597956, 39162972606092, 8136
39162976491064, 39162976499172, 8108
39162985132392, 39162985139212, 6820
39162990462556, 39162990469276, 6720
39163040697604, 39163040705248, 7644
39163042642652, 39163042649624, 6972
39163056118376, 39163056125600, 7224
39163076259996, 39163076263036, 3040
39163088236796, 39163088247776, 10980
39163906859088, 39163906871108, 12020
39141868918516, 39141868929076, 10560
39141868960032, 39141868966976, 6944
39141868985728, 39141868991748, 6020
39141869013752, 39141869020936, 7184
39141869043568, 39141869050392, 6824
39141869072228, 39141869078940, 6712
39141869101252, 39141869108112, 6860
39141869130856, 39141869137760, 6904
39141869160036, 39141869166848, 6812
39141869189632, 39141869196408, 6776
39141869219012, 39141869225768, 6756
39141869248148, 39141869255080, 6932
39141869276992, 39141869283912, 6920
39141869301944, 39141869308112, 6168
39141869328572, 39141869335844, 7272
39143862660572, 39143862674480, 13908
39143862692332, 39143862699452, 7120
39143862713356, 39143862720044, 6688
39143862732564, 39143862739072, 6508
39143862751040, 39143862757388, 6348
39143862768484, 39143862774896, 6412
39143862785160, 39143862791708, 6548
39143862804196, 39143862810612, 6416
39143882556884, 39143882592936, 36052
39143902507290, 39143902510936, 3646
39143922457570, 39143922460964, 3394
39143942400436, 39143942403796, 3360
39143962354656, 39143962365680, 11024
39143982304216, 39143982307240, 3024
39143988361168, 39143988372028, 10860
39145728093128, 39145728104064, 10936
39146133715904, 39146133725340, 9436
39146142359664, 39146142367640, 7976
39146144301176, 39146144307524, 6348
39146179411688, 39146179419912, 8224
39146233505180, 39146233513524, 8344
39146295973672, 39146295981628, 7956
39146309459508, 39146309467536, 8028
39146326765068, 39146326773440, 8372
39146337397836, 39146337405568, 7732
39146339341884, 39146339348220, 6336
39146344671128, 39146344678924, 7796
39146358174908, 39146358182072, 7164
39146360116972, 39146360123272, 6300
39146365446240, 39146365454200, 7960
39146467472436, 39146467480692, 8256
39146480959772, 39146480967284, 7512
39146489594888, 39146489602428, 7540
39146567492292, 39146567499440, 7148
39146594015004, 39146594026500, 11496
39146717675500, 39146717686504, 11004
39146748903808, 39146748912692, 8884
39146762426912, 39146762435012, 8100
39146767765264, 39146767773428, 8164
39146775525004, 39146775531732, 6728
39146780837004, 39146780843892, 6888
39146843281676, 39146843289772, 8096
39146849751216, 39146849759060, 7844
39146903857616, 39146903865884, 8268
39146909173436, 39146909180104, 6668
39146940966376, 39146940974328, 7952
39147042432776, 39147042440752, 7976
39147051083848, 39147051090980, 7132
39147064551080, 39147064558940, 7860
39147069882088, 39147069889788, 7700
39147074559040, 39147074565576, 6536
39147074811796, 39147074818292, 6496
39147080121032, 39147080128624, 7592
39147167680104, 39147167687152, 7048
39147200129736, 39147200138388, 8652
39147299685928, 39147299694460, 8532
39147313204260, 39147313211120, 6860
39147322221232, 39147322227828, 6596
39147335710300, 39147335718140, 7840
39147354166464, 39147354177572, 11108
39147359489676, 39147359497740, 8064
39147413545556, 39147413553348, 7792
39147427611920, 39147427619632, 7712
39147583408588, 39147583418076, 9488
39147585364132, 39147585372408, 8276
39147602666576, 39147602674936, 8360
39147633910980, 39147633919072, 8092
39147669399828, 39147669407008, 7180
39147701121668, 39147701128660, 6992
39147755211096, 39147755219368, 8272
39147768709052, 39147768715976, 6924
39147799948780, 39147799956940, 8160
39147808591416, 39147808599508, 8092
39147820592012, 39147820600084, 8072
39147908142580, 39147908150776, 8196
39147912840156, 39147912847884, 7728
39148503355900, 39148503366512, 10612
39148944506664, 39148944515488, 8824
39148946452376, 39148946459180, 6804
39148951127496, 39148951134224, 6728
39148959760972, 39148959768852, 7880
39148962263768, 39148962270352, 6584
39148964185740, 39148964191980, 6240
39149164476944, 39149164485692, 8748
39149200986892, 39149200993888, 6996
39149205680912, 39149205687600, 6688
39149217672824, 39149217680744, 7920
39149748396984, 39149748407468, 10484
39149794756044, 39149794764572, 8528
39149808270652, 39149808277564, 6912
39149810198720, 39149810206444, 7724
39149870126660, 39149870134688, 8028
39149948572568, 39149948580516, 7948
39149954381328, 39149954389388, 8060
39149959056632, 39149959064128, 7496
39149971042540, 39149971049292, 6752
39149972985372, 39149972993124, 7752
39149986498328, 39149986504980, 6652
39149998488460, 39149998496412, 7952
39150052561848, 39150052568724, 6876
39150066067544, 39150066075160, 7616
39150078055112, 39150078062924, 7812
39150103558412, 39150103566768, 8356
39150117167076, 39150117174800, 7724
39150130665240, 39150130673564, 8324
39150135995000, 39150136002964, 7964
39150171334548, 39150171342252, 7704
39150184844028, 39150184852504, 8476
39150216080380, 39150216087804, 7424
39150220765364, 39150220773384, 8020
39150322099424, 39150322107272, 7848
39150335606424, 39150335614716, 8292
39150374847748, 39150374854788, 7040
39150388349056, 39150388357228, 8172
39150488457528, 39150488466480, 8952
39150497132612, 39150497140504, 7892
39150502544092, 39150502552228, 8136
39150514552796, 39150514560008, 7212
39150534415040, 39150534423620, 8580
39150536372264, 39150536379880, 7616
39151743587372, 39151743598292, 10920
39151849800564, 39151849808912, 8348
39151850857452, 39151850864832, 7380
39151882103412, 39151882111388, 7976
39151960549904, 39151960558308, 8404
39152059865624, 39152059872776, 7152
39152064529712, 39152064536632, 6920
39152078007728, 39152078014820, 7092
39152178211188, 39152178219184, 7996
39152203468052, 39152203476108, 8056
39152214101284, 39152214108276, 6992
39152218787928, 39152218795804, 7876
39152220734160, 39152220741036, 6876
39152320286876, 39152320294060, 7184
39152324957936, 39152324965680, 7744
39152330285364, 39152330292280, 6916
39152430379660, 39152430387712, 8052
39152461603848, 39152461611980, 8132
39152463549964, 39152463558004, 8040
39152468879468, 39152468887384, 7916
39152546742792, 39152546750084, 7292
39154628618224, 39154628628976, 10752
39154793292988, 39154793302276, 9288
39154806804004, 39154806812104, 8100
39154810680448, 39154810688460, 8012
39154841896576, 39154841904484, 7908
39154843837100, 39154843843564, 6464
39154875075020, 39154875082712, 7692
39154880403248, 39154880410944, 7696
39154885071204, 39154885077684, 6480
39154887012400, 39154887020176, 7776
39154989024124, 39154989032484, 8360
39155043106872, 39155043114908, 8036
39155086299456, 39155086307540, 8084
39155174413048, 39155174421080, 8032
39155179083364, 39155179091380, 8016
39155192606008, 39155192613664, 7656
39155246695804, 39155246703808, 8004
39155277935096, 39155277942992, 7896
39155379374120, 39155379381120, 7000
39155433965172, 39155433973144, 7972
39155564377772, 39155564389436, 11664
39155574035140, 39155574043720, 8580
39155599287140, 39155599295392, 8252
39155625196600, 39155625204728, 8128
39155638715604, 39155638723772, 8168
39155733978136, 39155733989088, 10952
39155741705584, 39155741713864, 8280
39155755225436, 39155755233636, 8200
39155761899252, 39155761905700, 6448
39155763821212, 39155763828864, 7652
39155865224204, 39155865232168, 7964
39155953269680, 39155953278200, 8520
39155956609324, 39155956617032, 7708
39155970065040, 39155970072640, 7600
39156024132992, 39156024141044, 8052
39156055365584, 39156055372428, 6844
39156484123320, 39156484134300, 10980
39156638231816, 39156638240884, 9068
39156738194128, 39156738202764, 8636
39156771358940, 39156771367132, 8192
39156784872848, 39156784879784, 6936
39156884295584, 39156884303660, 8076
39156921085888, 39156921089408, 3520
39157022848816, 39157022860068, 11252
39157030575316, 39157030583800, 8484
39157044089468, 39157044097728, 8260
39157145402628, 39157145411360, 8732
39157250699860, 39157250707928, 8068
39157257078436, 39157257086272, 7836
39157280366728, 39157280374904, 8176
39157289005272, 39157289013200, 7928
39157290203228, 39157290210044, 6816
39157298840548, 39157298849164, 8616
39157310833820, 39157310840892, 7072
39157319462372, 39157319469096, 6724
39157332972192, 39157332979468, 7276
39157341605756, 39157341612388, 6632
39157365574760, 39157365581424, 6664
39157382846928, 39157382853972, 7044
39157394837488, 39157394845580, 8092
39157408875740, 39157408882724, 6984
39157420866180, 39157420874060, 7880
39157429503964, 39157429511028, 7064
39157441489168, 39157441497276, 8108
39157453812432, 39157453819024, 6592
39157465796096, 39157465802656, 6560
39157479267888, 39157479275992, 8104
39157566806524, 39157566814908, 8384
39157580313880, 39157580320916, 7036
39157593800372, 39157593808116, 7744
39157602436528, 39157602444656, 8128
39157607111724, 39157607118424, 6700
39157703867192, 39157703875176, 7984
39157805357136, 39157805366312, 9176
39157910664296, 39157910673276, 8980
39157924185720, 39157924193840, 8120
39158024834700, 39158024842156, 7456
39158038324824, 39158038333180, 8356
39158116340932, 39158116349384, 8452
39158124975656, 39158124983100, 7444
39158129654568, 39158129662296, 7728
39158134983584, 39158134991192, 7608
39158141842152, 39158141849856, 7704
39158148100064, 39158148106656, 6592
39158153411792, 39158153418248, 6456
39158235295836, 39158235303832, 7996
39158319711716, 39158319723600, 11884
39158321644592, 39158321651696, 7104
39158335168692, 39158335175576, 6884
39158337112524, 39158337119876, 7352
39158347625192, 39158347631748, 6556
39158349546028, 39158349552176, 6148
39158459369576, 39158459381404, 11828
39158487306412, 39158487317580, 11168
39158495945160, 39158495953368, 8208
39158507947148, 39158507953984, 6836
39158516583776, 39158516591932, 8156
39158547826632, 39158547835304, 8672
39158647891252, 39158647900736, 9484
39158783878368, 39158783886680, 8312
39161719548628, 39161719559208, 10580
39162742003080, 39162742012760, 9680
39162743946428, 39162743954080, 7652
39162775188344, 39162775195936, 7592
39162809738736, 39162809747008, 8272
39162863826108, 39162863834324, 8216
39162869160532, 39162869168620, 8088
39162882650264, 39162882656884, 6620
39162893861000, 39162893869124, 8124
39162919112224, 39162919119908, 7684
39162924426984, 39162924434388, 7404
39162926373592, 39162926381240, 7648
39163129180916, 39163129188432, 7516
39163143236200, 39163143243488, 7288
39163160053844, 39163160061872, 8028
39163161979908, 39163161987252, 7344
39163204707612, 39163204714780, 7168
39163218227108, 39163218235064, 7956
39163220171712, 39163220179392, 7680
39163246062212, 39163246069340, 7128
39163333526088, 39163333533180, 7092
39163388178092, 39163388186112, 8020
39163401662548, 39163401670052, 7504
39163410297076, 39163410304976, 7900
39163420928212, 39163420935364, 7152
39163435399940, 39163435406680, 6740
39163440706512, 39163440713532, 7020
39163455349280, 39163455355952, 6672
39163460656788, 39163460663460, 6672
39163485691944, 39163485698748, 6804
39163491003052, 39163491011364, 8312
39163495253496, 39163495260300, 6804
39163500565660, 39163500573224, 7564
39163602003844, 39163602012272, 8428
39163607332172, 39163607338776, 6604
39163661960292, 39163661968184, 7892
39163667286048, 39163667292552, 6504
39163768737096, 39163768745072, 7976
39163774049268, 39163774057608, 8340
39145720106356, 39145720117936, 11580
39145872717416, 39145872727124, 9708
39145878051644, 39145878058352, 6708
39145879993684, 39145880001632, 7948
39145942984452, 39145942992892, 8440
39146044454324, 39146044462544, 8220
39146046398644, 39146046406912, 8268
39146051727864, 39146051734264, 6400
39146053667916, 39146053675864, 7948
39146078900092, 39146078908136, 8044
39146087572544, 39146087579316, 6772
39146092881320, 39146092888112, 6792
39146094821024, 39146094827636, 6612
39146100147420, 39146100153920, 6500
39146108780556, 39146108787176, 6620
39146110722080, 39146110729684, 7604
39146142066788, 39146142075428, 8640
39146155580948, 39146155588612, 7664
39146159459356, 39146159466224, 6868
39146172971096, 39146172978872, 7776
39146251403196, 39146251411520, 8324
39146267366148, 39146267374180, 8032
39146276711908, 39146276718596, 6688
39146282024168, 39146282031560, 7392
39146357462876, 39146357471036, 8160
39146366098768, 39146366106556, 7788
39146444545748, 39146444554060, 8312
39146458044576, 39146458052540, 7964
39146459990160, 39146459998100, 7940
39146484322368, 39146484330676, 8308
39146508159408, 39146508166588, 7180
39146521652448, 39146521660160, 7712
39146526343460, 39146526350156, 6696
39147445946968, 39147445957740, 10772
39147521237716, 39147521246428, 8712
39147522800240, 39147522808028, 7788
39147531441080, 39147531449380, 8300
39147544949748, 39147544956904, 7156
39147553584132, 39147553591616, 7484
39147553674928, 39147553681416, 6488
39147562310348, 39147562317468, 7120
39147593595172, 39147593606748, 11576
39147607111468, 39147607120048, 8580
39147633493920, 39147633501600, 7680
39147685373296, 39147685384664, 11368
39147698859076, 39147698866664, 7588
39147786352620, 39147786360992, 8372
39147875927256, 39147875935876, 8620
39147884559332, 39147884567376, 8044
39147986548992, 39147986557348, 8356
39148064396252, 39148064404424, 8172
39148088359496, 39148088366828, 7332
39148093059384, 39148093067724, 8340
39148106568136, 39148106576116, 7980
39148206727964, 39148206735404, 7440
39148211401752, 39148211409864, 8112
39148224912200, 39148224919840, 7640
39148236902084, 39148236909784, 7700
39148338348772, 39148338356880, 8108
39148374285408, 39148374292588, 7180
39148378955456, 39148378962396, 6940
39148390942452, 39148390950432, 7980
39148404458472, 39148404465576, 7104
39148416442396, 39148416449308, 6912
39148430514600, 39148430521884, 7284
39148442495736, 39148442503696, 7960
39148496596232, 39148496603424, 7192
39148532540516, 39148532549160, 8644
39148534484692, 39148534491436, 6744
39148546470740, 39148546478316, 7576
39148555229988, 39148555236736, 6748
39148557151108, 39148557157392, 6284
39148557223448, 39148557229956, 6508
39148569210288, 39148569218144, 7856
39148573885980, 39148573893552, 7572
39148579171440, 39148579177888, 6448
39148581093620, 39148581101180, 7560
39148683125300, 39148683133476, 8176
39148696619840, 39148696628040, 8200
39148774490268, 39148774498504, 8236
39148776432928, 39148776439692, 6764
39148877778616, 39148877786732, 8116
39148891269656, 39148891276976, 7320
39149169786868, 39149169797548, 10680
39149319417244, 39149319429100, 11856
39149346418844, 39149346427224, 8380
39149382350796, 39149382358832, 8036
39149387248720, 39149387255588, 6868
39149399234616, 39149399242680, 8064
39149413185964, 39149413192844, 6880
39149425717904, 39149425724584, 6680
39149511304096, 39149511312404, 8308
39149559206224, 39149559214400, 8176
39149660639560, 39149660647656, 8096
39149673183912, 39149673191876, 7964
39149686692748, 39149686699800, 7052
39149710648020, 39149710655000, 6980
39149724130616, 39149724138712, 8096
39149724446092, 39149724452952, 6860
39149736433136, 39149736441004, 7868
39149823967064, 39149823975548, 8484
39149932695984, 39149932704404, 8420
39149946210808, 39149946219136, 8328
39150008626904, 39150008634360, 7456
39150022104664, 39150022112320, 7656
39150034089528, 39150034097232, 7704
39150038760140, 39150038766944, 6804
39150050754708, 39150050761568, 6860
39150177329208, 39150177340144, 10936
39150261144600, 39150261152896, 8296
39150292295384, 39150292303520, 8136
39150296958596, 39150296965576, 6980
39150350969584, 39150350977096, 7512
39150429364944, 39150429373596, 8652
39150437994252, 39150438002112, 7860
39150446665372, 39150446672268, 6896
39150455295624, 39150455303544, 7920
39150467286240, 39150467293164, 6924
39150475920568, 39150475928424, 7856
39150507155676, 39150507163300, 7624
39150515786208, 39150515794084, 7876
39150615176652, 39150615184704, 8052
39150628652048, 39150628660268, 8220
39150716730740, 39150716738396, 7656
39150741972000, 39150741979448, 7448
39150796064204, 39150796072360, 8156
39150809561844, 39150809569920, 8076
39150906306312, 39150906314884, 8572
39150938067168, 39150938074460, 7292
39151015919520, 39151015927592, 8072
39151029403540, 39151029411780, 8240
39151034717944, 39151034725968, 8024
39151088804436, 39151088811532, 7096
39151104752136, 39151104759780, 7644
39151116741004, 39151116748956, 7952
39151177721660, 39151177729636, 7976
39151189710840, 39151189718856, 8016
39151220942440, 39151220950128, 7688
39151308472036, 39151308480096, 8060
39151320463952, 39151320471684, 7732
39151325161656, 39151325169592, 7936
39151333801388, 39151333809664, 8276
39151365036084, 39151365043792, 7708
39151373671000, 39151373679012, 8012
39151452097748, 39151452106228, 8480
39151651105116, 39151651112896, 7780
39151668956336, 39151668964236, 7900
39151723039828, 39151723048152, 8324
39151733693140, 39151733701160, 8020
39151747176776, 39151747183960, 7184
39151752508692, 39151752516664, 7972
39151777746420, 39151777753404, 6984
39151783059404, 39151783067264, 7860
39151795046956, 39151795053772, 6816
39151849124940, 39151849133148, 8208
39151854456032, 39151854464192, 8160
39151956451376, 39151956459628, 8252
39151958396700, 39151958404460, 7760
39151963090420, 39151963098296, 7876
39151979033328, 39151979042696, 9368
39151983026088, 39151983034236, 8148
39152002986260, 39152002989520, 3260
39152070836356, 39152070839564, 3208
39152092084748, 39152092095216, 10468
39152170610128, 39152170618904, 8776
39152201825544, 39152201833844, 8300
39152203771452, 39152203778424, 6972
39152235001284, 39152235009548, 8264
39152318181816, 39152318189856, 8040
39152420169672, 39152420178256, 8584
39152424045616, 39152424054300, 8684
39152437545016, 39152437553748, 8732
39152542277148, 39152542285512, 8364
39152604662212, 39152604669704, 7492
39152692685800, 39152692693208, 7408
39152746751840, 39152746759888, 8048
39152848162952, 39152848170220, 7268
39152902229060, 39152902237512, 8452
39153000417836, 39153000424944, 7108
39153054500924, 39153054509196, 8272
39153059816252, 39153059824340, 8088
39153060387724, 39153060394468, 6744
39153065694640, 39153065701452, 6812
39153078665696, 39153078673920, 8224
39153080341212, 39153080347904, 6692
39153085646924, 39153085653724, 6800
39153100292436, 39153100299532, 7096
39153105600688, 39153105607328, 6640
39153114570640, 39153114578720, 8080
39153216557952, 39153216565400, 7448
39153270624744, 39153270632736, 7992
39153275297028, 39153275304024, 6996
39153300533652, 39153300541712, 8060
39153390050944, 39153390058816, 7872
39153395360736, 39153395369068, 8332
39153500635048, 39153500642888, 7840
39153588137848, 39153588146248, 8400
39153601647000, 39153601654996, 7996
39153617594260, 39153617601124, 6864
39153705669012, 39153705676148, 7136
39153719179968, 39153719187156, 7188
39153729804924, 39153729812976, 8052
39153743297668, 39153743306372, 8704
39153842835228, 39153842843436, 8208
39153921268960, 39153921277244, 8284
39153946525516, 39153946533504, 7988
39153959993528, 39153960001396, 7868
39153965325636, 39153965333500, 7864
39153978838480, 39153978845736, 7256
39154056713164, 39154056720204, 7040
39154070224144, 39154070232172, 8028
39154080855384, 39154080862144, 6760
39154106198032, 39154106206100, 8068
39154111508204, 39154111514984, 6780
39154189950748, 39154189958716, 7968
39154294699880, 39154294708104, 8224
39154308183832, 39154308191928, 8096
39154408283820, 39154408292256, 8436
39154421795672, 39154421803900, 8228
39154432427324, 39154432435444, 8120
39154510292460, 39154510299524, 7064
39154520956644, 39154520963448, 6804
39154534449448, 39154534456292, 6844
39154545095584, 39154545103256, 7672
39154558561904, 39154558569880, 7976
39154563889380, 39154563897196, 7816
39154663967720, 39154663975836, 8116
39154668654452, 39154668661968, 7516
39154699862260, 39154699869972, 7712
39154715814928, 39154715821692, 6764
39154747043016, 39154747051108, 8092
39154824908132, 39154824916044, 7912
39155024472636, 39155024480432, 7796
39155029800324, 39155029808428, 8104
39155031741124, 39155031747736, 6612
39155629670212, 39155629678544, 8332
39155643152076, 39155643160336, 8260
39155674920044, 39155674928532, 8488
39155683557448, 39155683564956, 7508
39155688241788, 39155688248844, 7056
39155694059772, 39155694066600, 6828
39155702687696, 39155702694536, 6840
39155714010896, 39155714017544, 6648
39155722643640, 39155722650460, 6820
39155885618216, 39155885630768, 12552
39155895278260, 39155895286480, 8220
39156011309968, 39156011321560, 11592
39156088963776, 39156088971492, 7716
39156101066000, 39156101072792, 6792
39156109695156, 39156109701784, 6628
39156121690956, 39156121698020, 7064
39156200079448, 39156200088012, 8564
39156304794332, 39156304802644, 8312
39156318289568, 39156318298000, 8432
39156330279556, 39156330286560, 7004
39156338467488, 39156338474104, 6616
39156350452232, 39156350459376, 7144
39156363940196, 39156363948316, 8120
39156364403884, 39156364410680, 6796
39156376391900, 39156376398712, 6812
39156407734796, 39156407743036, 8240
39156485592424, 39156485600400, 7976
39156739531756, 39156739543480, 11724
39156747260516, 39156747268088, 7572
39156801370476, 39156801379136, 8660
39156820332464, 39156820340740, 8276
39156833816128, 39156833823424, 7296
39156921834960, 39156921842868, 7908
39157021309740, 39157021318096, 8356
39157033298272, 39157033306232, 7960
39157035241924, 39157035249752, 7828
39157061140188, 39157061148648, 8460
39157070738240, 39157070749780, 11540
39157164507016, 39157164510304, 3288
39157224896632, 39157224906796, 10164
39157238411860, 39157238420208, 8348
39157346534152, 39157346542188, 8036
39157423733668, 39157423742280, 8612
39157528475188, 39157528483412, 8224
39157541983524, 39157541990556, 7032
39157646698308, 39157646706980, 8672
39157701335296, 39157701343656, 8360
39157714830772, 39157714838816, 8044
39157726827276, 39157726835316, 8040
39157744100064, 39157744107116, 7052
39157756092204, 39157756098908, 6704
39157764725212, 39157764732064, 6852
39157765070088, 39157765076668, 6580
39157777067392, 39157777074476, 7084
39157790558160, 39157790565100, 6940
39157791010248, 39157791016696, 6448
39157802993000, 39157803000564, 7564
39157890502376, 39157890510476, 8100
39157904537080, 39157904545084, 8004
39157916523480, 39157916531556, 8076
39157920699256, 39157920706024, 6768
39157932687640, 39157932694420, 6780
39157946638720, 39157946645372, 6652
39157958625824, 39157958633672, 7848
39158036488312, 39158036496228, 7916
39158351267776, 39158351275512, 7736
39158405931988, 39158405940068, 8080
39158409807520, 39158409815588, 8068
39158525218912, 39158525230856, 11944
39158532940740, 39158532948912, 8172
39158541592608, 39158541599480, 6872
39158543533080, 39158543541156, 8076
39158563126424, 39158563137768, 11344
39158583073096, 39158583084568, 11472
39158607033940, 39158607042028, 8088
39158638236352, 39158638243240, 6888
39158662777548, 39158662786240, 8692
39158664726000, 39158664733200, 7200
39158682825304, 39158682832524, 7220
39158684751028, 39158684757832, 6804
39158697907232, 39158697915432, 8200
39158797421116, 39158797429016, 7900
39158869802188, 39158869810080, 7892
39158871747480, 39158871755936, 8456
39158977007604, 39158977015656, 8052
39159000971968, 39159000980120, 8152
39159063398148, 39159063406128, 7980
39159087361204, 39159087369496, 8292
39159089304196, 39159089310888, 6692
39159101287348, 39159101293996, 6648
39159103232028, 39159103239820, 7792
39159137774556, 39159137781968, 7412
39159169543236, 39159169551408, 8172
39159181534688, 39159181542664, 7976
39159198817672, 39159198824728, 7056
39159210807520, 39159210814228, 6708
39159219441116, 39159219448248, 7132
39159231431196, 39159231439648, 8452
39159256684196, 39159256692320, 8124
39159265318504, 39159265326748, 8244
39159265444568, 39159265451256, 6688
39159274081012, 39159274088728, 7716
39159361601992, 39159361610024, 8032
39159363548088, 39159363555976, 7888
39159377009792, 39159377017692, 7900
39159389001196, 39159389008944, 7748
39159467430620, 39159467438328, 7708
39159471303960, 39159471311972, 8012
39159502514688, 39159502522704, 8016
39159519785020, 39159519791820, 6800
39159551015436, 39159551023192, 7756
39159552957092, 39159552963788, 6696
39159584165868, 39159584173176, 7308
39159662606148, 39159662614292, 8144
39159671235676, 39159671243976, 8300
39159775949644, 39159775957628, 7984
39159777895948, 39159777903816, 7868
39159789888540, 39159789896336, 7796
39159821119024, 39159821127092, 8068
39159825798808, 39159825806576, 7768
39159837787936, 39159837794884, 6948
39159869028424, 39159869035936, 7512
39159957113920, 39159957122332, 8412
39160053482568, 39160053490960, 8392
39160153556880, 39160153565216, 8336
39160155500256, 39160155508008, 7752
39160256361204, 39160256369040, 7836
39160277007488, 39160277015300, 7812
39160476576488, 39160476585024, 8536
39160493833520, 39160493841804, 8284
39160581368040, 39160581375956, 7916
39160583313088, 39160583320720, 7632
39160587984160, 39160587992416, 8256
39160613223756, 39160613230784, 7028
39160615164556, 39160615171428, 6872
39160622154136, 39160622162240, 8104
39160630787212, 39160630795040, 7828
39160805722892, 39160805735160, 12268
39160905761568, 39160905769268, 7700
39160959831532, 39160959840020, 8488
39160961775956, 39160961783116, 7160
39160966443648, 39160966450468, 6820
39161065948100, 39161065955864, 7764
39161154019324, 39161154027424, 8100
39161155959912, 39161155967760, 7848
39161187185128, 39161187192064, 6936
39161189125424, 39161189133664, 8240
39161266969036, 39161266977096, 8060
39161268910916, 39161268917588, 6672
39161300110484, 39161300118812, 8328
39161402101996, 39161402110648, 8652
39161601091244, 39161601099396, 8152
39161603034448, 39161603042500, 8052
39161616507240, 39161616513928, 6688
39161620377116, 39161620384872, 7756
39161625042100, 39161625048932, 6832
39161626978692, 39161626985492, 6800
39161727037296, 39161727045872, 8576
39161781112144, 39161781120432, 8288
39161843568724, 39161843576564, 7840
39161845511804, 39161845518588, 6784
39161900139712, 39161900146600, 6888
39161904009928, 39161904016508, 6580
39161935241288, 39161935248716, 7428
39161939912120, 39161939918764, 6644
39161941853360, 39161941861148, 7788
39161955338600, 39161955346928, 8328
39162060093524, 39162060101460, 7936
39162063971916, 39162063979728, 7812
39162095287756, 39162095294404, 6648
39162108775572, 39162108782448, 6876
39162214064112, 39162214072072, 7960
39162301599220, 39162301606948, 7728
39162315081980, 39162315090020, 8040
39162340331720, 39162340339580, 7860
39162345003912, 39162345011784, 7872
39162423404368, 39162423411384, 7016
39162436884840, 39162436892540, 7700
39162438827104, 39162438834768, 7664
39162470063048, 39162470070976, 7928
39162472006660, 39162472014576, 7916
39162480642000, 39162480649632, 7632
39162492626020, 39162492633036, 7016
39162517868852, 39162517875676, 6824
39162531335564, 39162531342296, 6732
39162579256364, 39162579264364, 8000
39162633362716, 39162633370600, 7884
39162657878640, 39162657886648, 8008
39162659820500, 39162659828464, 7964
39162673335004, 39162673342756, 7752
39162704543872, 39162704550920, 7048
39162718049424, 39162718057216, 7792
39162726684256, 39162726691748, 7492
39162728625768, 39162728633440, 7672
39162740615988, 39162740622596, 6608
39162749265128, 39162749271820, 6692
39162761250752, 39162761258520, 7768
39162771877980, 39162771884668, 6688
39162819794968, 39162819802768, 7800
39162825123252, 39162825129704, 6452
39162837108488, 39162837115924, 7436
39162839050012, 39162839057764, 7752
39162852516400, 39162852524224, 7824
39162861170460, 39162861178368, 7908
39162865840432, 39162865847116, 6684
39162874475940, 39162874483672, 7732
39162876416724, 39162876423272, 6548
39162894245592, 39162894252576, 6984
39162907733484, 39162907741228, 7744
39163063439064, 39163063447360, 8296
39163910272668, 39163910284512, 11844
39145742050612, 39145742061704, 11092
39147338205640, 39147338207860, 2220
39148511337328, 39148511348716, 11388
39148921270504, 39148921279704, 9200
39148930336156, 39148930343212, 7056
39148935649044, 39148935655712, 6668
39149732434552, 39149732445740, 11188
39150177353136, 39150177356532, 3396
39150220478404, 39150220488348, 9944
39150233963336, 39150233971504, 8168
39150239298616, 39150239306880, 8264
39150350904196, 39150350915580, 11384
39150360559892, 39150360567484, 7592
39150472611380, 39150472622488, 11108
39150482269640, 39150482278052, 8412
39150494260608, 39150494268424, 7816
39150494553448, 39150494560092, 6644
39150496474252, 39150496480420, 6168
39150550281488, 39150550289160, 7672
39150654179752, 39150654191608, 11856
39150723773132, 39150723781804, 8672
39150737283760, 39150737292076, 8316
39150749274776, 39150749283164, 8388
39150754608684, 39150754616496, 7812
39150763238740, 39150763245488, 6748
39150775230488, 39150775237080, 6592
39150780556500, 39150780563308, 6808
39150803140632, 39150803148624, 7992
39150805813132, 39150805819828, 6696
39150811124336, 39150811132272, 7936
39150815814144, 39150815821632, 7488
39150827803776, 39150827810564, 6788
39150839752016, 39150839763264, 11248
39150931525108, 39150931528408, 3300
39150991392720, 39150991402820, 10100
39150995361404, 39150995368232, 6828
39151007342392, 39151007350560, 8168
39151012655904, 39151012663900, 7996
39151021309028, 39151021315960, 6932
39151033295020, 39151033301968, 6948
39151041926012, 39151041934044, 8032
39151119781440, 39151119789272, 7832
39151207872972, 39151207881156, 8184
39151219857368, 39151219865032, 7664
39151235813172, 39151235820092, 6920
39151247798204, 39151247805104, 6900
39151253125640, 39151253133528, 7888
39151254744572, 39151254751156, 6584
39151266730720, 39151266737472, 6752
39151272041576, 39151272049456, 7880
39151285529760, 39151285538000, 8240
39151310772740, 39151310780660, 7920
39151316085068, 39151316091880, 6812
39151329567420, 39151329574236, 6816
39151334893500, 39151334901252, 7752
39151346881824, 39151346889412, 7588
39151355516860, 39151355523720, 6860
39151360845224, 39151360851772, 6548
39151372841656, 39151372848424, 6768
39151378149900, 39151378156720, 6820
39151384442928, 39151384449704, 6776
39151389754564, 39151389761388, 6824
39151401738880, 39151401746260, 7380
39151419577448, 39151419584680, 7232
39151430206184, 39151430213088, 6904
39151438849956, 39151438857928, 7972
39151450843964, 39151450850832, 6868
39151456152276, 39151456160408, 8132
39151464247368, 39151464254320, 6952
39151469553120, 39151469559788, 6668
39151539371956, 39151539379836, 7880
39151550001800, 39151550009920, 8120
39151679739664, 39151679750884, 11220
39151757396220, 39151757404416, 8196
39151835236428, 39151835244968, 8540
39151871176580, 39151871184432, 7852
39151873384528, 39151873392776, 8248
39151877261836, 39151877268352, 6516
39151889244036, 39151889251980, 7944
39151897877408, 39151897885148, 7740
39151901751284, 39151901759444, 8160
39151927563612, 39151927570936, 7324
39151953463320, 39151953471320, 8000
39152070829876, 39152070841540, 11664
39152133340020, 39152133348348, 8328
39152149290552, 39152149298824, 8272
39152153163396, 39152153170632, 7236
39152207776088, 39152207784372, 8284
39152221258204, 39152221265028, 6824
39152275323792, 39152275331972, 8180
39152279202184, 39152279209940, 7756
39152366695428, 39152366703244, 7816
39152377322580, 39152377330544, 7964
39152455712720, 39152455720824, 8104
39152557120376, 39152557128468, 8092
39152656525928, 39152656533508, 7580
39152670561344, 39152670568872, 7528
39152684069740, 39152684076976, 7236
39152761894516, 39152761902692, 8176
39152854895416, 39152854903060, 7644
39152942941384, 39152942949780, 8396
39152948253964, 39152948261804, 7840
39152960623212, 39152960629984, 6772
39152965929472, 39152965936104, 6632
39152967065824, 39152967073580, 7756
39152980583488, 39152980589844, 6356
39152985888084, 39152985894644, 6560
39153073370216, 39153073378880, 8664
39153178623144, 39153178631376, 8232
39153183932708, 39153183939368, 6660
39153271419356, 39153271427436, 8080
39153284923168, 39153284931368, 8200
39153384409552, 39153384417608, 8056
39153540581444, 39153540589492, 8048
39153554080156, 39153554088208, 8052
39153570019812, 39153570027568, 7756
39153574687480, 39153574694020, 6540
39153580013352, 39153580020988, 7636
39153593493264, 39153593501572, 8308
39153693527792, 39153693536084, 8292
39153747613776, 39153747622144, 8368
39153849068904, 39153849076688, 7784
39153862558696, 39153862566340, 7644
39153878507800, 39153878516300, 8500
39153891995160, 39153892001704, 6544
39153897322112, 39153897330012, 7900
39154002618144, 39154002626340, 8196
39154056703836, 39154056710752, 6916
39154162098424, 39154162106124, 7700
39154167411368, 39154167419532, 8164
39154266915204, 39154266923060, 7856
39154271602152, 39154271609704, 7552
39154359104036, 39154359112108, 8072
39154384347728, 39154384355576, 7848
39154486322592, 39154486330884, 8292
39154540399368, 39154540407432, 8064
39154602840956, 39154602847748, 6792
39154657457060, 39154657464924, 7864
39154684009564, 39154684017640, 8076
39154697520096, 39154697527912, 7816
39154797025536, 39154797033116, 7580
39154802353252, 39154802360960, 7708
39154804293208, 39154804299732, 6524
39154820237520, 39154820245164, 7644
39154833727612, 39154833735184, 7572
39154837599740, 39154837607680, 7940
39154862837748, 39154862845872, 8124
39154941225564, 39154941233436, 7872
39154954708452, 39154954715988, 7536
39154958576284, 39154958584224, 7940
39154972084268, 39154972091784, 7516
39154976756948, 39154976764532, 7584
39155064238964, 39155064246752, 7788
39155066179160, 39155066185560, 6400
39155070850916, 39155070858568, 7652
39155084358936, 39155084367000, 8064
39155089690328, 39155089698272, 7944
39155143748700, 39155143755696, 6996
39155157810424, 39155157818076, 7652
39155220215104, 39155220223260, 8156
39155228844020, 39155228852016, 7996
39155242352244, 39155242359404, 7160
39155250982508, 39155250990484, 7976
39155263360516, 39155263367484, 6968
39155271990928, 39155271997768, 6840
39155285505520, 39155285513584, 8064
39155316707824, 39155316715676, 7852
39155322040672, 39155322048208, 7536
39155334945692, 39155334953780, 8088
39155336869060, 39155336875444, 6384
39155342194704, 39155342201512, 6808
39155354868428, 39155354875540, 7112
39155360176816, 39155360183480, 6664
39155362119144, 39155362125836, 6692
39155393331652, 39155393338596, 6944
39155407354100, 39155407361716, 7616
39155420854672, 39155420861468, 6796
39155442081836, 39155442089788, 7952
39155494543680, 39155494545892, 2212
39155503167544, 39155503175228, 7684
39155516643396, 39155516650212, 6816
39155525266440, 39155525273408, 6968
39155612753832, 39155612761972, 8140
39155640883892, 39155640892048, 8156
39155742826452, 39155742834748, 8296
39155751474284, 39155751482404, 8120
39155753916656, 39155753923296, 6640
39155762549308, 39155762556816, 7508
39155778727588, 39155778734356, 6768
39155793826800, 39155793834716, 7916
39155802458884, 39155802466972, 8088
39155815960440, 39155815967480, 7040
39155824590992, 39155824598872, 7880
39155838071104, 39155838078484, 7380
39155892155120, 39155892164056, 8936
39155902795904, 39155902804100, 8196
39155939272076, 39155939279360, 7284
39155949451552, 39155949458504, 6952
39155966087912, 39155966095852, 7940
39156053565848, 39156053574208, 8360
39156146478328, 39156146486752, 8424
39156178254068, 39156178262476, 8408
39156428266632, 39156428278040, 11408
39156583561784, 39156583570668, 8884
39156614802956, 39156614809888, 6932
39156647752764, 39156647764816, 12052
39156739532092, 39156739543776, 11684
39156923082020, 39156923092524, 10504
39157006882844, 39157006890344, 7500
39157038091216, 39157038099328, 8112
39157142672500, 39157142680068, 7568
39157156696472, 39157156703632, 7160
39157234517672, 39157234525588, 7916
39157243149676, 39157243157992, 8316
39157250295804, 39157250302660, 6856
39157258921504, 39157258928260, 6756
39157272407888, 39157272416060, 8172
39157284394028, 39157284402144, 8116
39157371867360, 39157371875396, 8036
39157385372332, 39157385379920, 7588
39157390060512, 39157390068272, 7760
39157398687960, 39157398695980, 8020
39157424483424, 39157424491604, 8180
39157502320896, 39157502328760, 7864
39157526278272, 39157526285156, 6884
39157530952448, 39157530960568, 8120
39157551584444, 39157551591428, 6984
39157560217088, 39157560223760, 6672
39157572206840, 39157572213696, 6856
39157580836212, 39157580843188, 6976
39157583503872, 39157583510524, 6652
39157595490472, 39157595497400, 6928
39157609443912, 39157609450768, 6856
39157621421968, 39157621428628, 6660
39157630065608, 39157630073316, 7708
39157649346164, 39157649353120, 6956
39157657974940, 39157657982956, 8016
39157661317688, 39157661325764, 8076
39157673305264, 39157673312312, 7048
39157681931020, 39157681938368, 7348
39157687255244, 39157687261932, 6688
39157699236236, 39157699243008, 6772
39157707412232, 39157707420236, 8004
39157806908828, 39157806916100, 7272
39157820391564, 39157820398880, 7316
39157837673536, 39157837681416, 7880
39157861638104, 39157861646196, 8092
39157868826184, 39157868832952, 6768
39157880810816, 39157880817352, 6536
39157975625456, 39157975633732, 8276
39157987610984, 39157987618688, 7704
39158087121384, 39158087129712, 8328
39158097844264, 39158097851160, 6896
39158199832896, 39158199840944, 8048
39158201777576, 39158201785324, 7748
39158207110276, 39158207117008, 6732
39158209049980, 39158209056644, 6664
39158214374968, 39158214382792, 7824
39158319716948, 39158319728620, 11672
39158356908000, 39158356916708, 8708
39158462164608, 39158462172424, 7816
39158549615668, 39158549623612, 7944
39158651261480, 39158651269116, 7636
39158657066344, 39158657073596, 7252
39158711119188, 39158711127412, 8224
39158713061620, 39158713069584, 7964
39158721692860, 39158721700788, 7928
39158799520708, 39158799529096, 8388
39158824760304, 39158824768052, 7748
39158828632524, 39158828640736, 8212
39158910589232, 39158910597612, 8380
39158933199160, 39158933206280, 7120
39159011017892, 39159011026084, 8192
39159022995764, 39159023007724, 11960
39159048233596, 39159048241688, 8092
39159065486020, 39159065494224, 8204
39159153547980, 39159153556236, 8256
39159162196824, 39159162204840, 8016
39159164144984, 39159164153296, 8312
39159268837356, 39159268845444, 8088
39159346564712, 39159346572756, 8044
39159348508056, 39159348515608, 7552
39159357141176, 39159357148888, 7712
39159388358444, 39159388366264, 7820
39159471748472, 39159471756684, 8212
39159573141608, 39159573149708, 8100
39159586610176, 39159586617864, 7688
39159640680580, 39159640688444, 7864
39159642626136, 39159642632804, 6668
39159744588296, 39159744596452, 8156
39159822424584, 39159822432220, 7636
39159824367924, 39159824375960, 8036
39159849578776, 39159849586948, 8172
39159858229964, 39159858237392, 7428
39159860173296, 39159860181400, 8104
39159872162804, 39159872170620, 7816
39159926775604, 39159926783508, 7904
39159928715952, 39159928724076, 8124
39160028192620, 39160028200412, 7792
39160030136176, 39160030144120, 7944
39160038771748, 39160038779420, 7672
39160043446896, 39160043453800, 6904
39160043589760, 39160043596460, 6700
39160052220964, 39160052227588, 6624
39160054164376, 39160054172268, 7892
39160063539512, 39160063546336, 6824
39160072170440, 39160072177408, 6968
39160074111520, 39160074119460, 7940
39160086103884, 39160086110740, 6856
39160094832208, 39160094839848, 7640
39160095409668, 39160095416476, 6808
39160097332980, 39160097340476, 7496
39160128573856, 39160128580872, 7016
39160130515780, 39160130522296, 6516
39160156969704, 39160156976716, 7012
39160161659828, 39160161667804, 7976
39160163244616, 39160163251348, 6732
39160171875480, 39160171882332, 6852
39160195549648, 39160195557556, 7908
39160197495252, 39160197503064, 7812
39160203151424, 39160203159380, 7956
39160211787124, 39160211795120, 7996
39160223780208, 39160223787084, 6876
39160232411200, 39160232417764, 6564
39160244404960, 39160244412764, 7804
39160255025236, 39160255031764, 6528
39160267009464, 39160267016340, 6876
39160292885580, 39160292893552, 7972
39160294830764, 39160294838652, 7888
39160302911860, 39160302918492, 6632
39160311541520, 39160311548320, 6800
39160313484244, 39160313491900, 7656
39160334834932, 39160334841696, 6764
39160336755604, 39160336761624, 6020
39160346640616, 39160346648188, 7572
39160351331048, 39160351339012, 7964
39160358781872, 39160358789804, 7932
39160370772940, 39160370780700, 7760
39160379404076, 39160379410744, 6668
39160381346232, 39160381353956, 7724
39160382724736, 39160382731376, 6640
39160391355008, 39160391361936, 6928
39160403901140, 39160403908052, 6912
39160412535876, 39160412542644, 6768
39160424527292, 39160424534096, 6804
39160433174272, 39160433182184, 7912
39160435118696, 39160435126700, 8004
39160436592200, 39160436598804, 6604
39160448579412, 39160448586304, 6892
39160457213344, 39160457221184, 7840
39160488433880, 39160488441020, 7140
39160493122200, 39160493130224, 8024
39160570978492, 39160570986164, 7672
39160584457932, 39160584465836, 7904
39160686450052, 39160686457928, 7876
39160690324460, 39160690332524, 8064
39160837646692, 39160837658232, 11540
39160900630924, 39160900639160, 8236
39160904504844, 39160904512052, 7208
39160982354108, 39160982362140, 8032
39160984300068, 39160984308320, 8252
39161089006820, 39161089014908, 8088
39161189097584, 39161189106068, 8484
39161276620068, 39161276628132, 8064
39161381332720, 39161381340916, 8196
39161459744688, 39161459752512, 7824
39161461685028, 39161461692884, 7856
39161475161980, 39161475168568, 6588
39161479035184, 39161479043108, 7924
39161483704216, 39161483712048, 7832
39161508944896, 39161508951688, 6792
39161510883136, 39161510889892, 6756
39161588718388, 39161588725364, 6976
39161590658596, 39161590666452, 7856
39161800674532, 39161800682808, 8276
39161802618196, 39161802626144, 7948
39161816098212, 39161816104836, 6624
39161921444612, 39161921452552, 7940
39161946664912, 39161946672788, 7876
39162048121444, 39162048129844, 8400
39162126069096, 39162126077080, 7984
39162128013752, 39162128021536, 7784
39162159801012, 39162159807868, 6856
39162161742356, 39162161748808, 6452
39162239577016, 39162239583676, 6660
39162241517480, 39162241524992, 7512
39162246183548, 39162246189924, 6376
39162248121892, 39162248128232, 6340
39162279348128, 39162279354856, 6728
39162285144608, 39162285151188, 6580
39162316361088, 39162316367700, 6612
39162318302816, 39162318310352, 7536
39162406360556, 39162406368904, 8348
39162430320016, 39162430328048, 8032
39162432260972, 39162432267280, 6308
39162456227852, 39162456235504, 7652
39162458170760, 39162458178648, 7888
39162466801516, 39162466808024, 6508
39162554310520, 39162554318188, 7668
39162556255976, 39162556263520, 7544
39162587488944, 39162587497044, 8100
39162599473428, 39162599480556, 7128
39162601414572, 39162601422228, 7656
39162610047436, 39162610055496, 8060
39162623562492, 39162623569172, 6680
39162632192144, 39162632198552, 6408
39162634134208, 39162634140872, 6664
39162665910468, 39162665918316, 7848
39162685100532, 39162685107108, 6576
39162693749112, 39162693756820, 7708
39162771588696, 39162771596344, 7648
39162776263404, 39162776271488, 8084
39162781591964, 39162781599808, 7844
39162783534980, 39162783542416, 7436
39162814746504, 39162814754184, 7680
39162816688708, 39162816696180, 7472
39162825334368, 39162825340924, 6556
39162856530996, 39162856538492, 7496
39162861857328, 39162861864772, 7444
39162863798264, 39162863805716, 7452
39162888317376, 39162888325176, 7800
39162890261848, 39162890269644, 7796
39162896687580, 39162896694488, 6908
39162898610672, 39162898618228, 7556
39162903943848, 39162903951440, 7592
39162912577240, 39162912585076, 7836
39162966666228, 39162966674028, 7800
39162980136924, 39162980144960, 8036
39162992126384, 39162992134020, 7636
39162996823316, 39162996830864, 7548
39162998769328, 39162998777040, 7712
39163007404340, 39163007411148, 6808
39163019394032, 39163019400944, 6912
39163021333280, 39163021339788, 6508
39163030375648, 39163030384736, 9088
39163042376040, 39163042384400, 8360
39163128171828, 39163128183356, 11528
39163144666660, 39163144674036, 7376
39163156064848, 39163156071756, 6908
39163161371388, 39163161379456, 8068
39163222422604, 39163222430872, 8268
39163323747248, 39163323754340, 7092
39163402116088, 39163402124328, 8240
39163415620080, 39163415628424, 8344
39163424250796, 39163424258380, 7584
39163511746032, 39163511754024, 7992
39163525227832, 39163525235572, 7740
39163529900944, 39163529909192, 8248
39163555132656, 39163555140280, 7624
39163565757076, 39163565764976, 7900
39163650776848, 39163650784684, 7836
39163664286996, 39163664295012, 8016
39163768976040, 39163768984032, 7992
39163810850272, 39163810858172, 7900
39163824314948, 39163824323068, 8120
39163832963816, 39163832971984, 8168
39163834920076, 39163834928240, 8164
39163840241068, 39163840248296, 7228
39163848895336, 39163848903356, 8020
