32194797404036, 32194797411596, 7560
32198808100236, 32198808103540, 3304
32199737525776, 32199737533320, 7544
32200676714252, 32200676716180, 1928
32201615906348, 32201615912916, 6568
32202555238284, 32202555244132, 5848
32203494535928, 32203494540568, 4640
32204433707536, 32204433713000, 5464
32205372929196, 32205372936044, 6848
32206312308260, 32206312314472, 6212
32207251478704, 32207251484864, 6160
32208190872592, 32208190877092, 4500
32209129989588, 32209129994728, 5140
32210069276404, 32210069281416, 5012
32211008658136, 32211008664308, 6172
32211947810632, 32211947815012, 4380
32212887070188, 32212887075024, 4836
32213826343560, 32213826349144, 5584
32214765648228, 32214765655060, 6832
32215704847140, 32215704852432, 5292
32216644157944, 32216644162452, 4508
32217583405820, 32217583411908, 6088
32218522692292, 32218522698156, 5864
32219461958928, 32219461965692, 6764
32194764772804, 32194764788496, 15692
32194780590916, 32194780599116, 8200
32199250819860, 32199250823288, 3428
32199781267984, 32199781275032, 7048
32200764375904, 32200764383748, 7844
32201747547608, 32201747552280, 4672
32202730655532, 32202730660424, 4892
32203713758780, 32203713764988, 6208
32204696993288, 32204697000184, 6896
32205680071912, 32205680078884, 6972
32206663254372, 32206663260488, 6116
32207646313132, 32207646320716, 7584
32208629478780, 32208629486708, 7928
32209612582708, 32209612587920, 5212
32210595789768, 32210595796552, 6784
32211578853344, 32211578859816, 6472
32212562068484, 32212562074904, 6420
32213545242020, 32213545248536, 6516
32214528378924, 32214528385260, 6336
32215511431052, 32215511436088, 5036
32216494623744, 32216494628932, 5188
32217477698092, 32217477704836, 6744
32218460947624, 32218460953856, 6232
32219444065984, 32219444072232, 6248
32198871948072, 32198871951612, 3540
32199799261880, 32199799266512, 4632
32200800347928, 32200800354904, 6976
32201801348516, 32201801356192, 7676
32202802473368, 32202802480664, 7296
32203803595168, 32203803602008, 6840
32204804624584, 32204804632540, 7956
32205805687720, 32205805689192, 1472
32206806781396, 32206806788744, 7348
32207807849364, 32207807856764, 7400
32208808949820, 32208808954876, 5056
32209810025332, 32209810032412, 7080
32210811236124, 32210811237608, 1484
32211812256592, 32211812261956, 5364
32212813283328, 32212813288384, 5056
32213814391544, 32213814398548, 7004
32214815417016, 32214815422072, 5056
32215816539316, 32215816546832, 7516
32216817661180, 32216817668496, 7316
32217818739616, 32217818747092, 7476
32218819810044, 32218819817388, 7344
32194788993716, 32194789006624, 12908
32198877891732, 32198877902188, 10456
32200026584220, 32200026591752, 7532
32201254967048, 32201254973164, 6116
32202483377996, 32202483384512, 6516
32203711865276, 32203711872020, 6744
32204940224728, 32204940231072, 6344
32206168656444, 32206168662468, 6024
32207397068704, 32207397075676, 6972
32208625614428, 32208625619204, 4776
32209853969308, 32209853974152, 4844
32211082341756, 32211082346520, 4764
32212310815724, 32212310820688, 4964
32213539233124, 32213539239776, 6652
32214767642488, 32214767647552, 5064
32215996024328, 32215996031496, 7168
32217224512520, 32217224517240, 4720
32218452896684, 32218452903416, 6732
32219681355648, 32219681363244, 7596
32198871848460, 32198871851968, 3508
32200188045708, 32200188052804, 7096
32201578010224, 32201578016172, 5948
32202967963096, 32202967968416, 5320
32204357986824, 32204357991516, 4692
32205747822048, 32205747828416, 6368
32207137851736, 32207137856856, 5120
32208527811576, 32208527818492, 6916
32209917748808, 32209917753924, 5116
32211307703684, 32211307708444, 4760
32212697727192, 32212697733524, 6332
32214087583692, 32214087590848, 7156
32215477560528, 32215477567608, 7080
32216867610548, 32216867617224, 6676
32218257475104, 32218257480040, 4936
32219647486300, 32219647491164, 4864
32194813700316, 32194813708692, 8376
32198869909212, 32198869912644, 3432
32200469334512, 32200469341872, 7360
32202140351608, 32202140358272, 6664
32203811472868, 32203811480284, 7416
32205482755564, 32205482760072, 4508
32207153778652, 32207153783592, 4940
32208824853876, 32208824861336, 7460
32210496062276, 32210496069360, 7084
32212167282516, 32212167289384, 6868
32213838379508, 32213838385744, 6236
32215509448660, 32215509455200, 6540
32217180577652, 32217180585156, 7504
32218851668020, 32218851674900, 6880
32194772389068, 32194772396748, 7680
32194805853960, 32194805862016, 8056
32196805214048, 32196805219604, 5556
32196805253396, 32196805255292, 1896
32196805355448, 32196805358148, 2700
32196805420436, 32196805423072, 2636
32196805486700, 32196805489296, 2596
32196805558588, 32196805561220, 2632
32196805640984, 32196805643956, 2972
32198798259684, 32198798266488, 6804
32199591809468, 32199591816436, 6968
32200385497272, 32200385502816, 5544
32201179248492, 32201179252972, 4480
32201972963308, 32201972969892, 6584
32202766727648, 32202766732208, 4560
32203560253564, 32203560258248, 4684
32204354112236, 32204354118108, 5872
32205147568092, 32205147574660, 6568
32205941391108, 32205941397416, 6308
32206735197248, 32206735201964, 4716
32207528667972, 32207528674528, 6556
32208322442432, 32208322448604, 6172
32209116029768, 32209116036464, 6696
32209909776464, 32209909783152, 6688
32210703458152, 32210703465452, 7300
32211497118276, 32211497124436, 6160
32212290943980, 32212290950084, 6104
32213084476492, 32213084483172, 6680
32213878228128, 32213878234220, 6092
32214671919616, 32214671925696, 6080
32215465585284, 32215465591440, 6156
32216259301524, 32216259308152, 6628
32217052983888, 32217052990208, 6320
32217846643996, 32217846648760, 4764
32218640339572, 32218640346200, 6628
32219434041092, 32219434046980, 5888
