147977083272184, 147977083282380, 10196
147977739338308, 147977739350092, 11784
147977944747744, 147977944759588, 11844
147978032595072, 147978032606784, 11712
147978053643144, 147978053653264, 10120
147978200086576, 147978200097820, 11244
147978262903200, 147978262912508, 9308
147978279427536, 147978279435148, 7612
147978308600024, 147978308609676, 9652
147978473216696, 147978473227676, 10980
147978614783568, 147978614795240, 11672
147978803662904, 147978803672944, 10040
147978811454688, 147978811462652, 7964
147978939885972, 147978939896916, 10944
147978973742712, 147978973753996, 11284
147979059541584, 147979059545652, 4068
147979080987484, 147979080997912, 10428
147979119322872, 147979119334872, 12000
147979197106860, 147979197111684, 4824
147979278872236, 147979278883360, 11124
147979325750256, 147979325760828, 10572
147979456453840, 147979456464952, 11112
147979477873068, 147979477883048, 9980
147979488217220, 147979488224744, 7524
147979607999684, 147979608011052, 11368
147979663741988, 147979663754396, 12408
147979737523420, 147979737534564, 11144
147979776232136, 147979776242812, 10676
147979813284104, 147979813294372, 10268
147979827592508, 147979827601168, 8660
147979851222136, 147979851233708, 11572
147979885102472, 147979885113720, 11248
147979904444060, 147979904452940, 8880
147979933030532, 147979933040556, 10024
147981071651364, 147981071662040, 10676
147981732657920, 147981732667408, 9488
147981782350924, 147981782359612, 8688
147981801830660, 147981801841504, 10844
147981829433272, 147981829445380, 12108
147981839358684, 147981839367520, 8836
147981875320100, 147981875331124, 11024
147981984978112, 147981984989108, 10996
147982224279692, 147982224290280, 10588
147982267489672, 147982267499172, 9500
147982292176404, 147982292187908, 11504
147982318024816, 147982318035296, 10480
147982389848528, 147982389859844, 11316
147982435538820, 147982435548892, 10072
147982563293688, 147982563304644, 10956
147982734841492, 147982734852236, 10744
147982784471644, 147982784481216, 9572
147982807301936, 147982807312728, 10792
147982810537404, 147982810544356, 6952
147982833885188, 147982833894040, 8852
147982855534292, 147982855543760, 9468
147983004029800, 147983004040960, 11160
147983047589472, 147983047598172, 8700
147983076404648, 147983076415108, 10460
147983090754472, 147983090763804, 9332
147983211407136, 147983211418332, 11196
147983408928144, 147983408938928, 10784
147983528491496, 147983528502748, 11252
147983670059176, 147983670069552, 10376
147983807648520, 147983807660436, 11916
147983846288916, 147983846298736, 9820
147983863514700, 147983863524824, 10124
147983955257848, 147983955270092, 12244
147984000646312, 147984000656348, 10036
147984029722688, 147984029732720, 10032
147984194557300, 147984194568880, 11580
147984286129812, 147984286139796, 9984
147984515614120, 147984515625300, 11180
147984681120912, 147984681132596, 11684
147984810760928, 147984810771952, 11024
147984854044468, 147984854054912, 10444
147984920584800, 147984920596100, 11300
147984983412064, 147984983422084, 10020
147985020247148, 147985020258392, 11244
147985083277144, 147985083287136, 9992
147985119864620, 147985119875704, 11084
147985130066480, 147985130075172, 8692
147985215659536, 147985215671532, 11996
147985232175980, 147985232183916, 7936
147985260795992, 147985260805108, 9116
147985379124460, 147985379135440, 10980
147985400627744, 147985400638048, 10304
147985564571540, 147985564582116, 10576
147985607540704, 147985607551144, 10440
147985726128316, 147985726138700, 10384
147985736356060, 147985736364008, 7948
147985741992792, 147985741999660, 6868
147985752257824, 147985752268552, 10728
147985774242484, 147985774251768, 9284
147985901620964, 147985901633036, 12072
147985940405368, 147985940415016, 9648
147985957437344, 147985957450064, 12720
147986055133704, 147986055143700, 9996
147986120976740, 147986120986004, 9264
147986149619460, 147986149629984, 10524
147986314385908, 147986314397388, 11480
147986335829624, 147986335839716, 10092
147986348233052, 147986348240292, 7240
147986369691872, 147986369700492, 8620
147986485898464, 147986485908864, 10400
147986625981972, 147986625991784, 9812
147986787012424, 147986787024120, 11696
147986817734124, 147986817744116, 9992
147986842800800, 147986842811056, 10256
147986853092288, 147986853102248, 9960
147986990399836, 147986990410564, 10728
147987096101492, 147987096111860, 10368
147987285533372, 147987285544380, 11008
147987321478552, 147987321490404, 11852
147987391228708, 147987391238068, 9360
147987412637320, 147987412648164, 10844
147987428257656, 147987428265760, 8104
147987463036376, 147987463048112, 11736
147987554765832, 147987554777064, 11232
147987620387364, 147987620397352, 9988
147987683104932, 147987683113472, 8540
147987847977956, 147987847989232, 11276
147987895764080, 147987895776412, 12332
147987977545516, 147987977557332, 11816
147988016658912, 147988016669332, 10420
147988051314556, 147988051326500, 11944
147988141074500, 147988141085856, 11356
147988157558808, 147988157566588, 7780
147988230794660, 147988230805332, 10672
147988322535992, 147988322546920, 10928
147988460137104, 147988460148204, 11100
147988498781596, 147988498791276, 9680
147988520950992, 147988520959704, 8712
147988539906540, 147988539918976, 12436
147988577800356, 147988577811108, 10752
147988609730652, 147988609741640, 10988
147988661633856, 147988661644416, 10560
147988679494732, 147988679523132, 28400
147988735410856, 147988735415908, 5052
147988749776740, 147988749786728, 9988
147988769831320, 147988769842604, 11284
147988793253908, 147988793265620, 11712
147988819145184, 147988819156720, 11536
147988838576044, 147988838584264, 8220
147988855218844, 147988855229764, 10920
147988888904700, 147988888916436, 11736
147989064389724, 147989064401940, 12216
147989788250628, 147989788261292, 10664
147989837827936, 147989837837044, 9108
147989862046576, 147989862048636, 2060
147989913878708, 147989913882948, 4240
147990115301436, 147990115306016, 4580
147990251776380, 147990251785608, 9228
147990276878348, 147990276891060, 12712
147990328721952, 147990328726948, 4996
147990380535636, 147990380547332, 11696
147990432475184, 147990432486420, 11236
147990568055620, 147990568066408, 10788
147990666607244, 147990666617436, 10192
147990713278012, 147990713287928, 9916
147990803327768, 147990803339200, 11432
147990956874004, 147990956884892, 10888
147990978357128, 147990978367388, 10260
147990978771904, 147990978779176, 7272
147991058560284, 147991058571168, 10884
147991103900876, 147991103909696, 8820
147991106392992, 147991106399712, 6720
147991228054512, 147991228059224, 4712
147991327792572, 147991327804280, 11708
147991401654772, 147991401666704, 11932
147991489353932, 147991489365296, 11364
147991521320344, 147991521331908, 11564
147991544199628, 147991544209740, 10112
147991573097604, 147991573108996, 11392
147991610986772, 147991610998524, 11752
147991639646164, 147991639656644, 10480
147991686291744, 147991686301748, 10004
147991706693652, 147991706705056, 11404
147991788609732, 147991788614384, 4652
147992344750392, 147992344761492, 11100
147993068707520, 147993068711716, 4196
147993261948368, 147993261957516, 9148
147993294147160, 147993294157940, 10780
147993315603328, 147993315614284, 10956
147993325816448, 147993325825080, 8632
147993379842696, 147993379854292, 11596
147994901385628, 147994901396036, 10408
147995444577580, 147995444588352, 10772
147995449748868, 147995449756236, 7368
147995469065036, 147995469074904, 9868
147995480386808, 147995480394032, 7224
147995519580172, 147995519590740, 10568
147995553535680, 147995553547172, 11492
147996030101856, 147996030112440, 10584
147996317296268, 147996317306256, 9988
147996383139748, 147996383149252, 9504
147996502789068, 147996502800724, 11656
147996524236624, 147996524246552, 9928
147996552588016, 147996552598984, 10968
147996574071896, 147996574082144, 10248
147996584266764, 147996584274600, 7836
147996612883480, 147996612893572, 10092
147996659448836, 147996659458592, 9756
147996694174152, 147996694185716, 11564
147996741996480, 147996742007768, 11288
147977103178344, 147977103190060, 11716
147979115353016, 147979115357180, 4164
147981093555300, 147981093565356, 10056
147981289096384, 147981289101288, 4904
147981340945812, 147981340956896, 11084
147981404705148, 147981404709692, 4544
147981871382324, 147981871392916, 10592
147982000599128, 147982000608884, 9756
147982099133020, 147982099143664, 10644
147982115698092, 147982115706592, 8500
147982144251500, 147982144261480, 9980
147982200412672, 147982200424260, 11588
147982222289200, 147982222299528, 10328
147982268879116, 147982268889736, 10620
147982304129288, 147982304139308, 10020
147982587254496, 147982587264332, 9836
147982719018656, 147982719028580, 9924
147982740603732, 147982740613756, 10024
147982757156388, 147982757191536, 35148
147982988146740, 147982988157764, 11024
147983010881888, 147983010891540, 9652
147983027950964, 147983027958260, 7296
147983050769496, 147983050779452, 9956
147983199451508, 147983199462380, 10872
147983264761168, 147983264770168, 9000
147983384993056, 147983385003924, 10868
147983415607296, 147983415616688, 9392
147983444696992, 147983444706544, 9552
147983454926000, 147983454936544, 10544
147983590357840, 147983590368580, 10740
147983620997872, 147983621007672, 9800
147983686703124, 147983686713672, 10548
147983795738612, 147983795749864, 11252
147983816132032, 147983816140780, 8748
147983849948188, 147983849957708, 9520
147983867505104, 147983867516276, 11172
147983965181756, 147983965185808, 4052
147984007978668, 147984007988036, 9368
147984027772680, 147984027780260, 7580
147984056928856, 147984056939952, 11096
147984071195456, 147984071203852, 8396
147984072859208, 147984072867640, 8432
147984094924576, 147984094936276, 11700
147984132748824, 147984132753768, 4944
147984147001456, 147984147010864, 9408
147984539525168, 147984539535768, 10600
147984868597428, 147984868608756, 11328
147984998225268, 147984998236636, 11368
147985024252032, 147985024263904, 11872
147985098010492, 147985098021416, 10924
147985217584928, 147985217595256, 10328
147985256152896, 147985256162796, 9900
147985278222880, 147985278232304, 9424
147985411000612, 147985411010372, 9760
147985431413676, 147985431424232, 10556
147985454970236, 147985454980548, 10312
147985552720128, 147985552725272, 5144
147985573209996, 147985573220124, 10128
147985589752204, 147985589759544, 7340
147985598430608, 147985598441632, 11024
147985608621216, 147985608629624, 8408
147985646369236, 147985646380272, 11036
147985726115776, 147985726127468, 11692
147985747573468, 147985747583964, 10496
147985794570756, 147985794581448, 10692
147985819861356, 147985819872700, 11344
147985866597192, 147985866607172, 9980
147985932344884, 147985932354724, 9840
147985933442296, 147985933450916, 8620
147985943750420, 147985943761056, 10636
147985981426728, 147985981438600, 11872
147987092113528, 147987092124388, 10860
147988882914276, 147988882924208, 9932
147990652534868, 147990652544948, 10080
147991264319540, 147991264329448, 9908
147991391628508, 147991391638892, 10384
147991495342220, 147991495352884, 10664
147991542545736, 147991542555664, 9928
147991543123044, 147991543130064, 7020
147991589644552, 147991589653520, 8968
147991624941220, 147991624952496, 11276
147991664816420, 147991664826940, 10520
147991710680932, 147991710691004, 10072
147991802381112, 147991802392132, 11020
147991872246024, 147991872257636, 11612
147991918891508, 147991918901412, 9904
147992085590344, 147992085600996, 10652
147992195247588, 147992195259176, 11588
147992217987148, 147992217997416, 10268
147992284103204, 147992284113500, 10296
147993070700732, 147993070711576, 10844
147993275182240, 147993275190868, 8628
147995056914464, 147995056925340, 10876
147977097220924, 147977097231244, 10320
147977232947436, 147977232951692, 4256
147978830173884, 147978830184072, 10188
147981085592784, 147981085604240, 11456
147981378759580, 147981378769880, 10300
147981420699792, 147981420708452, 8660
147981516424308, 147981516435276, 10968
147981533457892, 147981533466460, 8568
147981543790352, 147981543800884, 10532
147981626049252, 147981626060856, 11604
147981636249608, 147981636258240, 8632
147981674050264, 147981674061884, 11620
147981705926172, 147981705937912, 11740
147981725267916, 147981725276272, 8356
147981833397312, 147981833409232, 11920
147981897224308, 147981897228996, 4688
147981984993016, 147981985003332, 10316
147982005385160, 147982005394024, 8864
147982008863132, 147982008870108, 6976
147982019055600, 147982019062424, 6824
147982130665868, 147982130676628, 10760
147982288121780, 147982288133028, 11248
147982417729480, 147982417740008, 10528
147982537459452, 147982537470780, 11328
147982568367700, 147982568377864, 10164
147982607755424, 147982607765304, 9880
147982730842564, 147982730854120, 11556
147982776859912, 147982776869908, 9996
147982791157600, 147982791167736, 10136
147982806547092, 147982806554052, 6960
147982820876372, 147982820886512, 10140
147982834761108, 147982834770320, 9212
147982863468304, 147982863477992, 9688
147982914279444, 147982914290608, 11164
147982988134220, 147982988145572, 11352
147983037837444, 147983037846912, 9468
147983095726404, 147983095736824, 10420
147983121678524, 147983121682988, 4464
147983251271004, 147983251282152, 11148
147983299149920, 147983299161932, 12012
147983337042120, 147983337046984, 4864
147983351313904, 147983351322288, 8384
147983392890816, 147983392901528, 10712
147983432782988, 147983432794168, 11180
147983484612372, 147983484616896, 4524
147983532474296, 147983532485144, 10848
147983536436048, 147983536443936, 7888
147983616246708, 147983616257420, 10712
147983659252452, 147983659262964, 10512
147983669552828, 147983669560628, 7800
147983678015192, 147983678025576, 10384
147983692295456, 147983692302596, 7140
147983799699356, 147983799710476, 11120
147983955279148, 147983955290208, 11060
147983974575032, 147983974583492, 8460
147984021394652, 147984021403932, 9280
147984132739368, 147984132750536, 11168
147984162630012, 147984162642500, 12488
147984252368452, 147984252378656, 10204
147984348088512, 147984348096376, 7864
147984429896944, 147984429901748, 4804
147984476431324, 147984476441276, 9952
147984511691048, 147984511702592, 11544
147985089950036, 147985089954296, 4260
147985742544244, 147985742553824, 9580
147985753500320, 147985753510552, 10232
147985909561244, 147985909571512, 10268
147986005360080, 147986005370204, 10124
147986053166688, 147986053234348, 67660
147986162814532, 147986162825456, 10924
147986294416900, 147986294428192, 11292
147986314830668, 147986314840932, 10264
147986343408096, 147986343417436, 9340
147986353591176, 147986353599196, 8020
147986485909900, 147986485920752, 10852
147986605537976, 147986605548696, 10720
147986735219160, 147986735230120, 10960
147986882738708, 147986882747908, 9200
147986929508992, 147986929519352, 10360
147986992428712, 147986992439336, 10624
147987014451940, 147987014463224, 11284
147987082252364, 147987082263836, 11472
147987114060652, 147987114071960, 11308
147987129971596, 147987129980324, 8728
147987140201020, 147987140210928, 9908
147987213765748, 147987213769420, 3672
147987375390552, 147987375401668, 11116
147987544814116, 147987544825056, 10940
147987575406620, 147987575416968, 10348
147987594730032, 147987594739208, 9176
147987632557660, 147987632568740, 11080
147987722310200, 147987722321588, 11388
147987738840640, 147987738849264, 8624
147987901749684, 147987901759880, 10196
147987944746332, 147987944755504, 9172
147987961225332, 147987961233164, 7832
147987977487088, 147987977497224, 10136
147987998953300, 147987998963264, 9964
147988063292200, 147988063302988, 10788
147988087235812, 147988087267352, 31540
147988111201440, 147988111213772, 12332
147988173852964, 147988173861864, 8900
147988210847280, 147988210857984, 10704
147988274165008, 147988274175192, 10184
147989086307304, 147989086317692, 10388
147989655723908, 147989655733940, 10032
147989718320536, 147989718330000, 9464
147989728602060, 147989728612428, 10368
147989791996528, 147989792006508, 9980
147989866041484, 147989866051996, 10512
147989929874268, 147989929885276, 11008
147989949815928, 147989949825940, 10012
147989971316396, 147989971326480, 10084
147989977918000, 147989977926232, 8232
147990006957200, 147990006966840, 9640
147990035626296, 147990035637420, 11124
147990974802552, 147990974813320, 10768
147991748593056, 147991748604300, 11244
147991965921436, 147991965931164, 9728
147992097618260, 147992097629872, 11612
147992285956500, 147992285966332, 9832
147992400663928, 147992400674244, 10316
147992598156552, 147992598167480, 10928
147992737767400, 147992737777092, 9692
147992769729204, 147992769740728, 11524
147992865314128, 147992865325616, 11488
147992910762012, 147992910771668, 9656
147992939344932, 147992939355124, 10192
147993074671352, 147993074682768, 11416
147993199505312, 147993199516364, 11052
147993226261384, 147993226272012, 10628
147993312032128, 147993312043904, 11776
147993503557148, 147993503568432, 11284
147993550004480, 147993550013476, 8996
147993615576352, 147993615586408, 10056
147993662148800, 147993662158816, 10016
147993668916240, 147993668927428, 11188
147993816640164, 147993816651680, 11516
147993882472076, 147993882481060, 8984
147993998246772, 147993998258380, 11608
147994089645112, 147994089654856, 9744
147994118392384, 147994118402764, 10380
147994141289308, 147994141299340, 10032
147994245360172, 147994245371360, 11188
147994288549716, 147994288558696, 8980
147994323060876, 147994323072108, 11232
147994404851724, 147994404862924, 11200
147994548414556, 147994548426104, 11548
147994632164780, 147994632176024, 11244
147994717967444, 147994717978000, 10556
147994837617672, 147994837629308, 11636
147994935829528, 147994935839264, 9736
147994949245944, 147994949257876, 11932
147995046994508, 147995047005456, 10948
147995160606276, 147995160616856, 10580
147995302203840, 147995302214844, 11004
147995323574088, 147995323582224, 8136
147995437836924, 147995437848224, 11300
147995499626692, 147995499637660, 10968
147995593448896, 147995593459972, 11076
147995760893576, 147995760904572, 10996
147995864592060, 147995864603440, 11380
147995966286444, 147995966308472, 22028
147996058010388, 147996058021356, 10968
147996121818964, 147996121830576, 11612
147996168180224, 147996168190068, 9844
147996184709648, 147996184719420, 9772
147996203589076, 147996203600204, 11128
147996250492364, 147996250503164, 10800
147996285348040, 147996285359300, 11260
147996640341332, 147996640352260, 10928
147974750448180, 147974750458572, 10392
147974750498320, 147974750505596, 7276
147974750532832, 147974750539708, 6876
147974750585896, 147974750592808, 6912
147974750625228, 147974750631972, 6744
147974750731616, 147974750738296, 6680
147974750802948, 147974750809592, 6644
147974750827740, 147974750834816, 7076
147974750874652, 147974750881852, 7200
147974750900312, 147974750906660, 6348
147974750931352, 147974750938280, 6928
147976744378248, 147976744390616, 12368
147976744408992, 147976744416292, 7300
147976744430064, 147976744437196, 7132
147976744449756, 147976744456404, 6648
147976782361844, 147976782373420, 11576
147976820135060, 147976820140276, 5216
147976857910980, 147976857916088, 5108
147976887819820, 147976887830820, 11000
147976973628296, 147976973640684, 12388
147977020129708, 147977020140008, 10300
147977123115144, 147977123124068, 8924
147977151143288, 147977151153256, 9968
147977236828452, 147977236839672, 11220
147977320665384, 147977320676012, 10628
147977382446632, 147977382457676, 11044
147977607784012, 147977607795148, 11136
147977737370260, 147977737380448, 10188
147977797192964, 147977797203036, 10072
147977807480036, 147977807488228, 8192
147977873332144, 147977873342608, 10464
147977883578952, 147977883589052, 10100
147977912143280, 147977912153800, 10520
147977922393220, 147977922403508, 10288
147977940781244, 147977940796684, 15440
147977956692740, 147977956702844, 10104
147978028562944, 147978028573540, 10596
147979095397084, 147979095408212, 11128
147979889079160, 147979889090528, 11368
147980400647796, 147980400658168, 10372
147980423481800, 147980423492364, 10564
147980469960292, 147980469969964, 9672
147980505288756, 147980505300304, 11548
147980552406584, 147980552416988, 10404
147980587118064, 147980587128516, 10452
147980633680188, 147980633690624, 10436
147980668807648, 147980668819132, 11484
147981077624888, 147981077636144, 11256
147981350573240, 147981350582484, 9244
147981358783632, 147981358794744, 11112
147981381547344, 147981381557136, 9792
147981410669348, 147981410682516, 13168
147981462542988, 147981462547736, 4748
147981520361120, 147981520372476, 11356
147981567357840, 147981567367164, 9324
147981568161248, 147981568168416, 7168
147981713831140, 147981713841108, 9968
147983087765396, 147983087775336, 9940
147984140755760, 147984140765908, 10148
147984334553992, 147984334563312, 9320
147984360805788, 147984360815056, 9268
147984375974204, 147984375982196, 7992
147984449923016, 147984449935144, 12128
147984461763900, 147984461774604, 10704
147984545530232, 147984545539804, 9572
147984547478184, 147984547485816, 7632
147984667214212, 147984667224984, 10772
147984688675412, 147984688685484, 10072
147984705300336, 147984705308272, 7936
147984733950188, 147984733959512, 9324
147984797398028, 147984797407752, 9724
147984912520844, 147984912531060, 10216
147985083984032, 147985084015864, 31832
147985094181356, 147985094188936, 7580
147985110703892, 147985110713372, 9480
147985442903140, 147985442913240, 10100
147985983470628, 147985983480820, 10192
147986222706768, 147986222717864, 11096
147986461992656, 147986462003788, 11132
147986492842336, 147986492852136, 9800
147986521936204, 147986521946372, 10168
147986543495940, 147986543506308, 10368
147986606139172, 147986606147644, 8472
147986651411644, 147986651423084, 11440
147986661667924, 147986661675244, 7320
147986691337484, 147986691348864, 11380
147986729186928, 147986729198068, 11140
147986792820892, 147986792830452, 9560
147986858663712, 147986858673496, 9784
147986875259200, 147986875269104, 9904
147986903813840, 147986903822896, 9056
147986969964972, 147986969974120, 9148
147987018335476, 147987018346812, 11336
147987050314620, 147987050326044, 11424
147987116042232, 147987116051744, 9512
147987132525100, 147987132533424, 8324
147987201834760, 147987201846376, 11616
147987216107280, 147987216114684, 7404
147987415159628, 147987415170080, 10452
147987702362372, 147987702373196, 10824
147987733018092, 147987733026948, 8856
147987754499288, 147987754507580, 8292
147987881886368, 147987881896980, 10612
147988007044660, 147988007053952, 9292
147988011401512, 147988011408624, 7112
147988147023164, 147988147034408, 11244
147988157237832, 147988157245616, 7784
147988182944420, 147988182956140, 11720
147988276736636, 147988276748084, 11448
147988293219888, 147988293227796, 7908
147988402328372, 147988402339664, 11292
147988691493408, 147988691504848, 11440
147988880782276, 147988880790952, 8676
147989044491108, 147989044501816, 10708
147989061038516, 147989061046180, 7664
147989126637968, 147989126647568, 9600
147989172137484, 147989172147400, 9916
147989842081200, 147989842091536, 10336
147990075447772, 147990075452980, 5208
147991066513928, 147991066517808, 3880
147991434292576, 147991434301756, 9180
147991471384872, 147991471396476, 11604
147991559138304, 147991559148420, 10116
147991684767892, 147991684777408, 9516
147991728681756, 147991728692736, 10980
147991752125764, 147991752136632, 10868
147991780503904, 147991780515672, 11768
147991803411460, 147991803420708, 9248
147991832315628, 147991832325940, 10312
147991884167324, 147991884172344, 5020
147991906925072, 147991906934872, 9800
147991969750936, 147991969759616, 8680
147992016694564, 147992016705404, 10840
147992033764636, 147992033775524, 10888
147992080370540, 147992080378996, 8456
147992115544744, 147992115554320, 9576
147992161928860, 147992161939684, 10824
147992172120360, 147992172128040, 7680
147992197231344, 147992197242752, 11408
147992277022084, 147992277032412, 10328
147992350854064, 147992350864860, 10796
147992420589688, 147992420600192, 10504
147992498972396, 147992498983928, 11532
147992562163172, 147992562172920, 9748
147992624759484, 147992624768832, 9348
147992669907924, 147992669918292, 10368
147992735585064, 147992735595092, 10028
147992809595716, 147992809607204, 11488
147993058750688, 147993058754736, 4048
147993187211136, 147993187221232, 10096
147993209860556, 147993209869284, 8728
147993273012408, 147993273021900, 9492
147995052933940, 147995052945800, 11860
147996203606464, 147996203610752, 4288
147996378016720, 147996378026212, 9492
147996504732460, 147996504743940, 11480
147996535356624, 147996535366144, 9520
147996581746832, 147996581756260, 9428
147996698150436, 147996698161424, 10988
147996728870296, 147996728880396, 10100
147996841757708, 147996841768516, 10808
