147972700823496, 147972700830800, 7304
147972708955020, 147972708967468, 12448
147972725985416, 147972725993960, 8544
147972758537980, 147972758546348, 8368
147977083269284, 147977083271984, 2700
147977083286556, 147977083292328, 5772
147977093461140, 147977093466120, 4980
147977103643320, 147977103648088, 4768
147977113814996, 147977113819736, 4740
147977123997844, 147977124002400, 4556
147977134174364, 147977134179176, 4812
147977144377580, 147977144382756, 5176
147977154564188, 147977154569004, 4816
147977739334824, 147977739338084, 3260
147977760813160, 147977760818976, 5816
147977782383144, 147977782388516, 5372
147977804498812, 147977804504388, 5576
147977826119448, 147977826125360, 5912
147977847821652, 147977847827612, 5960
147977869396628, 147977869403016, 6388
147977890953348, 147977890959008, 5660
147977912369416, 147977912374944, 5528
147977944740248, 147977944747544, 7296
147978032591664, 147978032594856, 3192
147978043334628, 147978043339928, 5300
147978053632104, 147978053642936, 10832
147978200083756, 147978200086384, 2628
147978262895116, 147978262902972, 7856
147978279418888, 147978279427316, 8428
147978308590372, 147978308599804, 9432
147978473213256, 147978473216484, 3228
147978494730832, 147978494736204, 5372
147978614780536, 147978614783372, 2836
147978677512360, 147978677517424, 5064
147978740346024, 147978740351448, 5424
147978803653560, 147978803662676, 9116
147978811446908, 147978811454476, 7568
147978939882864, 147978939885756, 2892
147978973737252, 147978973742500, 5248
147979059539592, 147979059541316, 1724
147979080977008, 147979080987268, 10260
147979119319836, 147979119322660, 2824
147979197104960, 147979197106644, 1684
147979278864480, 147979278872024, 7544
147979325735892, 147979325750040, 14148
147979456449992, 147979456453624, 3632
147979477862948, 147979477872880, 9932
147979488215484, 147979488217024, 1540
147979607996748, 147979607999472, 2724
147979618246636, 147979618251476, 4840
147979628471756, 147979628476920, 5164
147979663736756, 147979663741772, 5016
147979737520136, 147979737523204, 3068
147979756855920, 147979756860728, 4808
147979776222488, 147979776231904, 9416
147979813276200, 147979813283892, 7692
147979827580360, 147979827592324, 11964
147979851216820, 147979851221948, 5128
147979885094048, 147979885102284, 8236
147979904430920, 147979904443868, 12948
147979933016688, 147979933030304, 13616
147981071648128, 147981071651148, 3020
147981085932652, 147981085937940, 5288
147981100211528, 147981100217168, 5640
147981114497628, 147981114503048, 5420
147981128807480, 147981128812076, 4596
147981143102700, 147981143107516, 4816
147981157405448, 147981157411020, 5572
147981171696268, 147981171702676, 6408
147981185959656, 147981185964200, 4544
147981200253264, 147981200258532, 5268
147981214510868, 147981214515416, 4548
147981228759204, 147981228763640, 4436
147981243080668, 147981243087704, 7036
147981257373928, 147981257378904, 4976
147981271664344, 147981271669916, 5572
147981286503956, 147981286508140, 4184
147981300883416, 147981300888780, 5364
147981315342400, 147981315347520, 5120
147981329649272, 147981329653588, 4316
147981344026192, 147981344032048, 5856
147981358374424, 147981358380080, 5656
147981372729976, 147981372736028, 6052
147981387015544, 147981387019880, 4336
147981401364856, 147981401370304, 5448
147981415833464, 147981415838540, 5076
147981430106784, 147981430111044, 4260
147981444398204, 147981444403508, 5304
147981458769988, 147981458775116, 5128
147981473083176, 147981473088776, 5600
147981487403020, 147981487407192, 4172
147981501891264, 147981501895948, 4684
147981516416664, 147981516422284, 5620
147981531263836, 147981531268868, 5032
147981545734796, 147981545739752, 4956
147981560156496, 147981560161960, 5464
147981574494052, 147981574498768, 4716
147981588751268, 147981588755956, 4688
147981603137356, 147981603142664, 5308
147981617598416, 147981617603016, 4600
147981632024976, 147981632031380, 6404
147981646324908, 147981646329376, 4468
147981660662180, 147981660667092, 4912
147981675098536, 147981675103612, 5076
147981689459544, 147981689464116, 4572
147981703847196, 147981703852304, 5108
147981718242496, 147981718247444, 4948
147981732648996, 147981732657728, 8732
147981782342572, 147981782350728, 8156
147981801821744, 147981801830444, 8700
147981829426832, 147981829433088, 6256
147981839351896, 147981839358492, 6596
147981875316996, 147981875319904, 2908
147981984975128, 147981984977880, 2752
147982031806848, 147982031812184, 5336
147982078161628, 147982078167352, 5724
147982224276892, 147982224279500, 2608
147982245858924, 147982245864924, 6000
147982267480652, 147982267489484, 8832
147982292171004, 147982292176208, 5204
147982318016124, 147982318024600, 8476
147982389846324, 147982389848332, 2008
147982412750636, 147982412756444, 5808
147982435529932, 147982435538596, 8664
147982563290412, 147982563293472, 3060
147982577626196, 147982577631508, 5312
147982592126896, 147982592132464, 5568
147982606507668, 147982606513772, 6104
147982620824020, 147982620828120, 4100
147982734838568, 147982734841296, 2728
147982784464456, 147982784471432, 6976
147982807293336, 147982807301740, 8404
147982810535848, 147982810537208, 1360
147982833876824, 147982833884972, 8148
147982855525720, 147982855534088, 8368
147983004027576, 147983004029604, 2028
147983026063816, 147983026070284, 6468
147983047581068, 147983047589276, 8208
147983076397028, 147983076404452, 7424
147983090748828, 147983090754268, 5440
147983211404156, 147983211406932, 2776
147983260321704, 147983260326420, 4716
147983408925340, 147983408927956, 2616
147983528489568, 147983528491304, 1736
147983549900696, 147983549906340, 5644
147983670056368, 147983670058996, 2628
147983689396420, 147983689401712, 5292
147983807646288, 147983807648296, 2008
147983826962700, 147983826967964, 5264
147983846279404, 147983846288724, 9320
147983863507120, 147983863514508, 7388
147983955254868, 147983955257652, 2784
147983977982980, 147983977988172, 5192
147984000638428, 147984000646120, 7692
147984029714192, 147984029722464, 8272
147984194554168, 147984194557056, 2888
147984217340120, 147984217345556, 5436
147984240110232, 147984240115956, 5724
147984262880340, 147984262885900, 5560
147984286122292, 147984286129616, 7324
147984351585648, 147984351590852, 5204
147984515611848, 147984515613932, 2084
147984681117864, 147984681120720, 2856
147984691338832, 147984691343716, 4884
147984701583388, 147984701589552, 6164
147984810758076, 147984810760728, 2652
147984832384368, 147984832390556, 6188
147984854034848, 147984854044244, 9396
147984920576232, 147984920584576, 8344
147984983397236, 147984983411868, 14632
147985020242040, 147985020246936, 4896
147985083248328, 147985083276936, 28608
147985119856520, 147985119864428, 7908
147985130053852, 147985130066296, 12444
147985215656168, 147985215659284, 3116
147985232168596, 147985232175784, 7188
147985260788344, 147985260795800, 7456
147985379121248, 147985379124260, 3012
147985400617380, 147985400627552, 10172
147985564568540, 147985564571268, 2728
147985586076820, 147985586082000, 5180
147985607531748, 147985607540516, 8768
147985726116148, 147985726128120, 11972
147985736347436, 147985736355868, 8432
147985741991204, 147985741992600, 1396
147985752248728, 147985752257632, 8904
147985774234476, 147985774242288, 7812
147985901617712, 147985901620768, 3056
147985920937028, 147985920942004, 4976
147985940395892, 147985940405172, 9280
147985957431056, 147985957437152, 6096
147986055130424, 147986055133508, 3084
147986120967596, 147986120976556, 8960
147986149612128, 147986149619264, 7136
147986314382884, 147986314385708, 2824
147986335819036, 147986335829424, 10388
147986348231632, 147986348232856, 1224
147986369683492, 147986369691652, 8160
147986485895396, 147986485898272, 2876
147986532894552, 147986532899992, 5440
147986579438780, 147986579443616, 4836
147986625971180, 147986625981756, 10576
147986787009124, 147986787012232, 3108
147986797214800, 147986797220120, 5320
147986807491836, 147986807497840, 6004
147986817726188, 147986817733928, 7740
147986842798740, 147986842800580, 1840
147986853083924, 147986853092076, 8152
147986990396664, 147986990399656, 2992
147987004701984, 147987004707252, 5268
147987019625640, 147987019630808, 5168
147987034008392, 147987034013432, 5040
147987096098476, 147987096101296, 2820
147987285530308, 147987285533160, 2852
147987295741392, 147987295745948, 4556
147987305951288, 147987305957084, 5796
147987321470232, 147987321478260, 8028
147987391225540, 147987391228516, 2976
147987412626192, 147987412637076, 10884
147987428249764, 147987428257460, 7696
147987463028596, 147987463036176, 7580
147987554762544, 147987554765616, 3072
147987620380212, 147987620387152, 6940
147987683096944, 147987683104712, 7768
147987847975076, 147987847977740, 2664
147987858163800, 147987858169296, 5496
147987868386652, 147987868392380, 5728
147987895758320, 147987895763864, 5544
147987977542684, 147987977545320, 2636
147987996814136, 147987996819304, 5168
147988016650264, 147988016658724, 8460
147988051309340, 147988051314360, 5020
147988141071496, 147988141074300, 2804
147988157550560, 147988157558612, 8052
147988230786180, 147988230794468, 8288
147988322533420, 147988322535800, 2380
147988341789272, 147988341794180, 4908
147988460135024, 147988460136888, 1864
147988479460068, 147988479465132, 5064
147988498772468, 147988498781400, 8932
147988520941348, 147988520950780, 9432
147988539898272, 147988539906348, 8076
147988577792216, 147988577800156, 7940
147988609722340, 147988609730440, 8100
147988661628664, 147988661633664, 5000
147988679488588, 147988679494508, 5920
147988735408584, 147988735410660, 2076
147988749767148, 147988749776548, 9400
147988769803492, 147988769831116, 27624
147988793248528, 147988793253704, 5176
147988819137868, 147988819144988, 7120
147988838563592, 147988838575848, 12256
147988855204908, 147988855218652, 13744
147988888899176, 147988888904488, 5312
147989064386408, 147989064389504, 3096
147989126902556, 147989126907580, 5024
147989189599356, 147989189604432, 5076
147989252348052, 147989252353192, 5140
147989315411540, 147989315416328, 4788
147989788247172, 147989788250408, 3236
147989804780888, 147989804786264, 5376
147989821289924, 147989821295660, 5736
147989837820888, 147989837827720, 6832
147989862039252, 147989862046380, 7128
147989913863848, 147989913878516, 14668
147990115298868, 147990115301220, 2352
147990138099668, 147990138105120, 5452
147990160842120, 147990160848084, 5964
147990183598524, 147990183604376, 5852
147990206306000, 147990206311224, 5224
147990229023804, 147990229028604, 4800
147990251767924, 147990251776184, 8260
147990276860912, 147990276878128, 17216
147990328705436, 147990328721736, 16300
147990380519696, 147990380535416, 15720
147990432402544, 147990432474976, 72432
147990568052976, 147990568055408, 2432
147990617211696, 147990617216548, 4852
147990666597480, 147990666607020, 9540
147990713268328, 147990713277796, 9468
147990803319664, 147990803327540, 7876
147990956870188, 147990956873784, 3596
147990978347272, 147990978356912, 9640
147990978770012, 147990978771712, 1700
147991058556492, 147991058560068, 3576
147991081219164, 147991081224540, 5376
147991103892024, 147991103900652, 8628
147991106391616, 147991106392796, 1180
147991228051700, 147991228054296, 2596
147991250719036, 147991250724172, 5136
147991273972076, 147991273977096, 5020
147991327788932, 147991327792356, 3424
147991401646524, 147991401654548, 8024
147991489350768, 147991489353720, 2952
147991521312920, 147991521320132, 7212
147991544185612, 147991544199404, 13792
147991573089776, 147991573097408, 7632
147991610983656, 147991610986576, 2920
147991639637932, 147991639645964, 8032
147991686284152, 147991686291540, 7388
147991706685668, 147991706693456, 7788
147991788602404, 147991788609544, 7140
147992344747172, 147992344750172, 3000
147992366268840, 147992366274184, 5344
147992387839080, 147992387843976, 4896
147992409305936, 147992409311240, 5304
147992430744040, 147992430749216, 5176
147992452308352, 147992452313696, 5344
147992473806272, 147992473811572, 5300
147992495365556, 147992495370792, 5236
147993068704808, 147993068707308, 2500
147993090098868, 147993090105080, 6212
147993111527748, 147993111532428, 4680
147993132945600, 147993132950960, 5360
147993154352032, 147993154356512, 4480
147993175778416, 147993175783404, 4988
147993197186188, 147993197190572, 4384
147993218574136, 147993218578324, 4188
147993239980960, 147993239986204, 5244
147993261939256, 147993261948136, 8880
147993294140160, 147993294146964, 6804
147993315588036, 147993315603132, 15096
147993325803320, 147993325816252, 12932
147993379834860, 147993379842504, 7644
147994901381672, 147994901385416, 3744
147994920666092, 147994920671048, 4956
147994940040684, 147994940045928, 5244
147994959410412, 147994959415488, 5076
147994978736088, 147994978741044, 4956
147994998624476, 147994998629692, 5216
147995018233352, 147995018237948, 4596
147995037925048, 147995037930052, 5004
147995057344728, 147995057349580, 4852
147995076672324, 147995076677472, 5148
147995096013180, 147995096019020, 5840
147995115346808, 147995115351716, 4908
147995134698792, 147995134704248, 5456
147995154033056, 147995154037852, 4796
147995173327572, 147995173333080, 5508
147995192596904, 147995192600820, 3916
147995211899220, 147995211903868, 4648
147995231262880, 147995231267804, 4924
147995251182616, 147995251187960, 5344
147995270512644, 147995270518680, 6036
147995289836012, 147995289840896, 4884
147995309127436, 147995309132740, 5304
147995328401508, 147995328405776, 4268
147995347692824, 147995347697468, 4644
147995366989048, 147995366993984, 4936
147995386373924, 147995386379072, 5148
147995405746760, 147995405752248, 5488
147995425194712, 147995425200372, 5660
147995444568888, 147995444577388, 8500
147995449747344, 147995449748656, 1312
147995469057500, 147995469064816, 7316
147995480379056, 147995480386624, 7568
147995519572544, 147995519579964, 7420
147995553506476, 147995553535464, 28988
147996030098104, 147996030101652, 3548
147996044398292, 147996044403644, 5352
147996058738128, 147996058742900, 4772
147996073096280, 147996073101796, 5516
147996087379776, 147996087384404, 4628
147996101773888, 147996101778768, 4880
147996116171120, 147996116175636, 4516
147996130566404, 147996130572204, 5800
147996144871560, 147996144876528, 4968
147996159171600, 147996159176764, 5164
147996173472652, 147996173478344, 5692
147996187776460, 147996187780884, 4424
147996202087212, 147996202092140, 4928
147996216406348, 147996216411400, 5052
147996230707828, 147996230714412, 6584
147996245538524, 147996245543636, 5112
147996259912328, 147996259917732, 5404
147996274253728, 147996274258856, 5128
147996288553336, 147996288557652, 4316
147996302916912, 147996302922192, 5280
147996317286844, 147996317296076, 9232
147996383130352, 147996383139532, 9180
147996502786652, 147996502788836, 2184
147996524226216, 147996524236408, 10192
147996552580788, 147996552587828, 7040
147996574057908, 147996574071680, 13772
147996584254752, 147996584266576, 11824
147996612868300, 147996612883268, 14968
147996659433240, 147996659448628, 15388
147996694166428, 147996694173956, 7528
147996741987512, 147996741996268, 8756
147972676760240, 147972676775288, 15048
147972684227352, 147972684241148, 13796
147972692447900, 147972692457044, 9144
147977103174972, 147977103178148, 3176
147977103194356, 147977103201616, 7260
147977125817488, 147977125822124, 4636
147977148468736, 147977148474364, 5628
147977171162512, 147977171167564, 5052
147977193856956, 147977193862400, 5444
147977216575028, 147977216580428, 5400
147977239430752, 147977239435764, 5012
147977262181852, 147977262186932, 5080
147977285553960, 147977285558676, 4716
147977308398264, 147977308404288, 6024
147977331159036, 147977331165192, 6156
147979115350528, 147979115352804, 2276
147979138023184, 147979138028452, 5268
147979160707000, 147979160712216, 5216
147979183460768, 147979183466360, 5592
147979206149556, 147979206155200, 5644
147979228798668, 147979228803316, 4648
147979251449708, 147979251453956, 4248
147979274136248, 147979274141440, 5192
147979297550856, 147979297555272, 4416
147979320334076, 147979320339024, 4948
147979343061224, 147979343066844, 5620
147979365685056, 147979365689620, 4564
147979388340320, 147979388345288, 4968
147979411085268, 147979411090136, 4868
147979433949704, 147979433954540, 4836
147979456712640, 147979456717524, 4884
147979479393540, 147979479398732, 5192
147979502044076, 147979502048648, 4572
147979524805028, 147979524809888, 4860
147979548096828, 147979548101804, 4976
147979570831384, 147979570836024, 4640
147979593601152, 147979593606380, 5228
147979616436180, 147979616441256, 5076
147979639217756, 147979639223244, 5488
147979661984460, 147979661989704, 5244
147979684785552, 147979684791900, 6348
147979707525516, 147979707530536, 5020
147979730289960, 147979730294260, 4300
147979753116236, 147979753120852, 4616
147979775991032, 147979775996384, 5352
147979799287164, 147979799292480, 5316
147979821948280, 147979821953260, 4980
147979844639952, 147979844644976, 5024
147979867396256, 147979867401828, 5572
147979890140276, 147979890145516, 5240
147979912865668, 147979912871192, 5524
147979935676924, 147979935682148, 5224
147979958361444, 147979958366516, 5072
147979981032176, 147979981037196, 5020
147980003741760, 147980003747156, 5396
147980026589616, 147980026594388, 4772
147980049911420, 147980049916732, 5312
147980072709916, 147980072715180, 5264
147980095419864, 147980095425628, 5764
147980118090200, 147980118094968, 4768
147980140825240, 147980140830220, 4980
147980163521964, 147980163526548, 4584
147980186284228, 147980186289132, 4904
147980209085612, 147980209090868, 5256
147980231808872, 147980231814580, 5708
147980254492804, 147980254497976, 5172
147980277204144, 147980277209848, 5704
147980300440364, 147980300445156, 4792
147980323126616, 147980323131404, 4788
147980345826760, 147980345832076, 5316
147980368680492, 147980368686064, 5572
147980391552876, 147980391560788, 7912
147980414484708, 147980414490980, 6272
147980437243540, 147980437249064, 5524
147980460019512, 147980460025620, 6108
147980482831708, 147980482836964, 5256
147981093552052, 147981093555076, 3024
147981114929248, 147981114934872, 5624
147981136389928, 147981136394096, 4168
147981157829212, 147981157834328, 5116
147981179214784, 147981179220004, 5220
147981200606364, 147981200611488, 5124
147981221969168, 147981221973764, 4596
147981243372828, 147981243377804, 4976
147981264744336, 147981264749140, 4804
147981289086584, 147981289096152, 9568
147981340941576, 147981340945596, 4020
147981404688372, 147981404704872, 16500
147981871378616, 147981871382108, 3492
147981892946532, 147981892951916, 5384
147981914413960, 147981914419620, 5660
147981935903852, 147981935909524, 5672
147981957618936, 147981957624484, 5548
147981979166192, 147981979171944, 5752
147982000592540, 147982000598928, 6388
147982050008208, 147982050012996, 4788
147982099124176, 147982099132820, 8644
147982115689724, 147982115697876, 8152
147982144243536, 147982144251284, 7748
147982200404132, 147982200412460, 8328
147982222282804, 147982222288984, 6180
147982268865656, 147982268878924, 13268
147982304121868, 147982304129092, 7224
147982587251036, 147982587254280, 3244
147982653185792, 147982653190976, 5184
147982719011644, 147982719018444, 6800
147982740594896, 147982740603516, 8620
147982757147776, 147982757156172, 8396
147982823309952, 147982823315220, 5268
147982988138352, 147982988146520, 8168
147983010872632, 147983010881672, 9040
147983027943532, 147983027950772, 7240
147983050760116, 147983050769296, 9180
147983199448464, 147983199451308, 2844
147983264754220, 147983264760972, 6752
147983384989976, 147983384992860, 2884
147983395175580, 147983395180448, 4868
147983405395740, 147983405401760, 6020
147983415599400, 147983415607096, 7696
147983444695240, 147983444696800, 1560
147983454918924, 147983454925804, 6880
147983590355352, 147983590357592, 2240
147983600583536, 147983600588284, 4748
147983610799916, 147983610805836, 5920
147983620992316, 147983620997680, 5364
147983686695288, 147983686702928, 7640
147983795736160, 147983795738400, 2240
147983805922700, 147983805928336, 5636
147983816122080, 147983816131832, 9752
147983849939676, 147983849947988, 8312
147983867496768, 147983867504904, 8136
147983965179568, 147983965181572, 2004
147983979422528, 147983979427868, 5340
147983993695800, 147983993700972, 5172
147984007970572, 147984007978472, 7900
147984027764928, 147984027772488, 7560
147984056921032, 147984056928640, 7608
147984071182712, 147984071195252, 12540
147984072853892, 147984072859016, 5124
147984094916536, 147984094924380, 7844
147984132741400, 147984132748632, 7232
147984146990464, 147984147001208, 10744
147984539522844, 147984539524972, 2128
147984553824016, 147984553829280, 5264
147984568149788, 147984568155756, 5968
147984582506252, 147984582511248, 4996
147984596777520, 147984596782028, 4508
147984611270772, 147984611277616, 6844
147984625748732, 147984625754436, 5704
147984640193744, 147984640199156, 5412
147984654588996, 147984654593544, 4548
147984669041596, 147984669047044, 5448
147984683464452, 147984683470328, 5876
147984697756288, 147984697761436, 5148
147984712071200, 147984712077128, 5928
147984726501276, 147984726506680, 5404
147984740845748, 147984740851660, 5912
147984755190884, 147984755195532, 4648
147984868594168, 147984868597220, 3052
147984878792248, 147984878797088, 4840
147984889071172, 147984889076820, 5648
147984998222656, 147984998225052, 2396
147985008459820, 147985008465240, 5420
147985024243636, 147985024251824, 8188
147985098007704, 147985098010296, 2592
147985217582884, 147985217584736, 1852
147985236829620, 147985236834736, 5116
147985256143008, 147985256152628, 9620
147985278212656, 147985278222676, 10020
147985410997360, 147985411000416, 3056
147985421174360, 147985421179716, 5356
147985431402984, 147985431413456, 10472
147985454964740, 147985454970044, 5304
147985552717928, 147985552719916, 1988
147985562979548, 147985562984800, 5252
147985573199480, 147985573209800, 10320
147985589744360, 147985589752012, 7652
147985598428472, 147985598430392, 1920
147985608606964, 147985608621004, 14040
147985646361944, 147985646369044, 7100
147985726112248, 147985726115580, 3332
147985747562888, 147985747573232, 10344
147985794561292, 147985794570548, 9256
147985819853768, 147985819861140, 7372
147985866583264, 147985866596996, 13732
147985932330640, 147985932344676, 14036
147985933435812, 147985933442100, 6288
147985943736988, 147985943750224, 13236
147985981418960, 147985981426536, 7576
147987092110228, 147987092113332, 3104
147987111408852, 147987111413652, 4800
147987130693680, 147987130699376, 5696
147987150015464, 147987150020268, 4804
147987169291044, 147987169297236, 6192
147987188586284, 147987188590864, 4580
147987208113724, 147987208118436, 4712
147987227461524, 147987227466736, 5212
147987246792860, 147987246798256, 5396
147987266607792, 147987266613152, 5360
147987285923332, 147987285928264, 4932
147987305201116, 147987305206244, 5128
147987324504480, 147987324509132, 4652
147987343911732, 147987343916544, 4812
147987363260284, 147987363265088, 4804
147987382638848, 147987382644272, 5424
147987401932276, 147987401937688, 5412
147987421226620, 147987421232196, 5576
147987440479544, 147987440483860, 4316
147987459846072, 147987459850560, 4488
147987479156512, 147987479161768, 5256
147987498537124, 147987498542392, 5268
147988882911248, 147988882914080, 2832
147988929465600, 147988929470984, 5384
147988976148708, 147988976153992, 5284
147989023518120, 147989023524792, 6672
147989069992496, 147989069998572, 6076
147989116374824, 147989116380096, 5272
147989162722728, 147989162727568, 4840
147989209069128, 147989209074244, 5116
147989255467980, 147989255473976, 5996
147989302338572, 147989302344032, 5460
147989348657048, 147989348662096, 5048
147989394937328, 147989394941952, 4624
147989441284980, 147989441290216, 5236
147989487716936, 147989487723200, 6264
147989534746984, 147989534752092, 5108
147989581119048, 147989581124172, 5124
147989627645284, 147989627651100, 5816
147989674036748, 147989674042636, 5888
147989720281992, 147989720287468, 5476
147989767395116, 147989767400668, 5552
147989813945804, 147989813951740, 5936
147989860269652, 147989860274748, 5096
147989906625544, 147989906630704, 5160
147989953217076, 147989953221528, 4452
147989999551588, 147989999556960, 5372
147990046684640, 147990046689764, 5124
147990093337460, 147990093342688, 5228
147990139966608, 147990139972504, 5896
147990186619476, 147990186624972, 5496
147990232893736, 147990232898948, 5212
147990279872876, 147990279877932, 5056
147990326275260, 147990326279776, 4516
147990372745168, 147990372749892, 4724
147990419215692, 147990419220500, 4808
147990466020684, 147990466025840, 5156
147990512976900, 147990512982084, 5184
147990559466712, 147990559471432, 4720
147990605996884, 147990606001484, 4600
147990652527372, 147990652534676, 7304
147990968848704, 147990968852508, 3804
147991018524712, 147991018530180, 5468
147991067866344, 147991067872528, 6184
147991116728272, 147991116732912, 4640
147991165648680, 147991165654100, 5420
147991214821060, 147991214825776, 4716
147991264310612, 147991264319328, 8716
147991391625216, 147991391628312, 3096
147991414340916, 147991414346720, 5804
147991437084808, 147991437090824, 6016
147991495338676, 147991495342000, 3324
147991542537208, 147991542545532, 8324
147991543121548, 147991543122852, 1304
147991589636452, 147991589644340, 7888
147991624933612, 147991624941004, 7392
147991664809528, 147991664816224, 6696
147991710678068, 147991710680736, 2668
147991802378280, 147991802380912, 2632
147991872242924, 147991872245828, 2904
147991918882432, 147991918891316, 8884
147992085587576, 147992085590128, 2552
147992108364256, 147992108370304, 6048
147992131032784, 147992131038284, 5500
147992153757152, 147992153762336, 5184
147992195240240, 147992195247392, 7152
147992217973552, 147992217986956, 13404
147992284090092, 147992284103012, 12920
147993070696624, 147993070700516, 3892
147993080901088, 147993080906052, 4964
147993091102156, 147993091108456, 6300
147993101285468, 147993101289884, 4416
147993111471856, 147993111476604, 4748
147993121637148, 147993121642084, 4936
147993131829708, 147993131835352, 5644
147993142005920, 147993142011076, 5156
147993152204328, 147993152209876, 5548
147993162413560, 147993162417880, 4320
147993172660424, 147993172664776, 4352
147993182836776, 147993182841528, 4752
147993193004280, 147993193008968, 4688
147993203166860, 147993203171296, 4436
147993213336756, 147993213340704, 3948
147993223533952, 147993223537728, 3776
147993233730800, 147993233735640, 4840
147993243957476, 147993243961528, 4052
147993254767200, 147993254771392, 4192
147993264944836, 147993264950168, 5332
147993275173124, 147993275182044, 8920
147995056911256, 147995056914244, 2988
147995119497176, 147995119502008, 4832
147995181938404, 147995181943596, 5192
147995245201856, 147995245207424, 5568
147995307708172, 147995307713104, 4932
147995370159100, 147995370163852, 4752
147995432791176, 147995432796516, 5340
147995495900568, 147995495905548, 4980
147995558607332, 147995558612460, 5128
147995621218120, 147995621223960, 5840
147995684049916, 147995684055376, 5460
147995747671664, 147995747677980, 6316
147995810398912, 147995810404344, 5432
147995872957372, 147995872962380, 5008
147995935546792, 147995935551556, 4764
147995999161828, 147995999167464, 5636
147996061870104, 147996061874976, 4872
147996124662016, 147996124667152, 5136
147996187315852, 147996187320692, 4840
147996250315228, 147996250320552, 5324
147996312835648, 147996312840708, 5060
147996375580156, 147996375584792, 4636
147996438471992, 147996438477628, 5636
147996501955312, 147996501961248, 5936
147996564522900, 147996564529128, 6228
147996627155400, 147996627160352, 4952
147996689983020, 147996689989060, 6040
147996753166556, 147996753171044, 4488
147996815792656, 147996815798892, 6236
147996878603240, 147996878608016, 4776
147996941266248, 147996941272112, 5864
147997004550336, 147997004555892, 5556
147997067381432, 147997067387380, 5948
147997130190744, 147997130197556, 6812
147997193398016, 147997193404368, 6352
147997257175396, 147997257181100, 5704
147977097218168, 147977097220704, 2536
147977097235840, 147977097242252, 6412
147977116468248, 147977116473160, 4912
147977135724380, 147977135728880, 4500
147977155006804, 147977155012596, 5792
147977174271892, 147977174277740, 5848
147977193573228, 147977193578912, 5684
147977232939360, 147977232947220, 7860
147978830170828, 147978830173668, 2840
147978879343912, 147978879348744, 4832
147978928574300, 147978928579348, 5048
147978977703164, 147978977708728, 5564
147979026866036, 147979026871456, 5420
147979076644144, 147979076650476, 6332
147979125596292, 147979125600960, 4668
147979174593272, 147979174598616, 5344
147979223780724, 147979223785824, 5100
147979272809248, 147979272814620, 5372
147979322353324, 147979322358892, 5568
147979371279260, 147979371284120, 4860
147979420286400, 147979420291364, 4964
147979469371460, 147979469376260, 4800
147979518342496, 147979518347088, 4592
147979567889020, 147979567894184, 5164
147979617002840, 147979617007664, 4824
147979665976400, 147979665981604, 5204
147979715065880, 147979715070920, 5040
147979764205360, 147979764211180, 5820
147979813876692, 147979813882448, 5756
147979862843884, 147979862848360, 4476
147979912096276, 147979912101700, 5424
147979961098776, 147979961103304, 4528
147980010026216, 147980010032032, 5816
147980059692148, 147980059697440, 5292
147980108721244, 147980108726208, 4964
147980157694140, 147980157699812, 5672
147980206777116, 147980206782644, 5528
147980255897336, 147980255902600, 5264
147980305385052, 147980305390292, 5240
147981085589876, 147981085592572, 2696
147981095771020, 147981095776780, 5760
147981105950000, 147981105954744, 4744
147981116114376, 147981116119400, 5024
147981126362316, 147981126368212, 5896
147981136533504, 147981136537724, 4220
147981146718660, 147981146724792, 6132
147981156891436, 147981156896236, 4800
147981167077436, 147981167082720, 5284
147981177256400, 147981177261616, 5216
147981187477896, 147981187483640, 5744
147981197649108, 147981197653708, 4600
147981207846912, 147981207851804, 4892
147981218011456, 147981218015932, 4476
147981228229452, 147981228234124, 4672
147981238399508, 147981238403812, 4304
147981248626840, 147981248631620, 4780
147981258787560, 147981258791624, 4064
147981268989320, 147981268994548, 5228
147981378756628, 147981378759368, 2740
147981398051040, 147981398055780, 4740
147981420692092, 147981420699600, 7508
147981516417700, 147981516424120, 6420
147981533449852, 147981533457700, 7848
147981543781316, 147981543790136, 8820
147981626024068, 147981626049044, 24976
147981636230624, 147981636249392, 18768
147981674035612, 147981674050076, 14464
147981705923356, 147981705925960, 2604
147981725262316, 147981725267700, 5384
147981833394460, 147981833397132, 2672
147981847680692, 147981847686400, 5708
147981861986176, 147981861991608, 5432
147981876335684, 147981876340996, 5312
147981897215900, 147981897224092, 8192
147981984988848, 147981984992800, 3952
147981995175344, 147981995180776, 5432
147982005374212, 147982005384952, 10740
147982008861584, 147982008862940, 1356
147982019048980, 147982019055408, 6428
147982130662864, 147982130665604, 2740
147982144956136, 147982144961168, 5032
147982159244816, 147982159250536, 5720
147982173532180, 147982173537276, 5096
147982288118620, 147982288121580, 2960
147982298291140, 147982298295476, 4336
147982308545736, 147982308550668, 4932
147982417727304, 147982417729268, 1964
147982428091576, 147982428096372, 4796
147982537457220, 147982537459236, 2016
147982547738736, 147982547743744, 5008
147982558061376, 147982558068264, 6888
147982568360612, 147982568367508, 6896
147982607746496, 147982607755232, 8736
147982730840304, 147982730842348, 2044
147982753554536, 147982753560752, 6216
147982776852232, 147982776859720, 7488
147982791147756, 147982791157404, 9648
147982806545568, 147982806546896, 1328
147982820867576, 147982820876064, 8488
147982834752116, 147982834760900, 8784
147982863461108, 147982863468088, 6980
147982914271836, 147982914279252, 7416
147982988131124, 147982988134024, 2900
147983037827476, 147983037837240, 9764
147983095723112, 147983095726192, 3080
147983121670960, 147983121678332, 7372
147983251268148, 147983251270820, 2672
147983265524396, 147983265529032, 4636
147983280358584, 147983280363204, 4620
147983299141824, 147983299149728, 7904
147983337034508, 147983337041928, 7420
147983351301612, 147983351313712, 12100
147983392887924, 147983392890624, 2700
147983432775116, 147983432782796, 7680
147983484604332, 147983484612176, 7844
147983532466376, 147983532474104, 7728
147983536430200, 147983536435856, 5656
147983616243628, 147983616246500, 2872
147983630599936, 147983630604712, 4776
147983644912624, 147983644917720, 5096
147983659243056, 147983659252264, 9208
147983669545224, 147983669552616, 7392
147983678012880, 147983678014996, 2116
147983692288852, 147983692295264, 6412
147983799697208, 147983799699164, 1956
147983813971940, 147983813978064, 6124
147983828285404, 147983828290628, 5224
147983842571960, 147983842577468, 5508
147983955275960, 147983955278956, 2996
147983974566452, 147983974574852, 8400
147984021387920, 147984021394468, 6548
147984132737040, 147984132739156, 2116
147984142917020, 147984142922388, 5368
147984162622356, 147984162629820, 7464
147984252365732, 147984252368256, 2524
147984299348328, 147984299353944, 5616
147984348082964, 147984348088316, 5352
147984429889660, 147984429896732, 7072
147984476417268, 147984476431016, 13748
147984511684184, 147984511690852, 6668
147985089948012, 147985089949820, 1808
147985136219300, 147985136225252, 5952
147985182509596, 147985182514936, 5340
147985229019464, 147985229024720, 5256
147985276058552, 147985276064328, 5776
147985322502564, 147985322507660, 5096
147985369189216, 147985369194700, 5484
147985415711444, 147985415717060, 5616
147985462039156, 147985462044244, 5088
147985508749212, 147985508754228, 5016
147985556203080, 147985556208840, 5760
147985602549816, 147985602554912, 5096
147985648897304, 147985648902648, 5344
147985695816928, 147985695822780, 5852
147985742536216, 147985742544048, 7832
147985753492408, 147985753500124, 7716
147985909557508, 147985909561056, 3548
147985930988764, 147985930994036, 5272
147986005353224, 147986005359888, 6664
147986053164080, 147986053166496, 2416
147986162812392, 147986162814344, 1952
147986172987300, 147986172992388, 5088
147986183240728, 147986183247344, 6616
147986294415000, 147986294416712, 1712
147986304597608, 147986304602436, 4828
147986314821388, 147986314830472, 9084
147986343401560, 147986343407904, 6344
147986353583432, 147986353590980, 7548
147986485904260, 147986485909704, 5444
147986605534976, 147986605537764, 2788
147986615733016, 147986615738016, 5000
147986625937304, 147986625942776, 5472
147986735216164, 147986735218960, 2796
147986782224596, 147986782229644, 5048
147986828965956, 147986828970996, 5040
147986882731428, 147986882738516, 7088
147986929495256, 147986929508796, 13540
147986992414528, 147986992428524, 13996
147987014444364, 147987014451744, 7380
147987082243896, 147987082252168, 8272
147987114052932, 147987114060440, 7508
147987129965472, 147987129971404, 5932
147987140187912, 147987140200808, 12896
147987213763796, 147987213765496, 1700
147987375387500, 147987375390368, 2868
147987389663492, 147987389668768, 5276
147987403933412, 147987403938780, 5368
147987418188460, 147987418193284, 4824
147987432424492, 147987432429028, 4536
147987544811264, 147987544813920, 2656
147987555027224, 147987555032272, 5048
147987565227312, 147987565232840, 5528
147987575397864, 147987575406428, 8564
147987594721228, 147987594729820, 8592
147987632549452, 147987632557472, 8020
147987722306896, 147987722310004, 3108
147987738831600, 147987738840428, 8828
147987901746824, 147987901749492, 2668
147987923201676, 147987923207276, 5600
147987944737116, 147987944746068, 8952
147987961217288, 147987961225140, 7852
147987977485400, 147987977486896, 1496
147987998945764, 147987998953088, 7324
147988063284600, 147988063292000, 7400
147988087227016, 147988087235596, 8580
147988111193556, 147988111201244, 7688
147988173838916, 147988173852768, 13852
147988210839648, 147988210847064, 7416
147988274150716, 147988274164812, 14096
147989086304272, 147989086307100, 2828
147989108988444, 147989108994228, 5784
147989131695608, 147989131701820, 6212
147989154416104, 147989154421556, 5452
147989177206436, 147989177211100, 4664
147989199898796, 147989199904296, 5500
147989222694136, 147989222699088, 4952
147989245411264, 147989245416280, 5016
147989268716704, 147989268721916, 5212
147989291403124, 147989291409000, 5876
147989314134044, 147989314139348, 5304
147989336824552, 147989336829156, 4604
147989359528004, 147989359533184, 5180
147989382176784, 147989382181544, 4760
147989404875808, 147989404881436, 5628
147989427591316, 147989427596000, 4684
147989450348884, 147989450353884, 5000
147989473075452, 147989473080716, 5264
147989495788480, 147989495793784, 5304
147989519060840, 147989519065476, 4636
147989541784660, 147989541789372, 4712
147989564532124, 147989564537116, 4992
147989587368164, 147989587373276, 5112
147989610125648, 147989610130144, 4496
147989632915904, 147989632922092, 6188
147989655715888, 147989655723604, 7716
147989718313100, 147989718320320, 7220
147989728594660, 147989728601844, 7184
147989791987552, 147989791996320, 8768
147989866038824, 147989866041292, 2468
147989929856796, 147989929874076, 17280
147989949802520, 147989949815736, 13216
147989971291620, 147989971316180, 24560
147989977900284, 147989977917812, 17528
147990006936200, 147990006956984, 20784
147990035610080, 147990035626076, 15996
147990974798876, 147990974802340, 3464
147991041179584, 147991041184264, 4680
147991106648796, 147991106654720, 5924
147991171980168, 147991171985108, 4940
147991237519936, 147991237524528, 4592
147991303497484, 147991303502660, 5176
147991369151208, 147991369156288, 5080
147991434773328, 147991434778976, 5648
147991500548780, 147991500553760, 4980
147991566840444, 147991566845840, 5396
147991632388300, 147991632393624, 5324
147991748585020, 147991748592860, 7840
147991965918136, 147991965921244, 3108
147991982361888, 147991982367236, 5348
147992097615084, 147992097618052, 2968
147992160139180, 147992160145268, 6088
147992222655548, 147992222660960, 5412
147992285947608, 147992285956312, 8704
147992400661144, 147992400663728, 2584
147992449778396, 147992449783788, 5392
147992598153652, 147992598156352, 2700
147992644561148, 147992644566256, 5108
147992691249476, 147992691255240, 5764
147992737758444, 147992737767208, 8764
147992769721076, 147992769729012, 7936
147992865310728, 147992865313936, 3208
147992888008264, 147992888014088, 5824
147992910753688, 147992910761792, 8104
147992939337276, 147992939344712, 7436
147993074668340, 147993074671140, 2800
147993137055008, 147993137060280, 5272
147993199498424, 147993199505104, 6680
147993226256340, 147993226261168, 4828
147993312028956, 147993312031912, 2956
147993358483992, 147993358488920, 4928
147993503554760, 147993503556936, 2176
147993549996616, 147993550004252, 7636
147993615569512, 147993615576160, 6648
147993662140148, 147993662148584, 8436
147993668914136, 147993668916008, 1872
147993816637156, 147993816639972, 2816
147993882465868, 147993882471864, 5996
147993998243776, 147993998246564, 2788
147994021275080, 147994021281256, 6176
147994044021960, 147994044049576, 27616
147994066895636, 147994066901084, 5448
147994089635932, 147994089644884, 8952
147994118383172, 147994118392176, 9004
147994141280576, 147994141289080, 8504
147994245357120, 147994245359956, 2836
147994266824288, 147994266830964, 6676
147994288541612, 147994288549500, 7888
147994323055612, 147994323060660, 5048
147994404848732, 147994404851508, 2776
147994427557352, 147994427563368, 6016
147994548412460, 147994548414336, 1876
147994571124296, 147994571130188, 5892
147994593836408, 147994593842284, 5876
147994632156728, 147994632164568, 7840
147994717964564, 147994717967228, 2664
147994837614588, 147994837617452, 2864
147994886713976, 147994886719052, 5076
147994935820368, 147994935829300, 8932
147994949240788, 147994949245716, 4928
147995046991212, 147995046994292, 3080
147995160603932, 147995160606060, 2128
147995181974824, 147995181980592, 5768
147995302201912, 147995302203620, 1708
147995323565348, 147995323573892, 8544
147995437834184, 147995437836712, 2528
147995452133444, 147995452138428, 4984
147995466427512, 147995466432988, 5476
147995480704444, 147995480709464, 5020
147995499621280, 147995499626412, 5132
147995593445560, 147995593448700, 3140
147995760890492, 147995760893364, 2872
147995809968212, 147995809974192, 5980
147995864586900, 147995864591840, 4940
147995966278828, 147995966286220, 7392
147996058007572, 147996058010168, 2596
147996121813736, 147996121818748, 5012
147996168165396, 147996168180000, 14604
147996184694980, 147996184709428, 14448
147996203582032, 147996203588852, 6820
147996250477676, 147996250492176, 14500
147996285342004, 147996285347832, 5828
147996640337972, 147996640341112, 3140
147996654615648, 147996654621048, 5400
147996668991064, 147996668996556, 5492
147996683399768, 147996683404744, 4976
147996697681896, 147996697685848, 3952
147996712018204, 147996712023524, 5320
147996726344348, 147996726349668, 5320
147996741173584, 147996741178432, 4848
147996755449552, 147996755453712, 4160
147996769793256, 147996769798140, 4884
147996784133580, 147996784138408, 4828
147974750442672, 147974750447908, 5236
147974750495100, 147974750498128, 3028
147974750529904, 147974750532640, 2736
147974750583040, 147974750585704, 2664
147974750622428, 147974750625040, 2612
147974750728756, 147974750731424, 2668
147974750800172, 147974750802752, 2580
147974750824996, 147974750827548, 2552
147974750872168, 147974750874456, 2288
147974750896748, 147974750900116, 3368
147974750928784, 147974750931168, 2384
147976744372844, 147976744378032, 5188
147976744395820, 147976744408800, 12980
147976744420528, 147976744429868, 9340
147976744441056, 147976744449568, 8512
147976782356728, 147976782361648, 4920
147976820129952, 147976820134844, 4892
147976857903244, 147976857910764, 7520
147976887811916, 147976887819608, 7692
147976973624684, 147976973628096, 3412
147977020122888, 147977020129524, 6636
147977069967572, 147977069975356, 7784
147977123112240, 147977123114888, 2648
147977151138000, 147977151142924, 4924
147977236825192, 147977236828192, 3000
147977320662364, 147977320665172, 2808
147977382443712, 147977382446264, 2552
147977445261860, 147977445267424, 5564
147977607781000, 147977607783820, 2820
147977617994860, 147977618000016, 5156
147977628322212, 147977628327816, 5604
147977737367832, 147977737370040, 2208
147977747554240, 147977747559440, 5200
147977757751244, 147977757757748, 6504
147977797187900, 147977797192776, 4876
147977807468000, 147977807479848, 11848
147977873320040, 147977873331936, 11896
147977883566204, 147977883578736, 12532
147977912131676, 147977912143052, 11376
147977922378252, 147977922393004, 14752
147977940776076, 147977940781048, 4972
147977956688140, 147977956692552, 4412
147978028555412, 147978028562760, 7348
147979095394196, 147979095396888, 2692
147979114672740, 147979114678268, 5528
147979133986144, 147979133991456, 5312
147979153291152, 147979153296500, 5348
147979172608764, 147979172614540, 5776
147979191986204, 147979191991220, 5016
147979211318204, 147979211322928, 4724
147979230569788, 147979230574300, 4512
147979249840840, 147979249845008, 4168
147979269140172, 147979269144136, 3964
147979289028692, 147979289032988, 4296
147979308408180, 147979308413004, 4824
147979327758120, 147979327763292, 5172
147979347071320, 147979347076476, 5156
147979366320176, 147979366324536, 4360
147979385655212, 147979385660268, 5056
147979404956704, 147979404961624, 4920
147979424368380, 147979424373420, 5040
147979443748928, 147979443753972, 5044
147979463065812, 147979463070368, 4556
147979482350152, 147979482355556, 5404
147979889075492, 147979889078944, 3452
147979935513352, 147979935518848, 5496
147979981786204, 147979981791076, 4872
147980028828848, 147980028834140, 5292
147980075392328, 147980075397508, 5180
147980121671492, 147980121676748, 5256
147980167954544, 147980167959092, 4548
147980214440988, 147980214446852, 5864
147980260868988, 147980260874352, 5364
147980307718544, 147980307723632, 5088
147980354208592, 147980354213620, 5028
147980400638804, 147980400647580, 8776
147980423479964, 147980423481588, 1624
147980469951236, 147980469960068, 8832
147980505282192, 147980505288540, 6348
147980552392092, 147980552406364, 14272
147980587111024, 147980587117848, 6824
147980633665680, 147980633679960, 14280
147980668800816, 147980668807436, 6620
147981077621752, 147981077624676, 2924
147981100280604, 147981100286332, 5728
147981122920048, 147981122926052, 6004
147981145610748, 147981145615912, 5164
147981168281376, 147981168286780, 5404
147981190940064, 147981190945200, 5136
147981213605224, 147981213609904, 4680
147981236294200, 147981236298688, 4488
147981258975292, 147981258980352, 5060
147981282182220, 147981282186384, 4164
147981304895208, 147981304899784, 4576
147981327806392, 147981327812044, 5652
147981350564000, 147981350572848, 8848
147981358781384, 147981358783224, 1840
147981381539012, 147981381546976, 7964
147981410660776, 147981410668864, 8088
147981462528656, 147981462542620, 13964
147981520357412, 147981520360768, 3356
147981567350068, 147981567357492, 7424
147981568159828, 147981568161060, 1232
147981713828084, 147981713830768, 2684
147981777181324, 147981777187452, 6128
147981840029332, 147981840034632, 5300
147983087762496, 147983087765192, 2696
147983107002960, 147983107007680, 4720
147983126336580, 147983126341260, 4680
147983145672864, 147983145677988, 5124
147983164968660, 147983164973752, 5092
147983184434624, 147983184439716, 5092
147983203807148, 147983203812724, 5576
147983223090088, 147983223095844, 5756
147983242382764, 147983242387700, 4936
147983261663436, 147983261668684, 5248
147983281487724, 147983281493024, 5300
147983300752324, 147983300757348, 5024
147983320093784, 147983320098448, 4664
147983339479128, 147983339483932, 4804
147983358787568, 147983358792800, 5232
147983378219800, 147983378225124, 5324
147983397566180, 147983397571148, 4968
147983416924076, 147983416928884, 4808
147983436271868, 147983436277676, 5808
147983455571620, 147983455577016, 5396
147983474887360, 147983474892128, 4768
147983494206400, 147983494212260, 5860
147983513582524, 147983513587456, 4932
147983533588388, 147983533593292, 4904
147984140751916, 147984140755564, 3648
147984162175248, 147984162181180, 5932
147984183696964, 147984183701464, 4500
147984205179632, 147984205184404, 4772
147984226670428, 147984226675780, 5352
147984248150900, 147984248156172, 5272
147984270144536, 147984270150060, 5524
147984291642608, 147984291648164, 5556
147984313120932, 147984313126180, 5248
147984334541648, 147984334553800, 12152
147984360795768, 147984360805592, 9824
147984375972744, 147984375974008, 1264
147984449914240, 147984449922816, 8576
147984461756572, 147984461763704, 7132
147984545527116, 147984545530032, 2916
147984547476476, 147984547477992, 1516
147984667211728, 147984667214016, 2288
147984688665796, 147984688675188, 9392
147984705291876, 147984705300148, 8272
147984733941116, 147984733949972, 8856
147984797390292, 147984797397828, 7536
147984912517972, 147984912520656, 2684
147984926848528, 147984926853092, 4564
147984941349408, 147984941355236, 5828
147984955811004, 147984955815820, 4816
147984970110204, 147984970113928, 3724
147985083980668, 147985083983836, 3168
147985094173744, 147985094181164, 7420
147985110695416, 147985110703696, 8280
147985442899296, 147985442902944, 3648
147985505693724, 147985505698892, 5168
147985569117412, 147985569123048, 5636
147985631685908, 147985631690896, 4988
147985694712848, 147985694718360, 5512
147985757409044, 147985757415112, 6068
147985820549848, 147985820554988, 5140
147985983467456, 147985983470432, 2976
147986030649908, 147986030655024, 5116
147986077315384, 147986077320752, 5368
147986222704532, 147986222706576, 2044
147986269851848, 147986269857160, 5312
147986316252860, 147986316257860, 5000
147986461989544, 147986461992464, 2920
147986472277596, 147986472282772, 5176
147986482623384, 147986482629044, 5660
147986492835852, 147986492842124, 6272
147986521928572, 147986521935992, 7420
147986543486652, 147986543495748, 9096
147986606132668, 147986606138976, 6308
147986651402132, 147986651411452, 9320
147986661655844, 147986661667728, 11884
147986691329440, 147986691337292, 7852
147986729183648, 147986729186732, 3084
147986792811728, 147986792820696, 8968
147986858654576, 147986858663528, 8952
147986875251772, 147986875259008, 7236
147986903806908, 147986903813628, 6720
147986969956524, 147986969964780, 8256
147987018330076, 147987018335284, 5208
147987050306460, 147987050314404, 7944
147987116039440, 147987116042048, 2608
147987132518108, 147987132524908, 6800
147987201826596, 147987201834572, 7976
147987216094848, 147987216107084, 12236
147987415156024, 147987415159416, 3392
147987477652736, 147987477657104, 4368
147987540867884, 147987540873132, 5248
147987702359300, 147987702362176, 2876
147987712553200, 147987712557936, 4736
147987722836328, 147987722842272, 5944
147987733011268, 147987733017900, 6632
147987754490732, 147987754499096, 8364
147987881883412, 147987881886172, 2760
147987944520852, 147987944526292, 5440
147988007036932, 147988007044196, 7264
147988011399976, 147988011401316, 1340
147988147019568, 147988147022812, 3244
147988157228600, 147988157237640, 9040
147988182936320, 147988182943968, 7648
147988276733412, 147988276736220, 2808
147988293210828, 147988293219708, 8880
147988402325180, 147988402328036, 2856
147988464964256, 147988464969360, 5104
147988528130328, 147988528135412, 5084
147988691490676, 147988691493116, 2440
147988754428076, 147988754433508, 5432
147988817979132, 147988817984152, 5020
147988880772320, 147988880781944, 9624
147989044487896, 147989044490712, 2816
147989061031832, 147989061038308, 6476
147989126628848, 147989126637580, 8732
147989172132576, 147989172137292, 4716
147989842077520, 147989842080864, 3344
147989861318356, 147989861322876, 4520
147989880605584, 147989880610496, 4912
147989899924604, 147989899929556, 4952
147989919334832, 147989919339804, 4972
147989938733268, 147989938738384, 5116
147989958056712, 147989958061920, 5208
147989977346168, 147989977351848, 5680
147989996659536, 147989996664528, 4992
147990016494148, 147990016498808, 4660
147990035890160, 147990035895140, 4980
147990055229804, 147990055234744, 4940
147990075434516, 147990075447576, 13060
147991066511808, 147991066513708, 1900
147991085753000, 147991085758136, 5136
147991105026148, 147991105030452, 4304
147991124279856, 147991124284180, 4324
147991143564684, 147991143568928, 4244
147991162882188, 147991162887012, 4824
147991182219748, 147991182224608, 4860
147991201557820, 147991201562552, 4732
147991220919308, 147991220924660, 5352
147991240223784, 147991240228700, 4916
147991260065448, 147991260071372, 5924
147991279401260, 147991279405932, 4672
147991298764592, 147991298769924, 5332
147991318151920, 147991318156408, 4488
147991337574076, 147991337580076, 6000
147991356886804, 147991356891560, 4756
147991376252992, 147991376270044, 17052
147991395553052, 147991395558112, 5060
147991414904344, 147991414909932, 5588
147991434283648, 147991434292356, 8708
147991471378048, 147991471384640, 6592
147991559134400, 147991559138120, 3720
147991621961944, 147991621967156, 5212
147991684757576, 147991684767544, 9968
147991728674368, 147991728681376, 7008
147991752110752, 147991752125432, 14680
147991780496032, 147991780503564, 7532
147991803397000, 147991803411116, 14116
147991832307956, 147991832315308, 7352
147991884159376, 147991884166868, 7492
147991906910588, 147991906924644, 14056
147991969736060, 147991969750616, 14556
147992016679360, 147992016694224, 14864
147992033757376, 147992033764288, 6912
147992080357492, 147992080370348, 12856
147992115537448, 147992115544408, 6960
147992161915148, 147992161928668, 13520
147992172107884, 147992172120168, 12284
147992197223712, 147992197231012, 7300
147992277018448, 147992277021736, 3288
147992299781800, 147992299786924, 5124
147992350846860, 147992350853868, 7008
147992420586456, 147992420589500, 3044
147992498964680, 147992498972204, 7524
147992562149128, 147992562162964, 13836
147992624744864, 147992624759292, 14428
147992669894768, 147992669907724, 12956
147992735570844, 147992735584852, 14008
147992809588012, 147992809595520, 7508
147993058748508, 147993058750492, 1984
147993072991888, 147993072997576, 5688
147993087242636, 147993087247140, 4504
147993101492900, 147993101497068, 4168
147993115733664, 147993115738388, 4724
147993130010960, 147993130015908, 4948
147993144294200, 147993144299672, 5472
147993158571156, 147993158575472, 4316
147993172894980, 147993172899812, 4832
147993187202084, 147993187210920, 8836
147993209852520, 147993209860368, 7848
147993273003100, 147993273012212, 9112
147995052930704, 147995052933744, 3040
147995063111144, 147995063116052, 4908
147995073335216, 147995073341048, 5832
147995083516300, 147995083521176, 4876
147995093759496, 147995093764104, 4608
147995103950812, 147995103955560, 4748
147995114147176, 147995114153320, 6144
147995124331924, 147995124336476, 4552
147995134533720, 147995134539496, 5776
147995144719344, 147995144724008, 4664
147995154948944, 147995154953968, 5024
147995165137360, 147995165142032, 4672
147995175310284, 147995175314624, 4340
147995185471652, 147995185476076, 4424
147995195669936, 147995195674916, 4980
147995205842352, 147995205846600, 4248
147995216082764, 147995216087064, 4300
147995226271860, 147995226275864, 4004
147995236493324, 147995236498092, 4768
147995247217240, 147995247221340, 4100
147995257476372, 147995257481404, 5032
147995267663420, 147995267667812, 4392
147995277944812, 147995277949888, 5076
147995288107488, 147995288111364, 3876
147995298329748, 147995298334952, 5204
147995308488772, 147995308493428, 4656
147995318658488, 147995318667480, 8992
147995328825044, 147995328829668, 4624
147995339002000, 147995339006492, 4492
147995349195012, 147995349198940, 3928
147995359421464, 147995359426988, 5524
147995369662412, 147995369666328, 3916
147995379922592, 147995379927556, 4964
147995390111212, 147995390115932, 4720
147995400388556, 147995400394300, 5744
147995410561720, 147995410566360, 4640
147995420772528, 147995420777404, 4876
147995430947332, 147995430951848, 4516
147995441243860, 147995441248668, 4808
147995451458716, 147995451463292, 4576
147995461737024, 147995461741980, 4956
147995471902876, 147995471907440, 4564
147995482099020, 147995482103892, 4872
147995492827528, 147995492832816, 5288
147995503019252, 147995503024096, 4844
147995513214864, 147995513220108, 5244
147996203602612, 147996203606096, 3484
147996213786180, 147996213791316, 5136
147996223981200, 147996223987256, 6056
147996234162012, 147996234166468, 4456
147996244943568, 147996244949284, 5716
147996255124144, 147996255129088, 4944
147996265354900, 147996265360592, 5692
147996275545256, 147996275549280, 4024
147996285795436, 147996285800176, 4740
147996295974588, 147996295979368, 4780
147996306194348, 147996306199704, 5356
147996316409948, 147996316414572, 4624
147996326626392, 147996326631460, 5068
147996336865232, 147996336869064, 3832
147996347245056, 147996347249584, 4528
147996357551516, 147996357554896, 3380
147996367835764, 147996367849372, 13608
147996378008948, 147996378016252, 7304
147996504730088, 147996504732168, 2080
147996514915556, 147996514921196, 5640
147996525125764, 147996525131924, 6160
147996535349696, 147996535356260, 6564
147996581737836, 147996581746640, 8804
147996698146944, 147996698150040, 3096
147996708378660, 147996708383380, 4720
147996718643092, 147996718649100, 6008
147996728865920, 147996728869924, 4004
147996841754688, 147996841757400, 2712
