19946054957108, 19946054965676, 8568
19948047239652, 19948047242068, 2416
19948047279588, 19948047283076, 3488
19948047311776, 19948047314384, 2608
19948047341036, 19948047343508, 2472
19948047369952, 19948047372212, 2260
19948047398116, 19948047400492, 2376
19948047425932, 19948047428276, 2344
19948047453928, 19948047456316, 2388
19948047482272, 19948047484868, 2596
19948047510284, 19948047512728, 2444
19948047538096, 19948047540552, 2456
19948047566436, 19948047568804, 2368
19948047595840, 19948047598516, 2676
19948047626992, 19948047629396, 2404
19948047656608, 19948047659016, 2408
19948047685100, 19948047687744, 2644
19948047713724, 19948047716444, 2720
19948047741772, 19948047744340, 2568
19948047770480, 19948047772880, 2400
19948047798624, 19948047801068, 2444
19948047827840, 19948047830264, 2424
19948047855284, 19948047857584, 2300
19950040506404, 19950040512416, 6012
19950040525060, 19950040537208, 12148
19950040548216, 19950040557972, 9756
19950040568260, 19950040577896, 9636
19950040588604, 19950040597268, 8664
19950040607752, 19950040616952, 9200
19950040627632, 19950040636324, 8692
19950040646536, 19950040655692, 9156
19950040666060, 19950040674300, 8240
19950040684380, 19950040693048, 8668
19950040703692, 19950040711896, 8204
19950040722100, 19950040730664, 8564
19950040741172, 19950040749316, 8144
19950040759296, 19950040767776, 8480
19950040778092, 19950040786176, 8084
19950802631304, 19950802641278, 9974
19951229595916, 19951229601812, 5896
19951360430872, 19951360454812, 23940
19951533303696, 19951533310360, 6664
19951954748100, 19951954756320, 8220
19952457743308, 19952457750968, 7660
19952588581580, 19952588588516, 6936
19953319612308, 19953319621832, 9524
19953618410952, 19953618418468, 7516
19953748676940, 19953748684132, 7192
19954222267816, 19954222275728, 7912
19954525138364, 19954525146796, 8432
19955418396476, 19955418405756, 9280
19955739509260, 19955739516792, 7532
19956042869248, 19956042876704, 7456
19956314518444, 19956314526040, 7596
19956584180796, 19956584188668, 7872
19957197216440, 19957197224236, 7796
19957328008316, 19957328016604, 8288
19957749008040, 19957749014728, 6688
19958018671576, 19958018677684, 6108
19958202636904, 19958202644188, 7284
19958505982028, 19958505989716, 7688
19959226751848, 19959226759140, 7292
19959840389416, 19959840397492, 8076
19960139096144, 19960139103508, 7364
19960560561284, 19960560568084, 6800
19960978531624, 19960978539852, 8228
19961250220724, 19961250228876, 8152
19962143314776, 19962143323040, 8264
19962874241032, 19962874248668, 7636
19963286007200, 19963286015764, 8564
19964098110412, 19964098115764, 5352
19964510012840, 19964510020216, 7376
19964880704100, 19964880706880, 2780
19965299255224, 19965299263524, 8300
19965620360980, 19965620368692, 7712
19966351458976, 19966351466508, 7532
19967000994520, 19967001004316, 9796
19967504699320, 19967504707500, 8180
19967543456368, 19967543463704, 7336
19967954813964, 19967954821964, 8000
19968226486608, 19968226494472, 7864
19968829195516, 19968829197876, 2360
19969332190132, 19969332199232, 9100
19969505617760, 19969505626356, 8596
19969941842056, 19969941849492, 7436
19970444803168, 19970444811504, 8336
19970527067464, 19970527068804, 1340
19970699812308, 19970699815776, 3468
19971379053808, 19971379057424, 3616
19945973196432, 19945973204452, 8020
19945989697380, 19945989706032, 8652
19946006097740, 19946006105644, 7904
19946022525652, 19946022533536, 7884
19946038813952, 19946038822660, 8708
19950138245032, 19950138254100, 9068
19950828553380, 19950828558020, 4640
19951235602644, 19951235613396, 10752
19951507342668, 19951507353644, 10976
19951944061860, 19951944070756, 8896
19952756369208, 19952756376572, 7364
19953059626500, 19953059634924, 8424
19953243013700, 19953243022236, 8536
19953430826192, 19953430834984, 8792
19954323844072, 19954323852688, 8616
19954759993152, 19954760001764, 8612
19955267871516, 19955267874420, 2904
19956041966396, 19956041969540, 3144
19956172221356, 19956172229396, 8040
19956493192188, 19956493201420, 9232
19956905046332, 19956905055796, 9464
19957555035640, 19957555044364, 8724
19958058014992, 19958058022256, 7264
19958469855980, 19958469863732, 7752
19958480099296, 19958480101420, 2124
19959292920412, 19959292927336, 6924
19959562570176, 19959562576940, 6764
19959692799916, 19959692808384, 8468
19960423769288, 19960423777392, 8104
19960926643204, 19960926651136, 7932
19961110606604, 19961110614680, 8076
19961413550812, 19961413559276, 8464
19962225723976, 19962225730772, 6796
19962409673964, 19962409681888, 7924
19963302713660, 19963302722908, 9248
19963304282448, 19963304289300, 6852
19963434626036, 19963434633688, 7652
19963607870100, 19963607877864, 7764
19963910623492, 19963910630460, 6968
19964094558192, 19964094566364, 8172
19964364142948, 19964364149328, 6380
19964551861516, 19964551869432, 7916
19965154764532, 19965154772288, 7756
19965453524436, 19965453531596, 7160
19965927063952, 19965927071784, 7832
19965928650712, 19965928657468, 6756
19966340543036, 19966340550204, 7168
19966639175980, 19966639183720, 7740
19966826886996, 19966826895632, 8636
19967147816592, 19967147824256, 7664
19967378685148, 19967378686384, 1236
19967566505020, 19967566512108, 7088
19967570158820, 19967570160024, 1204
19967890965128, 19967890972676, 7548
19968021794744, 19968021802616, 7872
19968928953628, 19968928957428, 3800
19969677102532, 19969677105468, 2936
19970197856840, 19970197859700, 2860
19971090849844, 19971090854424, 4580
19945924045692, 19945924059552, 13860
19945940593984, 19945940604408, 10424
19945956805900, 19945956819896, 13996
19950413563938, 19950413594304, 30366
19950898383548, 19950898389356, 5808
19951548180904, 19951548209412, 28508
19951549792904, 19951549800008, 7104
19951967652088, 19951967659804, 7716
19952289103176, 19952289112372, 9196
19953181330712, 19953181341024, 10312
19953502289568, 19953502298180, 8612
19954152004508, 19954152013596, 9088
19954335932212, 19954335939256, 7044
19954985043932, 19954985051412, 7480
19954988530336, 19954988531608, 1272
19955172446180, 19955172453384, 7204
19955730305192, 19955730313796, 8604
19956542901944, 19956542909420, 7476
19956841436572, 19956841444272, 7700
19957144183776, 19957144190864, 7088
19957331851208, 19957331859368, 8160
19957805335760, 19957805344136, 8376
19958455056600, 19958455065304, 8704
19958726627384, 19958726636064, 8680
19958914311232, 19958914319004, 7772
19958915896668, 19958915902524, 5856
19959509587084, 19959509589968, 2884
19960322097068, 19960322105092, 8024
19960509177552, 19960509188420, 10868
19961122488140, 19961122496636, 8496
19961392065500, 19961392074376, 8876
19961909829168, 19961909832868, 3700
19962328227088, 19962328234520, 7432
19963140232272, 19963140241284, 9012
19963324139216, 19963324147540, 8324
19964054970832, 19964054978924, 8092
19964475707828, 19964475716612, 8784
19965288195112, 19965288200296, 5184
19966100272512, 19966100277824, 5312
19966912233448, 19966912240760, 7312
19967096143824, 19967096152856, 9032
19967709058888, 19967709067176, 8288
19968012270844, 19968012278872, 8028
19968829190000, 19968829194276, 4276
19969677102764, 19969677106468, 3704
19970290461340, 19970290471044, 9704
19970562059500, 19970562064632, 5132
19970860694200, 19970860698400, 4200
19971044647236, 19971044651064, 3828
19945907541908, 19945907549588, 7680
19950138218558, 19950138257152, 38594
19950982186684, 19950982189860, 3176
19951485098024, 19951485109788, 11764
19951787786620, 19951787796952, 10332
19952437671024, 19952437681636, 10612
19952822790240, 19952822794720, 4480
19953258874408, 19953258884408, 10000
19953680231440, 19953680240076, 8636
19954410996348, 19954411005484, 9136
19954709516204, 19954709524376, 8172
19954979086872, 19954979093888, 7016
19955109866980, 19955109874764, 7784
19955521253292, 19955521260736, 7444
19955820365248, 19955820373092, 7844
19956241088268, 19956241095980, 7712
19956659482028, 19956659490396, 8368
19957162293636, 19957162302112, 8476
19957598990408, 19957598998136, 7728
19957600576536, 19957600583504, 6968
19957899157880, 19957899165876, 7996
19958512553756, 19958512562748, 8992
19958833988740, 19958833996060, 7320
19959132555968, 19959132563368, 7400
19959186419484, 19959186420936, 1452
19959507331540, 19959507339332, 7792
19959695023484, 19959695031956, 8472
19959966622464, 19959966629804, 7340
19960150550360, 19960150558212, 7852
19961043329328, 19961043337984, 8656
19961810064420, 19961810068152, 3732
19962422943960, 19962422953012, 9052
19962725664280, 19962725673004, 8724
19962913339408, 19962913348020, 8612
19963563218084, 19963563225068, 6984
19964455311624, 19964455320176, 8552
19965185895000, 19965185901892, 6892
19965488690856, 19965488698828, 7972
19966138491436, 19966138499576, 8140
19966696217468, 19966696225564, 8096
19966826982960, 19966826990592, 7632
19967247724872, 19967247732980, 8108
19967897559864, 19967897567532, 7668
19968334204528, 19968334213256, 8728
19968655050528, 19968655058588, 8060
19969268307176, 19969268314520, 7344
19969999070296, 19969999078508, 8212
19970319850928, 19970319858824, 7896
19970731106900, 19970731109556, 2656
19971052520400, 19971052524684, 4284
19945965005140, 19945965014376, 9236
19950138216584, 19950138256224, 39640
19950978195176, 19950978201748, 6572
19951790586480, 19951790614008, 27528
19951977706648, 19951977715512, 8864
19952247275304, 19952247283416, 8112
19952720620820, 19952720629088, 8268
19953333814652, 19953333822216, 7564
19953603447928, 19953603455452, 7524
19954161085504, 19954161094864, 9360
19954348758700, 19954348766504, 7804
19954769381972, 19954769388936, 6964
19954957009888, 19954957017472, 7584
19955687768328, 19955687776812, 8484
19956190404788, 19956190413508, 8720
19956839918792, 19956839926652, 7860
19957731994632, 19957732003012, 8380
19958150387556, 19958150394860, 7304
19958708619296, 19958708628640, 9344
19959409934560, 19959409938752, 4192
19959477656148, 19959477657712, 1564
19960127349448, 19960127356612, 7164
19960784576104, 19960784579376, 3272
19961105432572, 19961105441480, 8908
19961278655440, 19961278663972, 8532
19961689894092, 19961689901120, 7028
19962010626656, 19962010634076, 7420
19962141390616, 19962141398548, 7932
19962412918508, 19962412926912, 8404
19962835216724, 19962835224496, 7772
19963255838064, 19963255846228, 8164
19963759396328, 19963759399472, 3144
19964080723992, 19964080734172, 10180
19964379198888, 19964379207428, 8540
19964509956564, 19964509964876, 8312
19964511524212, 19964511531768, 7556
19964521538732, 19964521539976, 1244
19964940549888, 19964940552712, 2824
19965124446644, 19965124455980, 9336
19965627204524, 19965627213584, 9060
19965898680244, 19965898687440, 7196
19966082548388, 19966082556376, 7988
19966403318368, 19966403326760, 8392
19966716265280, 19966716299788, 34508
19966987809160, 19966987818720, 9560
19967160974904, 19967160983168, 8264
19967162562508, 19967162569652, 7144
19967635879024, 19967635887300, 8276
19968189732724, 19968189741756, 9032
19968377317536, 19968377326092, 8556
19968928950636, 19968928953464, 2828
19969112827488, 19969112836808, 9320
19969242974372, 19969242982296, 7924
19969546196124, 19969546203816, 7692
19969963867296, 19969963874800, 7504
19970255711908, 19970255722628, 10720
19970385908168, 19970385911616, 3448
19970688534380, 19970688538276, 3896
19945891189904, 19945891199076, 9172
19945932254152, 19945932262708, 8556
19945981577472, 19945981587068, 9596
19945998107244, 19945998116548, 9304
19946014389024, 19946014402740, 13716
19946030932384, 19946030942028, 9644
19946047153164, 19946047163576, 10412
19950397600758, 19950397606264, 5506
19951030070604, 19951030075848, 5244
19951275500020, 19951275503164, 3144
19952006091172, 19952006101620, 10448
19952019648324, 19952019649756, 1432
19952203479428, 19952203486988, 7560
19952501940484, 19952501948476, 7992
19952857668224, 19952857672300, 4076
19953360265192, 19953360273968, 8776
19953791385944, 19953791404304, 18360
19954701229636, 19954701232604, 2968
19955021958060, 19955021967624, 9564
19955191676312, 19955191684780, 8468
19955841423280, 19955841431464, 8184
19956041968668, 19956041971564, 2896
19956225299816, 19956225308900, 9084
19956955915596, 19956955925072, 9476
19957277259872, 19957277268460, 8588
19957548864804, 19957548872932, 8128
19958374370536, 19958374373256, 2720
19958504571760, 19958504581400, 9640
19959007254280, 19959007263328, 9048
19959899807064, 19959899815376, 8312
19960243285460, 19960243293492, 8032
19960244872756, 19960244879308, 6552
19960784574020, 19960784577860, 3840
19960914754856, 19960914763360, 8504
19961213206972, 19961213216208, 9236
19961862815596, 19961862822168, 6572
19961913800260, 19961913801468, 1208
19962212300140, 19962212307792, 7652
19962385495564, 19962385503112, 7548
19962888156484, 19962888165300, 8816
19963445803628, 19963445812000, 8372
19963633437876, 19963633445572, 7696
19964106710384, 19964106719108, 8724
19964609393892, 19964609402520, 8628
19965501367160, 19965501375552, 8392
19965632096284, 19965632104384, 8100
19965901617664, 19965901623844, 6180
19966804058696, 19966804062292, 3596
19967534763840, 19967534773016, 9176
19967879442272, 19967879445960, 3688
19968063333364, 19968063343048, 9684
19968712440344, 19968712448136, 7792
19969185589948, 19969185596676, 6728
19969457171640, 19969457179652, 8012
19970015297592, 19970015306136, 8544
19970827017992, 19970827023088, 5096
19945883641240, 19945883649460, 8220
19945899268772, 19945899276900, 8128
19945915718028, 19945915727016, 8988
19950138219352, 19950138255268, 35916
19951119860948, 19951119865192, 4244
19951418403256, 19951418430424, 27168
19952031443240, 19952031452324, 9084
19952429786792, 19952429796560, 9768
19952617556540, 19952617565608, 9068
19953266818344, 19953266826448, 8104
19953268386492, 19953268393640, 7148
19953686933636, 19953686941876, 8240
19953860175576, 19953860182744, 7168
19954181091832, 19954181100240, 8408
19954794493796, 19954794502436, 8640
19955606792436, 19955606800552, 8116
19955794511604, 19955794520072, 8468
19956230612808, 19956230620480, 7672
19956403894468, 19956403901380, 6912
19956690431216, 19956690434008, 2792
19957502580708, 19957502588076, 7368
19957675764652, 19957675773188, 8536
19957996588972, 19957996597188, 8216
19958889713108, 19958889721852, 8744
19959509589860, 19959509592652, 2792
19960012411292, 19960012421440, 10148
19960433398184, 19960433400936, 2752
19961083151980, 19961083161524, 9544
19961270845848, 19961270854708, 8860
19961707047468, 19961707055428, 7960
19962265322444, 19962265331008, 8564
19962586213828, 19962586221260, 7432
19963022825052, 19963022832268, 7216
19963321369400, 19963321377664, 8264
19963592969384, 19963592977776, 8392
19964011339464, 19964011347904, 8440
19964660381056, 19964660386212, 5156
19965309897012, 19965309905344, 8332
19965746037164, 19965746045088, 7924
19965919273216, 19965919281068, 7852
19966532716096, 19966532722832, 6736
19966968753308, 19966968761916, 8608
19967879439712, 19967879441776, 2064
19968691526832, 19968691535792, 8960
19968693096404, 19968693103340, 6936
19968962520200, 19968962529004, 8804
19969150217024, 19969150225440, 8416
19969471177644, 19969471185780, 8136
19969770300700, 19969770308012, 7312
19969957406444, 19969957414116, 7672
19970607195268, 19970607202232, 6964
19970794895748, 19970794899888, 4140
19971186115348, 19971186119236, 3888
19945948702804, 19945948715968, 13164
19950138217392, 19950138257868, 40476
19951159761432, 19951159767752, 6320
19952052709424, 19952052720240, 10816
19952610557576, 19952610566380, 8804
19952857679040, 19952857683088, 4048
19953669861260, 19953669869728, 8468
19953941441520, 19953941450420, 8900
19954444304396, 19954444312464, 8068
19954910128756, 19954910137176, 8420
19955181750840, 19955181758328, 7488
19955655366628, 19955655373744, 7116
19956548279408, 19956548287288, 7880
19957106073300, 19957106082252, 8952
19957289988568, 19957289996992, 8424
19958020333176, 19958020341264, 8088
19958306520972, 19958306524024, 3052
19958743172216, 19958743180916, 8700
19959014841168, 19959014843948, 2780
19959198779796, 19959198789772, 9976
19959563383572, 19959563391884, 8312
19959866147244, 19959866154588, 7344
19960039399472, 19960039406324, 6852
19960475531120, 19960475539052, 7932
19961288232436, 19961288239596, 7160
19961709040004, 19961709047228, 7224
19961909823952, 19961909826632, 2680
19962097481632, 19962097492092, 10460
19962746655372, 19962746663820, 8448
19963016739880, 19963016748212, 8332
19963337564528, 19963337572824, 8296
19963950569964, 19963950577300, 7336
19964387217844, 19964387226756, 8912
19964658798108, 19964658805884, 7776
19965216494164, 19965216502356, 8192
19965404294652, 19965404302616, 7964
19965825533232, 19965825540076, 6844
19966013198072, 19966013205604, 7532
19966515947676, 19966515955632, 7956
19966933697104, 19966933704808, 7704
19967829543828, 19967829566212, 22384
19968247417908, 19968247459324, 41416
19968420702388, 19968420710680, 8292
19968719290012, 19968719298476, 8464
19969130976828, 19969130984928, 8100
19970023944424, 19970023952100, 7676
19970124040760, 19970124043680, 2920
19970393615400, 19970393620384, 4984
19971124455876, 19971124459972, 4096
