19576296226300, 19576296233924, 7624
19576331696260, 19576331704952, 8692
19576363060804, 19576363070032, 9228
19578395160692, 19578395165616, 4924
19578395202356, 19578395205020, 2664
19578395232520, 19578395234992, 2472
19578395261884, 19578395264192, 2308
19578395290428, 19578395293128, 2700
19578395315216, 19578395316772, 1556
19578395340912, 19578395343284, 2372
19578395369096, 19578395371460, 2364
19578395398108, 19578395400484, 2376
19578395422680, 19578395424052, 1372
19578395448396, 19578395450832, 2436
19578395477152, 19578395479484, 2332
19578395504992, 19578395507432, 2440
19578395532900, 19578395535128, 2228
19578395556804, 19578395558116, 1312
19580389282440, 19580389288684, 6244
19580389303172, 19580389315816, 12644
19580389327496, 19580389336984, 9488
19580389348420, 19580389357520, 9100
19580389368644, 19580389377000, 8356
19580389387496, 19580389396048, 8552
19580389407092, 19580389415720, 8628
19580389426512, 19580389434820, 8308
19581113508578, 19581113515384, 6806
19581753961208, 19581753967096, 5888
19582603883200, 19582603886468, 3268
19582885206400, 19582885209212, 2812
19583118648028, 19583118653876, 5848
19583663372568, 19583663378132, 5564
19584483340400, 19584483344344, 3944
19585173701372, 19585173704216, 2844
19586021695604, 19586021698812, 3208
19586294971040, 19586294978588, 7548
19586937455748, 19586937461044, 5296
19587406356272, 19587406359772, 3500
19588046829664, 19588046832460, 2796
19588328069356, 19588328072036, 2680
19589120191300, 19589120196516, 5216
19590211600600, 19590211602312, 1712
19590925829240, 19590925831776, 2536
19592168877124, 19592168883052, 5928
19593398306312, 19593398309068, 2756
19594702734640, 19594702738036, 3396
19595438975604, 19595438977936, 2332
19595746247008, 19595746250428, 3420
19596871513272, 19596871516652, 3380
19597386310000, 19597386312912, 2912
19598457660232, 19598457665988, 5756
19599299667176, 19599299673160, 5984
19600035920068, 19600035922972, 2904
19601043459740, 19601043463148, 3408
19601135585656, 19601135594808, 9152
19576323822164, 19576323830944, 8780
19576394441652, 19576394454908, 13256
19580449081532, 19580449086284, 4752
19581480614476, 19581480620160, 5684
19581896706060, 19581896735124, 29064
19582101151328, 19582101154484, 3156
19582587910428, 19582587912292, 1864
19583382023224, 19583382028732, 5508
19583687301580, 19583687304420, 2840
19583968635292, 19583968638332, 3040
19584802580580, 19584802583436, 2856
19585706436512, 19585706439876, 3364
19586209263228, 19586209275036, 11808
19586907516720, 19586907522792, 6072
19587482160784, 19587482163796, 3012
19588657287224, 19588657291248, 4024
19589371606868, 19589371610152, 3284
19589838481236, 19589838486764, 5528
19590574663572, 19590574666416, 2844
19591253053136, 19591253057380, 4244
19591977331436, 19591977337408, 5972
19592567868964, 19592567872276, 3312
19592701552656, 19592701557316, 4660
19593425823416, 19593425828852, 5436
19594918218204, 19594918221996, 3792
19595705535532, 19595705541176, 5644
19596492902664, 19596492907552, 4888
19597280204424, 19597280212556, 8132
19597885095584, 19597885099816, 4232
19598671154452, 19598671157040, 2588
19599399432612, 19599399435808, 3196
19599622899880, 19599622902732, 2852
19600444875732, 19600444879184, 3452
19600931720788, 19600931723392, 2604
19601433199144, 19601433207332, 8188
19580453065712, 19580453071178, 5466
19581538484200, 19581538487576, 3376
19581819809128, 19581819811752, 2624
19581859108504, 19581859119124, 10620
19582136166004, 19582136173428, 7424
19583190477616, 19583190483508, 5892
19583254338048, 19583254342444, 4396
19583779084236, 19583779087812, 3576
19584591081344, 19584591087616, 6272
19584686865536, 19584686870064, 4528
19584963914684, 19584963942324, 27640
19585393181952, 19585393186460, 4508
19586071574500, 19586071577976, 3476
19586961387752, 19586961390256, 2504
19587184869436, 19587184872576, 3140
19588028864972, 19588028870520, 5548
19588788980756, 19588788983384, 2628
19589433445568, 19589433448220, 2652
19590220568768, 19590220579048, 10280
19590456953196, 19590456956344, 3148
19590879943684, 19590879946408, 2724
19591085453256, 19591085456300, 3044
19592200805980, 19592200810652, 4672
19593034751544, 19593034755064, 3520
19593757044828, 19593757047752, 2924
19593858816708, 19593858819600, 2892
19594164073128, 19594164075824, 2696
19594768565724, 19594768568584, 2860
19595045540588, 19595045548292, 7704
19595353179440, 19595353183756, 4316
19595616552248, 19595616555060, 2812
19596147299212, 19596147322948, 23736
19597071039280, 19597071042472, 3192
19597254131504, 19597254141112, 9608
19598184385980, 19598184390184, 4204
19598872679724, 19598872682136, 2412
19599495198412, 19599495205092, 6680
19600450871028, 19600450874512, 3484
19601342752568, 19601342755808, 3240
19576401404888, 19576401414164, 9276
19580435120184, 19580435124998, 4814
19581506547936, 19581506553928, 5992
19581831779144, 19581831783460, 4316
19582623826144, 19582623830528, 4384
19583194469252, 19583194475660, 6408
19584038468112, 19584038471036, 2924
19584597079344, 19584597083868, 4524
19585467016784, 19585467020052, 3268
19586071570612, 19586071574512, 3900
19586209259624, 19586209262448, 2824
19586486285428, 19586486295560, 10132
19587065142536, 19587065144872, 2336
19587392367424, 19587392374944, 7520
19587551983824, 19587551987896, 4072
19588729123720, 19588729125484, 1764
19589116197244, 19589116200396, 3152
19589804564184, 19589804570368, 6184
19590397082944, 19590397088596, 5652
19591378753164, 19591378755784, 2620
19592065128580, 19592065132732, 4152
19592412234532, 19592412238412, 3880
19593479694456, 19593479697140, 2684
19594509183868, 19594509186800, 2932
19595676412360, 19595676414956, 2596
19596173246432, 19596173250432, 4000
19597202715784, 19597202718632, 2848
19597386295476, 19597386299076, 3600
19597585812544, 19597585816016, 3472
19598266113812, 19598266119916, 6104
19598585359424, 19598585365416, 5992
19598946511336, 19598946514548, 3212
19599227835188, 19599227838448, 3260
19599798486212, 19599798493500, 7288
19599944140080, 19599944148084, 8004
19600496759336, 19600496762608, 3272
19576370926684, 19576370935572, 8888
19576386665964, 19576386674944, 8980
19581078489928, 19581078493820, 3892
19581518517884, 19581518523868, 5984
19582647763248, 19582647769112, 5864
19583741177444, 19583741179960, 2516
19584040475436, 19584040478712, 3276
19584762676308, 19584762682052, 5744
19585241543688, 19585241551060, 7372
19585999746140, 19585999748548, 2408
19587113021276, 19587113024876, 3600
19587681685044, 19587681688508, 3464
19588356001916, 19588356007896, 5980
19588860907016, 19588860935196, 28180
19590207607680, 19590207611740, 4060
19591390733768, 19591390737004, 3236
19591672060992, 19591672064036, 3044
19591711342720, 19591711351628, 8908
19592394277720, 19592394282664, 4944
19592994849108, 19592994853828, 4720
19593489680848, 19593489682604, 1756
19594395901484, 19594395906032, 4548
19594634884672, 19594634887504, 2832
19595692382352, 19595692386184, 3832
19596173239436, 19596173242196, 2760
19596352737004, 19596352739812, 2808
19596955304760, 19596955307724, 2964
19597867139056, 19597867141476, 2420
19598106574060, 19598106581900, 7840
19598942514260, 19598942519380, 5120
19600115729592, 19600115731368, 1776
19600566590756, 19600566594248, 3492
19601125260460, 19601125268100, 7640
19576355308528, 19576355317200, 8672
19581077596418, 19581077602118, 5700
19581570396016, 19581570402016, 6000
19582751519368, 19582751525072, 5704
19583765122552, 19583765125400, 2848
19584764680744, 19584764684208, 3464
19584947766384, 19584947776720, 10336
19585846107628, 19585846113884, 6256
19586402709968, 19586402712524, 2556
19587242722768, 19587242725540, 2772
19587871222052, 19587871227700, 5648
19588577471780, 19588577476956, 5176
19589166088168, 19589166092144, 3976
19589367606536, 19589367613820, 7284
19589942235820, 19589942241892, 6072
19590468922428, 19590468925336, 2908
19591312911400, 19591312913236, 1836
19592148924604, 19592148930468, 5864
19592671610700, 19592671616808, 6108
19593493671388, 19593493673824, 2436
19593774998868, 19593775001780, 2912
19594577023024, 19594577028020, 4996
19594993507940, 19594993533676, 25736
19595401062108, 19595401068588, 6480
19596031564472, 19596031584144, 19672
19596765748452, 19596765761476, 13024
19597256223852, 19597256232888, 9036
19597486055860, 19597486074820, 18960
19598597330396, 19598597336232, 5836
19598713051312, 19598713058608, 7296
19599998005100, 19599998012572, 7472
19600508733376, 19600508736872, 3496
19600703758800, 19600703763592, 4792
19601398609236, 19601398618216, 8980
19576300221308, 19576300233020, 11712
19576307977212, 19576307985188, 7976
19576339542720, 19576339552260, 9540
19581078467384, 19581078471504, 4120
19581602319832, 19581602325648, 5816
19581837775596, 19581837779588, 3992
19582561971660, 19582561977288, 5628
19583286251336, 19583286257144, 5808
19583791365968, 19583791381564, 15596
19584900352596, 19584900355436, 2840
19585975798420, 19585975800120, 1700
19586100215636, 19586100224740, 9104
19587093068960, 19587093075444, 6484
19587673694660, 19587673697564, 2904
19588210418572, 19588210425140, 6568
19588828883552, 19588828886112, 2560
19588880765852, 19588880770548, 4696
19589066327804, 19589066343328, 15524
19590093875144, 19590093881048, 5904
19590193649972, 19590193654808, 4836
19590417038948, 19590417043632, 4684
19591306928408, 19591306932388, 3980
19591590250508, 19591590253184, 2676
19591849635380, 19591849641200, 5820
19592400677572, 19592400680272, 2700
19592679596824, 19592679601584, 4760
19593282162936, 19593282168440, 5504
19593796941804, 19593796947432, 5628
19594602966036, 19594602968644, 2608
19594884291580, 19594884294564, 2984
19595815190448, 19595815199804, 9356
19595854498948, 19595854505980, 7032
19596871508256, 19596871510980, 2724
19597077013236, 19597077015924, 2688
19597771362936, 19597771369584, 6648
19598345925372, 19598345933296, 7924
19598495576188, 19598495583352, 7164
19599100152316, 19599100156604, 4288
19599842375476, 19599842381552, 6076
19600566599944, 19600566603524, 3580
19601338750720, 19601338757020, 6300
19576315968632, 19576315977412, 8780
19576347530700, 19576347538696, 7996
19576378723928, 19576378733168, 9240
19580441093752, 19580441098684, 4932
19581698096184, 19581698101112, 4928
19583006918272, 19583006922388, 4116
19584315737316, 19584315741392, 4076
19585624626124, 19585624631436, 5312
19586933448840, 19586933455148, 6308
19588242346828, 19588242351428, 4600
19589551167260, 19589551171424, 4164
19590560705368, 19590560709120, 3752
19591654100732, 19591654103616, 2884
19591682031300, 19591682032648, 1348
19592811276932, 19592811283276, 6344
19593856806804, 19593856809496, 2692
19594902247036, 19594902249636, 2600
19595508808552, 19595508813480, 4928
19597069032032, 19597069034876, 2844
19598736996232, 19598737001640, 5408
19600404964272, 19600404969468, 5196
19600716238408, 19600716241792, 3384
