30570519154160, 30570519178456, 24296
30570554344680, 30570554352844, 8164
30570595201148, 30570595210452, 9304
30572620510552, 30572620515652, 5100
30572620562968, 30572620565856, 2888
30572620624564, 30572620627456, 2892
30572620662356, 30572620664880, 2524
30572620688220, 30572620689872, 1652
30572620711716, 30572620714468, 2752
30572620756880, 30572620759232, 2352
30572620788052, 30572620790800, 2748
30572620829248, 30572620832008, 2760
30572620855188, 30572620856680, 1492
30572620889276, 30572620891696, 2420
30572620921684, 30572620923992, 2308
30572620970228, 30572620972740, 2512
30572620995280, 30572620997800, 2520
30572621019996, 30572621021500, 1504
30574614776860, 30574614781960, 5100
30574614800040, 30574614812652, 12612
30574614824592, 30574614833944, 9352
30574614844960, 30574614853880, 8920
30574614864664, 30574614872772, 8108
30574614884208, 30574614892632, 8424
30574614903488, 30574614912304, 8816
30574614923180, 30574614931744, 8564
30575338393400, 30575338400784, 7384
30575978605164, 30575978609940, 4776
30576818052632, 30576818056612, 3980
30577131116360, 30577131119608, 3248
30577342522488, 30577342529640, 7152
30577886975828, 30577886984068, 8240
30578706523412, 30578706529912, 6500
30579398516720, 30579398519872, 3152
30580094506184, 30580094510116, 3932
30580353753216, 30580353757176, 3960
30580730609804, 30580730612452, 2648
30581159409576, 30581159415120, 5544
30581723757192, 30581723760256, 3064
30582435773432, 30582435776772, 3340
30582934239060, 30582934241908, 2848
30583672084140, 30583672086928, 2788
30584665165160, 30584665167980, 2820
30585532674072, 30585532677456, 3384
30586469361076, 30586469366576, 5500
30587728262200, 30587728265428, 3228
30588466157840, 30588466160788, 2948
30589074436964, 30589074440000, 3036
30590012864512, 30590012874212, 9700
30590984803184, 30590984806276, 3092
30591267968612, 30591267971808, 3196
30591874245804, 30591874248768, 2964
30592352940208, 30592352943284, 3076
30593104588284, 30593104591268, 2984
30593669002792, 30593669005548, 2756
30593892336432, 30593892339392, 2960
30594715895456, 30594715901572, 6116
30594885441544, 30594885445256, 3712
30595593441092, 30595593443824, 2732
30570537977560, 30570537985560, 8000
30574698229988, 30574698233268, 3280
30575721423208, 30575721426320, 3112
30576140000220, 30576140008896, 8676
30576345414888, 30576345417728, 2840
30576831964004, 30576831966488, 2484
30577605815216, 30577605820112, 4896
30577934782240, 30577934785240, 3000
30578218061856, 30578218064684, 2828
30579049528468, 30579049531232, 2764
30579655939856, 30579655942936, 3080
30580096483480, 30580096486704, 3224
30580688834440, 30580688837100, 2660
30581193301384, 30581193304276, 2892
30581476449676, 30581476452848, 3172
30582465723508, 30582465726476, 2968
30583600304468, 30583600307400, 2932
30583771837652, 30583771842700, 5048
30584770854300, 30584770857804, 3504
30585472870044, 30585472875492, 5448
30586116999136, 30586117002012, 2876
30586493870300, 30586493873544, 3244
30587501030496, 30587501037840, 7344
30587979545584, 30587979548768, 3184
30588087233140, 30588087236156, 3016
30588292730756, 30588292733852, 3096
30588821161160, 30588821163912, 2752
30589118214868, 30589118218744, 3876
30589816335936, 30589816343076, 7140
30590432413196, 30590432416664, 3468
30591008700628, 30591008703864, 3236
30591600987076, 30591600990080, 3004
30592492443072, 30592492445836, 2764
30592673938856, 30592673943700, 4844
30593521439608, 30593521443236, 3628
30594323091200, 30594323094172, 2972
30594683983528, 30594683990880, 7352
30595340159752, 30595340168420, 8668
30570546028048, 30570546036200, 8152
30570578740144, 30570578753944, 13800
30574694401868, 30574694404976, 3108
30575705330032, 30575705335856, 5824
30576098142000, 30576098145108, 3108
30576137489528, 30576137500056, 10528
30576415155380, 30576415166072, 10692
30577414313272, 30577414318180, 4908
30577478103348, 30577478110652, 7304
30578016542096, 30578016545652, 3556
30578814204932, 30578814213172, 8240
30578909951408, 30578909958736, 7328
30579188216892, 30579188243496, 26604
30580214159360, 30580214164424, 5064
30580258024188, 30580258029652, 5464
30581308954584, 30581308957576, 2992
30581614071680, 30581614079888, 8208
30581697844700, 30581697847792, 3092
30582537461368, 30582537464556, 3188
30583384916040, 30583384919916, 3876
30584102873516, 30584102876380, 2864
30584824691096, 30584824694432, 3336
30585817836980, 30585817839704, 2724
30586216706060, 30586216709060, 3000
30586822906684, 30586822909816, 3132
30586920602188, 30586920618236, 16048
30587644542472, 30587644549908, 7436
30588161012216, 30588161015724, 3508
30589184016292, 30589184019804, 3512
30589606820152, 30589606823028, 2876
30589911954768, 30589911957864, 3096
30590428435892, 30590428438928, 3036
30591431479976, 30591431483340, 3364
30591631010008, 30591631014256, 4248
30592715733764, 30592715737744, 3980
30593321994540, 30593321997160, 2620
30594071899312, 30594071902512, 3200
30594660056456, 30594660063544, 7088
30595673157908, 30595673161976, 4068
30570562579360, 30570562588156, 8796
30574710273220, 30574710276156, 2936
30575731257148, 30575731264584, 7436
30576102117140, 30576102120312, 3172
30576847926320, 30576847933084, 6764
30577418273128, 30577418279536, 6408
30578233925712, 30578233928840, 3128
30578820279236, 30578820284016, 4780
30579861190196, 30579861193276, 3080
30580405594516, 30580405600680, 6164
30581129563100, 30581129567980, 4880
30581975034756, 30581975037692, 2936
30582950162044, 30582950164976, 2932
30583339037552, 30583339040676, 3124
30584025090144, 30584025097832, 7688
30584617277864, 30584617283504, 5640
30585480832156, 30585480835644, 3488
30585586940188, 30585586950200, 10012
30586284487700, 30586284495448, 7748
30586579631304, 30586579636696, 5392
30586890700704, 30586890714968, 14264
30587726272928, 30587726276512, 3584
30588805125948, 30588805128944, 2996
30589911979844, 30589911983676, 3832
30590603881796, 30590603884388, 2592
30591212119400, 30591212122520, 3120
30592049782208, 30592049785280, 3072
30592657929848, 30592657932880, 3032
30592817421480, 30592817424888, 3408
30592953064704, 30592953068452, 3748
30594014107524, 30594014115040, 7516
30594237447092, 30594237454640, 7548
30595226524544, 30595226530836, 6292
30595681108824, 30595681112824, 4000
30570619892528, 30570619900816, 8288
30574841869772, 30574841872812, 3040
30575743280604, 30575743288296, 7692
30576871941048, 30576871948236, 7188
30578030497260, 30578030500204, 2944
30578253954504, 30578253957460, 2956
30579009638212, 30579009642084, 3872
30579464336648, 30579464344272, 7624
30580224119052, 30580224122536, 3484
30581354798896, 30581354802440, 3544
30581903240892, 30581903243816, 2924
30582577300440, 30582577305576, 5136
30583101704464, 30583101708624, 4160
30583283196532, 30583283199568, 3036
30584314226136, 30584314231500, 5364
30584459782232, 30584459785568, 3336
30584667140724, 30584667143960, 3236
30585239530076, 30585239533180, 3104
30585917577144, 30585917580268, 3124
30586902649528, 30586902653528, 4000
30587030292452, 30587030306820, 14368
30587983522752, 30587983526188, 3436
30588960659640, 30588960662784, 3144
30589337612672, 30589337615412, 2740
30590131638400, 30590131648064, 9664
30591112388584, 30591112391736, 3152
30591437441012, 30591437448568, 7556
30592789509228, 30592789512080, 2852
30593158427556, 30593158435600, 8044
30593439638808, 30593439641876, 3068
30594159657900, 30594159662900, 5000
30594775721352, 30594775724528, 3176
30595685111184, 30595685114356, 3172
30570611472788, 30570611485096, 12308
30574714178260, 30574714181704, 3444
30575795107516, 30575795114328, 6812
30576975570272, 30576975577612, 7340
30578014642536, 30578014645532, 2996
30579005740836, 30579005743888, 3052
30579188841724, 30579188850512, 8788
30580068620392, 30580068626400, 6008
30580601023556, 30580601026672, 3116
30581470481808, 30581470485072, 3264
30582162479016, 30582162481912, 2896
30582798624224, 30582798631732, 7508
30583384903572, 30583384908032, 4460
30583588318784, 30583588326516, 7732
30584162753896, 30584162759228, 5332
30584695061256, 30584695064364, 3108
30585542637816, 30585542640672, 2856
30585917570716, 30585917577156, 6440
30586613488504, 30586613496752, 8248
30587231725564, 30587231742372, 16808
30588087238820, 30588087241848, 3028
30588633611092, 30588633618584, 7492
30589917892076, 30589917895456, 3380
30590306790824, 30590306793948, 3124
30591285991116, 30591285998932, 7816
30592354910088, 30592354913196, 3108
30592849502956, 30592849512256, 9300
30593710940356, 30593710948196, 7840
30594241338580, 30594241345556, 6976
30594971267164, 30594971270100, 2936
30570521972496, 30570521980456, 7960
30570530847268, 30570530860564, 13296
30574624466428, 30574624469336, 2908
30575826909560, 30575826911436, 1876
30576108092352, 30576108095276, 2924
30576786168840, 30576786174024, 5184
30577510007076, 30577510014328, 7252
30578018214028, 30578018223400, 9372
30579137240512, 30579137243620, 3108
30579651802980, 30579651809332, 6352
30580198211840, 30580198216468, 4628
30581314923512, 30581314928564, 5052
30581923157012, 30581923159896, 2884
30582282184360, 30582282187268, 2908
30583012067508, 30583012070184, 2676
30584447826780, 30584447829640, 2860
30585544622396, 30585544624688, 2292
30586440129200, 30586440132176, 2976
30587706434396, 30587706437336, 2940
30588047352652, 30588047357448, 4796
30588795174312, 30588795183000, 8688
30589726526836, 30589726534376, 7540
30590332716868, 30590332720672, 3804
30591405560332, 30591405568160, 7828
30592815449292, 30592815452164, 2872
30592953052640, 30592953055588, 2948
30594213419744, 30594213424600, 4856
30594620267692, 30594620275576, 7884
30595613389076, 30595613397136, 8060
30570570513232, 30570570522212, 8980
30570587051488, 30570587059776, 8288
30570603173760, 30570603186788, 13028
30570627688604, 30570627697116, 8512
30574622468252, 30574622471756, 3504
30575922666784, 30575922673652, 6868
30577230827812, 30577230829840, 2028
30578539050020, 30578539054772, 4752
30579847207352, 30579847215400, 8048
30581155441124, 30581155447808, 6684
30582306089396, 30582306092788, 3392
30583041883624, 30583041887228, 3604
30583081232872, 30583081242992, 10120
30584413946088, 30584413952920, 6832
30584453899436, 30584453912640, 13204
30585596464320, 30585596467380, 3060
30585813847208, 30585813854720, 7512
30586615473732, 30586615476420, 2688
30587213838028, 30587213853560, 15532
30587704358260, 30587704366400, 8140
30588613698744, 30588613703812, 5068
30589170042588, 30589170045388, 2800
30589911921348, 30589911924372, 3024
30590095495924, 30590095504900, 8976
30590376582264, 30590376587636, 5372
30590976816220, 30590976821936, 5716
30591413528764, 30591413536228, 7464
30591589040548, 30591589047724, 7176
30592769589596, 30592769591464, 1868
30593187636356, 30593187642512, 6156
30594321116664, 30594321118984, 2320
30595663663772, 30595663667788, 4016
