20027812543840, 20027812551672, 7832
20027829031168, 20027829043884, 12716
20027845326728, 20027845335964, 9236
20027862308088, 20027862321852, 13764
20027878808024, 20027878815872, 7848
20027895412912, 20027895420920, 8008
20027911917812, 20027911925900, 8088
20027944788008, 20027944796104, 8096
20032228395804, 20032228401378, 5574
20032731180872, 20032731186004, 5132
20033335676884, 20033335680960, 4076
20033832603488, 20033832612720, 9232
20033988186120, 20033988194140, 8020
20034435967344, 20034435975228, 7884
20034820431268, 20034820441904, 10636
20035116192172, 20035116201008, 8836
20035245656228, 20035245665352, 9124
20035479507096, 20035479515376, 8280
20036567359480, 20036567367832, 8352
20037326634152, 20037326643148, 8996
20037382974944, 20037382983084, 8140
20037687162752, 20037687170720, 7968
20038093641036, 20038093649396, 8360
20038736749916, 20038736756876, 6960
20039825123864, 20039825132692, 8828
20040272834656, 20040272843892, 9236
20040727920100, 20040727922664, 2564
20040857823280, 20040857832824, 9544
20041354831368, 20041354839364, 7996
20042344580060, 20042344589552, 9492
20042639739536, 20042639748128, 8592
20042853579944, 20042853587872, 7928
20043087408668, 20043087417456, 8788
20043172325324, 20043172333160, 7836
20043960743768, 20043960750836, 7068
20044194564052, 20044194571472, 7420
20044579512208, 20044579518724, 6516
20045367895060, 20045367903116, 8056
20045672074336, 20045672081688, 7352
20045885943208, 20045885950860, 7652
20046578516048, 20046578523880, 7832
20047666417456, 20047666425480, 8024
20047922191156, 20047922200188, 9032
20047977956388, 20047977964284, 7896
20048737154532, 20048737162156, 7624
20049525550364, 20049525557680, 7316
20050284683072, 20050284690540, 7468
20050732320192, 20050732328504, 8312
20051138769724, 20051138778616, 8892
20051194546140, 20051194553760, 7620
20051408511140, 20051408517876, 6736
20051664188476, 20051664196412, 7936
20051898024880, 20051898033408, 8528
20052202088356, 20052202095572, 7216
20053034234712, 20053034238992, 4280
20027796201000, 20027796210320, 9320
20031959039432, 20031959044318, 4886
20032832943432, 20032832947888, 4456
20033341667896, 20033341670896, 3000
20034331482800, 20034331493368, 10568
20034461352476, 20034461360952, 8476
20035153769068, 20035153777416, 8348
20035209535100, 20035209542572, 7472
20035423480876, 20035423488932, 8056
20036255544128, 20036255550516, 6388
20036311306492, 20036311313368, 6876
20036545104940, 20036545112968, 8028
20037220859952, 20037220868120, 8168
20038196217756, 20038196226712, 8956
20038500340800, 20038500348972, 8172
20038997208904, 20038997216948, 8044
20039785980564, 20039785987636, 7072
20040282759316, 20040282767392, 8076
20040926394832, 20040926403320, 8488
20041182049140, 20041182055912, 6772
20041825783120, 20041825790620, 7500
20042613832096, 20042613840684, 8588
20042743133764, 20042743141568, 7804
20042798856148, 20042798863524, 7376
20043179602288, 20043179609276, 6988
20044267396924, 20044267405180, 8256
20045109386660, 20045109389480, 2820
20045343320564, 20045343330100, 9536
20046102372040, 20046102381364, 9324
20046397620972, 20046397628672, 7700
20047040657440, 20047040663572, 6132
20047336473492, 20047336481248, 7756
20047570284052, 20047570291736, 7684
20047954575092, 20047954582868, 7776
20048630354984, 20048630362900, 7916
20049322869220, 20049322877548, 8328
20049965861992, 20049965870660, 8668
20050221506076, 20050221513780, 7704
20050326769356, 20050326791228, 21872
20050969708760, 20050969717596, 8836
20051099556872, 20051099565280, 8408
20051858738768, 20051858746252, 7484
20051988053176, 20051988060744, 7568
20052977821672, 20052977830804, 9132
20053199799128, 20053199801800, 2672
20031974998384, 20031975003324, 4940
20032882820032, 20032882825864, 5832
20033362411564, 20033362415772, 4208
20033768197832, 20033768208548, 10716
20033826504948, 20033826506388, 1440
20034122145516, 20034122153908, 8392
20035209517212, 20035209523640, 6428
20035968529372, 20035968537716, 8344
20036349137592, 20036349145792, 8200
20036434003736, 20036434010468, 6732
20036738090084, 20036738097824, 7740
20037185655424, 20037185663820, 8396
20037682451692, 20037682459880, 8188
20038671937196, 20038671944224, 7028
20039145755884, 20039145760116, 4232
20039449809908, 20039449820688, 10780
20039705859176, 20039705867624, 8448
20039939557864, 20039939565296, 7432
20040319561116, 20040319568480, 7364
20041407420024, 20041407428880, 8856
20041702521916, 20041702530360, 8444
20042534382792, 20042534391804, 9012
20042789996648, 20042790004652, 8004
20043174845420, 20043174852764, 7344
20044006806528, 20044006814072, 7544
20044220580772, 20044220589896, 9124
20044515649704, 20044515658148, 8444
20044820254844, 20044820261864, 7020
20045652217860, 20045652225328, 7468
20046641793552, 20046641798512, 4960
20047631470424, 20047631478096, 7672
20048463402844, 20048463411920, 9076
20049106810004, 20049106817244, 7240
20049486994552, 20049487002764, 8212
20050162609656, 20050162617720, 8064
20050374658188, 20050374672112, 13924
20050754689940, 20050754699724, 9784
20051010270552, 20051010278644, 8092
20051842731736, 20051842740576, 8840
20052168331076, 20052168334316, 3240
20052423867212, 20052423872052, 4840
20027820750320, 20027820763820, 13500
20031939087538, 20031939126536, 38998
20031939139488, 20031939152928, 13440
20031939163852, 20031939175228, 11376
20031939185880, 20031939196892, 11012
20031939207092, 20031939217356, 10264
20031939227684, 20031939238088, 10404
20031939248552, 20031939258576, 10024
20031939269060, 20031939278872, 9812
20032960640316, 20032960644920, 4604
20033603826764, 20033603855580, 28816
20033733134864, 20033733143872, 9008
20034037194896, 20034037202340, 7444
20034869583016, 20034869591628, 8612
20035275462472, 20035275470672, 8200
20035723040004, 20035723048552, 8548
20036018092728, 20036018100956, 8228
20037007589812, 20037007597492, 7680
20037392470532, 20037392477428, 6896
20037648076096, 20037648084192, 8096
20037881842948, 20037881850280, 7332
20037924634588, 20037924635932, 1344
20038180229420, 20038180236584, 7164
20039012236716, 20039012243680, 6964
20039397042380, 20039397052500, 10120
20039397072900, 20039397075248, 2348
20039452787144, 20039452793964, 6820
20039667100216, 20039667107364, 7148
20039962121824, 20039962130172, 8348
20040951598252, 20040951606860, 8608
20041643938148, 20041643947056, 8908
20041773192360, 20041773200824, 8464
20042138505644, 20042138509248, 3604
20042635165848, 20042635176312, 10464
20043278044572, 20043278050144, 5572
20043921370832, 20043921379448, 8616
20044176917916, 20044176925920, 8004
20044583215492, 20044583223488, 7996
20045274941288, 20045274950204, 8916
20045918286488, 20045918292888, 6400
20046414989852, 20046414998276, 8424
20046670552824, 20046670561136, 8312
20046903033668, 20046903034968, 1300
20047158595996, 20047158603528, 7532
20047850853768, 20047850861864, 8096
20047980111116, 20047980118784, 7668
20049067919480, 20049067928132, 8652
20049123649872, 20049123658208, 8336
20049418752700, 20049418761452, 8752
20049652485564, 20049652493772, 8208
20050492376012, 20050492377412, 1400
20050726082668, 20050726091720, 9052
20051547963740, 20051547972492, 8752
20052635684868, 20052635694292, 9424
20052764984796, 20052764989368, 4572
20052998695004, 20052998698808, 3804
20053084122716, 20053084129128, 6412
20027788874344, 20027788883212, 8868
20027804436252, 20027804445296, 9044
20027837155032, 20027837168500, 13468
20027853643400, 20027853656600, 13200
20027870579764, 20027870588168, 8404
20027887141088, 20027887154340, 13252
20027903748148, 20027903756544, 8396
20027920155916, 20027920168348, 12432
20027928370008, 20027928382436, 12428
20027936553360, 20027936566348, 12988
20032204453204, 20032204458778, 5574
20033004536564, 20033004541216, 4652
20033362417880, 20033362421288, 3408
20033447273080, 20033447284276, 11196
20033702828972, 20033702837972, 9000
20034488318064, 20034488322116, 4052
20034984866676, 20034984876096, 9420
20035772853588, 20035772861652, 8064
20036465038404, 20036465045816, 7412
20037253019240, 20037253026584, 7344
20037633469360, 20037633476360, 7000
20037762682064, 20037762690236, 8172
20038438030272, 20038438038596, 8324
20038493779724, 20038493787400, 7676
20039185761248, 20039185769740, 8492
20039829636776, 20039829644464, 7688
20040661429300, 20040661437084, 7784
20041337100776, 20041337108592, 7816
20041784006400, 20041784013836, 7436
20042038740012, 20042038742828, 2816
20042730764424, 20042730774792, 10368
20043034745036, 20043034752480, 7444
20043164564656, 20043164572788, 8132
20043420181124, 20043420189404, 8280
20043715218600, 20043715226356, 7756
20044019225784, 20044019233748, 7964
20045109374156, 20045109377488, 3332
20045489469260, 20045489480028, 10768
20045745023492, 20045745031860, 8368
20045830454836, 20045830461308, 6472
20045886194540, 20045886202872, 8332
20046674163592, 20046674171328, 7736
20046855146820, 20046855148412, 1592
20046910856876, 20046910864352, 7476
20047084725252, 20047084734004, 8752
20047214097676, 20047214106120, 8444
20047749674204, 20047749678184, 3980
20048130248176, 20048130258792, 10616
20048434246132, 20048434255560, 9428
20048689785180, 20048689792808, 7628
20049186345380, 20049186351908, 6528
20049441937268, 20049441945172, 7904
20049571767880, 20049571775616, 7736
20049784936648, 20049784944280, 7632
20050872413136, 20050872421340, 8204
20051564625652, 20051564634056, 8404
20052114449728, 20052114463064, 13336
20052806669756, 20052806675712, 5956
20031945075952, 20031945080538, 4586
20033030473872, 20033030478276, 4404
20033362425088, 20033362429176, 4088
20034150295100, 20034150305556, 10456
20034206042100, 20034206049340, 7240
20034660542940, 20034660545772, 2832
20034964530048, 20034964539580, 9532
20035049394192, 20035049403660, 9468
20035692764392, 20035692773352, 8960
20035948234512, 20035948242912, 8400
20036077474964, 20036077481924, 6960
20036720647740, 20036720656048, 8308
20036934359512, 20036934367140, 7628
20037046789996, 20037046791568, 1572
20037690039040, 20037690046508, 7468
20037774875520, 20037774882948, 7428
20038533600408, 20038533608708, 8300
20038767252372, 20038767260576, 8204
20039756944744, 20039756953232, 8488
20040448982016, 20040448990240, 8224
20041236730700, 20041236739016, 8316
20041617243460, 20041617251396, 7936
20041672986660, 20041672994884, 8224
20042138500840, 20042138507324, 6484
20042897249560, 20042897258504, 8944
20043303016832, 20043303025396, 8564
20043995194916, 20043995203020, 8104
20044375773204, 20044375781424, 8220
20044823249716, 20044823257176, 7460
20045910528920, 20045910536672, 7752
20046294738064, 20046294746232, 8168
20046599282560, 20046599290056, 7496
20047274365688, 20047274374072, 8384
20047917479972, 20047917487216, 7244
20049005987800, 20049005990716, 2916
20049310603052, 20049310612332, 9280
20049716245912, 20049716254884, 8972
20050212831104, 20050212839452, 8348
20050268565028, 20050268573352, 8324
20051056806112, 20051056814252, 8140
20051731859020, 20051731866724, 7704
20052210234980, 20052210238652, 3672
20052265987836, 20052265992984, 5148
20052762606224, 20052762610564, 4340
20053058145004, 20053058147880, 2876
20031959041332, 20031959046372, 5040
20033200066976, 20033200072956, 5980
20034011463660, 20034011477616, 13956
20034654826028, 20034654835028, 9000
20035644492120, 20035644501584, 9464
20035948543584, 20035948552116, 8532
20036445245296, 20036445253392, 8096
20036700835144, 20036700843868, 8724
20036830140512, 20036830148180, 7668
20037662698032, 20037662706576, 8544
20037957741964, 20037957749888, 7924
20038128774872, 20038128783076, 8204
20038575798116, 20038575807068, 8952
20038705648532, 20038705656948, 8416
20038961205004, 20038961212916, 7912
20039067952092, 20039067988908, 36816
20039297323524, 20039297327316, 3792
20039973268804, 20039973280220, 11416
20040379623864, 20040379631660, 7796
20040464502348, 20040464510612, 8264
20040520244228, 20040520251396, 7168
20040904987868, 20040904996356, 8488
20041209073248, 20041209081556, 8308
20041422978276, 20041422985588, 7312
20041829314644, 20041829322036, 7392
20042916484996, 20042916493760, 8764
20043364160884, 20043364169224, 8340
20043860898772, 20043860907168, 8396
20044535973152, 20044535980912, 7760
20044621435156, 20044621443512, 8356
20044750712740, 20044750722028, 9288
20045011632604, 20045011647844, 15240
20045687307888, 20045687316620, 8732
20046093570692, 20046093578796, 8104
20046925374696, 20046925383200, 8504
20047139145568, 20047139152448, 6880
20047443290596, 20047443299392, 8796
20047528183188, 20047528190196, 7008
20047975754328, 20047975762816, 8488
20048382127060, 20048382135892, 8832
20048615877916, 20048615885476, 7560
20048829679020, 20048829686040, 7020
20049214018380, 20049214026640, 8260
20050203347660, 20050203356024, 8364
20050542259216, 20050542273012, 13796
20050709852944, 20050709876272, 23328
20051013858792, 20051013867636, 8844
20051510641212, 20051510649544, 8332
20052299205344, 20052299213584, 8240
20052974337328, 20052974342280, 4952
20027952073908, 20027952082196, 8288
20029945098520, 20029945102500, 3980
20029945139948, 20029945143704, 3756
20029945171528, 20029945174140, 2612
20029945200912, 20029945203384, 2472
20029945230424, 20029945232764, 2340
20029945258884, 20029945261220, 2336
20029945287616, 20029945289868, 2252
20029945315660, 20029945318000, 2340
20029945343804, 20029945346184, 2380
20029945371560, 20029945374032, 2472
20029945399760, 20029945402024, 2264
20029945427336, 20029945429936, 2600
20029945455688, 20029945457972, 2284
20029945483120, 20029945485476, 2356
20029945511472, 20029945513704, 2232
20029945538976, 20029945541336, 2360
20029945567516, 20029945569900, 2384
20029945595656, 20029945598068, 2412
20029945623880, 20029945626276, 2396
20029945651964, 20029945654256, 2292
20029945679808, 20029945682352, 2544
20031939133444, 20031939139428, 5984
20031939153928, 20031939167336, 13408
20031939178432, 20031939189156, 10724
20031939199972, 20031939210084, 10112
20031939220632, 20031939230828, 10196
20031939241404, 20031939251324, 9920
20031939261572, 20031939271608, 10036
20032687308304, 20032687315178, 6874
20033255866676, 20033255868032, 1356
20033636326788, 20033636335876, 9088
20034311404532, 20034311412724, 8192
20034572743688, 20034572757156, 13468
20034953317288, 20034953327100, 9812
20035208881292, 20035208888384, 7092
20035884715904, 20035884723716, 7812
20036268998576, 20036269006756, 8180
20036675366360, 20036675375160, 8800
20037068758852, 20037068761824, 2972
20037761225888, 20037761234528, 8640
20038549265956, 20038549274516, 8560
20038844938660, 20038844946392, 7732
20039250762000, 20039250769464, 7464
20040010010936, 20040010019524, 8588
20040313994616, 20040314003624, 9008
20040443831200, 20040443839888, 8688
20040738784116, 20040738792480, 8364
20040972469332, 20040972476544, 7212
20041731467304, 20041731474768, 7464
20041761382476, 20041761383772, 1296
20042138492824, 20042138495984, 3160
20042813583108, 20042813591364, 8256
20043803321988, 20043803330712, 8724
20043859645804, 20043859653004, 7200
20043988935296, 20043988943712, 8416
20044747887068, 20044747893500, 6432
20044803636300, 20044803643816, 7516
20045300501604, 20045300510376, 8772
20045596168460, 20045596176960, 8500
20045725468452, 20045725476788, 8336
20046173100180, 20046173108256, 8076
20046196709672, 20046196710920, 1248
20046326576608, 20046326583664, 7056
20046536194436, 20046536202740, 8304
20046916848436, 20046916856084, 7648
20047494894536, 20047494902280, 7744
20048282921992, 20048282930588, 8596
20048578542432, 20048578550740, 8308
20048707821536, 20048707828708, 7172
20048792710728, 20048792717888, 7160
20049240326760, 20049240334012, 7252
20050072714796, 20050072723684, 8888
20050590146456, 20050590149360, 2904
20050974355928, 20050974362292, 6364
20051269480548, 20051269488224, 7676
20051354927604, 20051354934272, 6668
20051997797632, 20051997804892, 7260
20052404055668, 20052404059348, 3680
20053047476492, 20053047480700, 4208
